3.282317200591424289e+00
2.656321795191021629e+00
1.233257976152202229e+00
1.369828145278240372e+00
2.603463474472314854e+00
2.118716802958549472e+00
2.231519243954652065e+00
1.545618586122438032e+01
4.350839883708409239e+00
1.001201290030479196e+00
1.610697209968785959e+00
3.231882542426227634e+00
1.155229116136315515e+00
1.467370071921680008e+00
1.868308297235124371e+00
3.491100437662879141e+00
4.606327705312708076e+00
1.468062546639083532e+00
4.049620133473629480e+00
4.525151849159920303e+00
1.867508655335773149e+00
3.335032708429736203e+00
1.181455950952952083e+00
7.629371522712160569e+00
1.610331276395729594e+00
3.018717860585991453e+00
1.071753381136625993e+00
6.015035636018480680e+00
3.308609631924435135e+00
1.162805956234299920e+01
7.772385248184324524e+00
4.127670993502337460e+00
2.155884435518577114e+00
2.282608771392499403e+00
6.079654925501125184e+00
2.046542195262645247e+00
2.070461494385860579e+00
2.508531073822376278e+00
2.395909067047941932e+00
1.763755411196591183e+00
2.695819247091974180e+00
1.757415638046095241e+00
3.246099089723901709e+00
3.859962601766347312e+00
5.438761118150209128e+00
3.190762371747576598e+00
4.706929964012242174e+00
1.490280403825239519e+00
3.050700655726714672e+00
2.618033321977260908e+00
1.109474605470198716e+00
2.210414850813192444e+00
2.174491729294673270e+00
1.363000835983047887e+00
1.802819822194331234e+00
3.244580674010785426e+00
2.687776020517204323e+00
2.236428625989657082e+00
4.511850729657787440e+00
2.768619110080395185e+00
2.914145874850538220e+00
1.243449309402313352e+00
4.681740412552360731e+00
1.057556288664807109e+00
1.519102986255372834e+01
3.103007025039309585e+00
6.080226316769030248e+00
6.621107223669665309e+00
1.301937061801079487e+00
2.693363000009845187e+00
6.690489625031941223e+00
1.503539102798078231e+00
1.274165969945521670e+00
4.184825836267125787e+00
1.157530704136315869e+00
4.292507281971059463e+00
1.267888344430548209e+00
1.003168109863521895e+00
3.894812369063457069e+00
1.986590439111594941e+00
1.117168679910818252e+00
2.822580670836904115e+00
1.701966589035429633e+00
3.610692189026416088e+00
2.696798248219552718e+00
1.789702955623306169e+00
2.030738714917891929e+00
2.217473537983430276e+00
1.690746697780352692e+00
3.667738683962597168e+00
1.759468558851115461e+01
1.121131903338215885e+00
6.590252802373139041e+00
2.178735088265309816e+00
2.699285201352307428e+00
4.965859603562738478e+00
2.240952504572541137e+00
1.039237909763398582e+00
1.018741176440580931e+00
2.112106390061850636e+00
1.271136234163557699e+00
2.911546798911085698e+00
4.107722164179674174e+00
1.168472593052940933e+00
1.159521174868255455e+00
3.059139395658958538e+00
3.131332590098417690e+00
5.631117675661142741e+00
2.406823922372788083e+00
6.211865921779359923e+00
2.471161902970774982e+00
2.557948765113675638e+00
1.042334760953015360e+00
3.195199720458913095e+00
3.723359074811010139e+00
3.932102230676952193e+00
4.664516196064028897e+00
4.417303576984767055e+00
3.387855403137590038e+00
2.206280442786099805e+00
1.878430673736636747e+00
1.635758316719118088e+00
2.544200286321462556e+00
5.637238092085082641e+00
3.800355607003868208e+00
3.166616878817421821e+00
2.046507024095472804e+00
1.748961243409596911e+00
2.962433315414611190e+00
6.663133374781656570e+00
1.418986842484657229e+00
2.498924144709023132e+00
3.640475693588314687e+00
1.707201188684963622e+00
1.979962915326920925e+00
1.384548959924717160e+00
2.328929796077212178e+00
1.235776245236389403e+00
4.125160774719673462e+00
1.483642717306186354e+00
5.176674368237930146e+00
8.906333155934007095e+00
1.577416752522349697e+00
3.772005076538426760e+00
7.896039840859137904e+00
1.060890724931465634e+00
1.038683988455112672e+00
1.390054576002780928e+00
2.103814812763698860e+00
1.046346320106126493e+00
3.772023942454623580e+00
3.575514604012070219e+00
4.751812909110062932e+00
2.325277462895309011e+00
1.298506888973685491e+00
1.407329495570801559e+00
2.904833062882594685e+00
3.196395438532048772e+00
2.451900290372610591e+00
4.620044915388264783e+00
4.100925127387413482e+01
1.269213308841312449e+00
1.657589792389123851e+00
4.939664418762490961e+00
4.654788026271680756e+00
3.385211165221522656e+00
2.113306689552393092e+00
5.275896066816837759e+00
3.552303556120766981e+00
3.603960157614308546e+00
2.079843078028161152e+00
1.020391048782419707e+00
1.433199929057276556e+00
1.713862291629946633e+00
1.612755909863859305e+00
7.982809353367732008e+00
1.480808891683869533e+00
2.602964045002758020e+00
9.284073474885502719e+00
4.511200986816745306e+00
1.156609103655666493e+00
1.868190826512282410e+00
5.684187540273732075e+00
2.717581783486093361e+00
3.929000799455185877e+00
2.302834126550037830e+00
2.421600687310895950e+00
1.008648987305016398e+00
1.686836974568806324e+00
3.333492707774296182e+00
4.999875640617669426e+00
1.503687495262399976e+00
1.439001682518963765e+00
2.901889145625988764e+00
1.964591299056890783e+00
2.707159422414425087e+00
1.186800125342017731e+00
1.589183346163219435e+00
2.272996934817721915e+00
3.380363353243877711e+00
4.238549561895269768e+00
3.092988004977820449e+00
7.286499552505137700e+00
2.535824643134365175e+00
1.607792538881670730e+00
1.061184891407178421e+00
1.125179438108833141e+00
9.764696630484509754e+00
1.023038725785891723e+00
4.098296685421722430e+00
1.249557715451410367e+00
3.568220217498764057e+00
3.034612931484363507e+00
1.160109893271642045e+00
1.940607076887170601e+00
1.630247774644827397e+00
1.018335948030856697e+00
2.982591901961155312e+00
7.844250765120350799e+00
2.239400701306981212e+00
2.297698636044946952e+01
8.521119287227001848e+00
1.535326710797144889e+00
2.107372264642930482e+00
1.088261275715762810e+00
1.496981714739079816e+00
3.205936257397778100e+00
1.226005312152609772e+00
1.475871551404784654e+00
5.061389853897872548e+00
2.743948572251913909e+00
3.521329497895646643e+00
1.099736519624971320e+00
1.014935134771433489e+00
3.520952460475086365e+00
1.746428308939384388e+00
1.988347682858294974e+01
4.606400085617832652e+00
1.062818547159940064e+00
2.399602850797228903e+00
1.028539800097067358e+00
1.633138433043044957e+00
4.769246753246752846e+00
1.141305620608899396e+00
9.195513166559130980e+00
1.422692157992464734e+00
1.571727609936636183e+00
4.195397006445756638e+00
1.840602786614888409e+00
3.388633666566916780e+00
1.697321175951855832e+00
1.954099479958899543e+00
1.539875353407387903e+00
1.849173040260442713e+00
2.425587840953571828e+00
1.973660444055977958e+00
3.161992050589900849e+00
1.153872947091699075e+01
1.373248141704886960e+00
1.735868991345033807e+00
1.455495610816927243e+00
2.363691783651616696e+00
2.923588092877982714e+00
2.023204088265077694e+00
1.916403021044257748e+00
1.876577057214344091e+00
1.400720287365297523e+00
2.459152874411663081e+00
1.223983041848401454e+00
1.921694764878274730e+00
2.787342490277834095e+00
5.534417067789605404e+00
2.239454069176369355e+00
3.863609186323968547e+00
2.424932385530175871e+00
1.523011252373946078e+00
2.234651249208779333e+00
2.760890245179434377e+00
2.626256800371798761e+00
2.598234407131329693e+00
2.694115619266683304e+00
1.181323659880253008e+00
2.772442533773641582e+00
1.611033227929697942e+00
1.779679944919838608e+00
1.481646311817139017e+00
2.878208854056344190e+00
2.304158094132306989e+00
1.560172728386378438e+00
3.411951916066864765e+00
2.537707504783763390e+00
1.043254769090287226e+01
3.381706532663316445e+00
5.559430305030451436e+00
2.792533651199966549e+00
4.571665017882962090e+00
2.297367864659753067e+00
2.848965063165409095e+00
2.410604889140111950e+00
2.331094328453702680e+00
3.750143389878031641e+00
1.577712905486436501e+00
1.015664624992858034e+00
1.408858411015237566e+00
7.447205647351626823e+00
7.735415115777925621e+00
1.997423999245343085e+00
3.291395846977916317e+00
3.748587842473585674e+00
1.019065152214643666e+00
5.239510394275174399e+00
1.368813165913800756e+00
2.776060902320083734e+00
6.075178823302096021e+00
2.704693031482136689e+00
4.352050843770071786e+00
1.334997264925021243e+00
1.404557421223816105e+00
1.011288165512538528e+00
1.277636079526849766e+00
4.270494663224223331e+00
5.845583357996305907e+00
1.748928972796735870e+00
3.547025740147511375e+00
2.066573576518271338e+00
1.822881437990096165e+00
2.238430902882764695e+00
1.799095439552983011e+00
1.750597436958443387e+00
1.685606694763865709e+00
3.637000205363322802e+00
5.194649016961011334e+00
2.000695567888183479e+00
4.156946215176018811e+00
4.086269630903564654e+00
2.950921277118035313e+00
2.442014975407203803e+00
1.114136604216885651e+00
4.900332113999577466e+00
3.190134796649267912e+00
1.029537495371323885e+00
2.729970580138918024e+00
4.569319480189368399e+00
2.906000306491730800e+00
3.071277799596430214e+00
2.218911850874513370e+00
4.614290316246666634e+00
1.106674087708684695e+00
2.318827054051443959e+00
3.143364104445046436e+00
2.020790432916661938e+00
2.185727478010325076e+00
2.331681440716565135e+00
3.579912608826390397e+00
2.128539893451443898e+00
1.224710752000857283e+01
3.758196853718797747e+00
2.503551526867981103e+00
2.943218566903376576e+00
1.985730046163029172e+00
3.026892996960333093e+00
1.849338112162992154e+00
5.074954343178366578e+00
2.478763354062215818e+00
1.149945752309869285e+00
3.046130676242982283e+00
2.871139616153687957e+00
1.861813724319511865e+00
2.604293625326061790e+00
3.781032853419975748e+00
3.265918108906711748e+00
4.631092385433173142e+00
3.434401870099097920e+00
3.700091649531657811e+00
3.356305951145901911e+00
1.576497387700515063e+00
1.783637506240272508e+00
7.487148322905031073e+00
4.053356547063637016e+00
6.079697868336523925e+00
3.878272727272727316e+00
1.038117086701315417e+00
1.912784506988026045e+00
1.409759508293593422e+00
2.680742289180645166e+00
2.627213127216260879e+00
3.855768550572125974e+00
1.917769951116084615e+00
3.262037187754335488e+00
1.699494463228732855e+01
3.874905151798571534e+00
1.806707041940385894e+00
1.456060584797828072e+00
3.060484936393211619e+00
4.842174055541437205e+00
1.045154798774619920e+00
2.412712120217648692e+00
1.142083955249617144e+00
2.796249705862614565e+00
1.623116157585095642e+00
4.724945651979782113e+00
4.907633594064861882e+00
4.262901535853218071e+00
3.312859033653690499e+00
2.010622227985994215e+00
3.017259115697004113e+00
1.347563314648181132e+00
3.713248263290141349e+00
1.703727523078717665e+00
1.173415456423969827e+00
1.507701038034627850e+00
1.560719375032240119e+00
1.411223853135654904e+00
1.573125100469068283e+00
2.856649170950483096e+00
1.189169744471411994e+00
2.179992953109707088e+00
1.728239225565296744e+00
3.055941942932541622e+00
1.150680597652732562e+00
1.723424084408294199e+00
1.015147677128749315e+00
1.668987946496685693e+00
1.624015997025496372e+00
2.610671770292643856e+00
4.380156330178770929e+00
3.190456208413861017e+00
1.432757586965989205e+00
5.273723938087496954e+00
4.039828289110816151e+00
3.110889578370801711e+00
1.361454249424244090e+00
2.946011420168326733e+00
1.377482747188288892e+00
5.858893587135022507e+00
1.680865211999246656e+00
1.060513173490874816e+00
3.230454550598033325e+00
2.835797086798695243e+00
1.402171891110890245e+00
2.745141912354465585e+00
3.583886504766281345e+00
1.221994812679031206e+00
1.200457368116240264e+00
2.784819023704514507e+00
1.964887742930216286e+00
2.475688152073723725e+00
9.731725530217673281e+00
2.063084017668201042e+00
2.940578475006641046e+00
1.032595279673856936e+01
1.088289104760036929e+00
1.147210454508930155e+01
1.075985012196922330e+00
3.263689997449830127e+00
1.117850572842853296e+01
1.410988678789360184e+00
3.042440518446019038e+00
4.247121482065431941e+00
2.057317109469161132e+00
2.157057938578142320e+00
1.428388025082643287e+00
1.082288365256533824e+00
1.245915431605791435e+00
2.035726913890037792e+00
1.833672358958039705e+00
1.552694464803843433e+00
1.107907661973047908e+00
1.914886216579094080e+00
1.127910942012031237e+00
1.660345430112144305e+00
1.992813705325191975e+00
1.935603194969869767e+00
6.568529332597003112e+00
4.508594784511579689e+00
1.931766448147399506e+00
6.253264790100303117e+00
1.940114696108907744e+00
4.314723669087819680e+00
1.631027363925680040e+00
2.125804290097041083e+00
3.876658537617695188e+00
1.774292170920562128e+00
5.894389979552935088e+00
2.435788113272972399e+00
1.679880160376804099e+00
1.486875210394676738e+00
1.820033721818139716e+00
1.626045489574282854e+00
1.365347095602175820e+00
2.062011649445969486e+00
1.007214231313504404e+00
2.763180524548154882e+00
1.756551347827319365e+00
1.308078078815143153e+00
4.883811192501534393e+00
2.940163640585093940e+00
6.411459752903264864e+00
6.694883047606761117e+00
4.547228692108188142e+00
5.325377584778285822e+00
2.117375874102811917e+00
1.530056916995578886e+00
2.649849300287189457e+00
1.138695443052903933e+00
3.942688891291922015e+00
1.001230924983525172e+00
1.945846707277081533e+00
2.506607863500043720e+00
1.688600565977675716e+00
3.893223631830180498e+00
6.231668618581799990e+00
7.562455419013126345e+00
4.322929092722078259e+00
1.290734086675773051e+00
2.701609186170546462e+00
2.102944107279008712e+00
4.231711552288333067e+00
1.127079950196056668e+00
1.836743489683270392e+00
1.570808305202312072e+00
2.285492537196062823e+00
5.699339325481720842e+00
3.285737437418876361e+00
1.581858930155455312e+00
2.065882776677776089e+00
1.290313882859780437e+00
5.355219674988680012e+00
5.190594923193410537e+00
1.752811577553332389e+00
2.010060360332688756e+00
4.176538088574869079e+00
4.164120013032017731e+00
2.399643139357446220e+00
1.823948817672681910e+00
1.803642247771787943e+00
1.947336486249781062e+00
3.620530836493074389e+00
1.572187732775368163e+00
3.199216788354686258e+00
1.638914098486982329e+00
1.867005579665220072e+00
4.189553049747656743e+00
2.188755364775179846e+00
1.164909233407835254e+00
2.443159060530838200e+00
9.479536887371150300e+00
1.811928849498058547e+00
1.931096248393534554e+00
1.089093019091165626e+00
3.308714355042220667e+00
4.224526767721020093e+00
2.517350189548362316e+00
3.126999779688346415e+00
1.419198756777110049e+00
2.623376468521088078e+00
4.044700828690414696e+00
1.025650706344344076e+00
1.416587066549131801e+00
3.056738678718692093e+00
3.111215069585631543e+00
2.749364474216920318e+00
1.548644344868541856e+00
3.110491743150137545e+00
2.786855200382706066e+00
1.878316480577862935e+00
1.074395711689746902e+00
1.152755474968406357e+00
5.046166365768100626e+00
1.613436256918360678e+00
1.962835916048831564e+00
2.412862200407231761e+00
2.472843361096523029e+00
3.030399274951852462e+00
2.796297017018763764e+00
2.083846774424416903e+00
5.728065011477729840e+00
1.052946901446423444e+00
3.140750108734173818e+00
1.003144111794767701e+00
1.542372781346657229e+00
1.573441714399622704e+01
2.138545360326526978e+00
1.298194887479685145e+00
6.865858357591808847e+00
8.729403353781890473e+00
1.380683350447410973e+00
3.624327251268736116e+00
1.837132857839011146e+00
1.952167404026313724e+00
2.358286402576446061e+00
1.710110238124491699e+00
1.633717491688153167e+00
3.509187279991400121e+00
4.050307078361043089e+00
1.053800501581745763e+00
1.000954341622758870e+00
5.184598502625991756e+00
3.224991473780530082e+00
4.690643433272854601e+00
1.444119286096706034e+00
2.846370490350381033e+00
3.515302260505401399e+00
1.094215911189127866e+00
1.451673298545551605e+00
5.161553110942858069e+00
1.198399131391944650e+00
2.204126285432398635e+00
2.048054360012973696e+00
1.574127120193951290e+00
1.319777596103519635e+00
1.466678955381946592e+00
1.323880252711927330e+00
1.085000780937842357e+01
1.371268428216290358e+00
2.791159695232592775e+00
1.555443368938296267e+00
2.564887661416735298e+00
1.929943538683032367e+00
4.185589376901160286e+00
1.239618735260331395e+00
7.298084611988672421e+00
2.482854965056384255e+00
2.911102962908761249e+00
1.519601928271868463e+00
2.277963867441486379e+00
5.971920910269061800e+00
8.723246749875706030e+00
1.326464420075600392e+00
1.989320947985131260e+00
6.906478104076121838e+00
5.629346017329893925e+00
3.114665402532522442e+00
1.933264848948614389e+00
1.145927944207679516e+00
2.102182686278443846e+00
1.953860843262249070e+00
4.768590310382730735e+00
2.308636796193248131e+00
3.661285161469672200e+00
2.609681315577356386e+00
1.008523869182295751e+00
3.609733052946885845e+00
2.805791253945131292e+00
6.592558239382855234e+00
1.004275376376948303e+00
1.990328417521725957e+00
1.399652469737739269e+00
1.454882286078905240e+00
1.109468642528645743e+00
1.535951795908779838e+00
2.646434248487668839e+00
6.517620894571432011e+00
4.520609432018577678e+00
3.493739925291596382e+00
2.192048593515012911e+00
2.507888611803823942e+00
4.073285760707090475e+00
3.000161450363733273e+00
1.518833686442557562e+00
5.951714088602849451e+00
2.031201317470838763e+00
3.272929962342603361e+00
1.909293488951226525e+00
1.056540431271153491e+00
2.213879615058464978e+00
1.209778814916872891e+00
1.103691095234009101e+00
1.979356818620504166e+00
1.740851164686261665e+00
3.285169885988881600e+00
2.039479340430946142e+00
7.037176918085178201e+00
4.931597910334629020e+00
2.256521904759275277e+00
4.360352761528884180e+00
1.788224865564287835e+00
2.820496407921878834e+00
5.361384786841879801e+00
2.780164130900575792e+00
1.656065282837388075e+00
1.125458952303983740e+00
3.840695125049607750e+00
1.446677646477539492e+00
2.885324609665427698e+00
3.103570980325794704e+00
1.625374909848479765e+00
3.012354028821989438e+00
3.292500383239302941e+00
4.533854381918333232e+00
2.613559461702372744e+00
4.079043677757165476e+00
5.677903570549125867e+00
3.280850204471144949e+00
1.535447595657160713e+00
5.678814713717668106e+00
3.689920603226389151e+00
1.423839837125875585e+00
2.112894743488345828e+00
5.888554330122388158e+00
2.928896098252030455e+00
2.399357769005997731e+00
2.127033940576331439e+00
1.076052668113113508e+00
1.415683794570097076e+00
1.868330007058838449e+00
1.999023691665888336e+00
1.182244744180752427e+00
4.436746998792413521e+00
1.833313175117078142e+00
2.084757144854397115e+00
1.260642613682536828e+00
1.112181532667762873e+00
2.173965917659478109e+00
7.095808190216967404e+00
5.179483148441627272e+00
1.309600768846945229e+01
3.398113791003341433e+00
1.014307245318608386e+00
5.196997793775650187e+00
3.131347966093813273e+00
2.888481506441653579e+00
1.907817086474024704e+00
1.691845074051230746e+00
1.001817108336533479e+00
1.637618597557854772e+00
1.140003225856407010e+00
3.994934860197743021e+00
4.377598381929299620e+00
2.225994494171362525e+00
1.577215633692652164e+00
4.159302704239868476e+00
1.155418759131598971e+00
1.642081462310593709e+00
2.478800886101441492e+01
1.107992317245315883e+00
1.856898084605141941e+00
1.460064519447512144e+00
5.958248799035875898e+00
2.026222587435415612e+00
1.586070562104903381e+00
5.035433949716972890e+00
2.180460168172985380e+00
5.360324620644716376e+00
1.033426243154985658e+00
5.673683867614200516e+00
1.867557567579332334e+00
2.672992089878910793e+00
4.037219404396154232e+00
2.035956654926251108e+00
2.236261253242941116e+00
3.162303394593827921e+00
1.273726325571826745e+00
1.996759632547693508e+00
2.915519262114993460e+00
1.249954878151239734e+00
3.145860946003424363e+00
2.828664471043237594e+00
1.026481593815046001e+00
3.450008815911053350e+00
1.149425897247292605e+00
1.055238116769343870e+00
3.054383488714343287e+00
2.183880266975423368e+00
1.177800427091637792e+00
1.481724513490742412e+00
2.526917556132986853e+00
1.572235954435470484e+00
2.548657713328389640e+00
1.413262952695603758e+00
1.934656383584271833e+00
1.322248062871112406e+00
1.005681835819896897e+00
2.434020958219184294e+00
1.960639464385285802e+00
1.229929931248167740e+00
1.648065767098062073e+00
1.540784694356993834e+00
3.462808514082118538e+00
1.899282851426719265e+00
2.388984766882442212e+00
1.410377537985434637e+00
6.545417385002338939e+00
1.631698973308415512e+00
1.923891753175399399e+00
2.949155674263708615e+00
1.323982364252935140e+00
3.783678933372547792e+00
1.552624248780181793e+00
5.745995999918855013e+00
1.162386491700668101e+00
4.002481630209528518e+00
1.113467974256818982e+00
2.147496996792312540e+00
1.563912153830772755e+00
3.023001695673861011e+00
2.746966919425138265e+00
2.139848007414272502e+00
1.905917604735186677e+00
1.347227425444827986e+00
1.095538893488040122e+00
2.604117249181736149e+00
4.383465807002849601e+00
5.733974835099464151e+00
2.337038764962566795e+00
2.520462246650635674e+00
7.303560951580220006e+00
1.239876805658360004e+00
1.924673133555466364e+01
2.735514023403038397e+00
1.134380418902158238e+00
6.009965644484030811e+00
3.153340987371622717e+00
1.101135972001808350e+00
1.390049346086932758e+00
1.617248898958403514e+00
1.110032698639025206e+00
1.030749426550374270e+00
3.111583766503429604e+00
1.892860053756015626e+00
1.188860986475925197e+00
5.629571090757702123e+00
1.024446089001548010e+01
4.507845393607162521e+00
1.036521519212526776e+00
1.953713859707750577e+00
2.149351912412910348e+00
2.134928149694895083e+00
1.902684515234080997e+00
1.308889475743529873e+00
3.630228713740330182e+00
3.286485911888035627e+00
1.727933127214863473e+00
1.445363043773940204e+00
2.645059205134810743e+00
2.832222671187632379e+00
2.410571277113233268e+00
3.804659956734138593e+00
5.792430355441071654e+00
1.427989460298199065e+00
5.459396844173933339e+00
2.014180542442450150e+00
3.006093253291967748e+00
1.100921529982544556e+00
1.744685136898338707e+00
1.830329110492755040e+00
2.277695443111507068e+00
1.160924281223325583e+00
1.827170880192168667e+00
3.919346019516118940e+00
4.471717095780244122e+00
1.899671217048454208e+00
3.779187955355230777e+00
1.691356747094209823e+01
1.021154782990273624e+00
1.907733886285613245e+00
1.335994136153664025e+00
2.161776723895513452e+00
4.606716937884233865e+00
2.006987419995585942e+00
1.617284685817210521e+00
9.949634647262701748e+00
3.625304908619544353e+00
1.570985966015629565e+00
5.914235551358295595e+00
1.143762955595112762e+00
6.520337259864962931e+00
4.217605280261095047e+00
1.449779085784165478e+00
1.442542971960266041e+00
1.336348078423768460e+00
1.548610183552836306e+00
3.633427169706969995e+00
8.980858196276049199e+00
1.600313590925980467e+00
1.073980425326945820e+00
1.815229770909060347e+00
1.805771410461693538e+00
1.610132725308067059e+00
6.290697335921582756e+00
1.693748605422478182e+00
2.707655442721063732e+00
1.400399136658364796e+00
3.894815750535544741e+00
1.705272732027511173e+00
1.402016453406660368e+00
1.853578754094021841e+00
1.324328182130191101e+00
3.579408715533832552e+00
1.761543301432184627e+00
2.353521204529757327e+00
1.715920265201053008e+00
1.828437099619348194e+00
1.515401360689415888e+00
1.525031535109374614e+00
2.147663722657862095e+00
1.886247231480220110e+00
7.229609575119978260e+00
2.368972081758481618e+00
3.299534908811627254e+00
1.353403834478532408e+00
3.113695137445519290e+00
1.406667667106873409e+00
1.428297776434317878e+00
1.366501016644087851e+00
1.527179916788485414e+00
2.677226313063296281e+00
1.421490966254243427e+00
2.439070896269364574e+00
1.215488048629986828e+00
2.064571297611954126e+00
1.824320713984200593e+00
1.062680404428696823e+00
1.587501798228488026e+00
3.349973423419376317e+00
2.469199810080233259e+00
4.439848342428160954e+00
1.540672526752398852e+00
6.730073383203441395e+00
1.293261272422248087e+00
1.729643320098284809e+00
1.152582438796463604e+00
3.497984243566770957e+00
1.933064701823119513e+00
2.198132500774298670e+00
1.745581318009025162e+00
2.519699225129434783e+00
6.396481643298424835e+00
2.742261060470212897e+00
7.307628604873986689e+00
4.145982884449495032e+00
2.283052163623514819e+00
1.918954810537568667e+00
1.319690663698721789e+00
2.297844052361980527e+00
1.775677853691468133e+00
5.214115055820932376e+00
2.336438889313305456e+00
2.068715417268391032e+00
1.569092682392559723e+00
1.830356722780719370e+00
4.983593563703508700e+00
7.803135430371475501e+00
1.392846446146587702e+00
2.475130343589003967e+00
2.317841563097139179e+00
1.409505369885551307e+00
2.114521180781349319e+00
1.522627704562883988e+00
4.426671741561006179e+00
2.560252270079887982e+00
1.810497396971727069e+00
1.087185120350109502e+00
1.208689592040844119e+01
1.693049567876760308e+00
1.619692362755530857e+00
1.722110446316627463e+00
1.287666451890034258e+00
1.976662825741629437e+00
2.860054820554879917e+00
1.543442726342059146e+00
6.954699522290056279e+00
1.834182476437833165e+00
3.531782819156406461e+00
7.082162535486205890e+00
1.140054695269007601e+00
3.676556970389438739e+00
1.512858181744897612e+00
1.770949060051215884e+00
1.148330687815498186e+00
2.027220931094751322e+00
2.847108300587894991e+00
4.746774349089281309e+00
1.407530441159239309e+00
1.302128963909392478e+00
4.281774332212183509e+00
1.705330646165706066e+00
2.456713106685367354e+00
1.590304743661276055e+00
1.488794072059947071e+00
1.433428219476766463e+00
2.140748057254147962e+00
2.829756386225272369e+00
1.590789013049285217e+00
1.412201566699046396e+00
5.737924688421330188e+00
2.093834459005647020e+00
9.454065946956506039e+00
1.092698824044585404e+00
3.962545579846088906e+00
2.083151466836734578e+00
2.587251552006804900e+00
1.121334549989776663e+00
2.648185603055697168e+00
3.263521624810733712e+00
3.218477249062551060e+00
1.794534751702693276e+00
1.586566841329815292e+00
2.195622655931860123e+00
9.759289933578536136e+00
5.370156856627070319e+00
1.230091493035122552e+00
1.985540130210811105e+00
1.022037088356579249e+00
3.708682307812217971e+00
3.751056861857154257e+00
4.630834748530372025e+00
1.433863575925831135e+01
1.138067468174001950e+00
3.947105496983306594e+00
1.355729182009081324e+00
1.012632271709404286e+00
3.278308057666194930e+00
3.751084772240918408e+00
4.796438472272468445e+00
2.416580982908554276e+00
4.570313021803793951e+00
1.378068415423030713e+00
2.815785563513351519e+00
1.227242616322732793e+00
4.751054097697459788e+00
5.396955515838325113e+00
2.035563307567337610e+00
4.037536510238049381e+00
2.528707858381121110e+00
2.224532440298357283e+00
6.013592369022728867e+00
8.362638369248164949e+00
3.573402337155988207e+00
8.197499277494825876e+00
1.137841216217977403e+00
3.233324569008087401e+00
2.837875059823766311e+00
1.854555178104711599e+00
1.476379833880175907e+00
2.037403752292283876e+00
1.621310785478206062e+00
3.894601365788260772e+00
6.222892141506886077e+00
1.334397248495270860e+00
6.445870811589913707e+00
2.359115982967241454e+00
4.727970466736590716e+00
1.668976371637052258e+00
1.423819455603150486e+00
3.548494354039903875e+00
1.647909111128959436e+00
2.643564624461242296e+00
2.257899989407523123e+00
1.362763746902362572e+00
3.059138425294715802e+00
4.094447910906104937e+00
3.935030680583366358e+00
1.301514274106748914e+00
4.411847554476033828e+00
2.735715508114457961e+00
1.916371738809787839e+00
2.984069403896722150e+00
1.781234349502837322e+00
4.141271037292340473e+00
1.544991062093156620e+00
3.126719288493607696e+00
1.049862087002005007e+00
1.947746727079396667e+00
4.475275487020834220e+00
2.344202755829145168e+00
5.322712663821171475e+00
4.427674988750996299e+00
2.899682327149289307e+00
4.075268811323069507e+00
2.707335498507912330e+00
2.066497099618596955e+00
1.448525073127655105e+00
2.256666430530854583e+00
4.551886650359677766e+00
5.496183307270269935e+00
4.612278066438474156e+00
1.139658319935443753e+00
2.286910835252322727e+01
1.590594188988744495e+00
1.304998452931160235e+00
1.324862453597706047e+00
5.238869329575744693e+00
4.915174116376187285e+00
3.152623419435847563e+00
3.680299281858419036e+00
1.084296768833861169e+00
3.200977335536852486e+00
2.502721746532916569e+00
6.251311800326711854e+00
2.109356790303504425e+00
1.118441374352468598e+00
1.014327080222804156e+00
1.458240187791608244e+00
2.002490964380442939e+00
1.482194593881795974e+00
1.143128397980015087e+00
1.068207607025856376e+00
3.531783293762141174e+00
1.366039422589921504e+00
1.081296789015333548e+00
2.438933837567337726e+00
1.139940671143037987e+00
6.255819898462164907e+00
3.282863666668523805e+00
1.953442698093325269e+00
1.693280067029965474e+00
1.201265539293259632e+00
3.127827908251844313e+00
2.822517125277570926e+00
4.852416206962145928e+00
1.678525775212141191e+00
3.222313883927797384e+00
1.495020752150060694e+00
1.119036181293307619e+00
1.288288053148220813e+00
3.750748399518092580e+00
8.645643092694186294e+00
1.016334262664848609e+00
2.664174301771725428e+00
3.020988217169954471e+00
1.033785442872117377e+00
2.066385922509348827e+00
1.238502258798875433e+00
2.520889727337853881e+00
1.005146717199866258e+00
2.041943339738997221e+00
3.886897324049238378e+00
1.087543311649550981e+00
1.139504652429344400e+00
2.469803613741663906e+00
1.114306790448860163e+00
1.269696410359973715e+00
4.511869786230777279e+00
1.548489976516859157e+00
3.556566489330467817e+00
3.637037694654882358e+00
2.766702691415995563e+00
2.150104399658222309e+00
1.076149090299417743e+00
3.877342832173278353e+00
4.479029783213097637e+00
1.855597770588923057e+00
1.129300187263149624e+00
1.978475438706399192e+00
1.886192909174750909e+00
1.798307612407084033e+00
3.364272537021127718e+00
1.092749978239711428e+00
2.033847918784807085e+00
2.029548948921009899e+00
1.439273255961418307e+00
1.048364530576201936e+00
1.302728787434763280e+00
1.084370587832454103e+00
1.972483843659654568e+00
3.410578360283935240e+00
1.312449106753376560e+00
2.309102593826981575e+00
1.323849323889246588e+00
1.732696571833862942e+00
1.428765366803713244e+00
4.297098789833212251e+00
2.635202098136683713e+00
3.010955728031162071e+00
2.236643475420545535e+00
3.389935696679065913e+00
4.055832809524951621e+00
1.423597801250140460e+00
1.813195531747020528e+00
3.706083273000341016e+00
2.834051456994434393e+00
4.554392819066616305e+00
2.014030361183085649e+00
1.702809189559922665e+00
2.689957661271294320e+00
8.615922006791542742e+00
2.308092236076449666e+01
1.138070033037093642e+00
1.569180641356308081e+00
1.054171456775190308e+00
3.345693099740373100e+00
6.115988980716253742e+00
5.295876436463067272e+00
4.298398520841204551e+00
1.364530872468054845e+01
1.969976730170788670e+00
2.478636267781143321e+00
6.096555366609982762e+00
1.640252728996055787e+00
4.811925144124168163e+00
3.827512044805820857e+00
2.702361938602074520e+00
2.904155958710243901e+00
1.688856577045714902e+00
3.025738537106685389e+00
2.082891686194954062e+01
1.840811879118963601e+00
2.689493669023481637e+00
2.325352745711926072e+00
5.742571096442903311e+00
1.637301160432467872e+00
1.675796764132716499e+00
2.646198065407646460e+00
1.516260644359266552e+00
5.595207725284303990e+00
3.421944035748288204e+00
6.115683251966806289e+00
1.936151519750731609e+01
1.118228874967906128e+00
3.817192628997629011e+00
3.099431431489018784e+00
3.064829313927133203e+00
2.045486965286064773e+00
2.277206199427276534e+00
1.615372576214459288e+00
2.473735614166610031e+00
2.288254029487352348e+00
1.526493859977961831e+00
1.304778022618223288e+00
2.774071776879783791e+00
1.542101235530578984e+00
2.896577213209687418e+00
4.810688033933065988e+00
1.325683299072270005e+00
2.084002205258693952e+00
1.211284466134320947e+00
3.832854744428802363e+00
5.441636606216336602e+00
1.618285576788068614e+00
4.489749556015232734e+00
1.488678967612799831e+00
1.768821798278902291e+00
1.049850267677583604e+00
3.160605899047049139e+00
5.729172132643747695e+00
1.884378726482096367e+00
1.633100207056499942e+00
2.960871578185366282e+00
3.283718888002084668e+00
2.875329302108041496e+00
4.237781841400661165e+00
2.988586873147419887e+00
1.904852634284245783e+00
3.551684001364724619e+00
1.965091518020564809e+00
2.607781245722108121e+00
1.326236465251742214e+00
1.915404673038144434e+00
2.138404496637772212e+00
5.011143052703627809e+00
1.787670258511358856e+00
3.775866892482924175e+00
1.052391716634728303e+00
1.534010231616543818e+00
4.705435076583413867e+00
1.846893430934499536e+00
3.172568947799882189e+00
2.208857759882788319e+00
1.559845079644441634e+00
1.217501955105513956e+00
3.393229523001560111e+00
2.054750600292100771e+00
1.989677608050297808e+00
2.476339558392993467e+00
1.680216036970402449e+00
2.262047908106284311e+00
1.041532088223414254e+00
2.105811709583020885e+00
3.210021046422213420e+00
2.913021528964089946e+00
3.805402855522911132e+00
4.028602556342791630e+00
3.089731160409662891e+00
1.810683703507191655e+00
4.348990613801100302e+00
1.170069706628504624e+00
1.356910171591370728e+00
1.112434995406203608e+00
3.850254893658600075e+00
2.412242049991768944e+00
6.894975068557299913e+00
3.498496650496650595e+00
1.652248215382344565e+00
6.976838602846731519e+00
2.071935553399377294e+00
1.906920836950825482e+00
1.055229516273947121e+00
1.510799129625357118e+00
2.185686780033358367e+00
3.607631428877144941e+00
3.033528991378987794e+00
1.919413887128940566e+00
2.628989173877614327e+00
3.118589353970531164e+00
1.333665343468007025e+00
1.399963959512959377e+00
1.247612052652373738e+00
1.594217687502673009e+00
5.545938145972709954e+00
1.629559623523466616e+00
2.289925118457627029e+00
1.967149613362278338e+00
4.372565860154039363e+00
1.527124117743208886e+00
1.450799354987330148e+00
2.174370658274144219e+00
3.353723245716596857e+00
1.827733783004973356e+00
1.702972471385987729e+00
1.129736873682338150e+01
1.335994379700161216e+00
1.184186462282110330e+00
1.098090657431530781e+00
4.342974762372992181e+00
1.604183316318863683e+00
1.697977632685033766e+00
1.144337058170260102e+00
1.204695078416711063e+01
4.168385752569426117e+00
2.783285028329333777e+00
1.897338571129268736e+00
2.785343890834742098e+00
1.066256376548710749e+00
4.251660361409154376e+00
1.826936085266108067e+00
1.529745268557498816e+00
1.900466250227664355e+00
1.279375941676792250e+00
1.743562653477873203e+00
5.825459174107487037e+00
1.243878009296105258e+00
1.434343161710173620e+00
1.430330371007876744e+00
1.186225185353613210e+00
2.480261798039430143e+00
3.122245701194182654e+00
5.164804325039995980e+00
4.044409331283260300e+00
2.465419830553995606e+00
4.460075745037652695e+00
7.706360227318246992e+00
6.474391458615111894e+00
6.413810051066414886e+00
2.526662014608751505e+00
3.523370425714969389e+00
2.259669690289874744e+00
4.896927430223750655e+00
6.370407479450335586e+00
1.573635035773525148e+00
6.167675733607699051e+00
1.202287073914142246e+00
3.046097227661233031e+00
1.249567788983616978e+00
3.156732464513986702e+00
1.403107709724393803e+00
3.507930689140416725e+00
2.953159024578229985e+00
1.703783328401059283e+00
1.368026301854824878e+00
1.873449287907588712e+01
2.970718244272235076e+00
1.460503876254130695e+00
4.004924081777303080e+00
4.268236915190176006e+00
3.308850987393506582e+00
1.076620819334154655e+00
1.666966690433783649e+00
1.835473893462251205e+00
2.722347201073603173e+00
1.029884650984647765e+00
2.349114771175853988e+00
3.648211231728984316e+00
1.499609314809354776e+00
1.470018008753394501e+00
7.431769863444964486e+00
1.315970699025617474e+00
3.564908156512586856e+00
4.070210651244277500e+00
4.649760770855481340e+00
1.329804316742325376e+01
1.137203368596355180e+00
2.793800421232103481e+00
2.208507317250037350e+00
2.780202557063841340e+00
1.313494090786909929e+00
3.513444040483791220e+00
6.307243397122205941e+00
1.934810675786589718e+00
3.857990775486078050e+00
1.258481284729411787e+00
4.846099188775796485e+00
2.261415664549835558e+00
8.693803091535555083e+00
2.495495713972966101e+00
2.127830747647752929e+00
1.000909171670642417e+00
2.151952703199327388e+01
1.533905816020683099e+00
1.470275606696330506e+00
1.177813367363215846e+00
1.934445762163660820e+00
1.762736616865996808e+00
1.991963024080043443e+00
1.110695106548322375e+00
1.428931227628606582e+00
4.374397662438330947e+00
1.976131557200938804e+00
2.248197077404428423e+00
1.603349140313618193e+00
2.112300306220926682e+00
2.502479981681279053e+00
8.754979767089858811e+00
1.414565686032508207e+00
1.646946530709852974e+00
2.685636251968523514e+00
5.056487540485161247e+00
1.438011654109059068e+00
3.230938830426523189e+00
3.461356603607426141e+00
1.811830482970469003e+00
1.236604662584999348e+00
2.909647208424399167e+00
4.192464614837348336e+00
2.586470708866064339e+00
1.283533249176077806e+00
2.801086775316314004e+00
1.603076228195257524e+00
3.299990722818031408e+00
3.750581476531487546e+00
1.219008380714496909e+00
3.689552984059219387e+00
2.212445685336613899e+00
1.899848224332718161e+00
2.548739667742979442e+00
4.650478660989604940e+00
1.600438710770403672e+00
4.038350567463005802e+00
2.734363816772937383e+00
2.883430309769325017e+00
3.872355942460868228e+00
6.139846489712925681e+00
3.404097468564256879e+00
7.508515916627156450e+00
1.454320350048655897e+00
2.565606059889100177e+00
4.763305547340838331e+00
5.920821577065276564e+00
2.296178293338872134e+00
1.603420472352462323e+00
3.043685553540099953e+00
1.085998820511417717e+00
1.223256431041223502e+00
4.913998052580330622e+00
3.399404064438599438e+00
4.822104716823522708e+00
1.341744305057773978e+00
6.905917045287996103e+00
8.540415152300971258e+00
4.564598976441587297e+00
2.625227415026833544e+00
3.703855832597256370e+00
1.054139888558887295e+00
1.213719715349355521e+00
3.650339620580320688e+00
6.842033346578717534e+00
1.047200237403432599e+00
3.281135001885095992e+00
3.601173358037137451e+00
4.558414227692983545e+00
2.864333974811412720e+00
3.327395852955647548e+00
3.502279234999269963e+00
3.488725014087696419e+00
1.030667919089845563e+00
1.109573130046118905e+00
1.226031703256325711e+00
4.250613307386144513e+00
1.864129749733037578e+00
2.223764024424297325e+00
2.679403964932904891e+00
5.637593148775985163e+00
1.731653969354577161e+00
2.160116342158658664e+00
6.313871211789276572e+00
1.653044520607253931e+00
1.108376376335121760e+00
2.091953084979960131e+00
3.013492053300125928e+00
1.082771011660111915e+00
2.924508230492437466e+00
3.113580698845476391e+00
3.419600811185825595e+00
1.064272534829911798e+00
4.980138231251749481e+00
4.199421497145880977e+00
1.960247536463513240e+00
1.950288629827762188e+00
1.268347145191168535e+00
1.485178084059806203e+01
3.332252034793871331e+00
2.364216240494084076e+00
2.190756303441321773e+00
1.171548101115957197e+00
7.778873064336610632e+00
3.473694523971824655e+00
1.813645891594640069e+00
2.274810852821624874e+00
2.819859373692713334e+00
5.654084186916394472e+00
4.725105067737080056e+00
5.016551126857592635e+00
1.487364261240889274e+00
5.966613553341119314e+00
2.177722799442748602e+00
1.425889617576930668e+00
1.933991567191027716e+00
4.692294255752258891e+00
1.121876666412737089e+00
5.374860221151119610e+00
4.813969218155578211e+00
2.350724437429239533e+00
1.593691667496798248e+00
1.089121959493537517e+00
3.303110832811521735e+00
2.964918382557102827e+00
7.813505758159557502e+00
1.061880001940700202e+00
4.536871380280886434e+00
3.338394945396763180e+00
6.838324665586751117e+00
3.272206920161966348e+00
2.530220320712396553e+00
2.788164695124918158e+00
3.340382651567499472e+00
1.502673676952249515e+00
3.011891354716243807e+00
1.518501801813636032e+00
9.830557270854969332e+00
2.713580300726729178e+00
1.150233873002566298e+00
1.462524046635899966e+00
2.669029999717250412e+00
2.611808808354866063e+00
1.525592605406733426e+01
1.464342050274559437e+00
1.602229267600442375e+00
1.945629721028839354e+00
2.180788079229511123e+00
1.732511743583669661e+00
2.282945735539610332e+00
2.065842320763689788e+00
2.009859754950637623e+00
3.566534040978485809e+00
2.768999860380695122e+00
2.585157996609308562e+00
1.438342716438611113e+00
2.605893047745262869e+00
3.073537311366468128e+00
6.921118395162277892e+00
1.734737416610694583e+00
1.589918402848718326e+00
3.053519634625837309e+00
1.003349583172209014e+00
1.399169317118802658e+00
3.453696123515908933e+00
2.224616795448755902e+00
3.403392262467828111e+00
1.587010716046596048e+00
2.957492104395769150e+00
1.507560287283804090e+00
1.607885395130415285e+00
1.484008009600821243e+00
1.304016442986281499e+00
1.853514679752940264e+00
1.932514143393691208e+00
1.629302836369144636e+00
1.122274597338608793e+00
1.510278849899455711e+00
1.027480235260858299e+00
5.697106636536821256e+00
1.160088483186403341e+00
1.360558940966010821e+00
1.561176405920768451e+00
1.190062823288761562e+00
3.249617939634981578e+00
2.037221852837779679e+00
1.697166143510105085e+00
4.317794732467183927e+00
3.900617894598989999e+00
2.624137040221662609e+00
2.491146249351812614e+00
1.342185986313689128e+00
1.265184059852349385e+00
1.148158087426530471e+00
2.496844685179284706e+00
1.223141504668450397e+00
1.271703720818821326e+00
8.117206202370706336e+00
1.678233341059951478e+00
5.682859650238701654e+00
1.856827120931016983e+00
4.550771595494790489e+00
1.860096819363872722e+00
1.029323964094743582e+00
3.071329454439224005e+00
2.040795630354617973e+00
3.547814895086751186e+00
2.659285596890206271e+00
4.998374979345919122e+00
4.560855451705823072e+00
1.021287396297590133e+00
4.587685730199980938e+00
1.084113071645319115e+00
8.053944805754493785e+00
1.827699065386142241e+00
1.614835107327483588e+00
1.002346523086462993e+00
1.765376885673191065e+00
4.498730466610560974e+00
1.825150761031784308e+00
2.814024113155793927e+00
1.704047108155789081e+00
7.319372788257482831e+00
3.154833325857480553e+00
3.169710327269575689e+00
2.861701915800374252e+00
3.508654227275441961e+00
4.435110760326230306e+00
3.682838425115132708e+00
1.226960869469035265e+00
7.827476963211347893e+00
2.166642250563567185e+00
4.873667521198974839e+00
1.163909906945878925e+00
1.237340067694873147e+00
2.402460974232538682e+00
3.138378726933511942e+00
4.040519494458110650e+00
1.581622523648045675e+00
3.884457305332109645e+00
1.642336463033536420e+00
7.110625016729569481e+00
2.094896050659837972e+00
1.079307631230701281e+00
2.743486950073991792e+00
1.278569758641399545e+00
5.521058477996707126e+00
1.852439196983614922e+00
2.835278333114035654e+00
1.795068957050208525e+00
1.921042518186144576e+00
1.946877464643336442e+00
4.297130090850252770e+00
4.603256820057582743e+00
1.018427078800561381e+00
1.868692545472293576e+00
2.167086762041699366e+00
5.881824723622393059e+00
3.199729960117080996e+00
4.067449684555973555e+00
1.503849976657483101e+00
1.299897713319170256e+00
2.077645439354048662e+00
1.238827723745733467e+00
1.253813742665961239e+00
1.207384314458958885e+00
1.196680093266157874e+00
1.701887212741470368e+00
2.759683176073559174e+00
4.032068638672388516e+00
1.422485195709115802e+00
1.738216454755975082e+00
4.313677300292659389e+00
3.539607625171913519e+00
4.236446703311880668e+00
1.020896026685400360e+00
1.053047031553081325e+00
3.714662304129299208e+00
2.642879746971486199e+00
1.304331381331472750e+00
2.924775050840894508e+00
3.767296899045081915e+00
1.666007308081567606e+00
1.146992968650591527e+00
1.736521075744462683e+00
1.659742572682751049e+00
1.091496618456593737e+00
2.178460753782398562e+00
1.838434985770820207e+00
3.190331258665656922e+00
1.796570349144182899e+00
4.110017025146435188e+00
1.875540592817845686e+00
1.041497424699152630e+00
2.678117824059900620e+00
1.312589532047170104e+00
1.416209083950940029e+00
2.179780228021368949e+00
1.158020323088685188e+01
5.493475535099468843e+00
2.336885837276902134e+00
1.028775664749498731e+01
1.339703352435387851e+00
2.405094023821122473e+00
3.804623866624699424e+00
1.095242928543966654e+00
3.783075846971193812e+00
2.755092316585298740e+00
1.001545693208187648e+00
2.835975125172818245e+00
3.207260351597823078e+00
1.701750006643029334e+00
1.039793491749436471e+00
2.356559890540522506e+00
1.220672315493450899e+00
3.450262406840371998e+00
1.054110499895176467e+00
2.779811051535921784e+00
3.519652940331867264e+00
3.874416566761960556e+00
1.259308565242513112e+00
5.017267731884903270e+00
2.320822019562656990e+00
1.014898655242569170e+00
3.128837348663772833e+00
2.410178480367159537e+00
1.578101247649974281e+00
1.045362375730444660e+00
1.411469852058362617e+00
6.477632401479807456e+00
4.664680204813821618e+00
1.232331138737898346e+00
1.021907342598625590e+00
1.030623246318565611e+00
1.584667691992207583e+00
3.632213910250992939e+00
2.941290089738504587e+00
1.256958036648677446e+00
5.360334372321909235e+00
6.571008306108939934e+00
1.430431763641810683e+00
1.331278564036684209e+00
1.161130242405499891e+00
4.845854706295190439e+00
3.417021263254543140e+00
1.714618907627403654e+00
4.102386311730744417e+00
1.643389348516782533e+00
1.168461570238450431e+00
2.235353610854750706e+00
1.204467122003481938e+00
2.257790044635383797e+00
1.791639377655309229e+00
4.744704755476311320e+00
4.978993116571523991e+00
6.159928319022925258e+00
2.187019919855972994e+00
3.096150674570219863e+00
2.597997524277769088e+00
7.878876050989965130e+00
1.895674478058556600e+00
3.564147783067365793e+00
2.348660262008733568e+00
4.629832885851436153e+00
1.184590565610865731e+00
2.145016065183082521e+00
1.925526409067954914e+00
2.567691152256062370e+00
2.190405203881291563e+00
5.564953036924759289e+00
3.089536161276774440e+00
1.497725724004395742e+00
6.460205165988559983e+00
5.960221548499115229e+00
1.708960230613894904e+00
1.784055716448857520e+00
1.701971263076309304e+00
2.189652469979000760e+00
3.681552686082771420e+00
1.229338174871258182e+00
1.304488791962135430e+01
1.313813013394462992e+00
7.020754866915932091e+00
1.186137757627353517e+00
2.810897370100335468e+00
1.805730681645665747e+00
1.119179406861610993e+00
3.811981697597849106e+00
3.462227324354385960e+00
1.164737477708600588e+00
1.421723816232888460e+00
2.375992252195392673e+00
1.188138192548111149e+00
1.079541068608049992e+00
1.400784914677540849e+00
1.133596979454018827e+00
2.691535658952938448e+00
2.963868498408129604e+00
2.838283873424469750e+00
7.528759676970203429e+00
1.317321526377812635e+00
1.101648095320233001e+00
1.707712893916657038e+00
1.153682073877876801e+00
1.731616397437409027e+00
1.209491976665777235e+00
2.179450972709120915e+00
1.903546660540984981e+00
1.097089399293402767e+00
2.292527472527472465e+00
2.799499644552315480e+00
1.597457608767034465e+00
1.044568812056827056e+00
4.963944925999289381e+00
1.190576214818008349e+00
1.724694912991195705e+00
1.440115702630244021e+00
7.490012692636629943e+00
1.264028034479131701e+00
4.229745658050619639e+00
1.804244350728738899e+00
5.106487746950231887e+00
2.912255922500377903e+00
1.642435992072345918e+00
1.961865176505468877e+00
1.067355123194589250e+00
1.167882558799561155e+00
1.395424917231274931e+00
2.094745081013226873e+00
2.323249823495967092e+00
1.642483145314614035e+00
2.725859403249947466e+00
1.250149791516388387e+00
2.258399191879046697e+00
3.242473495434041286e+00
1.868399658210702530e+00
2.834979491379673089e+00
1.879823834250452963e+00
4.750441932376944898e+00
1.780392648466423200e+00
4.719316714542165059e+00
7.340623462882250649e+00
3.796913036786209172e+00
1.015034172839042848e+00
1.419277592259447163e+00
3.625249978227783831e+00
1.020029784021188268e+00
1.647126099506517116e+00
3.425756228829062611e+00
1.012340764965134143e+00
1.018492042550462662e+00
1.057171552621700261e+00
1.070810096116796784e+00
1.852185632541782256e+00
3.390405490868856564e+00
1.539039596221904782e+00
5.983546483498150437e+00
1.574445898256114029e+00
1.066367984257778900e+00
1.872416767586495556e+00
4.933712474556024574e+00
1.169613088376751930e+00
1.055519692729149028e+00
2.295140774965385155e+00
4.768573933032725698e+00
2.487064560168215532e+00
3.618155168526629328e+00
1.336088372125562307e+00
1.315126781409720946e+00
2.810560235150085795e+00
7.074724202351734270e+00
2.366136755321948559e+00
2.934964115383571936e+00
2.337334138527761951e+00
3.554629319509028829e+00
3.749417645675237498e+00
1.364546696789477709e+00
1.270996423832874145e+00
1.242098158590029033e+00
2.109541749506443242e+00
1.445014121450173494e+00
1.382621409152195113e+00
1.793621236239177241e+00
1.246103306609229744e+00
1.394519274388634100e+00
1.246668654422514511e+00
3.311109586308692787e+00
1.021378905034772799e+00
4.294410532009160342e+00
1.200419574563686087e+00
1.809687565267839915e+00
1.882819122304675830e+01
2.891953147696016302e+00
1.159952772927579590e+00
2.907434668683318346e+00
1.673745230694415609e+00
1.316715822668203417e+00
3.990176740707851000e+00
8.388747373680214281e+00
1.814468699321986289e+00
1.016466872538183130e+00
1.182564983576279927e+00
1.042957748043109367e+00
2.975181699553735459e+00
4.319669956533372712e+00
1.398214144045469398e+00
2.038275017141674361e+00
2.159097556612302071e+00
1.380525506058634111e+00
1.072264661201778768e+00
3.317305255514205520e+00
4.887774449805036170e+00
2.236862270825590748e+00
1.586802474444310773e+00
1.851877051498754367e+00
5.430361149405515953e+00
1.411761107999119691e+00
1.029966088163484006e+00
4.428286706075438062e+00
2.108066202678846146e+00
5.172612315322328236e+00
2.464873039702416779e+00
1.989826721590827630e+00
1.343052127639283500e+00
1.055120656581230776e+00
2.738372337289412428e+00
2.802824600049667048e+00
4.313606594916418402e+00
4.391056261684441075e+00
1.511094679022854770e+00
2.080075082663124242e+00
1.473802015795987019e+00
6.391011691224527169e+00
1.644221788606655021e+00
3.348654288172665972e+00
2.089181391397130216e+00
3.739044752623655654e+00
2.339053278795323987e+00
2.330973927817474589e+00
8.063508736144287425e+00
3.821041634101639772e+00
1.723759816738783313e+00
1.572141456931450021e+00
3.281248738399970666e+00
1.573004303790733083e+00
1.098704327486256460e+00
3.541068527895625095e+00
1.225517451790515855e+00
1.060927267181613676e+00
5.477781229135532115e+00
2.093706497892803053e+00
2.548801647848669560e+01
1.635010667655552474e+00
3.971374184944439722e+00
3.274712241414477365e+00
2.154055915051797054e+00
1.430183272294132779e+00
3.628848932417314543e+00
4.232435458783233351e+00
3.102317923443472125e+00
1.376698509528009096e+00
1.977408000588413817e+00
5.371052786142704427e+00
2.098625902464881232e+00
5.976745990941998876e+00
1.048217470826853459e+00
1.499752900191895888e+00
1.300783168042731308e+00
2.392475724781993218e+00
3.655485121256149217e+00
1.446896572836785078e+00
1.204737310713203557e+00
1.050561639724765461e+00
2.029222688400492913e+00
1.013466927421337038e+00
1.275280682680133726e+00
4.275050316177354759e+00
4.026343521050189445e+00
6.610731836016244145e+00
1.851805672746815068e+00
1.712560453999049548e+00
1.253696854466650468e+00
2.665057453999248871e+00
1.429792256703501518e+00
4.262879479500473856e+00
1.107983739577506066e+00
2.071927470254064207e+00
1.137606724148036541e+00
3.456834073871115187e+00
1.800787999985792087e+00
1.147536286612828471e+00
4.411325624912117327e+00
3.991319847651290775e+00
6.396430514286178592e+00
2.652420025335704423e+00
4.827200832431698174e+00
1.835197527113636262e+00
2.903427490860192250e+00
2.236873672833734172e+00
