1951.9686698913574
1595.097303390503
863.2495403289795
1085.5717658996582
4211.486577987671
215.57879447937012
2289.0470027923584
6334.041357040405
3115.2291297912598
3160.2413654327393
729.2788028717041
1189.284086227417
6835.207223892212
474.855899810791
841.1531448364258
1056.2012195587158
1259.2034339904785
1273.0121612548828
5232.069492340088
459.5532417297363
5814.788341522217
1505.0926208496094
2865.0763034820557
121.61636352539062
677.7257919311523
1222.7354049682617
2864.5567893981934
665.4417514801025
421.8776226043701
334.08474922180176
1877.3057460784912
1528.3584594726562
175.17900466918945
324.4476318359375
2479.2518615722656
922.0786094665527
639.9054527282715
556.2458038330078
2187.016487121582
326.4880180358887
201.2331485748291
3360.790729522705
2728.285312652588
611.1643314361572
797.4307537078857
4406.930446624756
296.2467670440674
11701.71046257019
2004.3659210205078
1808.2380294799805
1156.0266017913818
1669.8055267333984
247.99823760986328
1114.9048805236816
799.591064453125
1211.2715244293213
992.6793575286865
414.6461486816406
2484.8430156707764
1451.1349201202393
3217.2908782958984
395.9543704986572
706.6781520843506
342.1618938446045
4176.259994506836
998.9182949066162
4685.566425323486
2250.908613204956
1457.9033851623535
158.28251838684082
1123.2287883758545
1988.8386726379395
1037.4407768249512
898.6921310424805
1850.8574962615967
1204.8425674438477
3561.830520629883
2147.364616394043
1561.302900314331
886.9402408599854
1483.6859703063965
3984.7047328948975
1347.9859828948975
978.4054756164551
1049.607753753662
577.8710842132568
483.55746269226074
408.46848487854004
557.5265884399414
1170.8526611328125
576.9150257110596
4489.022254943848
1691.1580562591553
1520.0178623199463
677.9448986053467
2314.7740364074707
3011.615037918091
294.5108413696289
729.9211025238037
312.44444847106934
1057.929515838623
341.05634689331055
4448.27127456665
2336.9200229644775
710.5343341827393
2322.8847980499268
373.08359146118164
4949.143409729004
1323.0128288269043
1794.220209121704
1601.1347770690918
2082.152843475342
1370.9955215454102
500.2930164337158
347.52488136291504
341.6435718536377
702.9809951782227
365.8735752105713
2329.908609390259
553.7595748901367
1444.237470626831
195.69063186645508
155.95054626464844
2444.190263748169
3135.845184326172
543.2000160217285
1134.5114707946777
4141.512155532837
653.5806655883789
682.8770637512207
279.51765060424805
2470.1108932495117
2094.3455696105957
990.006685256958
233.73913764953613
3977.2372245788574
2193.619728088379
1747.45512008667
3466.722249984741
2327.094316482544
795.8776950836182
4085.801124572754
2018.190622329712
2040.9619808197021
1002.2037029266357
656.3558578491211
230.72218894958496
3460.5085849761963
2375.6916522979736
837.0485305786133
1623.0261325836182
171.51832580566406
496.9594478607178
1155.177354812622
196.4719295501709
5876.1045932769775
861.6759777069092
423.5517978668213
2789.37029838562
1785.808801651001
2084.777593612671
2350.227117538452
879.9536228179932
4187.944412231445
2228.407144546509
2338.181972503662
1244.2288398742676
1445.4786777496338
2512.8986835479736
1262.749433517456
240.71931838989258
5641.573429107666
174.64327812194824
579.4954299926758
172.90091514587402
1339.6148681640625
1872.9746341705322
3144.9358463287354
204.4963836669922
1558.462142944336
3121.471166610718
5993.516206741333
1244.9204921722412
2069.6184635162354
2489.4659519195557
1763.8306617736816
3007.3091983795166
292.3417091369629
5069.1258907318115
1958.4288597106934
6576.313018798828
154.61015701293945
658.6771011352539
7671.509742736816
311.7964267730713
295.9778308868408
1130.2051544189453
419.8267459869385
996.1252212524414
183.7320327758789
