144.01817321777344
2919.4769859313965
139.03236389160156
149.83296394348145
567.7778720855713
898.3912467956543
149.8551368713379
877.9323101043701
244.4591522216797
581.5615653991699
167.7701473236084
360.5079650878906
1495.8913326263428
940.169095993042
134.92369651794434
470.7753658294678
274.3039131164551
285.963773727417
350.6479263305664
923.27880859375
202.4369239807129
262.4068260192871
1340.0039672851562
2096.2612628936768
1284.670114517212
230.22794723510742
1669.846534729004
2223.4599590301514
1937.319278717041
154.55245971679688
171.48566246032715
267.0731544494629
2009.606122970581
141.8323516845703
222.3522663116455
389.0085220336914
188.7795925140381
167.90461540222168
739.2549514770508
3123.337507247925
148.47683906555176
225.37899017333984
152.21190452575684
399.28150177001953
2147.2325325012207
143.7830924987793
168.1828498840332
668.2360172271729
1018.1958675384521
792.609691619873
574.0158557891846
2691.8418407440186
756.4249038696289
335.8793258666992
155.30037879943848
142.75813102722168
1714.5073413848877
163.42759132385254
629.7473907470703
1807.0952892303467
509.2735290527344
211.43555641174316
507.22193717956543
228.40595245361328
600.6498336791992
834.2781066894531
178.87377738952637
272.4471092224121
634.54270362854
198.93717765808105
855.616569519043
879.1444301605225
1000.5578994750977
306.54120445251465
2764.3256187438965
288.8953685760498
1131.1907768249512
237.43772506713867
427.9601573944092
847.1972942352295
345.1249599456787
767.0819759368896
1875.0784397125244
806.0240745544434
3031.5234661102295
2724.825859069824
333.10508728027344
353.762149810791
811.2080097198486
277.2080898284912
300.00782012939453
344.0079689025879
279.39605712890625
155.74121475219727
193.4516429901123
143.4040069580078
127.39849090576172
1828.958511352539
217.14305877685547
2027.0013809204102
207.88216590881348
271.4252471923828
1582.7884674072266
239.17675018310547
464.0986919403076
465.5900001525879
3868.079423904419
692.3806667327881
304.7356605529785
3158.226251602173
848.7036228179932
446.3958740234375
154.50644493103027
540.910005569458
296.28443717956543
2186.0454082489014
856.8129539489746
1489.2983436584473
236.15288734436035
830.9617042541504
1203.399896621704
154.2966365814209
185.2560043334961
664.9339199066162
224.2262363433838
1042.5941944122314
779.2046070098877
1549.8757362365723
185.35971641540527
907.4287414550781
169.62504386901855
2887.85719871521
313.2920265197754
993.4713840484619
191.0231113433838
1040.5116081237793
2128.863573074341
1284.6217155456543
186.49625778198242
340.3596878051758
152.4333953857422
463.20629119873047
170.55439949035645
2750.7896423339844
152.7080535888672
769.9086666107178
2199.7768878936768
3043.7707901000977
1216.639757156372
623.6879825592041
1403.9461612701416
355.25965690612793
159.47532653808594
158.84685516357422
251.97935104370117
176.44834518432617
143.41092109680176
137.54630088806152
350.5702018737793
258.15415382385254
757.3084831237793
135.10417938232422
1738.2652759552002
1132.0326328277588
774.1520404815674
140.42329788208008
185.7435703277588
601.9630432128906
247.74456024169922
376.41072273254395
428.8163185119629
1064.3439292907715
146.9881534576416
774.0054130554199
650.7532596588135
577.1007537841797
268.5818672180176
440.0959014892578
303.8592338562012
206.59995079040527
1210.735559463501
3407.6011180877686
644.4747447967529
606.9483757019043
245.2712059020996
721.5354442596436
732.7475547790527
307.0805072784424
1380.9990882873535
202.47626304626465
265.7029628753662
391.4458751678467
357.04588890075684
779.1321277618408
152.34684944152832
1158.5381031036377
222.48530387878418
305.7126998901367
769.6270942687988
655.238151550293
283.04481506347656
352.0996570587158
606.412410736084
412.77217864990234
1898.460865020752
581.0694694519043
1367.7566051483154
793.0581569671631
141.40772819519043
1974.522352218628
4185.334205627441
171.88477516174316
634.0606212615967
677.8407096862793
911.8616580963135
1908.1802368164062
297.1923351287842
626.0027885437012
191.15352630615234
224.3354320526123
229.95471954345703
5570.400714874268
189.0265941619873
283.3821773529053
157.61399269104004
2178.6582469940186
1266.8795585632324
170.68934440612793
730.2656173706055
191.6675567626953
916.9454574584961
1436.1612796783447
139.77432250976562
315.52672386169434
210.07180213928223
501.41024589538574
234.48944091796875
231.15134239196777
508.23497772216797
966.0196304321289
1094.6118831634521
244.47274208068848
595.9243774414062
1172.6975440979004
531.7795276641846
339.10107612609863
400.70462226867676
525.460958480835
423.62260818481445
2045.2957153320312
1925.1744747161865
470.7190990447998
146.77095413208008
887.1502876281738
353.2850742340088
866.6579723358154
385.9374523162842
379.4548511505127
501.7430782318115
664.1879081726074
972.0587730407715
1175.8966445922852
161.96703910827637
291.776180267334
161.54885292053223
330.3651809692383
214.0340805053711
1113.8973236083984
2125.4804134368896
221.91739082336426
1721.789836883545
153.97262573242188
871.8211650848389
132.02166557312012
183.75849723815918
129.9750804901123
306.7300319671631
273.8518714904785
2217.8478240966797
291.95117950439453
222.81765937805176
445.58167457580566
797.8012561798096
2334.6407413482666
298.6929416656494
254.7755241394043
1625.8902549743652
306.3981533050537
376.02829933166504
151.51572227478027
165.4980182647705
148.8056182861328
226.60470008850098
143.62502098083496
860.0585460662842
1087.601900100708
145.3711986541748
216.261625289917
1668.5371398925781
1175.945520401001
141.5574550628662
301.12314224243164
397.6001739501953
240.93174934387207
169.0516471862793
718.3687686920166
334.8672389984131
2505.695581436157
235.98074913024902
1724.1263389587402
841.2830829620361
226.77898406982422
859.8470687866211
640.3300762176514
167.35124588012695
488.9669418334961
243.16835403442383
292.4304008483887
2089.3988609313965
206.96473121643066
705.0511837005615
258.09407234191895
202.01468467712402
880.8057308197021
247.2999095916748
164.77394104003906
470.85046768188477
392.25316047668457
138.52262496948242
613.1613254547119
149.85895156860352
309.68165397644043
1687.7398490905762
243.03698539733887
792.1931743621826
379.58240509033203
551.7570972442627
212.84174919128418
470.75676918029785
257.48300552368164
253.83615493774414
2717.149019241333
1823.7700462341309
2873.353958129883
152.6038646697998
838.2372856140137
194.52834129333496
252.838134765625
234.38501358032227
1458.5402011871338
883.1796646118164
342.79680252075195
1595.5915451049805
140.40708541870117
1852.851390838623
1538.952350616455
250.70929527282715
465.4707908630371
2412.630319595337
122.54953384399414
593.808650970459
184.8587989807129
651.8542766571045
310.25242805480957
346.82750701904297
257.5066089630127
1475.9273529052734
335.6802463531494
141.7403221130371
809.9193572998047
267.86231994628906
133.91852378845215
152.22644805908203
1081.3472270965576
236.2048625946045
253.58009338378906
1851.304054260254
138.68474960327148
129.03499603271484
145.34354209899902
227.48565673828125
189.63861465454102
403.3181667327881
775.6311893463135
992.5661087036133
187.37411499023438
311.9027614593506
146.66318893432617
350.04544258117676
2326.713800430298
375.5054473876953
583.3442211151123
363.91687393188477
157.40370750427246
311.8107318878174
710.6845378875732
174.61085319519043
209.5785140991211
2003.4120082855225
147.63116836547852
564.5382404327393
551.872730255127
553.924560546875
253.87310981750488
607.8672409057617
325.15788078308105
618.394136428833
230.0724983215332
2520.4017162323
294.5518493652344
251.80506706237793
207.43894577026367
1136.5535259246826
207.66234397888184
499.4666576385498
753.8270950317383
238.55066299438477
141.9529914855957
1445.2147483825684
1217.3714637756348
139.63031768798828
323.17161560058594
208.28652381896973
266.53313636779785
540.5168533325195
191.4072036743164
179.57019805908203
363.82508277893066
327.2387981414795
767.8701877593994
203.57513427734375
283.00952911376953
788.3219718933105
287.34540939331055
514.7449970245361
635.9493732452393
776.8025398254395
926.3696670532227
162.74261474609375
1489.1796112060547
227.2176742553711
186.4607334136963
146.1019515991211
285.6578826904297
664.3407344818115
1157.059669494629
227.12063789367676
261.730432510376
894.8986530303955
477.6625633239746
1790.0853157043457
138.1995677947998
262.85815238952637
239.7613525390625
353.11412811279297
275.6350040435791
636.6469860076904
266.95895195007324
165.19522666931152
286.94915771484375
480.1609516143799
296.8277931213379
537.1253490447998
219.2251682281494
845.346212387085
182.1129322052002
1800.2214431762695
218.72186660766602
257.74335861206055
140.68222045898438
2033.937692642212
511.699914932251
1568.924903869629
1018.0361270904541
246.1256980895996
609.2586517333984
300.9195327758789
1258.4595680236816
360.5537414550781
1798.0647087097168
2025.933027267456
360.12721061706543
319.7488784790039
174.05366897583008
239.16292190551758
222.3830223083496
161.99231147766113
872.7254867553711
376.39570236206055
132.25698471069336
631.4032077789307
165.68279266357422
963.3848667144775
820.4946517944336
317.43383407592773
1299.4112968444824
152.91547775268555
2214.2553329467773
133.90040397644043
1542.7947044372559
372.0712661743164
516.3500308990479
213.8071060180664
164.42179679870605
428.9233684539795
213.67287635803223
1342.9813385009766
256.3931941986084
180.01818656921387
2635.721445083618
296.0638999938965
1271.8086242675781
1364.3333911895752
1030.893087387085
1101.6721725463867
521.5678215026855
262.53437995910645
161.25202178955078
328.7773132324219
658.0398082733154
149.3520736694336
380.30481338500977
402.1649360656738
127.53748893737793
159.1017246246338
281.9535732269287
536.6520881652832
464.7524356842041
224.3039608001709
133.74757766723633
417.58179664611816
283.63609313964844
157.42158889770508
311.2924098968506
310.12630462646484
628.3824443817139
299.605131149292
1285.7673168182373
174.2880344390869
156.19373321533203
153.73754501342773
208.78839492797852
132.3561668395996
165.147066116333
165.64011573791504
776.6494750976562
168.72167587280273
1069.8184967041016
592.2732353210449
5699.296474456787
576.3318538665771
342.3800468444824
197.4778175354004
1161.7939472198486
1870.514154434204
592.4198627471924
238.66558074951172
170.8090305328369
345.383882522583
307.09338188171387
421.07462882995605
497.4081516265869
1001.3542175292969
149.83010292053223
180.44400215148926
151.87525749206543
146.87347412109375
313.83538246154785
1280.9839248657227
165.88783264160156
575.5212306976318
231.980562210083
172.45912551879883
134.8114013671875
477.69689559936523
506.7634582519531
447.9966163635254
1184.4375133514404
987.7896308898926
178.31993103027344
232.87510871887207
370.6700801849365
1384.5534324645996
183.9895248413086
550.4324436187744
266.8266296386719
140.94829559326172
189.7132396697998
505.52964210510254
162.44912147521973
965.9531116485596
216.07184410095215
254.74214553833008
475.8284091949463
688.4438991546631
2721.2677001953125
562.389612197876
173.3841896057129
198.10843467712402
2050.0166416168213
138.74125480651855
1891.3006782531738
205.58810234069824
286.083459854126
549.8957633972168
143.29767227172852
479.4180393218994
371.7334270477295
1120.8603382110596
205.65104484558105
190.9940242767334
559.9281787872314
357.0213317871094
153.85866165161133
143.24188232421875
2633.5349082946777
527.5092124938965
276.35979652404785
142.5342559814453
1283.5261821746826
911.0052585601807
492.9475784301758
1787.88161277771
213.32836151123047
904.3471813201904
285.4619026184082
536.8928909301758
211.95220947265625
1067.8412914276123
381.1838626861572
1214.8101329803467
500.9901523590088
1074.8095512390137
1243.8850402832031
205.99055290222168
616.4851188659668
297.377347946167
141.10517501831055
211.45319938659668
207.13233947753906
272.7370262145996
794.8107719421387
191.5581226348877
1024.6658325195312
405.28154373168945
3679.1441440582275
158.71787071228027
172.18542098999023
151.3843536376953
619.0097332000732
1073.4922885894775
1192.1756267547607
837.4154567718506
554.5856952667236
162.91427612304688
892.204999923706
311.37967109680176
506.12449645996094
504.3160915374756
357.87415504455566
224.99585151672363
192.22164154052734
662.1999740600586
155.05599975585938
163.9723777770996
1472.3544120788574
1199.9802589416504
664.4027233123779
187.96491622924805
176.84602737426758
666.9957637786865
2172.0259189605713
1032.5186252593994
371.46615982055664
187.042236328125
287.0450019836426
270.50328254699707
189.64099884033203
1349.1847515106201
583.7671756744385
300.36139488220215
909.6667766571045
159.51132774353027
2124.9840259552
1374.5343685150146
777.0967483520508
1535.6063842773438
587.019681930542
1032.0100784301758
218.68014335632324
513.9658451080322
191.0245418548584
537.9400253295898
311.25640869140625
296.09227180480957
140.4573917388916
922.9445457458496
185.28175354003906
148.9272117614746
175.1236915588379
715.7266139984131
590.0542736053467
311.89799308776855
583.0848217010498
2458.752155303955
1640.8560276031494
264.911413192749
412.91213035583496
823.0018615722656
277.42552757263184
289.8905277252197
307.06787109375
3024.8048305511475
193.82619857788086
251.88136100769043
231.69231414794922
735.0435256958008
379.9021244049072
319.0579414367676
248.2151985168457
802.926778793335
2201.578140258789
263.350248336792
475.75902938842773
1303.2982349395752
195.74666023254395
1775.4638195037842
3154.1898250579834
994.1320419311523
422.2710132598877
158.85233879089355
138.535737991333
611.9668483734131
1014.3980979919434
171.5528964996338
161.513090133667
1172.4247932434082
1189.3293857574463
147.09973335266113
219.75135803222656
239.29333686828613
155.5957794189453
350.70252418518066
355.4394245147705
302.9160499572754
1133.2647800445557
162.642240524292
722.0971584320068
256.5131187438965
463.27662467956543
150.12240409851074
2738.405227661133
1636.7151737213135
372.3258972167969
252.77185440063477
408.9665412902832
160.97545623779297
787.4460220336914
703.9306163787842
235.198974609375
216.71748161315918
2605.163812637329
1225.2178192138672
178.65920066833496
201.06220245361328
837.2647762298584
508.5792541503906
321.33936882019043
655.2126407623291
544.2743301391602
1285.44282913208
2362.4587059020996
535.0496768951416
596.534252166748
559.4301223754883
532.5560569763184
775.2394676208496
294.42882537841797
190.03605842590332
1593.703269958496
155.76910972595215
1719.330072402954
182.71565437316895
245.70703506469727
369.02451515197754
893.2063579559326
1135.0572109222412
1056.969165802002
1961.7514610290527
144.26803588867188
1973.1419086456299
1594.8686599731445
1080.9216499328613
2249.4473457336426
135.71643829345703
203.1700611114502
245.4531192779541
172.03187942504883
284.66248512268066
290.76337814331055
433.9573383331299
689.795970916748
211.2259864807129
951.2612819671631
1294.5592403411865
1421.8599796295166
1047.7850437164307
234.7257137298584
157.97185897827148
522.9043960571289
240.7224178314209
1485.7380390167236
2337.7525806427
3190.122604370117
210.39581298828125
262.7453804016113
729.076623916626
158.71787071228027
162.1098518371582
256.6080093383789
514.7180557250977
155.52949905395508
132.07054138183594
209.67483520507812
329.9517631530762
1452.0039558410645
751.4040470123291
1226.2797355651855
614.9511337280273
1747.3273277282715
2738.9984130859375
486.06300354003906
1110.5268001556396
2344.1920280456543
1975.0287532806396
930.0696849822998
288.93566131591797
544.8250770568848
173.85363578796387
565.8204555511475
183.4578514099121
640.2432918548584
336.3080024719238
190.19651412963867
156.4326286315918
454.7100067138672
161.35263442993164
211.88974380493164
1178.8947582244873
1821.3870525360107
201.0507583618164
681.1861991882324
511.4471912384033
915.8847332000732
2509.0222358703613
4359.176158905029
589.4491672515869
1377.1519660949707
386.53564453125
267.05479621887207
661.9992256164551
414.4635200500488
574.7418403625488
683.8710308074951
271.7852592468262
2340.0814533233643
526.195764541626
882.1730613708496
2720.9084033966064
261.53039932250977
649.6679782867432
374.68910217285156
237.47730255126953
250.22482872009277
829.9858570098877
195.37067413330078
389.62674140930176
245.80788612365723
278.98263931274414
275.55346488952637
441.4405822753906
1815.434455871582
229.61115837097168
162.59407997131348
148.25916290283203
1104.0723323822021
170.7477569580078
215.5742645263672
330.50990104675293
1721.9555377960205
387.01748847961426
2271.4736461639404
1990.900993347168
2076.932430267334
1988.698959350586
2812.4616146087646
149.32918548583984
182.15417861938477
931.1082363128662
200.14691352844238
2239.328384399414
155.5194854736328
180.46021461486816
252.00796127319336
1062.260627746582
681.560754776001
137.09449768066406
228.7907600402832
163.8963222503662
171.2932586669922
921.4589595794678
138.63348960876465
349.2114543914795
671.1454391479492
572.9682445526123
243.82638931274414
258.1009864807129
1143.7458992004395
303.38168144226074
157.42254257202148
1432.3701858520508
865.3619289398193
879.8782825469971
148.18310737609863
1147.702693939209
273.2841968536377
1312.027931213379
157.1178436279297
217.50736236572266
362.8957271575928
2060.032367706299
1930.0055503845215
1886.195182800293
224.24769401550293
1397.6259231567383
219.43211555480957
730.7157516479492
141.77465438842773
197.39437103271484
666.6772365570068
321.66290283203125
1312.7827644348145
535.8717441558838
2114.126443862915
444.2415237426758
1945.298433303833
168.28179359436035
237.2751235961914
1096.6362953186035
2330.6901454925537
180.90224266052246
138.3366584777832
233.93797874450684
275.9571075439453
679.2819499969482
1232.818365097046
301.68652534484863
288.9735698699951
1132.352352142334
1359.7750663757324
152.44293212890625
448.75645637512207
171.85091972351074
308.1779479980469
151.96585655212402
847.8860855102539
302.52885818481445
299.18694496154785
322.5226402282715
493.10946464538574
432.5721263885498
770.209550857544
400.5467891693115
312.70885467529297
1901.4892578125
287.9955768585205
531.773567199707
259.13000106811523
138.79799842834473
423.1135845184326
460.8588218688965
528.2471179962158
298.3365058898926
149.01137351989746
496.9923496246338
137.65954971313477
253.9665699005127
509.1586112976074
139.33682441711426
424.5638847351074
404.1159152984619
224.28345680236816
181.5636157989502
159.3000888824463
256.20436668395996
517.0674324035645
164.51573371887207
365.6196594238281
144.13166046142578
130.48696517944336
392.09723472595215
1824.4826793670654
309.0248107910156
148.19002151489258
1979.424238204956
820.8062648773193
151.85999870300293
200.49333572387695
218.9486026763916
1909.8474979400635
257.6746940612793
257.4450969696045
252.78234481811523
191.29204750061035
575.383186340332
1477.5645732879639
234.91907119750977
406.19850158691406
160.1874828338623
222.9177951812744
624.7408390045166
226.3343334197998
121.83618545532227
379.93621826171875
133.95047187805176
2414.187431335449
459.06805992126465
691.3869380950928
542.0401096343994
210.68739891052246
158.04743766784668
256.40296936035156
156.17084503173828
387.20107078552246
149.33323860168457
179.76713180541992
274.2729187011719
248.39520454406738
290.27676582336426
202.67963409423828
210.12520790100098
3075.434684753418
187.6678466796875
1440.7987594604492
979.7680377960205
276.9274711608887
636.5337371826172
375.5209445953369
596.1546897888184
136.45529747009277
444.32568550109863
1268.6901092529297
338.808536529541
1011.4631652832031
224.30706024169922
176.4979362487793
462.91303634643555
760.6041431427002
150.1314640045166
244.81558799743652
168.98512840270996
368.94774436950684
261.4147663116455
346.0416793823242
1978.0447483062744
413.6021137237549
351.4673709869385
1369.2188262939453
205.40785789489746
811.0294342041016
143.35393905639648
189.8331642150879
1701.3189792633057
182.71183967590332
368.30782890319824
750.8306503295898
2588.8748168945312
224.15733337402344
163.82241249084473
155.57003021240234
154.327392578125
201.45320892333984
1898.7407684326172
336.3642692565918
405.6391716003418
924.9575138092041
1596.3165760040283
335.36839485168457
453.26709747314453
242.4640655517578
191.4083957672119
623.7936019897461
159.0101718902588
187.9119873046875
1945.1639652252197
136.5225315093994
385.1008415222168
189.61501121520996
350.0826358795166
155.74169158935547
169.94929313659668
814.6512508392334
128.9207935333252
198.19378852844238
146.77691459655762
435.65964698791504
2695.8861351013184
2503.4708976745605
1441.066026687622
140.671968460083
655.9791564941406
1898.578405380249
190.16432762145996
138.78393173217773
1806.2465190887451
778.4302234649658
834.2485427856445
179.69441413879395
154.91724014282227
520.7359790802002
931.7052364349365
184.94796752929688
218.7955379486084
162.24074363708496
223.663330078125
450.6044387817383
194.1983699798584
224.8554229736328
174.76367950439453
155.76839447021484
483.4167957305908
157.60493278503418
162.66751289367676
2760.1559162139893
616.1446571350098
174.7267246246338
309.61108207702637
583.8110446929932
827.8963565826416
425.74310302734375
3426.4256954193115
169.71921920776367
2033.6041450500488
326.3885974884033
231.80317878723145
729.2969226837158
193.45855712890625
1987.4958992004395
3864.1157150268555
366.85967445373535
531.4106941223145
354.2289733886719
345.8583354949951
161.9093418121338
155.02548217773438
138.6573314666748
237.70809173583984
549.680233001709
135.88929176330566
504.67848777770996
228.55806350708008
674.799919128418
245.34249305725098
344.2380428314209
328.1722068786621
1026.5285968780518
216.98927879333496
147.68338203430176
146.54016494750977
335.5672359466553
2126.3809204101562
260.4830265045166
146.32463455200195
546.5590953826904
418.03455352783203
236.41633987426758
359.8153591156006
197.77488708496094
138.7002468109131
5428.536176681519
140.52462577819824
241.180419921875
315.4749870300293
140.5341625213623
151.79681777954102
141.0214900970459
353.12867164611816
239.86530303955078
858.6182594299316
857.0458889007568
450.1612186431885
635.2593898773193
533.9057445526123
3050.1303672790527
1190.7939910888672
1968.5325622558594
368.28112602233887
182.4488639831543
351.46188735961914
212.86892890930176
215.3003215789795
364.0720844268799
816.3325786590576
697.4287033081055
1007.279634475708
335.04199981689453
160.4290008544922
350.508451461792
538.4573936462402
798.5546588897705
558.3529472351074
3017.861843109131
1594.438076019287
282.4981212615967
753.0002593994141
278.8195610046387
812.5011920928955
138.14687728881836
144.15764808654785
158.39099884033203
1309.9157810211182
300.19497871398926
329.0750980377197
547.874927520752
184.2947006225586
372.5278377532959
144.03343200683594
328.26995849609375
1426.4473915100098
200.47950744628906
322.3996162414551
800.5311489105225
163.43450546264648
2216.1314487457275
582.6799869537354
230.84282875061035
269.7436809539795
1794.6796417236328
1942.1422481536865
159.06023979187012
612.4489307403564
138.5500431060791
320.33538818359375
159.12365913391113
1222.912311553955
154.14094924926758
219.52295303344727
430.3395748138428
2488.152027130127
897.4347114562988
2185.4703426361084
291.31579399108887
1009.749174118042
456.0389518737793
214.7042751312256
206.5422534942627
1415.0476455688477
230.22174835205078
1942.9078102111816
274.45411682128906
1003.6120414733887
461.7195129394531
1220.8733558654785
217.99850463867188
192.59929656982422
192.27218627929688
247.314453125
561.2714290618896
189.44954872131348
193.49384307861328
315.8707618713379
302.1509647369385
133.83936882019043
166.11313819885254
3546.473979949951
220.91174125671387
461.5011215209961
328.0801773071289
155.9429168701172
347.87845611572266
902.3149013519287
284.24882888793945
612.403154373169
223.62637519836426
217.10872650146484
904.9265384674072
520.9534168243408
1716.2539958953857
785.4416370391846
601.4804840087891
2395.4086303710938
629.4560432434082
626.206636428833
262.1438503265381
139.24098014831543
327.655553817749
169.72088813781738
563.3046627044678
468.7938690185547
1185.1615905761719
3049.408435821533
177.3819923400879
582.664966583252
1130.5372714996338
657.9902172088623
626.7602443695068
395.097017288208
1310.1675510406494
1598.7513065338135
202.9578685760498
383.7621212005615
154.2336940765381
518.9664363861084
542.8345203399658
1583.2512378692627
1287.1460914611816
552.7112483978271
512.1948719024658
219.61569786071777
257.19285011291504
2029.2298793792725
260.1044178009033
498.523473739624
637.1891498565674
798.0515956878662
344.6178436279297
223.38080406188965
207.10229873657227
292.77777671813965
1689.8202896118164
653.1500816345215
170.5470085144043
215.1811122894287
2654.247760772705
505.0995349884033
225.85129737854004
469.73109245300293
151.18956565856934
282.6523780822754
584.2516422271729
153.9154052734375
141.86620712280273
1684.8161220550537
187.1657371520996
152.21214294433594
131.3767433166504
198.32372665405273
135.0867748260498
472.9647636413574
331.0842514038086
268.2621479034424
1739.4933700561523
614.3782138824463
603.419303894043
310.81700325012207
192.9481029510498
208.4050178527832
661.2215042114258
1359.5983982086182
235.9142303466797
371.69408798217773
201.69329643249512
2917.999744415283
462.1140956878662
209.8705768585205
167.0701503753662
244.09127235412598
602.8649806976318
244.43531036376953
319.92387771606445
188.22097778320312
161.0426902770996
152.11915969848633
503.2196044921875
122.29514122009277
282.23609924316406
533.552885055542
1910.379409790039
161.43202781677246
170.95112800598145
1177.562952041626
1558.1340789794922
1319.8411464691162
184.98706817626953
220.05009651184082
465.84439277648926
135.634183883667
319.0329074859619
2588.2182121276855
147.73988723754883
200.96468925476074
615.3721809387207
145.82133293151855
423.33483695983887
183.8550567626953
391.1566734313965
1018.7978744506836
1002.2718906402588
204.81061935424805
326.2360095977783
288.90156745910645
599.1115570068359
4982.964277267456
1352.0176410675049
270.45464515686035
493.50500106811523
465.01851081848145
369.1532611846924
233.29496383666992
618.8647747039795
1352.1313667297363
148.36835861206055
932.4288368225098
2289.3874645233154
1183.4735870361328
502.3040771484375
276.91650390625
2336.012363433838
2196.7389583587646
127.42233276367188
217.29469299316406
161.46373748779297
929.5306205749512
371.13094329833984
141.98064804077148
1922.3992824554443
226.63235664367676
653.4848213195801
154.8466682434082
276.0777473449707
809.3774318695068
2238.2147312164307
651.5955924987793
941.7605400085449
167.48762130737305
567.8660869598389
457.6261043548584
239.5632266998291
156.71539306640625
1192.2187805175781
143.19634437561035
264.88685607910156
139.53876495361328
159.58476066589355
229.414701461792
246.12808227539062
221.86541557312012
216.39680862426758
809.211015701294
195.70493698120117
157.60469436645508
203.3529281616211
216.9821262359619
177.58822441101074
156.84127807617188
426.9263744354248
559.4723224639893
938.7447834014893
206.60781860351562
210.77632904052734
170.6068515777588
2669.396162033081
245.56660652160645
162.82939910888672
864.9659156799316
152.9712677001953
1191.4987564086914
767.0638561248779
246.5384006500244
2209.2604637145996
566.2860870361328
261.41929626464844
161.0543727874756
916.7194366455078
261.14797592163086
866.8603897094727
381.69026374816895
135.84446907043457
525.4433155059814
258.20469856262207
907.8099727630615
230.00359535217285
960.5357646942139
210.9076976776123
570.6751346588135
365.02647399902344
228.07908058166504
236.92679405212402
321.3357925415039
234.9987030029297
131.47306442260742
1481.043815612793
164.30377960205078
2797.6157665252686
558.7835311889648
588.0913734436035
276.7958641052246
230.61609268188477
1078.3791542053223
459.4409465789795
254.0280818939209
146.50416374206543
159.88445281982422
138.49973678588867
302.7210235595703
455.8906555175781
126.21426582336426
148.51927757263184
653.458833694458
566.502571105957
597.029447555542
216.7370319366455
1152.4875164031982
167.1583652496338
145.16782760620117
1286.050796508789
2139.867067337036
160.7043743133545
147.37653732299805
150.62689781188965
1048.621416091919
171.86737060546875
226.76539421081543
804.9359321594238
171.72813415527344
335.80565452575684
592.0565128326416
853.9800643920898
128.78680229187012
318.75109672546387
2002.8600692749023
427.55770683288574
294.0652370452881
159.20281410217285
1046.264410018921
136.08527183532715
1075.2081871032715
445.7583427429199
142.4565315246582
253.24463844299316
1343.083143234253
209.49292182922363
205.8718204498291
144.46306228637695
3544.727325439453
135.8621120452881
1439.3706321716309
673.5684871673584
1320.7201957702637
154.69717979431152
194.1378116607666
250.3197193145752
138.55719566345215
382.77387619018555
141.66617393493652
154.6001434326172
173.46453666687012
1125.680685043335
1876.3229846954346
301.08046531677246
247.2844123840332
181.80274963378906
704.4451236724854
1318.6829090118408
422.18756675720215
412.61839866638184
270.3070640563965
1535.0000858306885
1640.817403793335
765.3923034667969
140.23733139038086
380.2213668823242
177.16026306152344
337.2151851654053
2310.6067180633545
1092.0028686523438
1287.3153686523438
1129.9989223480225
160.61878204345703
1328.6411762237549
143.94521713256836
181.5164089202881
501.80530548095703
316.3635730743408
173.42519760131836
180.8781623840332
1078.3016681671143
571.152925491333
317.699670791626
137.1629238128662
1386.5413665771484
496.86193466186523
1051.1488914489746
1057.4169158935547
874.1254806518555
191.15877151489258
313.8561248779297
139.7562026977539
150.53772926330566
131.5913200378418
721.3737964630127
580.5106163024902
708.6668014526367
555.5622577667236
2266.2363052368164
360.19182205200195
3331.9289684295654
347.02372550964355
151.8704891204834
546.3752746582031
272.89843559265137
1277.949571609497
562.7169609069824
212.83888816833496
206.56156539916992
464.83373641967773
301.61190032958984
198.81391525268555
165.05885124206543
3326.7982006073
273.30517768859863
192.95740127563477
746.9165325164795
248.63433837890625
220.9646701812744
791.5565967559814
256.4568519592285
348.81591796875
1988.1551265716553
1824.6068954467773
549.7334003448486
168.50686073303223
496.81735038757324
775.4998207092285
1268.5599327087402
157.75561332702637
145.79439163208008
1188.5721683502197
231.45413398742676
1357.2885990142822
2639.918565750122
165.38691520690918
1240.4427528381348
1560.0969791412354
2557.969093322754
1162.2648239135742
245.07904052734375
174.71861839294434
562.8886222839355
336.6837501525879
1362.6477718353271
415.8656597137451
856.400728225708
583.5814476013184
732.2409152984619
280.5957794189453
168.55955123901367
150.70271492004395
219.86818313598633
1702.202558517456
3011.5716457366943
140.31410217285156
330.456018447876
792.6671504974365
187.86215782165527
1616.3966655731201
259.16051864624023
220.43704986572266
289.3407344818115
1160.6724262237549
424.2663383483887
151.47042274475098
1111.3169193267822
412.0521545410156
1005.0473213195801
185.52374839782715
1382.7271461486816
460.1702690124512
840.8915996551514
314.40210342407227
141.06321334838867
211.3635540008545
217.54884719848633
1373.2929229736328
270.86448669433594
231.93049430847168
528.6717414855957
144.8378562927246
901.4492034912109
143.47171783447266
929.7380447387695
355.3142547607422
151.1232852935791
158.53619575500488
2098.5021591186523
627.1166801452637
286.4654064178467
133.68582725524902
542.6802635192871
312.896728515625
454.0257453918457
1082.3805332183838
360.86535453796387
142.09342002868652
816.8361186981201
247.56217002868652
140.3052806854248
162.97483444213867
261.20901107788086
209.55395698547363
481.9307327270508
3556.6694736480713
153.13982963562012
271.96431159973145
885.8857154846191
1785.0689888000488
363.750696182251
199.10502433776855
223.23131561279297
157.87458419799805
149.14608001708984
1222.749948501587
627.2604465484619
161.63873672485352
294.6162223815918
511.80291175842285
138.73839378356934
449.80311393737793
213.637113571167
279.95848655700684
1940.117359161377
265.1045322418213
276.0586738586426
1488.3642196655273
1871.5109825134277
282.92393684387207
610.3630065917969
1235.4929447174072
319.6063041687012
701.0161876678467
1677.9587268829346
245.14412879943848
4346.891641616821
1981.1129570007324
220.40176391601562
679.0595054626465
613.4395599365234
2076.366662979126
215.99817276000977
2633.596658706665
1810.060739517212
1878.593921661377
142.82774925231934
1155.3783416748047
1165.9414768218994
999.3758201599121
1324.2793083190918
418.07007789611816
745.4245090484619
214.52093124389648
173.9485263824463
150.77924728393555
274.43981170654297
493.762731552124
285.88294982910156
1898.2384204864502
772.2122669219971
214.8890495300293
843.5983657836914
228.43170166015625
148.6186981201172
1554.0165901184082
141.9515609741211
1321.6562271118164
184.71121788024902
2238.8756275177
184.92913246154785
322.8564262390137
706.0084342956543
1638.0736827850342
160.23945808410645
177.91104316711426
937.2904300689697
2039.2537117004395
204.5001983642578
901.869535446167
266.19958877563477
800.356388092041
2115.4935359954834
1311.875581741333
1153.2835960388184
782.5660705566406
246.91367149353027
229.37417030334473
151.1521339416504
196.15483283996582
663.4125709533691
1291.1326885223389
2214.6081924438477
596.1687564849854
680.8054447174072
649.1436958312988
232.14054107666016
256.59751892089844
513.892650604248
167.62185096740723
290.0116443634033
162.1568202972412
1206.9594860076904
211.61961555480957
146.77810668945312
231.1840057373047
182.55376815795898
202.93068885803223
1033.5724353790283
767.2126293182373
606.7600250244141
2425.055742263794
152.63867378234863
131.1943531036377
147.24421501159668
248.63576889038086
202.42691040039062
212.45098114013672
191.87641143798828
605.7741641998291
1907.1550369262695
227.4467945098877
195.7714557647705
144.37460899353027
933.2478046417236
435.4095458984375
1547.1198558807373
130.27191162109375
934.8900318145752
160.2330207824707
1265.1021480560303
615.4434680938721
277.0659923553467
172.332763671875
164.70837593078613
858.722448348999
777.4696350097656
2288.809299468994
563.9622211456299
1168.5938835144043
156.68177604675293
140.64288139343262
1676.0897636413574
191.27941131591797
618.9112663269043
1244.288444519043
2212.8331661224365
160.63928604125977
918.100118637085
338.93895149230957
485.626220703125
1115.5383586883545
1330.7652473449707
1343.8334465026855
156.04734420776367
377.66337394714355
225.1150608062744
442.2168731689453
390.7592296600342
140.44904708862305
235.53013801574707
287.72735595703125
168.37334632873535
443.4163570404053
237.27822303771973
841.5918350219727
214.1094207763672
287.00757026672363
212.44001388549805
335.8917236328125
435.69469451904297
239.3198013305664
3223.924160003662
181.51092529296875
2729.6247482299805
558.9640140533447
188.42077255249023
691.0200119018555
149.49321746826172
245.1002597808838
256.26087188720703
210.0825309753418
221.14133834838867
276.90982818603516
904.038667678833
627.779483795166
229.7360897064209
152.6942253112793
170.83072662353516
170.38941383361816
154.12354469299316
277.13489532470703
1928.8365840911865
985.7113361358643
173.5386848449707
914.51096534729
185.21618843078613
247.3289966583252
548.6330986022949
550.7886409759521
481.37450218200684
312.76583671569824
1782.3820114135742
133.5451602935791
1197.2694396972656
298.3427047729492
138.01002502441406
747.7445602416992
1963.912010192871
148.18644523620605
1704.8134803771973
2329.878330230713
152.94528007507324
1237.5900745391846
1173.7289428710938
790.2085781097412
1584.5248699188232
1003.5216808319092
826.5669345855713
1574.2011070251465
170.47524452209473
297.73449897766113
1733.3452701568604
353.9419174194336
455.5654525756836
707.4058055877686
137.59660720825195
167.93274879455566
1698.1828212738037
645.7259654998779
909.4092845916748
228.77240180969238
274.43766593933105
243.17646026611328
854.3894290924072
227.04696655273438
141.99566841125488
151.20792388916016
492.5518035888672
1714.087724685669
545.7375049591064
490.82255363464355
339.2038345336914
666.8808460235596
578.4132480621338
2013.3943557739258
400.130033493042
380.24449348449707
142.25029945373535
454.9753665924072
639.2948627471924
222.68271446228027
152.878999710083
1571.1755752563477
1338.0749225616455
538.5377407073975
204.99324798583984
1572.5123882293701
401.8361568450928
3356.0805320739746
1482.0857048034668
178.09557914733887
210.07966995239258
168.51329803466797
1063.7733936309814
630.8767795562744
863.4946346282959
984.4188690185547
1762.343168258667
1177.1328449249268
1032.0134162902832
672.2698211669922
177.62041091918945
414.778470993042
179.4416904449463
611.0708713531494
256.12807273864746
375.1950263977051
256.24823570251465
183.3055019378662
300.22239685058594
278.5201072692871
181.46562576293945
302.40917205810547
2165.0991439819336
1156.984806060791
475.4452705383301
616.9540882110596
421.0813045501709
653.3429622650146
811.2015724182129
665.4074192047119
542.6263809204102
271.6259956359863
244.9357509613037
311.908483505249
391.1929130554199
431.8673610687256
406.7811965942383
1025.5763530731201
199.3122100830078
1826.0738849639893
358.090877532959
1337.4440670013428
428.50327491760254
1433.0253601074219
584.0208530426025
235.14747619628906
566.3182735443115
1948.5416412353516
135.67304611206055
157.7308177947998
271.00062370300293
1033.7998867034912
1174.720048904419
243.78681182861328
592.0846462249756
884.9620819091797
363.3887767791748
251.99437141418457
191.62678718566895
146.69108390808105
629.1873455047607
605.5970191955566
136.56353950500488
144.84643936157227
196.2451934814453
211.3628387451172
163.4507179260254
193.66168975830078
1471.8892574310303
137.22896575927734
698.2402801513672
247.57838249206543
356.80198669433594
315.92702865600586
2933.8459968566895
637.0184421539307
2582.535743713379
1790.6012535095215
152.62603759765625
199.00751113891602
202.79455184936523
1034.0547561645508
281.72922134399414
204.636812210083
2181.431770324707
162.12940216064453
279.4191837310791
144.40631866455078
149.0468978881836
219.41208839416504
2062.2546672821045
225.11005401611328
324.57733154296875
139.39642906188965
130.3110122680664
737.7221584320068
133.18419456481934
141.56842231750488
227.90932655334473
880.4128170013428
1102.7820110321045
194.56195831298828
180.3271770477295
2530.2369594573975
672.9321479797363
470.97063064575195
431.2765598297119
271.00515365600586
1273.3948230743408
1221.0743427276611
136.89947128295898
678.5380840301514
271.23045921325684
329.9715518951416
970.2363014221191
352.200984954834
1101.6066074371338
1144.8280811309814
689.0051364898682
238.91425132751465
636.364221572876
197.39413261413574
1423.572063446045
390.8417224884033
224.52044486999512
237.75100708007812
419.3553924560547
2969.8994159698486
147.51386642456055
230.01599311828613
259.97281074523926
736.9146347045898
783.1518650054932
237.80512809753418
452.4672031402588
1950.1996040344238
158.9202880859375
296.68283462524414
1042.3352718353271
981.0910224914551
1044.1994667053223
202.29411125183105
1620.6014156341553
150.47335624694824
264.8301124572754
275.0418186187744
491.5752410888672
167.1011447906494
147.91107177734375
972.6204872131348
977.790117263794
235.8551025390625
217.74864196777344
479.1371822357178
268.3830261230469
211.6408348083496
570.6257820129395
1289.2718315124512
1815.124750137329
377.0947456359863
149.2757797241211
590.6469821929932
213.7451171875
284.2066287994385
298.062801361084
306.32877349853516
637.465238571167
231.9495677947998
1135.7057094573975
265.2275562286377
165.557861328125
349.1489887237549
863.38210105896
327.56996154785156
342.75174140930176
338.9241695404053
1318.371057510376
450.34003257751465
162.7953052520752
546.5004444122314
769.8791027069092
141.02554321289062
226.99403762817383
296.18287086486816
385.8029842376709
268.90110969543457
150.83956718444824
274.2600440979004
169.39735412597656
298.0940341949463
727.7276515960693
2192.6627159118652
1008.0406665802002
203.33504676818848
137.81428337097168
384.9179744720459
272.0043659210205
541.7988300323486
157.87029266357422
2916.919946670532
168.9767837524414
281.7964553833008
232.0263385772705
152.7538299560547
560.8956813812256
143.1286334991455
140.40613174438477
1212.7327919006348
321.35534286499023
336.49253845214844
1126.2304782867432
387.2647285461426
140.64335823059082
224.7333526611328
332.9637050628662
182.4512481689453
220.17765045166016
160.08758544921875
2438.1611347198486
299.79872703552246
555.2675724029541
171.15092277526855
308.52484703063965
886.2175941467285
224.82943534851074
675.3876209259033
435.99772453308105
218.5220718383789
2393.982410430908
229.20942306518555
1249.9265670776367
346.64011001586914
146.09169960021973
525.3582000732422
391.83807373046875
1369.7333335876465
440.3541088104248
581.1872482299805
1069.9260234832764
300.3675937652588
907.0196151733398
202.4681568145752
134.98520851135254
2008.2995891571045
402.9209613800049
935.5683326721191
217.97561645507812
1937.6213550567627
588.3917808532715
165.82489013671875
219.3002700805664
632.7698230743408
207.1683406829834
290.3866767883301
323.73738288879395
950.54030418396
964.0450477600098
1545.152187347412
411.2679958343506
709.4628810882568
146.84605598449707
594.141960144043
289.8986339569092
701.8704414367676
169.7061061859131
2373.411178588867
143.08953285217285
343.86515617370605
180.23371696472168
1181.7841529846191
1009.4811916351318
756.4685344696045
1090.2271270751953
204.98394966125488
155.4582118988037
160.42613983154297
171.65446281433105
171.2942123413086
375.7774829864502
360.9304428100586
665.5566692352295
2897.416353225708
147.0344066619873
743.110179901123
1227.7345657348633
1793.9975261688232
1118.1859970092773
366.1208152770996
203.62210273742676
1312.9236698150635
1800.8654117584229
179.17132377624512
611.9036674499512
187.64138221740723
282.49168395996094
434.159517288208
148.29325675964355
1715.4371738433838
223.42395782470703
196.47669792175293
235.23402214050293
503.6640167236328
190.0653839111328
243.93272399902344
413.67030143737793
281.8775177001953
164.8409366607666
727.1881103515625
164.10398483276367
185.15586853027344
325.392484664917
800.9767532348633
561.5460872650146
430.61089515686035
488.0564212799072
2129.1770935058594
745.4280853271484
2058.633327484131
564.965009689331
140.7325267791748
1756.0079097747803
171.1742877960205
722.9330539703369
319.3809986114502
617.1610355377197
2149.4228839874268
631.5577030181885
801.5437126159668
418.96772384643555
421.80323600769043
1847.3289012908936
445.79553604125977
141.4191722869873
270.2047824859619
1670.4003810882568
1254.4405460357666
3361.388683319092
274.51133728027344
169.0824031829834
253.66711616516113
426.1586666107178
160.22753715515137
169.32964324951172
1193.8972473144531
201.37619972229004
1679.70871925354
149.25122261047363
243.15667152404785
202.46219635009766
256.0610771179199
1111.4153861999512
2127.880811691284
1010.096549987793
1293.92409324646
258.8319778442383
402.3880958557129
214.96939659118652
1048.9435195922852
154.0675163269043
1977.8945446014404
1612.5283241271973
254.5466423034668
628.4098625183105
198.103666305542
248.6131191253662
1571.1541175842285
141.19410514831543
1004.223108291626
257.82179832458496
303.05027961730957
580.0125598907471
158.90789031982422
1030.1477909088135
1094.177007675171
149.49989318847656
167.48905181884766
718.5406684875488
238.45219612121582
147.15576171875
152.2665023803711
139.1606330871582
569.0765380859375
156.00991249084473
1224.6007919311523
148.52285385131836
595.811128616333
305.5005073547363
1199.6185779571533
251.4951229095459
311.9688034057617
160.90893745422363
157.4394702911377
137.63785362243652
214.2946720123291
910.9728336334229
210.13879776000977
134.39226150512695
256.392240524292
237.90359497070312
1374.8440742492676
226.93228721618652
222.94306755065918
306.98156356811523
154.51526641845703
213.70744705200195
858.1137657165527
153.0928611755371
601.325511932373
167.34933853149414
140.42258262634277
236.36150360107422
156.4958095550537
147.0625400543213
342.6859378814697
135.31255722045898
159.88659858703613
151.7174243927002
205.32488822937012
1186.7914199829102
152.16326713562012
133.64219665527344
475.76308250427246
132.9042911529541
165.8186912536621
146.82245254516602
1932.689905166626
297.9614734649658
474.5006561279297
159.50918197631836
184.56006050109863
640.4423713684082
676.5081882476807
548.6953258514404
352.0340919494629
149.3508815765381
252.63214111328125
292.17004776000977
354.5548915863037
152.2831916809082
273.98085594177246
129.70638275146484
277.3854732513428
161.6218090057373
1012.2561454772949
219.21682357788086
165.1148796081543
1393.566608428955
588.1061553955078
190.63711166381836
353.84225845336914
330.9915065765381
371.8242645263672
1089.2360210418701
592.0135974884033
208.49156379699707
260.56933403015137
1376.0883808135986
227.5846004486084
227.15282440185547
221.12035751342773
222.7315902709961
926.0439872741699
140.71059226989746
402.9355049133301
179.68225479125977
724.1489887237549
1027.0044803619385
318.05920600891113
140.26260375976562
222.3823070526123
1736.8865013122559
240.80896377563477
1121.9971179962158
155.99989891052246
194.6876049041748
266.3431167602539
236.22488975524902
450.7122039794922
2889.871597290039
997.6236820220947
1886.8968486785889
859.9271774291992
252.32768058776855
566.7979717254639
292.5436496734619
148.44751358032227
320.2090263366699
237.66827583312988
1711.4098072052002
1304.4610023498535
871.52099609375
2253.221035003662
775.6736278533936
188.7829303741455
761.9805335998535
2139.556646347046
630.7830810546875
1100.1427173614502
213.9592170715332
158.67161750793457
180.8764934539795
216.40539169311523
508.25023651123047
200.30617713928223
536.8480682373047
161.4394187927246
417.92941093444824
308.76708030700684
2357.0868968963623
1238.471508026123
1093.2533740997314
495.3017234802246
193.5443878173828
1194.0360069274902
553.0102252960205
208.38546752929688
157.9289436340332
1193.6888694763184
152.18234062194824
235.13436317443848
130.49936294555664
158.59723091125488
2604.5284271240234
2569.3302154541016
489.80021476745605
1696.5959072113037
256.6506862640381
154.5860767364502
190.9184455871582
155.45892715454102
229.48884963989258
1173.5427379608154
262.0565891265869
536.402702331543
155.6258201599121
288.2392406463623
236.12403869628906
143.91398429870605
241.97912216186523
2074.3253231048584
146.10815048217773
970.1516628265381
1612.2033596038818
155.9603214263916
177.1097183227539
354.0024757385254
192.89469718933105
528.3262729644775
1704.1993141174316
392.13109016418457
844.8278903961182
351.73749923706055
173.6302375793457
372.4987506866455
199.2049217224121
561.1152648925781
422.70588874816895
1950.7112503051758
151.84283256530762
484.6808910369873
189.78476524353027
167.70148277282715
282.38630294799805
941.5998458862305
781.9557189941406
163.00082206726074
650.1684188842773
302.539587020874
188.91024589538574
799.0961074829102
239.0284538269043
284.6815586090088
594.9506759643555
1625.0874996185303
347.23901748657227
153.60522270202637
2043.757677078247
326.42054557800293
425.42147636413574
628.7834644317627
201.28297805786133
165.41409492492676
841.6149616241455
152.5406837463379
1512.693166732788
166.62263870239258
220.2296257019043
1085.8619213104248
361.71889305114746
297.3675727844238
135.72025299072266
1088.409662246704
1307.929277420044
242.86937713623047
1058.9988231658936
202.56423950195312
209.458589553833
901.34596824646
191.38669967651367
171.83995246887207
246.1855411529541
156.12030029296875
1008.6448192596436
225.0690460205078
1712.249755859375
525.3362655639648
361.53697967529297
163.24496269226074
155.5464267730713
1014.5230293273926
3151.040554046631
592.0088291168213
325.5133628845215
319.2887306213379
197.50738143920898
759.3967914581299
1269.481897354126
240.4499053955078
192.22307205200195
282.58657455444336
880.5234432220459
138.62848281860352
229.42733764648438
1415.2734279632568
1027.0538330078125
159.84630584716797
138.7009620666504
270.8091735839844
895.850658416748
456.9437503814697
2353.607654571533
567.469596862793
317.71111488342285
2026.801347732544
255.6777000427246
1406.2843322753906
980.6089401245117
874.5248317718506
943.2013034820557
216.45236015319824
528.0771255493164
1295.581340789795
791.0721302032471
2839.1528129577637
832.8542709350586
761.9221210479736
148.83708953857422
815.8972263336182
381.67428970336914
1204.4403553009033
143.5110569000244
290.2977466583252
232.33795166015625
451.4470100402832
140.29479026794434
157.34481811523438
1299.29780960083
888.094425201416
2058.328628540039
201.02643966674805
849.2588996887207
509.05895233154297
268.15032958984375
183.9611530303955
170.70651054382324
205.66534996032715
560.8952045440674
323.20141792297363
170.8047389984131
561.673641204834
1325.1116275787354
178.21574211120605
308.1235885620117
1272.3331451416016
1121.8039989471436
979.6273708343506
879.2431354522705
1895.026445388794
3127.491235733032
170.18699645996094
150.9871482849121
1994.1110610961914
1121.8645572662354
172.82414436340332
666.079044342041
236.50455474853516
1223.8357067108154
176.8021583557129
182.42883682250977
908.3719253540039
543.0240631103516
132.72738456726074
291.3825511932373
2362.1177673339844
220.12639045715332
1895.3068256378174
1303.9798736572266
571.5811252593994
1528.7501811981201
377.1393299102783
2521.9433307647705
671.6506481170654
373.43382835388184
198.37427139282227
903.8796424865723
223.73080253601074
595.6766605377197
159.33465957641602
240.6151294708252
307.33513832092285
261.3708972930908
954.0696144104004
473.6649990081787
143.44096183776855
506.8631172180176
1543.546199798584
167.69790649414062
350.9328365325928
2041.3475036621094
152.94933319091797
220.70074081420898
715.4297828674316
225.4343032836914
252.30908393859863
259.5698833465576
244.60506439208984
714.2512798309326
227.12159156799316
414.3834114074707
303.2684326171875
288.6800765991211
732.0349216461182
583.275318145752
683.8316917419434
185.2700710296631
1324.1221904754639
827.3446559906006
218.5502052307129
428.178071975708
2561.0764026641846
811.8443489074707
1240.112543106079
185.99677085876465
173.4776496887207
405.153751373291
1432.3101043701172
673.5196113586426
142.7140235900879
561.9418621063232
165.11964797973633
151.10349655151367
2182.297706604004
144.7591781616211
250.12755393981934
156.9080352783203
151.62277221679688
1085.1995944976807
177.46639251708984
258.8777542114258
306.51021003723145
955.2032947540283
195.1587200164795
1902.6837348937988
367.35057830810547
800.2810478210449
776.9639492034912
286.4527702331543
1184.467077255249
1005.0265789031982
535.36057472229
312.99877166748047
1742.5177097320557
2932.572603225708
180.71532249450684
291.1114692687988
1190.629243850708
530.3301811218262
210.4053497314453
633.1133842468262
346.6455936431885
1350.2769470214844
186.99407577514648
248.40378761291504
187.86168098449707
209.92302894592285
131.19888305664062
432.97648429870605
210.77871322631836
504.05144691467285
201.85565948486328
422.8019714355469
1200.3910541534424
1539.8519039154053
286.3471508026123
1395.8516120910645
2575.8731365203857
1006.0536861419678
530.8933258056641
184.23700332641602
868.4570789337158
764.7309303283691
139.63556289672852
329.282283782959
191.88165664672852
2978.1923294067383
203.17435264587402
155.49206733703613
985.3193759918213
953.0208110809326
698.9164352416992
1317.8155422210693
252.9165744781494
168.30706596374512
208.64248275756836
175.0328540802002
1781.940221786499
4785.9179973602295
151.66664123535156
291.28479957580566
457.95559883117676
132.11584091186523
478.92069816589355
642.866849899292
186.28549575805664
3078.7434577941895
148.5610008239746
238.73043060302734
270.19739151000977
216.87889099121094
443.6299800872803
148.21553230285645
173.51078987121582
142.4105167388916
1637.0105743408203
520.1103687286377
161.63349151611328
449.63526725769043
894.4504261016846
514.3697261810303
254.05001640319824
137.16745376586914
316.1945343017578
446.8522071838379
161.1487865447998
132.2035789489746
927.5758266448975
614.614725112915
351.29356384277344
241.47725105285645
1946.18821144104
158.36548805236816
247.79510498046875
277.1182060241699
426.4392852783203
2289.5500659942627
213.10114860534668
1052.699327468872
353.7709712982178
214.15948867797852
554.8343658447266
207.88049697875977
643.6223983764648
422.06859588623047
529.4623374938965
1152.4333953857422
851.431131362915
148.80061149597168
497.7402687072754
1462.3067378997803
218.19305419921875
149.0340232849121
152.33373641967773
344.8512554168701
346.81177139282227
206.03442192077637
162.63484954833984
2261.9433403015137
202.8505802154541
560.3287220001221
273.5943794250488
135.73026657104492
202.98099517822266
358.42180252075195
140.9780979156494
756.537914276123
1952.6917934417725
589.7097587585449
1949.7268199920654
179.20398712158203
611.1137866973877
231.53114318847656
1118.9637184143066
488.3286952972412
1495.028018951416
471.9662666320801
169.9671745300293
149.9941349029541
408.0379009246826
515.2926445007324
987.8547191619873
224.24077987670898
154.815673828125
322.50308990478516
142.96531677246094
605.2119731903076
1283.0684185028076
339.8125171661377
257.8539848327637
175.22025108337402
369.7669506072998
169.59285736083984
561.7935657501221
155.55357933044434
487.8706932067871
672.0819473266602
298.9823818206787
165.70067405700684
213.01579475402832
880.6953430175781
1187.3915195465088
742.0234680175781
205.51323890686035
223.79660606384277
522.2532749176025
148.15402030944824
196.8996524810791
269.66047286987305
1032.8631401062012
164.2155647277832
637.7062797546387
196.25568389892578
713.1497859954834
1224.5550155639648
483.4129810333252
543.3189868927002
928.3297061920166
1455.2392959594727
174.70502853393555
142.4560546875
246.52361869812012
170.80187797546387
1201.368808746338
335.8030319213867
207.08179473876953
250.5192756652832
185.10866165161133
135.69045066833496
3343.2888984680176
274.7514247894287
159.59954261779785
158.40411186218262
127.92038917541504
263.00978660583496
648.2181549072266
345.63755989074707
208.0378532409668
137.34173774719238
188.36140632629395
1343.3241844177246
168.8668727874756
609.5151901245117
134.02915000915527
2279.001235961914
419.8477268218994
302.1576404571533
418.109655380249
807.7414035797119
906.8913459777832
166.83602333068848
261.3658905029297
1793.3518886566162
195.15228271484375
546.5152263641357
342.21386909484863
1005.3322315216064
1155.4250717163086
720.1833724975586
186.79547309875488
201.5986442565918
494.61936950683594
572.3295211791992
151.2908935546875
501.61290168762207
425.0071048736572
974.1873741149902
161.41438484191895
963.2072448730469
616.0860061645508
164.4306182861328
136.72351837158203
690.1228427886963
1214.6625518798828
860.6719970703125
699.7931003570557
174.7133731842041
150.5141258239746
268.19491386413574
1763.7555599212646
1892.9307460784912
454.7765254974365
557.0812225341797
230.8182716369629
373.6417293548584
354.11524772644043
2097.0544815063477
143.85175704956055
246.51861190795898
428.9436340332031
1341.0181999206543
1961.5826606750488
353.5640239715576
936.5024566650391
166.6874885559082
798.0079650878906
137.64262199401855
152.2524356842041
197.07155227661133
533.524751663208
302.33097076416016
282.928466796875
218.32561492919922
1630.208969116211
557.2025775909424
339.59007263183594
2816.596746444702
692.9006576538086
1216.768503189087
195.8138942718506
581.500768661499
159.44576263427734
228.20186614990234
826.5948295593262
2107.679605484009
150.94757080078125
1057.3866367340088
2129.013776779175
137.88104057312012
1649.0042209625244
234.24077033996582
178.94887924194336
225.47626495361328
270.55978775024414
143.4037685394287
279.24513816833496
2055.3832054138184
176.68581008911133
826.7042636871338
283.5257053375244
389.10889625549316
418.928861618042
249.3741512298584
336.9483947753906
740.6229972839355
184.82351303100586
353.0910015106201
1295.7727909088135
2440.358877182007
1361.938238143921
212.4626636505127
324.19371604919434
1030.4036140441895
608.7665557861328
170.12453079223633
656.2786102294922
352.6594638824463
990.5898571014404
797.3589897155762
1531.5539836883545
147.7031707763672
674.4742393493652
1020.5338001251221
315.9182071685791
157.8044891357422
285.0077152252197
512.8657817840576
843.8234329223633
297.6670265197754
270.7526683807373
142.03548431396484
311.434268951416
236.4351749420166
1612.3836040496826
1950.3157138824463
232.37228393554688
2200.695753097534
660.9535217285156
268.5708999633789
1182.4545860290527
786.5335941314697
166.78142547607422
182.12080001831055
302.07204818725586
713.1726741790771
2582.587718963623
2181.016683578491
532.0096015930176
972.7098941802979
207.7333927154541
251.93095207214355
140.37728309631348
301.5267848968506
1598.7184047698975
1500.0877380371094
485.52465438842773
2140.2347087860107
162.07313537597656
3367.006540298462
208.70375633239746
286.4878177642822
1213.7916088104248
1398.0908393859863
195.35279273986816
151.45111083984375
135.24937629699707
508.2361698150635
967.8010940551758
1080.5151462554932
324.86629486083984
256.547212600708
931.4115047454834
232.67602920532227
1304.5203685760498
366.4660453796387
147.75753021240234
399.16276931762695
1073.7287998199463
136.53993606567383
187.03675270080566
208.0240249633789
235.04996299743652
799.574613571167
255.83481788635254
217.08369255065918
621.138334274292
352.5984287261963
379.03285026550293
1250.8037090301514
480.2815914154053
196.64931297302246
2081.1767578125
167.8915023803711
181.4417839050293
909.005880355835
241.33062362670898
167.12641716003418
983.9880466461182
209.22183990478516
586.7795944213867
1079.5176029205322
154.96015548706055
132.86280632019043
1294.9919700622559
266.7255401611328
201.63726806640625
696.4621543884277
1458.099126815796
193.99571418762207
146.77977561950684
140.69223403930664
144.85836029052734
201.8437385559082
1921.9305515289307
304.16202545166016
286.6477966308594
1307.7728748321533
2109.1344356536865
209.71226692199707
208.85419845581055
1276.3421535491943
180.2041530609131
169.1749095916748
2221.96364402771
1056.7400455474854
232.44547843933105
2898.8232612609863
1149.341106414795
2552.760362625122
1471.0843563079834
772.8497982025146
373.1555938720703
212.144136428833
173.7658977508545
246.21987342834473
540.6818389892578
222.43976593017578
375.61655044555664
1293.5066223144531
271.2881565093994
137.0108127593994
1074.108600616455
447.4046230316162
141.72673225402832
1188.382863998413
870.2092170715332
157.88650512695312
333.68825912475586
875.0874996185303
505.6803226470947
256.55364990234375
630.3842067718506
1260.8261108398438
2551.9399642944336
309.67116355895996
484.22694206237793
152.9836654663086
352.9844284057617
146.61335945129395
239.46070671081543
190.73081016540527
500.57530403137207
183.16650390625
222.40185737609863
529.9804210662842
327.5430202484131
183.54344367980957
164.3824577331543
234.4205379486084
251.4169216156006
397.42016792297363
588.0210399627686
1769.0730094909668
1109.7683906555176
2121.9723224639893
172.26672172546387
903.8894176483154
229.70151901245117
904.5712947845459
331.70580863952637
266.0336494445801
1023.0216979980469
139.69135284423828
231.45270347595215
156.62813186645508
210.3579044342041
342.4952030181885
2634.0107917785645
914.9837493896484
1334.2301845550537
425.14514923095703
237.0009422302246
198.7903118133545
513.5340690612793
1255.1538944244385
153.97143363952637
887.8490924835205
143.22185516357422
2705.2481174468994
181.67805671691895
297.666072845459
416.1977767944336
170.4568862915039
335.8726501464844
167.27399826049805
336.67969703674316
165.15254974365234
172.835111618042
183.05563926696777
757.7874660491943
145.94793319702148
178.97605895996094
555.4049015045166
302.0017147064209
819.8716640472412
315.51098823547363
265.6850814819336
251.39188766479492
143.97907257080078
1937.786340713501
432.5447082519531
507.9233646392822
515.5289173126221
2765.0153636932373
401.07226371765137
168.14184188842773
1612.253189086914
1189.9876594543457
145.88594436645508
441.12181663513184
1070.587396621704
203.04203033447266
2246.9279766082764
1489.4349575042725
207.11755752563477
506.8817138671875
363.1250858306885
766.6866779327393
302.8450012207031
313.4646415710449
274.13177490234375
1152.3854732513428
253.4468173980713
249.58252906799316
1238.917350769043
199.42307472229004
712.9817008972168
485.2588176727295
269.8180675506592
631.091833114624
192.3658847808838
793.9066886901855
350.94141960144043
743.7970638275146
1111.7854118347168
490.50331115722656
221.76194190979004
470.745325088501
1069.638729095459
1841.414213180542
145.2805995941162
2713.5941982269287
505.65099716186523
436.52939796447754
161.70573234558105
541.7590141296387
142.2555446624756
225.6467342376709
393.1450843811035
620.1286315917969
731.727123260498
1727.1873950958252
351.7475128173828
241.73855781555176
413.29145431518555
3133.329153060913
919.2154407501221
399.8439311981201
1302.5741577148438
841.627836227417
140.0759220123291
1261.4669799804688
174.14569854736328
784.4884395599365
145.37763595581055
147.9048728942871
1171.6153621673584
278.9180278778076
1181.35404586792
406.2666893005371
2202.53849029541
202.95166969299316
2075.617790222168
1068.439245223999
847.1212387084961
344.1205024719238
191.71619415283203
133.0585479736328
335.6964588165283
1249.4254112243652
1961.4055156707764
492.96021461486816
172.23262786865234
1205.0955295562744
193.81308555603027
166.77021980285645
149.8241424560547
603.7583351135254
185.85658073425293
918.6809062957764
140.84315299987793
135.82801818847656
134.26494598388672
596.1430072784424
288.65838050842285
1332.880973815918
325.8945941925049
335.05702018737793
168.8096523284912
375.75697898864746
599.4915962219238
224.03860092163086
1801.511287689209
218.74308586120605
179.98886108398438
560.9571933746338
160.15362739562988
211.8244171142578
290.96150398254395
1622.0440864562988
482.53583908081055
163.6059284210205
388.90814781188965
1257.713794708252
188.5828971862793
420.7446575164795
689.5120143890381
182.68585205078125
183.42852592468262
148.6227512359619
136.16585731506348
391.63899421691895
188.72332572937012
2071.779251098633
289.92486000061035
2482.774019241333
806.05149269104
165.85016250610352
1340.604543685913
2784.4622135162354
200.41322708129883
1204.9360275268555
169.62885856628418
229.12001609802246
353.057861328125
252.59947776794434
270.16210556030273
166.92018508911133
313.8010501861572
163.57684135437012
186.42330169677734
314.1789436340332
497.23339080810547
1250.2484321594238
1122.3249435424805
3069.511651992798
297.1301078796387
439.7768974304199
162.4755859375
147.37200736999512
249.92847442626953
276.36170387268066
619.927167892456
230.24702072143555
290.0369167327881
544.4717407226562
821.6538429260254
1096.6742038726807
487.1377944946289
139.9087905883789
283.63776206970215
160.06088256835938
606.5118312835693
139.62697982788086
145.51138877868652
183.50529670715332
1378.9710998535156
2551.2633323669434
138.77105712890625
870.3880310058594
270.74337005615234
282.1331024169922
354.65502738952637
210.22725105285645
2201.150894165039
168.00808906555176
767.1947479248047
275.27689933776855
532.0782661437988
581.6590785980225
837.2318744659424
337.9824161529541
246.4578151702881
828.9010524749756
432.7092170715332
157.17148780822754
148.47254753112793
847.5310802459717
699.643611907959
993.8280582427979
382.52997398376465
242.67148971557617
140.60688018798828
2239.103078842163
323.90499114990234
226.27019882202148
143.7079906463623
215.1963710784912
574.8214721679688
231.0800552368164
228.09481620788574
207.69643783569336
247.96199798583984
1008.3284378051758
272.71175384521484
177.71482467651367
141.510009765625
217.6215648651123
656.498908996582
148.12588691711426
2403.6331176757812
263.3056640625
1010.9536647796631
188.920259475708
366.03379249572754
983.3011627197266
214.10202980041504
217.90766716003418
2820.3823566436768
221.47393226623535
328.60612869262695
202.76451110839844
352.771520614624
522.026538848877
145.53403854370117
519.1395282745361
166.34082794189453
182.32274055480957
521.5644836425781
224.0447998046875
171.42820358276367
1599.8234748840332
212.52083778381348
222.83935546875
234.3132495880127
800.6465435028076
580.8699131011963
362.64705657958984
477.9050350189209
1242.2409057617188
1064.847707748413
287.81771659851074
293.43700408935547
378.83639335632324
514.345645904541
2369.175434112549
304.9139976501465
223.1159210205078
190.83142280578613
2077.3260593414307
681.326150894165
522.2933292388916
395.25318145751953
207.1990966796875
144.3004608154297
2312.981605529785
228.41715812683105
147.76039123535156
499.4502067565918
2915.701389312744
726.6607284545898
254.472017288208
1211.012840270996
159.84702110290527
502.3479461669922
352.07223892211914
1769.0138816833496
627.615213394165
1669.5191860198975
268.25904846191406
229.20680046081543
883.5480213165283
269.38486099243164
154.83570098876953
1853.2216548919678
716.7890071868896
155.05290031433105
1124.4044303894043
928.0357360839844
353.8792133331299
156.87823295593262
231.97126388549805
2169.1746711730957
251.49774551391602
269.4075107574463
156.21209144592285
135.45799255371094
160.4752540588379
235.4714870452881
158.57839584350586
863.8191223144531
169.09408569335938
307.0852756500244
2549.1020679473877
144.17600631713867
220.19362449645996
142.4546241760254
537.9638671875
184.44299697875977
247.91359901428223
422.11055755615234
2084.1269493103027
174.53789710998535
310.1837635040283
199.39303398132324
1852.7345657348633
160.22515296936035
186.28954887390137
672.992467880249
177.74343490600586
1583.0004215240479
370.5403804779053
163.33818435668945
168.34449768066406
144.82426643371582
1666.182279586792
1907.0243835449219
1176.2974262237549
153.63550186157227
394.08326148986816
526.0696411132812
190.25945663452148
929.3501377105713
658.6942672729492
433.3796501159668
468.416690826416
545.9580421447754
146.834135055542
768.1729793548584
1863.4376525878906
244.08769607543945
237.55478858947754
2038.5029315948486
500.02288818359375
147.46999740600586
1030.656337738037
263.08250427246094
625.633955001831
399.7836112976074
339.80870246887207
841.8190479278564
235.34870147705078
960.4544639587402
151.4139175415039
128.83734703063965
164.71195220947266
387.07613945007324
892.6482200622559
157.17673301696777
2020.4410552978516
374.62759017944336
545.3436374664307
231.3227653503418
141.59560203552246
1206.1171531677246
145.49732208251953
257.06982612609863
139.48702812194824
162.45651245117188
1133.5344314575195
501.44171714782715
1100.0232696533203
158.12253952026367
194.14305686950684
227.91385650634766
278.3656120300293
1958.2948684692383
205.49273490905762
190.4008388519287
146.68965339660645
140.7160758972168
279.5069217681885
368.9126968383789
376.16634368896484
1095.6523418426514
405.48157691955566
1860.9912395477295
279.82139587402344
1402.8799533843994
367.992639541626
967.4420356750488
192.82197952270508
172.43266105651855
555.2384853363037
480.2219867706299
2083.5750102996826
168.03979873657227
312.3180866241455
2016.1664485931396
302.25491523742676
1156.0947895050049
174.61538314819336
258.8629722595215
873.9101886749268
1197.5529193878174
146.0278034210205
1092.9553508758545
539.6251678466797
1231.99462890625
1195.1441764831543
208.41550827026367
258.07833671569824
227.39529609680176
1002.6493072509766
144.1035270690918
216.33172035217285
1957.4270248413086
546.6868877410889
1001.1816024780273
857.7988147735596
613.4765148162842
549.0236282348633
305.6974411010742
140.97166061401367
274.45125579833984
334.8045349121094
215.26765823364258
138.87786865234375
182.92236328125
327.8939723968506
155.4434299468994
159.4395637512207
150.18773078918457
544.9728965759277
183.3789348602295
1070.7981586456299
206.9087028503418
880.3272247314453
369.60554122924805
1220.2038764953613
2025.6104469299316
220.5791473388672
282.6685905456543
1946.5034008026123
1903.317928314209
154.83665466308594
260.21409034729004
560.9922409057617
1493.4144020080566
214.30706977844238
1086.9767665863037
362.08462715148926
224.34401512145996
1739.6481037139893
622.3142147064209
1036.4224910736084
151.31497383117676
389.7366523742676
482.4831485748291
2691.859483718872
634.6964836120605
985.9533309936523
775.4185199737549
2330.531358718872
2038.963794708252
802.1202087402344
235.37230491638184
996.6640472412109
270.1117992401123
227.97799110412598
170.9115505218506
144.883394241333
207.35836029052734
200.52337646484375
324.3680000305176
963.9742374420166
2740.967273712158
1595.4368114471436
204.7710418701172
988.9752864837646
158.28943252563477
648.6809253692627
270.3382968902588
364.513635635376
2092.890501022339
373.0199337005615
314.48984146118164
564.9771690368652
268.521785736084
985.5709075927734
141.40081405639648
146.74115180969238
1203.59206199646
1233.2231998443604
1160.5348587036133
1145.9825038909912
1938.8859272003174
190.76967239379883
516.7546272277832
1163.224220275879
238.8312816619873
1138.6699676513672
374.28951263427734
1048.8810539245605
243.07847023010254
149.70946311950684
254.98080253601074
1329.8587799072266
168.82681846618652
509.4907283782959
226.56750679016113
1408.9760780334473
1159.3637466430664
268.9785957336426
163.6209487915039
139.8763656616211
148.47469329833984
546.544075012207
923.7968921661377
372.26057052612305
139.38117027282715
200.60324668884277
991.2550449371338
1984.6446514129639
1140.4368877410889
531.1863422393799
217.6501750946045
398.1742858886719
205.6903839111328
179.94093894958496
1970.475673675537
2819.5292949676514
202.1501064300537
870.4447746276855
760.8485221862793
181.69379234313965
207.58056640625
127.26020812988281
1186.9137287139893
1160.2332592010498
729.8946380615234
186.74540519714355
171.4005470275879
761.9490623474121
2236.785650253296
235.81647872924805
2994.7261810302734
705.0955295562744
144.87767219543457
140.88869094848633
153.9316177368164
1158.3878993988037
819.4429874420166
468.11652183532715
929.133415222168
159.18993949890137
484.0540885925293
710.7675075531006
161.61084175109863
2730.9041023254395
1890.5930519104004
799.4382381439209
599.3669033050537
888.056755065918
181.51545524597168
151.60298347473145
610.5847358703613
1026.047945022583
3451.0581493377686
232.8643798828125
242.68317222595215
375.7779598236084
311.0077381134033
158.79487991333008
355.2703857421875
175.53305625915527
1101.6287803649902
1366.1744594573975
180.97686767578125
186.67364120483398
870.0454235076904
498.7602233886719
207.8845500946045
234.07483100891113
1741.8162822723389
595.1642990112305
414.99948501586914
1694.5505142211914
123.48628044128418
171.72479629516602
216.81714057922363
476.5443801879883
317.84534454345703
141.12091064453125
1728.5113334655762
332.9441547393799
208.54568481445312
359.67326164245605
482.6815128326416
2200.791597366333
759.8111629486084
142.0614719390869
206.64024353027344
143.37730407714844
624.9313354492188
981.7073345184326
308.5157871246338
149.23787117004395
406.48579597473145
2547.710418701172
248.4116554260254
486.5424633026123
583.843469619751
485.0645065307617
149.51109886169434
1588.698148727417
215.27934074401855
503.4604072570801
124.32861328125
708.7395191192627
241.15633964538574
1812.481164932251
184.63683128356934
261.6767883300781
716.4764404296875
887.2067928314209
133.25262069702148
615.7195568084717
633.404016494751
160.55941581726074
211.68756484985352
163.5897159576416
353.09433937072754
441.054105758667
174.2095947265625
1040.069580078125
633.4884166717529
1161.7703437805176
167.84405708312988
392.3840522766113
276.39126777648926
370.6676959991455
233.63685607910156
827.3265361785889
840.4676914215088
535.759449005127
1783.8530540466309
319.1859722137451
979.9182415008545
365.8785820007324
712.8188610076904
206.45570755004883
279.54649925231934
283.3549976348877
1189.1748905181885
1045.3290939331055
1936.363935470581
1026.0088443756104
318.5608386993408
193.30573081970215
625.0591278076172
199.3887424468994
557.544469833374
539.7899150848389
726.1791229248047
1604.6628952026367
151.6578197479248
218.68276596069336
2537.5418663024902
322.85094261169434
715.524435043335
2239.6185398101807
497.13850021362305
685.821533203125
247.65753746032715
310.4743957519531
490.5219078063965
391.0059928894043
537.545919418335
449.2919445037842
137.3136043548584
914.0188694000244
1327.2998332977295
169.19732093811035
905.7292938232422
160.16578674316406
614.7494316101074
163.6676788330078
1369.2898750305176
861.2143993377686
2763.9265060424805
143.48483085632324
150.68984031677246
178.50494384765625
334.6719741821289
1694.9472427368164
142.44842529296875
1266.1864757537842
1423.417329788208
178.47800254821777
285.7522964477539
165.2050018310547
1352.102518081665
152.30202674865723
430.70077896118164
149.14274215698242
234.7719669342041
175.91404914855957
249.18770790100098
329.3752670288086
986.175537109375
1126.9397735595703
820.8239078521729
507.53045082092285
438.3108615875244
688.124418258667
239.77065086364746
327.58450508117676
2100.9390354156494
1115.6413555145264
640.6614780426025
1390.4476165771484
2384.556770324707
285.5570316314697
438.7645721435547
576.7335891723633
391.91722869873047
159.44433212280273
196.98023796081543
1063.936471939087
199.5103359222412
484.69042778015137
724.6501445770264
162.53042221069336
1157.7279567718506
234.01260375976562
140.89655876159668
230.12447357177734
139.23907279968262
222.35870361328125
150.08974075317383
1179.466724395752
237.66136169433594
188.42005729675293
186.051607131958
228.67369651794434
164.11423683166504
138.72361183166504
1187.8528594970703
454.27584648132324
287.13297843933105
511.2438201904297
202.90017127990723
182.54590034484863
154.04295921325684
1280.2164554595947
1329.3087482452393
2566.711664199829
166.4590835571289
163.99765014648438
284.55400466918945
136.53850555419922
2226.0937690734863
196.8553066253662
970.3552722930908
130.62620162963867
2917.592763900757
147.7642059326172
350.0370979309082
720.0648784637451
219.88439559936523
253.81946563720703
655.921220779419
278.2294750213623
168.55788230895996
424.0550994873047
206.1748504638672
360.98575592041016
237.05577850341797
618.6540126800537
2455.585479736328
142.26770401000977
464.644193649292
917.9790019989014
224.86495971679688
942.3317909240723
215.74831008911133
445.1415538787842
498.78478050231934
145.52879333496094
185.7457160949707
1047.7397441864014
198.69518280029297
307.3751926422119
340.6386375427246
616.6033744812012
148.00786972045898
286.6082191467285
813.950777053833
212.11814880371094
150.27999877929688
211.17162704467773
283.0085754394531
2116.878032684326
166.60308837890625
407.8338146209717
390.427827835083
164.66736793518066
405.47752380371094
590.6741619110107
365.9043312072754
372.99585342407227
398.4644412994385
232.65838623046875
417.10805892944336
296.4329719543457
1062.711477279663
1394.7787284851074
231.7366600036621
654.0687084197998
213.03224563598633
145.37382125854492
257.79175758361816
131.80923461914062
693.7329769134521
325.2828121185303
1187.5674724578857
216.54796600341797
1232.2757244110107
502.5970935821533
334.54394340515137
600.6467342376709
1194.735050201416
144.26565170288086
137.00485229492188
503.88407707214355
277.9242992401123
365.19646644592285
563.2126331329346
164.17574882507324
1022.1319198608398
164.68071937561035
846.4095592498779
360.73803901672363
943.7973499298096
1043.2887077331543
168.93577575683594
231.63247108459473
676.4435768127441
666.454553604126
2154.6013355255127
320.35017013549805
776.7174243927002
346.59266471862793
217.3316478729248
310.560941696167
271.09837532043457
2067.2519207000732
608.4957122802734
185.8530044555664
268.88322830200195
149.2176055908203
1622.133731842041
362.80155181884766
1331.3322067260742
1320.1472759246826
1534.9998474121094
163.8340950012207
137.74967193603516
334.35511589050293
275.46143531799316
271.06738090515137
187.91890144348145
130.18226623535156
2027.846336364746
597.8622436523438
784.8556041717529
772.4826335906982
552.0443916320801
169.40712928771973
144.59848403930664
197.59368896484375
173.9063262939453
300.3425598144531
210.7245922088623
233.2618236541748
1045.9723472595215
255.74755668640137
1992.7477836608887
1060.758113861084
355.0071716308594
3168.3263778686523
2472.8457927703857
493.34049224853516
835.8047008514404
779.573917388916
214.0648365020752
271.01707458496094
662.5630855560303
147.3555564880371
578.8557529449463
243.78108978271484
2174.6177673339844
423.10285568237305
355.35216331481934
3310.051679611206
195.57976722717285
545.0527667999268
299.6673583984375
1954.8490047454834
914.9703979492188
155.92145919799805
180.29022216796875
2157.5264930725098
1569.563388824463
311.481237411499
195.68872451782227
262.0282173156738
225.30341148376465
208.37092399597168
695.3399181365967
188.6615753173828
157.80353546142578
135.45799255371094
1025.3143310546875
231.83536529541016
1278.7528038024902
151.76939964294434
2752.3891925811768
462.45574951171875
163.7568473815918
258.32486152648926
163.7883186340332
1243.8530921936035
156.08763694763184
153.37085723876953
397.86672592163086
1281.5868854522705
1900.9621143341064
1106.6107749938965
290.50660133361816
239.6988868713379
631.0055255889893
352.86760330200195
158.69140625
268.4309482574463
576.3692855834961
848.1559753417969
139.6198272705078
315.6857490539551
1314.5349025726318
214.37907218933105
273.526668548584
338.043212890625
2025.9356498718262
280.38907051086426
386.34419441223145
364.29858207702637
143.9836025238037
157.23752975463867
317.8274631500244
1302.8342723846436
809.3142509460449
154.03079986572266
297.37329483032227
200.5000114440918
441.01619720458984
615.9720420837402
2883.0790519714355
207.64946937561035
389.2374038696289
164.17622566223145
487.93649673461914
175.17781257629395
313.4617805480957
290.7700538635254
729.0019989013672
1107.8343391418457
2548.8178730010986
810.3921413421631
282.90605545043945
142.33064651489258
178.0078411102295
191.29204750061035
1152.2505283355713
1715.7700061798096
264.8317813873291
2021.028757095337
643.4412002563477
242.37799644470215
204.82707023620605
2632.279396057129
289.5693778991699
817.9643154144287
2710.070848464966
772.7277278900146
1070.2600479125977
2519.580125808716
676.4261722564697
329.8189640045166
734.7893714904785
215.3947353363037
210.25371551513672
833.7483406066895
138.49472999572754
137.7882957458496
167.90270805358887
1561.1026287078857
393.5275077819824
2187.0768070220947
904.3116569519043
137.34865188598633
1056.2326908111572
189.53418731689453
511.5237236022949
172.6088523864746
281.292200088501
139.32037353515625
210.05845069885254
787.5375747680664
320.5077648162842
1810.4376792907715
1358.3683967590332
235.6884479522705
161.42654418945312
194.5497989654541
829.6520709991455
195.68872451782227
181.08439445495605
904.7963619232178
2237.8556728363037
394.9110507965088
1331.4356803894043
823.4081268310547
565.3448104858398
207.04197883605957
330.1239013671875
1153.7659168243408
138.96656036376953
1529.409646987915
149.08432960510254
926.4712333679199
790.459156036377
168.58553886413574
245.3296184539795
186.26022338867188
141.0510540008545
1927.814245223999
327.42834091186523
343.9822196960449
2168.15185546875
1152.5123119354248
254.1482448577881
2291.9561862945557
599.7598171234131
203.42683792114258
1284.2583656311035
563.8270378112793
291.4462089538574
177.9177188873291
217.49639511108398
178.0235767364502
125.73409080505371
162.398099899292
1331.7809104919434
300.3690242767334
467.0557975769043
180.633544921875
263.52548599243164
383.5587501525879
1483.795166015625
585.2937698364258
225.7823944091797
225.72827339172363
1702.0471096038818
1954.3190002441406
519.8473930358887
1130.2261352539062
1930.9699535369873
147.31788635253906
2032.2399139404297
300.3978729248047
1012.176513671875
838.6433124542236
412.106990814209
344.88606452941895
2596.508502960205
202.29840278625488
576.9734382629395
606.4333915710449
307.09028244018555
396.82888984680176
164.48211669921875
454.88977432250977
287.93931007385254
167.25587844848633
829.0271759033203
775.5868434906006
478.5914421081543
1196.4695453643799
667.7560806274414
524.8928070068359
564.659595489502
151.48353576660156
133.15486907958984
578.6757469177246
155.5933952331543
150.53772926330566
1348.6135005950928
1662.6861095428467
690.8752918243408
923.6011505126953
326.01141929626465
143.3389186859131
312.8635883331299
149.97529983520508
1318.8488483428955
755.528450012207
197.98684120178223
296.8270778656006
843.080997467041
2655.9486389160156
949.4760036468506
662.4288558959961
544.7070598602295
304.9592971801758
150.4831314086914
1493.138074874878
347.86343574523926
733.5216999053955
743.4642314910889
138.70477676391602
321.58613204956055
1362.3404502868652
230.20505905151367
343.40882301330566
247.0715045928955
246.84834480285645
172.03664779663086
563.7197494506836
723.562479019165
248.43311309814453
207.6733112335205
229.38060760498047
321.5301036834717
524.529218673706
782.5908660888672
319.9028968811035
1091.6647911071777
402.04548835754395
332.61966705322266
198.13179969787598
137.92705535888672
852.9002666473389
157.393217086792
599.6372699737549
873.1191158294678
156.57615661621094
2089.153051376343
447.88193702697754
3283.952236175537
1871.7608451843262
1380.3527355194092
239.77899551391602
530.5254459381104
186.8915557861328
1248.3525276184082
306.4098358154297
175.2021312713623
158.62178802490234
200.63304901123047
147.84622192382812
1955.538034439087
202.50916481018066
329.71739768981934
2242.0549392700195
3399.205446243286
2422.473907470703
151.86333656311035
1359.7753047943115
492.66529083251953
342.97823905944824
204.5726776123047
372.0521926879883
151.7033576965332
315.83428382873535
381.84285163879395
333.16922187805176
177.01268196105957
162.33325004577637
320.6484317779541
381.4733028411865
220.29709815979004
961.4710807800293
196.9912052154541
188.21001052856445
1547.365427017212
318.8433647155762
353.344202041626
203.8722038269043
131.79898262023926
2135.134696960449
131.79945945739746
302.72459983825684
797.3384857177734
1729.6855449676514
344.771146774292
380.92923164367676
1865.9191131591797
209.44952964782715
462.0044231414795
141.9060230255127
1004.6091079711914
758.3234310150146
279.2398929595947
248.7325668334961
172.49131202697754
344.99120712280273
621.5362548828125
868.8843250274658
1151.221513748169
205.3077220916748
1464.3800258636475
157.19890594482422
264.30654525756836
190.03891944885254
216.8424129486084
658.3373546600342
190.40155410766602
241.8649196624756
806.0526847839355
296.4661121368408
190.77038764953613
618.9472675323486
208.17184448242188
1439.00465965271
195.35136222839355
151.6439914703369
1465.6457901000977
2432.7492713928223
491.85729026794434
605.7517528533936
1666.8331623077393
1553.5519123077393
151.89218521118164
1149.7471332550049
864.511251449585
153.7320613861084
149.63507652282715
781.7397117614746
923.5434532165527
218.0466651916504
1225.9833812713623
171.614408493042
282.4513912200928
2033.9179039001465
1129.622459411621
1170.8762645721436
587.2690677642822
328.8693428039551
180.8316707611084
1066.0789012908936
156.2812328338623
154.49047088623047
166.9611930847168
847.2657203674316
214.89644050598145
236.4945411682129
832.7541351318359
2621.9630241394043
1649.6813297271729
193.69196891784668
176.37228965759277
177.05678939819336
296.7028617858887
639.4693851470947
182.23071098327637
358.9475154876709
231.51922225952148
250.5180835723877
145.63870429992676
600.4343032836914
1314.0945434570312
144.95611190795898
188.07220458984375
144.44375038146973
1311.7930889129639
483.5500717163086
854.7501564025879
252.59733200073242
694.5779323577881
131.24656677246094
585.4763984680176
191.77842140197754
156.4028263092041
392.2007083892822
187.8378391265869
318.56298446655273
166.14699363708496
154.65331077575684
436.09094619750977
1375.6113052368164
673.4135150909424
649.0893363952637
161.93032264709473
788.9754772186279
144.94085311889648
405.7281017303467
194.53191757202148
998.4643459320068
162.33420372009277
1259.641408920288
182.02805519104004
424.35359954833984
164.3517017364502
303.5752773284912
836.2991809844971
1195.6555843353271
384.2613697052002
1434.6649646759033
413.82598876953125
317.3632621765137
671.0455417633057
642.6742076873779
254.47845458984375
1473.447561264038
228.6238670349121
2937.274694442749
134.82046127319336
213.05060386657715
1099.7962951660156
159.3794822692871
752.6712417602539
1168.4730052947998
190.3078556060791
564.0802383422852
240.28921127319336
256.72388076782227
552.1538257598877
143.60570907592773
1633.047103881836
240.76032638549805
1229.8238277435303
302.22344398498535
1971.7543125152588
595.3545570373535
223.66929054260254
214.34807777404785
184.98730659484863
1403.6529064178467
593.5046672821045
831.6128253936768
1538.0761623382568
1297.2278594970703
142.16327667236328
142.20452308654785
235.67652702331543
587.1992111206055
179.610013961792
212.4330997467041
258.69226455688477
242.54608154296875
1382.4100494384766
610.8922958374023
167.10567474365234
236.4647388458252
434.9935054779053
1250.5266666412354
855.9532165527344
237.25080490112305
1042.8202152252197
556.8485260009766
2460.012912750244
632.6198577880859
769.7644233703613
1618.1037425994873
1103.1107902526855
499.4549751281738
533.83469581604
186.2030029296875
574.9194622039795
468.8119888305664
516.9332027435303
1005.6612491607666
376.1107921600342
1262.2637748718262
998.1412887573242
2610.7683181762695
1100.5580425262451
192.83270835876465
300.2960681915283
168.5934066772461
855.1249504089355
191.26605987548828
1048.4356880187988
2273.8988399505615
838.9132022857666
187.35265731811523
1078.883171081543
418.1935787200928
269.9251174926758
864.8331165313721
306.96868896484375
139.12558555603027
1119.6300983428955
1835.9155654907227
208.33897590637207
251.9817352294922
869.948148727417
137.6821994781494
143.3415412902832
170.85528373718262
254.33850288391113
885.1473331451416
163.38276863098145
164.3044948577881
323.108434677124
235.26883125305176
249.42350387573242
656.4910411834717
1659.9068641662598
2159.6128940582275
438.9770030975342
149.3232250213623
629.4209957122803
393.6288356781006
169.6925163269043
891.2289142608643
281.343936920166
2003.525733947754
614.5644187927246
524.2421627044678
169.9976921081543
1738.649606704712
188.645601272583
245.56350708007812
1582.629680633545
192.88325309753418
213.16790580749512
175.0807762145996
201.04169845581055
271.40069007873535
3047.968626022339
374.9864101409912
277.6646614074707
518.364667892456
1694.0348148345947
564.2578601837158
366.1196231842041
197.45349884033203
153.29217910766602
417.39940643310547
174.60250854492188
632.915735244751
147.01485633850098
474.4677543640137
978.1200885772705
205.60240745544434
156.29315376281738
147.9666233062744
1494.3649768829346
570.4867839813232
1205.5609226226807
257.4269771575928
147.86696434020996
463.95158767700195
172.01924324035645
169.24643516540527
583.1613540649414
175.11582374572754
250.10108947753906
187.1049404144287
1706.1338424682617
257.71260261535645
142.1678066253662
315.48190116882324
2687.706470489502
143.77498626708984
178.5564422607422
745.7020282745361
189.55230712890625
759.8299980163574
551.344633102417
1306.1823844909668
470.8132743835449
162.29557991027832
300.16303062438965
159.86132621765137
192.3689842224121
1330.2662372589111
2899.5609283447266
820.2915191650391
256.939172744751
512.7062797546387
2264.9879455566406
245.42570114135742
1257.9193115234375
246.7823028564453
204.270601272583
1805.833101272583
294.161319732666
256.8790912628174
160.21370887756348
3353.557586669922
225.7826328277588
196.3942050933838
153.31101417541504
792.7157878875732
186.19370460510254
238.61360549926758
949.8929977416992
545.5355644226074
1575.1101970672607
2257.814645767212
142.10939407348633
237.25318908691406
308.058500289917
154.21438217163086
455.97386360168457
264.6753787994385
300.40812492370605
185.14013290405273
1961.6138935089111
246.1535930633545
227.4613380432129
281.0678482055664
226.4273166656494
2048.705577850342
1535.8617305755615
148.09465408325195
419.4633960723877
146.1963653564453
1925.6906509399414
330.86609840393066
183.28332901000977
184.5083236694336
798.8245487213135
749.7246265411377
900.1328945159912
2199.247121810913
315.7360553741455
1965.4827117919922
188.24219703674316
316.93387031555176
277.21619606018066
277.25768089294434
133.80813598632812
572.7546215057373
124.08590316772461
217.75126457214355
182.21521377563477
888.270378112793
215.33441543579102
1168.3931350708008
1916.480541229248
250.82659721374512
1161.266803741455
1204.432487487793
524.6882438659668
2730.3853034973145
606.2686443328857
273.04697036743164
1492.6795959472656
460.3719711303711
262.12430000305176
153.55396270751953
160.4146957397461
175.0195026397705
1187.6263618469238
2116.2407398223877
1154.7787189483643
1907.5007438659668
400.7906913757324
237.52188682556152
1064.793348312378
1830.3956985473633
196.22492790222168
346.3408946990967
1080.0950527191162
302.74319648742676
650.618314743042
685.2006912231445
345.5648422241211
127.00986862182617
156.32367134094238
666.3227081298828
232.51819610595703
560.2269172668457
822.4179744720459
144.29998397827148
139.0531063079834
182.81245231628418
130.2509307861328
184.74197387695312
220.02196311950684
2317.307710647583
188.91119956970215
130.60355186462402
221.08697891235352
347.77307510375977
752.0003318786621
1141.0794258117676
143.88060569763184
1134.6402168273926
1720.23606300354
307.3413372039795
229.45427894592285
594.8750972747803
1225.8331775665283
276.289701461792
201.00927352905273
269.2239284515381
207.89647102355957
209.3665599822998
1540.6036376953125
579.5595645904541
827.0645141601562
238.77525329589844
1432.678461074829
146.52228355407715
198.45080375671387
2492.7594661712646
177.84929275512695
846.0965156555176
593.6951637268066
838.5424613952637
203.68576049804688
2011.1453533172607
233.33168029785156
1452.1510601043701
164.57438468933105
1879.0361881256104
801.8827438354492
200.8054256439209
545.3779697418213
1184.0615272521973
149.84583854675293
361.7122173309326
136.82055473327637
1717.8480625152588
1534.2981815338135
145.7195281982422
2280.5802822113037
160.54058074951172
661.5068912506104
2709.9528312683105
1032.9625606536865
1394.2089080810547
1241.8286800384521
494.8568344116211
188.93837928771973
305.39536476135254
248.58522415161133
461.6045951843262
570.7170963287354
356.7352294921875
274.55639839172363
312.6657009124756
378.21221351623535
172.54400253295898
190.53077697753906
145.31803131103516
137.49074935913086
236.04273796081543
145.0660228729248
177.54864692687988
184.07702445983887
283.8094234466553
1302.3061752319336
527.4083614349365
281.7800045013428
2185.736894607544
1066.727638244629
193.01223754882812
160.57467460632324
2481.48512840271
2036.0045433044434
594.2227840423584
253.74317169189453
495.8343505859375
2656.0182571411133
733.3235740661621
1615.013837814331
304.54182624816895
1371.0856437683105
186.3412857055664
693.0358409881592
479.30312156677246
1166.0664081573486
1067.418098449707
1165.4000282287598
280.9712886810303
175.5046844482422
155.86328506469727
737.8075122833252
207.9756259918213
191.90216064453125
454.118013381958
382.19547271728516
134.1850757598877
175.21119117736816
251.2524127960205
1235.0904941558838
475.3613471984863
227.19526290893555
650.827169418335
650.0968933105469
132.6746940612793
2170.5024242401123
2004.809856414795
171.09203338623047
388.31615447998047
1336.9359970092773
160.569429397583
241.48821830749512
634.9878311157227
2460.9627723693848
225.4493236541748
242.02275276184082
1387.1772289276123
2522.8705406188965
141.64304733276367
176.10764503479004
1058.4819316864014
436.8925094604492
168.91121864318848
141.81852340698242
184.83448028564453
281.1853885650635
148.62537384033203
345.3502655029297
2072.2718238830566
1259.8583698272705
146.1660861968994
396.2061405181885
134.28473472595215
787.13059425354
1309.4065189361572
200.23751258850098
353.0595302581787
754.3113231658936
170.26638984680176
624.9270439147949
159.75141525268555
1117.1939373016357
194.34595108032227
256.5581798553467
224.65252876281738
576.6751766204834
635.7631683349609
358.5247993469238
1745.2125549316406
224.2753505706787
145.1573371887207
173.97117614746094
998.6577033996582
1108.9630126953125
266.8955326080322
231.53924942016602
175.84586143493652
953.7136554718018
323.09412956237793
575.1237869262695
822.655439376831
532.1941375732422
1677.159309387207
231.11271858215332
882.0915222167969
133.89849662780762
378.01361083984375
152.90021896362305
223.96278381347656
1528.4554958343506
