652.0202159881592
1392.6713466644287
328.71365547180176
683.7124824523926
224.71261024475098
548.1538772583008
712.5158309936523
1114.422082901001
679.293155670166
2037.247657775879
365.9515380859375
355.4198741912842
1216.5184020996094
184.0343475341797
643.5585021972656
347.1202850341797
649.9481201171875
1182.830810546875
1101.2368202209473
1128.5786628723145
516.0720348358154
574.4922161102295
325.55103302001953
1081.6090106964111
185.59861183166504
521.8319892883301
2925.8298873901367
361.30785942077637
1120.7823753356934
348.91271591186523
800.4727363586426
552.607536315918
277.35280990600586
1781.8424701690674
209.36250686645508
1834.6123695373535
4794.368505477905
258.08167457580566
353.06453704833984
387.5718116760254
501.57976150512695
705.8968544006348
534.8031520843506
621.1833953857422
360.4161739349365
1311.5811347961426
1177.4749755859375
1147.418737411499
214.04147148132324
327.8224468231201
151.1073112487793
447.5698471069336
975.3799438476562
434.68713760375977
638.5822296142578
472.210168838501
755.7814121246338
2188.689708709717
378.7064552307129
729.4118404388428
1539.1016006469727
955.3256034851074
488.2044792175293
256.7605972290039
711.3606929779053
794.6658134460449
1605.0987243652344
1587.7115726470947
480.4530143737793
2239.9816513061523
451.155424118042
597.8443622589111
456.50243759155273
467.73529052734375
1757.1394443511963
587.446928024292
455.2266597747803
2166.067600250244
559.5986843109131
327.82816886901855
492.4583435058594
357.2125434875488
1146.6615200042725
1746.8137741088867
1906.2869548797607
258.2588195800781
2293.227195739746
2056.1983585357666
433.6268901824951
784.7387790679932
373.49438667297363
1213.958740234375
1079.3828964233398
1819.2024230957031
1799.950361251831
245.64409255981445
976.5753746032715
346.2529182434082
2441.9519901275635
1827.5203704833984
451.34425163269043
849.2789268493652
261.86442375183105
817.5570964813232
298.74610900878906
881.8702697753906
566.9305324554443
493.0877685546875
1668.865442276001
780.2457809448242
1120.1207637786865
543.1544780731201
1760.8497142791748
2429.133415222168
1587.0835781097412
3392.1945095062256
529.3118953704834
310.86063385009766
1475.4207134246826
1201.8978595733643
1147.202730178833
4881.6282749176025
159.0859889984131
486.5443706512451
339.2040729522705
2171.279191970825
907.0603847503662
399.1086483001709
976.6757488250732
1281.2557220458984
314.29266929626465
870.8381652832031
1409.2271327972412
388.0031108856201
2489.391565322876
1171.1134910583496
171.38957977294922
1031.172275543213
516.594648361206
726.503849029541
3458.8444232940674
1610.583782196045
373.5013008117676
1165.0125980377197
641.6003704071045
2445.5060958862305
1384.9530220031738
1215.7087326049805
1391.7789459228516
2604.1572093963623
442.5997734069824
2894.2503929138184
1167.069673538208
266.7088508605957
404.7207832336426
500.28300285339355
1065.8683776855469
665.1325225830078
905.4179191589355
492.9943084716797
792.3569679260254
241.7914867401123
1605.672836303711
412.46843338012695
1908.4956645965576
425.9634017944336
761.5764141082764
801.3632297515869
452.9073238372803
353.47986221313477
230.02219200134277
284.2593193054199
242.25640296936035
396.7573642730713
316.1122798919678
542.7343845367432
460.57891845703125
935.8439445495605
1002.5370121002197
697.9162693023682
400.80714225769043
867.4194812774658
1399.195909500122
874.8540878295898
493.9563274383545
496.9182014465332
759.2339515686035
380.89942932128906
292.51861572265625
586.4078998565674
707.2501182556152
471.7884063720703
490.7336235046387
474.6391773223877
201.9486427307129
3139.256238937378
612.5752925872803
891.2832736968994
922.6734638214111
4044.2192554473877
1340.423822402954
941.3356781005859
1115.9679889678955
2003.174066543579
626.99294090271
784.2788696289062
1175.8239269256592
786.5850925445557
1402.4744033813477
793.8048839569092
455.89470863342285
890.2232646942139
404.6299457550049
429.9345016479492
1169.4927215576172
859.1232299804688
359.4851493835449
436.5842342376709
1141.6103839874268
234.84086990356445
1150.8395671844482
1080.8284282684326
948.7228393554688
442.0347213745117
922.8634834289551
347.10693359375
680.2904605865479
994.2502975463867
787.9087924957275
237.3356819152832
631.6094398498535
168.71976852416992
2122.1845149993896
1124.5307922363281
416.5761470794678
287.84775733947754
401.03721618652344
1534.2912673950195
686.9070529937744
5264.908313751221
734.6193790435791
401.6573429107666
1176.6831874847412
916.0144329071045
329.35118675231934
1818.4447288513184
402.51803398132324
376.59597396850586
351.1776924133301
933.1841468811035
540.5793190002441
1022.0582485198975
293.84422302246094
768.8198089599609
1500.4992485046387
1094.3808555603027
418.64013671875
430.39584159851074
359.89856719970703
1013.7012004852295
1554.497480392456
494.21238899230957
804.0621280670166
1209.14888381958
1085.744857788086
780.4570198059082
1398.122787475586
2260.356903076172
3477.96368598938
760.0142955780029
240.21124839782715
381.34241104125977
135.7564926147461
1386.5132331848145
1185.180425643921
310.96434593200684
600.1796722412109
2651.1147022247314
1012.117862701416
896.3046073913574
853.2578945159912
871.3974952697754
579.9272060394287
1097.0735549926758
251.27744674682617
579.0555477142334
204.07676696777344
744.8329925537109
972.3184108734131
349.40314292907715
1109.5004081726074
829.0567398071289
194.49329376220703
2576.451301574707
861.3123893737793
654.9727916717529
385.56408882141113
341.982364654541
1371.1860179901123
564.007043838501
550.0280857086182
287.13297843933105
346.7986583709717
522.0215320587158
735.2745532989502
669.5480346679688
820.3670978546143
995.6228733062744
1220.4298973083496
1286.438226699829
434.73005294799805
934.0322017669678
438.0180835723877
597.0032215118408
496.2730407714844
543.6861515045166
1187.4518394470215
351.59945487976074
2300.5638122558594
1012.9661560058594
426.8636703491211
821.4645385742188
1272.040843963623
139.07527923583984
884.4106197357178
631.8690776824951
1203.1395435333252
392.84634590148926
508.3122253417969
407.8056812286377
1796.3871955871582
1235.6109619140625
451.9650936126709
1106.189250946045
1027.0259380340576
481.92715644836426
676.1214733123779
267.85993576049805
398.5252380371094
1165.2288436889648
993.4828281402588
371.173620223999
576.3735771179199
736.0320091247559
833.5549831390381
457.40675926208496
221.49395942687988
637.310266494751
1057.8844547271729
279.31833267211914
381.57081604003906
378.6008358001709
300.9326457977295
1456.117868423462
398.17166328430176
439.4252300262451
446.76709175109863
180.68981170654297
339.9159908294678
331.47239685058594
850.5411148071289
371.2301254272461
643.0983543395996
1340.8799171447754
946.1371898651123
472.5914001464844
654.1941165924072
599.7095108032227
542.593240737915
2142.1618461608887
685.2254867553711
1008.2662105560303
1316.317081451416
1601.0241508483887
435.78290939331055
2002.7334690093994
519.1969871520996
690.5767917633057
1736.3898754119873
441.0855770111084
636.7766857147217
669.1384315490723
2110.616445541382
736.7427349090576
1147.3870277404785
511.9607448577881
323.29535484313965
1482.4776649475098
532.1769714355469
547.9779243469238
1940.0310516357422
1907.1028232574463
521.3875770568848
816.4923191070557
502.8038024902344
362.49637603759766
730.4680347442627
1878.9427280426025
192.9919719696045
1686.7172718048096
729.7451496124268
927.9189109802246
505.40685653686523
564.9311542510986
1997.1168041229248
727.2162437438965
588.8581275939941
883.3069801330566
1466.4816856384277
1175.2114295959473
363.5392189025879
1533.6482524871826
341.8583869934082
1139.8382186889648
187.0269775390625
947.0148086547852
772.7727890014648
1260.9319686889648
493.85857582092285
350.10671615600586
443.0115222930908
487.5030517578125
163.47241401672363
723.1073379516602
437.915563583374
659.5449447631836
1112.6997470855713
798.1410026550293
824.8801231384277
1028.486728668213
444.3373680114746
1222.8875160217285
1575.2778053283691
420.3033447265625
213.1180763244629
670.7532405853271
1418.433666229248
282.1240425109863
652.9321670532227
933.7656497955322
1173.281192779541
3544.426441192627
973.5977649688721
444.7338581085205
591.4909839630127
1748.5759258270264
1584.5999717712402
284.4507694244385
510.251522064209
2194.664239883423
1121.1605072021484
498.74210357666016
875.0836849212646
325.73628425598145
1487.4045848846436
664.3598079681396
1937.8750324249268
673.7444400787354
523.7865447998047
278.1517505645752
772.2532749176025
751.7094612121582
644.9384689331055
294.6052551269531
1164.8077964782715
943.434476852417
803.0755519866943
281.19587898254395
476.76968574523926
567.2526359558105
477.61082649230957
562.7589225769043
858.9575290679932
1777.3213386535645
583.2760334014893
1201.958179473877
772.1176147460938
874.9220371246338
458.4524631500244
269.8550224304199
342.9231643676758
418.06697845458984
590.5804634094238
665.4682159423828
1169.7993278503418
384.4883441925049
405.0028324127197
816.0262107849121
448.85849952697754
243.83783340454102
502.5367736816406
136.46578788757324
400.67243576049805
712.885856628418
419.18396949768066
936.3710880279541
986.4709377288818
517.5447463989258
584.7299098968506
199.64313507080078
1279.9599170684814
1105.0236225128174
164.65163230895996
1021.9933986663818
147.79973030090332
4494.789600372314
207.5519561767578
473.7813472747803
363.6748790740967
1370.9619045257568
555.4921627044678
2594.074487686157
557.6410293579102
1408.803939819336
427.16288566589355
461.55762672424316
696.5122222900391
1488.5249137878418
868.4277534484863
230.49569129943848
468.1062698364258
268.33200454711914
5566.09320640564
1030.824899673462
1449.0296840667725
803.5438060760498
482.9244613647461
150.39873123168945
221.6818332672119
1128.4220218658447
307.9996109008789
292.94681549072266
370.46051025390625
812.9570484161377
1945.627212524414
278.00965309143066
534.3155860900879
330.58881759643555
1006.6502094268799
733.1123352050781
1395.0860500335693
511.2285614013672
414.28232192993164
145.9050178527832
794.0998077392578
1513.1895542144775
551.6424179077148
165.81368446350098
1039.710283279419
804.124116897583
900.3427028656006
468.5540199279785
1030.5523872375488
206.6655158996582
1299.602746963501
1500.5440711975098
810.9500408172607
842.5638675689697
163.3014678955078
1983.4568500518799
313.52972984313965
684.4136714935303
913.4030342102051
390.08307456970215
1184.1461658477783
755.9881210327148
882.9655647277832
733.142614364624
1589.4184112548828
795.3500747680664
726.7458438873291
655.616283416748
345.8695411682129
463.09542655944824
2055.102586746216
195.0669288635254
496.2162971496582
356.8589687347412
298.2218265533447
1091.2659168243408
197.13497161865234
410.7985496520996
1212.9614353179932
1234.9750995635986
608.562707901001
654.6206474304199
1617.781400680542
991.6868209838867
1418.1315898895264
2071.455240249634
849.2898941040039
283.6000919342041
433.3760738372803
1459.3722820281982
1041.0499572753906
459.00964736938477
335.0346088409424
321.134090423584
257.21096992492676
376.08838081359863
218.60027313232422
187.957763671875
756.1063766479492
1411.2939834594727
1130.2850246429443
940.0472640991211
428.1587600708008
553.0014038085938
390.58446884155273
471.1191654205322
2404.2794704437256
360.5318069458008
516.9227123260498
1072.81494140625
383.4528923034668
633.93235206604
1016.3581371307373
438.47012519836426
646.031379699707
929.316520690918
1276.9646644592285
571.1853504180908
571.9554424285889
462.9037380218506
752.6402473449707
768.7439918518066
311.2649917602539
737.0016574859619
427.4461269378662
1718.2514667510986
1476.402759552002
521.4030742645264
844.656229019165
564.1157627105713
1328.0854225158691
433.75182151794434
4243.8063621521
567.213773727417
439.62812423706055
650.7327556610107
842.0395851135254
1098.2556343078613
4782.02486038208
559.5297813415527
797.8971004486084
659.3213081359863
264.05835151672363
1308.4735870361328
229.22325134277344
2441.8458938598633
3201.0505199432373
431.7193031311035
639.5728588104248
901.287317276001
265.95544815063477
493.6361312866211
1189.7823810577393
475.6128787994385
513.3931636810303
1150.8817672729492
1145.496129989624
1166.5661334991455
542.9024696350098
644.9451446533203
2104.274034500122
532.8969955444336
1407.3193073272705
924.6089458465576
241.04881286621094
578.974723815918
379.75144386291504
609.3270778656006
329.2410373687744
718.299388885498
369.1403865814209
1438.4856224060059
443.18294525146484
536.0333919525146
234.6043586730957
1055.5143356323242
690.7880306243896
1441.7541027069092
792.4675941467285
688.417911529541
2708.1050872802734
232.7115535736084
188.9514923095703
413.22898864746094
234.41076278686523
1130.5689811706543
804.0759563446045
281.34751319885254
206.24709129333496
674.5011806488037
582.3972225189209
1557.4984550476074
360.762357711792
1555.586338043213
398.59628677368164
711.6124629974365
545.0680255889893
886.2078189849854
608.5240840911865
1165.0009155273438
1973.6979007720947
732.6772212982178
1164.7429466247559
1066.0879611968994
4001.6520023345947
1125.8931159973145
875.0033378601074
906.6512584686279
695.7778930664062
590.9619331359863
209.43593978881836
518.00537109375
365.142822265625
386.3794803619385
2311.4614486694336
1175.5123138427734
2211.5530967712402
1024.1813659667969
1098.311185836792
934.5974922180176
368.22509765625
2544.3692207336426
622.1199035644531
1127.6826858520508
1141.0574913024902
388.48137855529785
421.7066764831543
2401.834487915039
1364.699363708496
374.85718727111816
306.0896396636963
799.144983291626
1430.6526184082031
1015.3701305389404
499.6812343597412
573.0352401733398
250.6735324859619
284.06405448913574
1502.685546875
334.61976051330566
455.8725357055664
2041.1581993103027
334.6254825592041
2465.2092456817627
1048.081874847412
438.1575584411621
365.5428886413574
4160.33148765564
391.87097549438477
901.5491008758545
199.90992546081543
1321.1500644683838
1004.6701431274414
381.4809322357178
250.77319145202637
691.3464069366455
2062.169313430786
2482.0549488067627
851.6314029693604
594.2435264587402
650.202751159668
2594.614267349243
166.90540313720703
272.7663516998291
362.1089458465576
469.10881996154785
190.60993194580078
918.3628559112549
483.386754989624
1330.9111595153809
448.150634765625
233.85930061340332
514.3654346466064
563.0981922149658
341.0062789916992
843.8305854797363
1007.5511932373047
1458.9571952819824
319.77176666259766
868.1905269622803
843.3470726013184
338.5472297668457
323.580265045166
390.0175094604492
210.07204055786133
385.39981842041016
336.5039825439453
206.44378662109375
1130.7563781738281
817.4343109130859
734.642505645752
1613.8417720794678
822.8805065155029
356.60529136657715
1329.8826217651367
298.0937957763672
423.2902526855469
452.41546630859375
409.99436378479004
343.0359363555908
843.9359664916992
794.367790222168
706.6733837127686
832.9079151153564
211.58957481384277
371.2048530578613
729.0859222412109
937.8385543823242
1012.1119022369385
470.33190727233887
482.7859401702881
474.6415615081787
756.4811706542969
486.5875244140625
368.82662773132324
577.8722763061523
662.1763706207275
572.2272396087646
2149.3537425994873
361.15384101867676
599.4997024536133
594.369649887085
237.02335357666016
1956.9387435913086
952.4674415588379
1364.1119003295898
2977.8308868408203
2168.433666229248
644.3314552307129
1122.0729351043701
465.05165100097656
1982.8627109527588
768.4271335601807
444.2784786224365
357.00178146362305
655.00807762146
769.2751884460449
257.54308700561523
851.4649868011475
985.8324527740479
534.2578887939453
1214.134931564331
264.6193504333496
1612.2326850891113
863.4376525878906
1520.0910568237305
663.3346080780029
601.7630100250244
2706.0511112213135
1132.5628757476807
713.9008045196533
362.90836334228516
476.9604206085205
320.9061622619629
337.9058837890625
365.4797077178955
685.6577396392822
592.4017429351807
1083.9693546295166
4306.743144989014
429.3529987335205
1470.6833362579346
1180.809497833252
537.9533767700195
348.114013671875
1723.5372066497803
1214.298963546753
3384.6962451934814
802.2935390472412
790.7843589782715
702.8791904449463
436.00964546203613
1138.0362510681152
1120.8248138427734
443.22896003723145
508.2278251647949
462.09001541137695
699.1515159606934
1110.6829643249512
951.1091709136963
733.0243587493896
229.38299179077148
389.54615592956543
415.6315326690674
2439.889669418335
393.7695026397705
1393.2199478149414
449.25618171691895
1964.2267227172852
3340.7135009765625
1178.5457134246826
642.4441337585449
979.4902801513672
563.1544589996338
623.030424118042
1163.7802124023438
3860.55064201355
632.0762634277344
1087.3489379882812
421.0662841796875
369.9955940246582
569.0510272979736
933.8369369506836
282.22107887268066
426.2206554412842
693.7191486358643
1875.4065036773682
434.3838691711426
3245.0149059295654
1110.0096702575684
688.8070106506348
402.10962295532227
572.4365711212158
269.82855796813965
1524.3501663208008
305.4356575012207
783.2870483398438
817.6248073577881
315.64855575561523
975.3289222717285
497.8351593017578
699.444055557251
559.1983795166016
1638.2806301116943
905.0116539001465
2277.1716117858887
698.979377746582
278.46527099609375
1006.3943862915039
585.0269794464111
394.42896842956543
369.5526123046875
266.88456535339355
505.56325912475586
996.3126182556152
844.8853492736816
1046.7910766601562
597.2661972045898
1715.2533531188965
2618.877410888672
819.3166255950928
1743.2613372802734
1432.5940608978271
735.5458736419678
1350.0103950500488
476.17268562316895
965.9044742584229
569.4615840911865
548.0213165283203
1239.6655082702637
1452.2638320922852
262.62450218200684
532.6809883117676
617.3136234283447
294.6891784667969
622.9515075683594
759.6819400787354
737.6856803894043
767.6630020141602
326.8005847930908
430.19556999206543
1802.4568557739258
1098.8821983337402
588.0839824676514
522.2036838531494
494.9758052825928
429.7904968261719
414.60299491882324
175.05192756652832
417.13786125183105
966.4745330810547
767.0242786407471
338.2289409637451
381.0608386993408
352.586030960083
1135.1807117462158
517.7450180053711
1533.2493782043457
236.33909225463867
1310.523271560669
2048.203468322754
192.11602210998535
843.6517715454102
788.275957107544
694.9582099914551
909.5220565795898
431.79845809936523
652.8506278991699
924.6714115142822
1674.6718883514404
892.6653861999512
504.3959617614746
1222.5611209869385
1500.9493827819824
504.27937507629395
368.25108528137207
476.76825523376465
1359.5871925354004
317.7807331085205
1071.8305110931396
433.8052272796631
631.2069892883301
310.66274642944336
1178.5500049591064
620.211124420166
941.0970211029053
893.7962055206299
2666.543960571289
4881.528854370117
332.0498466491699
346.8434810638428
396.53992652893066
690.0360584259033
434.57794189453125
1011.9092464447021
902.029275894165
533.2427024841309
1173.3520030975342
1274.5530605316162
820.2643394470215
2019.6917057037354
554.3169975280762
472.1531867980957
1511.8865966796875
397.838830947876
571.3262557983398
1178.389549255371
511.9764804840088
178.15423011779785
192.21258163452148
2348.5331535339355
159.9712371826172
484.3413829803467
677.8485774993896
324.753999710083
336.40551567077637
1165.9388542175293
919.8863506317139
1409.606695175171
479.44092750549316
173.4001636505127
2419.069766998291
315.2914047241211
394.18578147888184
757.7753067016602
264.81056213378906
302.5174140930176
398.5121250152588
1109.6773147583008
401.6916751861572
2797.839879989624
217.90242195129395
861.5155220031738
646.369218826294
433.9032173156738
1150.3231525421143
1515.002965927124
1413.482427597046
333.636999130249
350.9376049041748
689.3918514251709
768.587589263916
2778.6459922790527
1837.5699520111084
1530.4582118988037
2433.2895278930664
750.9326934814453
769.0432071685791
975.1467704772949
2072.551488876343
1455.0621509552002
1346.8093872070312
166.4571762084961
533.8568687438965
708.6701393127441
408.22720527648926
813.4996891021729
370.5027103424072
463.83213996887207
1347.968578338623
2403.5911560058594
746.5593814849854
1044.9657440185547
225.2657413482666
502.988338470459
1562.516450881958
839.8661613464355
878.803014755249
1110.2139949798584
545.0239181518555
658.6079597473145
889.6453380584717
713.2794857025146
342.6074981689453
1137.617588043213
2808.267593383789
458.66918563842773
664.1542911529541
305.85384368896484
653.9425849914551
330.8076858520508
1574.8965740203857
628.2432079315186
952.5606632232666
503.5817623138428
2343.22190284729
194.5207118988037
344.0084457397461
2450.709104537964
1115.5593395233154
548.9635467529297
3579.396963119507
2005.7158470153809
854.6302318572998
237.04814910888672
474.1983413696289
1118.4132099151611
2537.8499031066895
904.327392578125
701.0705471038818
1003.4446716308594
277.89902687072754
661.0755920410156
404.31904792785645
1109.041452407837
955.7437896728516
274.6560573577881
691.3208961486816
1356.553316116333
741.4021492004395
1085.87646484375
762.5799179077148
1960.8831405639648
279.3614864349365
460.18385887145996
1111.2465858459473
464.6914005279541
700.3686428070068
935.0383281707764
1374.8672008514404
962.1493816375732
428.30514907836914
316.35236740112305
422.5780963897705
721.1565971374512
525.3381729125977
464.2610549926758
759.0115070343018
527.9357433319092
551.0780811309814
364.1383647918701
850.7986068725586
640.8514976501465
208.30631256103516
647.5841999053955
932.6000213623047
1237.4346256256104
314.8822784423828
188.57312202453613
1312.7350807189941
1069.4177150726318
1393.4462070465088
227.66876220703125
805.988073348999
407.5591564178467
437.3209476470947
768.6073780059814
1019.9100971221924
2572.436809539795
2551.262617111206
858.2227230072021
523.7972736358643
341.65287017822266
338.35768699645996
427.1883964538574
604.731559753418
1112.220287322998
224.5962619781494
496.25563621520996
828.8605213165283
698.9874839782715
1111.0377311706543
359.7424030303955
791.5899753570557
754.9111843109131
369.58813667297363
1144.3219184875488
486.7212772369385
157.56511688232422
559.3259334564209
584.8793983459473
1464.5578861236572
2112.1246814727783
369.0941333770752
905.7872295379639
290.6668186187744
2369.4136142730713
1002.9323101043701
438.07220458984375
3120.7265853881836
391.1397457122803
606.9092750549316
933.2702159881592
736.9186878204346
309.5684051513672
554.5177459716797
1447.814702987671
164.1232967376709
1785.127878189087
689.7075176239014
1902.6200771331787
1455.6941986083984
826.3719081878662
963.801383972168
781.7678451538086
1755.5530071258545
536.8001461029053
507.3516368865967
1288.0446910858154
751.6427040100098
758.4404945373535
956.7570686340332
743.4344291687012
1009.6738338470459
437.26205825805664
2034.388542175293
593.5518741607666
355.14068603515625
273.0095386505127
2260.063648223877
2156.3639640808105
469.38157081604004
444.5981979370117
220.38006782531738
886.214017868042
257.91168212890625
896.0797786712646
1673.3472347259521
668.8063144683838
610.722541809082
906.193733215332
329.10990715026855
506.97970390319824
434.2186450958252
1066.8492317199707
168.07985305786133
670.7210540771484
359.7259521484375
755.8114528656006
515.4082775115967
195.2645778656006
463.5014533996582
431.1680793762207
175.91023445129395
813.6706352233887
3714.76149559021
219.38467025756836
292.33598709106445
818.3724880218506
1435.2991580963135
228.84321212768555
422.072172164917
1337.7254009246826
1640.3789520263672
847.2473621368408
389.4233703613281
401.94249153137207
473.0496406555176
524.7070789337158
990.5655384063721
2479.77614402771
1608.2913875579834
768.8732147216797
932.2633743286133
1296.4978218078613
193.0677890777588
529.421329498291
891.8569087982178
321.20251655578613
562.4442100524902
2267.2932147979736
305.544376373291
659.0895652770996
795.9282398223877
1360.7635498046875
479.2945384979248
282.4385166168213
531.623125076294
1509.376049041748
324.2840766906738
806.5900802612305
3027.7504920959473
1012.5024318695068
459.8839282989502
342.79394149780273
608.9410781860352
300.01330375671387
250.258207321167
222.45550155639648
1110.2523803710938
532.1688652038574
466.519832611084
1106.0192584991455
747.4837303161621
431.12635612487793
811.2571239471436
1299.1514205932617
919.3897247314453
600.2559661865234
317.33107566833496
1130.3293704986572
751.0256767272949
619.8389530181885
752.4023056030273
517.8432464599609
2388.577461242676
601.7770767211914
283.30230712890625
595.8423614501953
982.903242111206
668.3118343353271
878.0386447906494
213.34576606750488
403.4249782562256
884.0723037719727
442.9659843444824
992.5270080566406
1581.2029838562012
366.091251373291
240.9524917602539
282.02152252197266
617.0976161956787
457.5355052947998
460.970401763916
1918.6816215515137
700.232982635498
621.7482089996338
322.59392738342285
1137.4123096466064
575.5288600921631
263.8530731201172
200.31499862670898
405.2283763885498
798.2468605041504
211.01021766662598
459.6080780029297
1139.512300491333
254.7764778137207
534.837007522583
1700.5596160888672
601.8192768096924
493.06511878967285
1323.8334655761719
654.8449993133545
738.5294437408447
3658.078670501709
178.42769622802734
1427.2961616516113
487.7138137817383
694.1568851470947
471.3289737701416
504.9111843109131
1327.2655010223389
332.8282833099365
593.4851169586182
1048.064947128296
799.7055053710938
965.7278060913086
210.40773391723633
802.8035163879395
4615.288496017456
239.0141487121582
215.44170379638672
1219.5255756378174
411.9241237640381
670.8736419677734
1884.4363689422607
599.5464324951172
376.9855499267578
1457.3073387145996
1113.7330532073975
512.9654407501221
248.86202812194824
229.31241989135742
361.4232540130615
1516.8323516845703
515.4545307159424
1051.9917011260986
533.2231521606445
1389.9321556091309
739.264965057373
1113.656997680664
307.90114402770996
156.7976474761963
582.5378894805908
629.9281120300293
646.5244293212891
368.82877349853516
947.3938941955566
1741.6939735412598
550.2798557281494
248.8236427307129
363.065242767334
452.747106552124
1020.8113193511963
672.7025508880615
473.1593132019043
528.3496379852295
374.7234344482422
689.4958019256592
606.9583892822266
2139.983654022217
378.7524700164795
778.2502174377441
557.2881698608398
3720.452308654785
956.2618732452393
481.78696632385254
504.6200752258301
627.4259090423584
403.25069427490234
3226.789712905884
643.089771270752
317.1114921569824
732.8262329101562
1083.4152698516846
837.7561569213867
2025.0053405761719
832.8855037689209
447.51977920532227
197.50428199768066
484.4846725463867
1112.332820892334
1235.5234622955322
2058.69460105896
276.8561840057373
375.4873275756836
922.3341941833496
1169.4591045379639
934.3767166137695
482.35154151916504
977.3445129394531
1160.8567237854004
4302.581310272217
1474.301815032959
476.8719673156738
863.7213706970215
550.8334636688232
1714.8704528808594
459.9149227142334
1296.5044975280762
734.2922687530518
858.7074279785156
193.1600570678711
876.8761157989502
779.7434329986572
1523.6830711364746
1011.9941234588623
248.43811988830566
1421.7758178710938
812.0877742767334
341.6171073913574
665.9054756164551
407.7939987182617
645.4386711120605
393.6927318572998
421.28443717956543
534.609317779541
682.3430061340332
485.02111434936523
1310.365915298462
253.8931369781494
526.5018939971924
2521.690845489502
182.67250061035156
1504.4546127319336
526.2298583984375
1026.7388820648193
312.38603591918945
260.2078914642334
826.6568183898926
621.9065189361572
1116.560459136963
4075.7968425750732
2171.825885772705
1061.248540878296
396.3489532470703
272.4454402923584
1740.623950958252
225.55994987487793
972.7857112884521
968.6939716339111
643.3234214782715
2449.099063873291
860.2776527404785
1370.5217838287354
814.9607181549072
467.8819179534912
483.58869552612305
869.6079254150391
523.8673686981201
1060.9104633331299
1358.7331771850586
543.5926914215088
2323.784351348877
1157.0711135864258
349.5979309082031
550.4271984100342
289.98327255249023
1168.5278415679932
186.80429458618164
240.5714988708496
851.0704040527344
1898.3473777770996
351.69291496276855
1727.0288467407227
375.25415420532227
156.51917457580566
678.8735389709473
302.2129535675049
302.3037910461426
415.6050682067871
334.8689079284668
1392.5611972808838
2209.5987796783447
2381.6168308258057
707.8766822814941
378.0536651611328
322.1924304962158
710.0975513458252
819.4811344146729
1630.814552307129
480.24702072143555
203.59468460083008
762.6807689666748
334.45215225219727
513.5471820831299
427.04224586486816
3384.570837020874
533.0302715301514
543.0200099945068
826.4913558959961
740.1249408721924
4622.143983840942
1900.315284729004
293.1637763977051
2450.0443935394287
358.04271697998047
452.62956619262695
467.82541275024414
3232.4087619781494
2405.2443504333496
855.4811477661133
384.7179412841797
1878.1392574310303
355.79657554626465
1265.2862071990967
611.4795207977295
905.9679508209229
243.22223663330078
964.0312194824219
653.9092063903809
2422.5618839263916
881.0415267944336
1131.14595413208
529.674768447876
329.1740417480469
596.1987972259521
273.21624755859375
511.4471912384033
263.7600898742676
1270.3938484191895
356.17995262145996
1316.2009716033936
1602.163553237915
467.01836585998535
338.43278884887695
228.3008098602295
2438.202381134033
595.6454277038574
449.51534271240234
982.2568893432617
620.7571029663086
1869.3082332611084
296.64015769958496
405.5812358856201
987.6551628112793
823.2812881469727
675.2715110778809
716.813325881958
2631.4311027526855
1674.0849018096924
719.1324234008789
524.4834423065186
316.0586357116699
145.63751220703125
708.8148593902588
425.6157875061035
339.6763801574707
824.4245052337646
1167.726755142212
345.1883792877197
281.1295986175537
949.1562843322754
1019.7029113769531
860.3963851928711
429.83436584472656
2056.081771850586
796.3812351226807
655.5130481719971
599.8744964599609
956.7306041717529
181.5471649169922
896.3642120361328
349.15900230407715
1172.6841926574707
954.376220703125
1448.6258029937744
1148.4103202819824
1061.2714290618896
464.5724296569824
803.0333518981934
2036.4017486572266
905.7481288909912
1440.277338027954
565.1359558105469
313.86351585388184
223.79684448242188
289.75391387939453
577.5208473205566
1038.0947589874268
514.500617980957
412.4913215637207
1489.1552925109863
355.21841049194336
246.4921474456787
300.6901741027832
806.7047595977783
1096.0087776184082
833.3101272583008
604.4728755950928
240.42797088623047
590.1286602020264
550.7166385650635
399.822473526001
434.3409538269043
519.4888114929199
627.6383399963379
813.7390613555908
818.2845115661621
482.72180557250977
1044.245958328247
2239.992141723633
2209.7530364990234
703.3097743988037
875.7569789886475
442.2779083251953
698.4589099884033
350.41046142578125
779.9525260925293
601.1760234832764
360.93926429748535
225.50010681152344
206.64548873901367
1397.2771167755127
2331.7582607269287
433.1812858581543
437.05177307128906
348.6647605895996
755.8150291442871
1694.2894458770752
590.2433395385742
1041.7873859405518
749.2024898529053
1107.771396636963
501.9049644470215
366.5580749511719
334.09714698791504
848.5636711120605
1090.2526378631592
1189.8870468139648
978.3408641815186
1169.3825721740723
173.31480979919434
249.24969673156738
171.58126831054688
155.09319305419922
1489.9308681488037
873.8272190093994
219.58231925964355
363.5828495025635
304.1408061981201
734.2865467071533
2160.623788833618
818.2406425476074
3458.820104598999
472.40352630615234
2238.5706901550293
994.2331314086914
403.12767028808594
788.2430553436279
652.0471572875977
2679.8880100250244
507.3378086090088
306.7600727081299
194.66090202331543
141.66831970214844
785.2046489715576
453.4022808074951
1041.8264865875244
867.8202629089355
2067.077159881592
978.4789085388184
253.7059783935547
456.0713768005371
555.2725791931152
716.4187431335449
238.01875114440918
2362.1304035186768
1414.1004085540771
182.29961395263672
2654.6883583068848
502.88939476013184
469.4209098815918
764.0557289123535
401.7336368560791
1391.073226928711
457.3335647583008
556.9779872894287
960.4072570800781
1941.068410873413
3228.649854660034
291.63217544555664
871.8380928039551
263.71169090270996
661.6096496582031
1397.4566459655762
399.8291492462158
1024.7461795806885
2159.9369049072266
220.74484825134277
259.5241069793701
1555.5155277252197
457.4408531188965
852.7629375457764
915.6091213226318
2003.4890174865723
377.11620330810547
643.6538696289062
1053.6184310913086
736.426830291748
387.21346855163574
525.8386135101318
584.75661277771
305.1261901855469
1273.4088897705078
1282.6743125915527
1242.583990097046
460.74581146240234
815.4008388519287
608.4253787994385
292.3710346221924
363.0387783050537
2324.7153759002686
405.0107002258301
502.61926651000977
1718.1432247161865
3280.7860374450684
753.8943290710449
408.247709274292
184.5266819000244
543.4703826904297
939.4972324371338
635.4973316192627
215.3923511505127
1053.5132884979248
315.46998023986816
841.5875434875488
1433.844804763794
672.1830368041992
791.8546199798584
924.593448638916
478.1489372253418
816.004753112793
360.14533042907715
670.0668334960938
200.52814483642578
1124.748945236206
1813.2190704345703
1037.215232849121
1459.9108695983887
272.5350856781006
323.6093521118164
862.6670837402344
319.46277618408203
1113.152027130127
634.8483562469482
853.2142639160156
381.3021183013916
965.0774002075195
355.52239418029785
529.3903350830078
1082.878828048706
599.0750789642334
247.21693992614746
1136.1916065216064
652.6293754577637
1614.0623092651367
520.5247402191162
826.446533203125
162.54806518554688
1057.201862335205
508.47649574279785
664.1330718994141
310.70566177368164
251.6648769378662
1657.996416091919
648.0765342712402
256.3283443450928
824.1009712219238
1325.2274990081787
2924.9985218048096
739.0553951263428
1413.4109020233154
1125.335931777954
199.39899444580078
956.2747478485107
322.00169563293457
655.5783748626709
1706.2885761260986
307.91258811950684
180.40752410888672
556.5378665924072
493.3657646179199
858.712911605835
530.5092334747314
146.9266414642334
763.4131908416748
314.4547939300537
1953.7620544433594
591.8378829956055
2584.1128826141357
342.79346466064453
220.41559219360352
550.3547191619873
1287.6508235931396
909.2357158660889
827.8505802154541
6238.65532875061
1192.0976638793945
1213.5186195373535
595.3831672668457
155.91168403625488
666.0621166229248
454.90503311157227
223.66738319396973
267.23504066467285
328.6616802215576
252.33817100524902
1727.942705154419
562.5982284545898
261.9645595550537
997.3297119140625
281.1100482940674
599.0686416625977
703.8912773132324
297.3141670227051
507.45511054992676
733.9918613433838
654.5138359069824
1088.683843612671
415.61031341552734
1102.8187274932861
384.1662406921387
870.9049224853516
1877.4659633636475
711.4572525024414
757.2684288024902
1227.8378009796143
1763.8609409332275
984.2846393585205
498.1546401977539
887.2997760772705
259.05299186706543
518.5105800628662
1712.24045753479
2677.806615829468
254.3189525604248
283.34951400756836
580.6188583374023
2638.272285461426
467.69189834594727
1423.9294528961182
630.2118301391602
1081.113338470459
792.2875881195068
421.550989151001
802.2980690002441
1576.690673828125
615.1778697967529
804.572582244873
1353.865385055542
464.3082618713379
399.52707290649414
522.4647521972656
511.05356216430664
1845.0210094451904
667.2465801239014
536.9055271148682
1805.1488399505615
302.59132385253906
741.9593334197998
902.4143218994141
773.3423709869385
333.5888385772705
1888.3945941925049
523.7300395965576
412.30010986328125
739.9158477783203
1223.8435745239258
264.4951343536377
264.9872303009033
289.74223136901855
1234.2474460601807
808.0458641052246
209.17129516601562
1258.5558891296387
732.3269844055176
662.7089977264404
335.21389961242676
457.1542739868164
333.3010673522949
485.28146743774414
818.9797401428223
505.6955814361572
552.5538921356201
1013.2360458374023
433.4452152252197
2294.77858543396
255.7969093322754
210.78133583068848
1749.4990825653076
719.1259860992432
1243.330478668213
2734.4768047332764
1533.989429473877
1796.7793941497803
2343.0416584014893
502.95424461364746
166.9621467590332
610.7692718505859
179.63409423828125
179.33034896850586
241.96743965148926
975.3456115722656
1743.2787418365479
164.26634788513184
489.0785217285156
406.2361717224121
1242.2349452972412
2691.946506500244
823.807954788208
889.3489837646484
913.2709503173828
2365.98539352417
954.2903900146484
792.1288013458252
1444.2696571350098
345.6714153289795
313.4756088256836
1438.6436939239502
541.0728454589844
2006.0644149780273
732.6140403747559
450.911283493042
343.2302474975586
709.0752124786377
325.84691047668457
425.523042678833
717.4746990203857
1553.8303852081299
748.8608360290527
2650.1293182373047
753.8192272186279
500.2138614654541
509.960412979126
665.8391952514648
185.80365180969238
734.8289489746094
983.8743209838867
588.2878303527832
1404.8426151275635
1200.307846069336
547.2967624664307
321.29979133605957
540.3263568878174
243.29161643981934
766.8678760528564
963.219404220581
1818.5656070709229
426.59640312194824
1688.3747577667236
604.4149398803711
750.422477722168
303.8616180419922
290.1761531829834
424.81255531311035
819.6208477020264
679.0976524353027
389.235258102417
566.5926933288574
580.5599689483643
200.47664642333984
701.2248039245605
1240.6108379364014
1173.6335754394531
816.077470779419
408.7796211242676
419.41332817077637
432.58094787597656
788.6033058166504
541.1679744720459
817.3673152923584
671.9675064086914
327.58116722106934
380.43951988220215
530.4534435272217
127.98452377319336
1308.945894241333
414.7830009460449
426.6543388366699
1085.5884552001953
1181.5598011016846
1455.2738666534424
249.15099143981934
647.4428176879883
1867.5901889801025
511.73949241638184
349.72238540649414
740.4153347015381
249.37939643859863
516.718864440918
1520.5276012420654
1368.4370517730713
338.29569816589355
684.6880912780762
498.1355667114258
834.0926170349121
613.4421825408936
434.8177909851074
349.03621673583984
323.81463050842285
1666.468620300293
414.6592617034912
871.1016178131104
297.69301414489746
302.68192291259766
303.73692512512207
488.2333278656006
403.6552906036377
1806.6000938415527
372.727632522583
1124.523639678955
311.9621276855469
2418.6010360717773
1373.3978271484375
1136.183261871338
1616.6126728057861
466.31479263305664
980.1523685455322
432.61194229125977
320.6758499145508
1449.737548828125
1578.0999660491943
1303.0304908752441
948.7643241882324
1194.3347454071045
926.3103008270264
401.86309814453125
772.425651550293
460.6468677520752
3341.6666984558105
670.1405048370361
726.9365787506104
2408.4091186523438
435.3187084197998
1038.3861064910889
347.3849296569824
1029.059648513794
582.2575092315674
591.3026332855225
999.8893737792969
2033.3175659179688
745.7101345062256
1294.37255859375
885.6008052825928
340.79813957214355
609.2033386230469
504.8346519470215
4135.455846786499
1094.2597389221191
1023.594856262207
1338.810920715332
1262.6926898956299
902.9951095581055
624.2258548736572
446.72322273254395
2745.9161281585693
250.8828639984131
309.0238571166992
411.69261932373047
171.20051383972168
394.5581912994385
2445.956230163574
1173.9833354949951
371.87910079956055
1188.2452964782715
405.51257133483887
1045.7687377929688
618.8304424285889
460.5836868286133
1290.5917167663574
1091.5093421936035
853.4553050994873
670.452356338501
244.68755722045898
2293.430805206299
1097.8953838348389
797.0023155212402
734.3029975891113
856.5082550048828
476.8180847167969
223.88243675231934
483.0484390258789
1337.8117084503174
1276.303768157959
477.7648448944092
349.34020042419434
1077.035665512085
1060.457468032837
973.1369018554688
313.36188316345215
694.7853565216064
482.74707794189453
599.2960929870605
711.0557556152344
2142.3654556274414
591.8400287628174
1193.1791305541992
405.52759170532227
935.0378513336182
1325.6936073303223
2326.7507553100586
517.9963111877441
890.4235363006592
529.0389060974121
375.09703636169434
485.0926399230957
533.1640243530273
481.4939498901367
488.9857769012451
746.3726997375488
410.3231430053711
808.1645965576172
354.5799255371094
365.66686630249023
782.562255859375
832.5173854827881
2558.035135269165
421.9794273376465
2494.4965839385986
325.7741928100586
416.5301322937012
1272.639513015747
612.5521659851074
933.8960647583008
316.1923885345459
691.8575763702393
750.1909732818604
353.3289432525635
780.8196544647217
696.4221000671387
305.3579330444336
1012.5255584716797
321.1393356323242
624.6058940887451
1096.4879989624023
908.8318347930908
752.615213394165
2068.902015686035
2066.568374633789
294.1303253173828
1470.5171585083008
1562.2236728668213
1059.340238571167
366.47939682006836
847.3227024078369
542.2663688659668
665.7147407531738
366.3296699523926
543.2791709899902
393.34630966186523
374.30334091186523
586.8258476257324
1390.6118869781494
189.53585624694824
471.9266891479492
565.2663707733154
244.70162391662598
1099.9596118927002
448.56762886047363
545.4893112182617
164.78848457336426
222.72324562072754
3462.4736309051514
200.45018196105957
961.2681865692139
1390.0747299194336
360.22448539733887
373.0626106262207
1099.6079444885254
233.36482048034668
994.2042827606201
783.5736274719238
2423.651695251465
1170.0315475463867
2338.6154174804688
2437.971830368042
821.1462497711182
460.27207374572754
393.1887149810791
2945.2879428863525
321.37584686279297
1328.2945156097412
451.5407085418701
242.99144744873047
2229.2914390563965
643.9604759216309
815.9418106079102
289.6733283996582
315.37890434265137
1193.5970783233643
1099.308967590332
440.3707981109619
447.4506378173828
361.2816333770752
891.2754058837891
3707.8042030334473
969.5453643798828
480.9386730194092
1042.076826095581
363.36445808410645
568.4068202972412
437.54029273986816
916.8412685394287
509.65023040771484
828.8798332214355
1425.1279830932617
382.8556537628174
232.6676845550537
743.6122894287109
452.592134475708
480.96156120300293
1452.6174068450928
1102.2679805755615
636.0039710998535
1060.077428817749
1213.9785289764404
695.1708793640137
1028.2018184661865
990.2222156524658
999.4423389434814
1088.228464126587
615.7662868499756
482.90205001831055
1362.095594406128
1019.5281505584717
345.95775604248047
1320.2605247497559
190.95420837402344
501.19709968566895
1433.1762790679932
428.6770820617676
177.28829383850098
942.9962635040283
556.3223361968994
860.5713844299316
422.12891578674316
344.87032890319824
920.7351207733154
808.5734844207764
688.795804977417
1172.9257106781006
399.7468948364258
453.3720016479492
789.7591590881348
768.256425857544
474.01976585388184
1509.300947189331
1489.7048473358154
411.8084907531738
757.8520774841309
184.70072746276855
1510.4320049285889
593.7249660491943
338.944673538208
486.6781234741211
863.9175891876221
451.86877250671387
158.21170806884766
839.0767574310303
1211.5724086761475
2170.4928874969482
1429.764986038208
1228.3377647399902
356.47034645080566
249.8641014099121
256.3486099243164
935.9853267669678
850.6884574890137
1350.5117893218994
1668.7910556793213
1153.9115905761719
375.40268898010254
254.95147705078125
534.062385559082
1186.3243579864502
1051.3148307800293
1080.0549983978271
462.421178817749
1673.513412475586
1810.3370666503906
2138.458251953125
699.8398303985596
3640.6350135803223
1142.820119857788
1082.916498184204
896.5644836425781
652.4808406829834
1082.590103149414
1074.3153095245361
1664.5839214324951
1390.3439044952393
335.9651565551758
594.1476821899414
1685.741662979126
792.5674915313721
385.8218193054199
242.6595687866211
279.91557121276855
267.0466899871826
324.27263259887695
1505.0835609436035
463.7916088104248
442.34633445739746
531.2309265136719
1037.6355648040771
987.0779514312744
500.55718421936035
1273.7009525299072
455.80577850341797
566.2314891815186
736.257791519165
1092.7646160125732
436.0349178314209
1545.7072257995605
827.3282051086426
474.7297763824463
1579.6682834625244
383.9905261993408
203.31573486328125
283.18262100219727
554.736852645874
527.4360179901123
890.4209136962891
410.1736545562744
303.13563346862793
322.53313064575195
1442.688226699829
190.5982494354248
1119.1654205322266
2960.4461193084717
188.72737884521484
454.67424392700195
1552.4659156799316
736.3598346710205
1195.3704357147217
899.5482921600342
581.038236618042
778.770923614502
313.7381076812744
1363.29984664917
1461.7807865142822
234.59482192993164
664.7646427154541
727.0612716674805
659.454345703125
1044.9128150939941
825.3569602966309
599.3900299072266
300.49943923950195
682.8536987304688
1622.9097843170166
882.9240798950195
469.956636428833
347.31173515319824
1000.7748603820801
1387.2854709625244
933.9168071746826
872.9827404022217
1117.3059940338135
768.5666084289551
393.47028732299805
2468.2605266571045
225.33082962036133
334.23352241516113
1110.7909679412842
371.31404876708984
1366.2164211273193
850.3015041351318
611.6523742675781
478.2381057739258
507.0044994354248
1593.4834480285645
251.15466117858887
1156.3031673431396
220.2434539794922
514.2626762390137
320.65558433532715
1420.0036525726318
659.613847732544
415.8611297607422
1703.0255794525146
350.09169578552246
561.2399578094482
743.0717945098877
1444.2713260650635
642.634391784668
433.7308406829834
305.42659759521484
894.0656185150146
825.4880905151367
600.1176834106445
600.9349822998047
977.4627685546875
397.0785140991211
614.1760349273682
555.4728507995605
369.44031715393066
264.7099494934082
244.46344375610352
550.6198406219482
506.4365863800049
487.9472255706787
333.4996700286865
1374.8645782470703
512.3541355133057
825.5236148834229
501.7354488372803
1148.0469703674316
574.0597248077393
1301.1958599090576
198.24600219726562
514.3542289733887
991.8458461761475
837.8252983093262
1260.8096599578857
280.8349132537842
873.0220794677734
444.52810287475586
700.6802558898926
274.4138240814209
534.8484516143799
428.42578887939453
348.91295433044434
3501.7716884613037
925.429105758667
1694.8072910308838
510.2059841156006
238.97171020507812
417.03295707702637
1233.0853939056396
1382.9104900360107
237.24961280822754
1019.9360847473145
414.752721786499
552.2069931030273
989.7451400756836
985.6629371643066
750.9293556213379
1249.6519088745117
481.4581871032715
752.2640228271484
1253.0386447906494
521.6929912567139
649.3821144104004
641.9394016265869
1611.7868423461914
311.10596656799316
464.45631980895996
608.3157062530518
156.25762939453125
763.3888721466064
922.421932220459
1719.8996543884277
1864.7785186767578
535.1495742797852
751.638650894165
447.85451889038086
160.5212688446045
526.3490676879883
193.14265251159668
1259.0134143829346
324.65147972106934
419.7807312011719
542.6270961761475
606.7919731140137
1268.2509422302246
1552.9265403747559
346.39906883239746
902.8763771057129
451.1256217956543
566.8909549713135
471.13633155822754
876.8703937530518
612.2345924377441
256.92033767700195
717.8244590759277
464.7195339202881
286.4811420440674
1084.930181503296
239.6390438079834
703.89723777771
343.65153312683105
3156.719923019409
314.0065670013428
486.767053604126
776.9894599914551
1355.9348583221436
2497.8344440460205
327.00109481811523
610.7895374298096
361.47284507751465
628.3323764801025
557.5225353240967
2288.342237472534
1246.206283569336
417.3753261566162
1770.7314491271973
541.6243076324463
1366.8956756591797
418.7004566192627
848.9017486572266
951.1442184448242
544.2440509796143
447.7527141571045
1152.4388790130615
819.8678493499756
494.6553707122803
495.7692623138428
683.2098960876465
1039.4654273986816
706.270694732666
783.6923599243164
915.8899784088135
346.7822074890137
1004.9917697906494
706.0096263885498
1186.3071918487549
1450.3815174102783
211.01903915405273
194.03529167175293
753.3044815063477
2519.00053024292
481.9445610046387
699.4240283966064
641.0849094390869
2827.559232711792
533.1308841705322
564.732551574707
1391.754150390625
237.44940757751465
213.17291259765625
937.4310970306396
313.57336044311523
1479.7947406768799
1154.9293994903564
180.78207969665527
372.8013038635254
973.2506275177002
630.2857398986816
677.7732372283936
846.0602760314941
181.3368797302246
2828.796863555908
2218.5490131378174
553.4918308258057
934.5426559448242
1077.3329734802246
304.1703701019287
961.8716239929199
502.69412994384766
666.7704582214355
534.4619750976562
631.5138339996338
165.6184196472168
291.0935878753662
615.0567531585693
829.4727802276611
657.7370166778564
158.94579887390137
524.2962837219238
1794.0113544464111
516.791582107544
1107.529878616333
306.774377822876
169.99053955078125
417.96183586120605
429.3861389160156
206.67624473571777
312.58511543273926
659.6188545227051
1377.7775764465332
695.0335502624512
1458.4603309631348
1043.640375137329
844.5992469787598
562.1178150177002
567.8067207336426
330.31272888183594
316.8456554412842
432.80959129333496
1352.6091575622559
1519.6342468261719
803.9500713348389
611.5353107452393
1111.6368770599365
382.155179977417
319.92268562316895
1182.3525428771973
267.55356788635254
338.5202884674072
259.2737674713135
2266.103506088257
479.8305034637451
993.6320781707764
474.2136001586914
831.9582939147949
265.4426097869873
877.5899410247803
271.79574966430664
1164.172887802124
495.2809810638428
370.0242042541504
393.8925266265869
660.301923751831
452.62932777404785
701.0297775268555
489.0720844268799
320.9095001220703
906.3820838928223
629.3854713439941
1065.0956630706787
655.2670001983643
332.6983451843262
888.3788585662842
1245.0571060180664
764.8801803588867
680.0668239593506
787.4789237976074
619.1248893737793
570.2135562896729
488.59262466430664
611.1750602722168
1076.366662979126
915.130615234375
671.0991859436035
367.51365661621094
397.95923233032227
703.1488418579102
1453.303575515747
264.1129493713379
285.2435111999512
599.738359451294
683.2196712493896
274.6856212615967
706.2311172485352
839.2200469970703
429.73852157592773
1137.5250816345215
274.155855178833
341.9802188873291
427.34408378601074
3732.9604625701904
403.73778343200684
727.8258800506592
528.9938449859619
1035.1674556732178
161.17167472839355
646.0781097412109
228.13010215759277
900.0120162963867
397.1283435821533
604.534387588501
665.3554439544678
596.9901084899902
808.6543083190918
1180.985450744629
1431.591510772705
1029.6783447265625
205.35588264465332
514.277458190918
1282.2916507720947
902.6138782501221
481.13298416137695
1039.6442413330078
203.39298248291016
198.4272003173828
1074.639081954956
166.23401641845703
339.82372283935547
776.0462760925293
432.18994140625
434.12327766418457
1048.811674118042
531.2104225158691
903.3842086791992
1222.2025394439697
906.0430526733398
221.6947078704834
158.36381912231445
594.2280292510986
392.31300354003906
247.53355979919434
1178.447961807251
572.7598667144775
227.87117958068848
1070.7333087921143
869.7021007537842
1323.8427639007568
1731.0023307800293
350.83532333374023
1064.7473335266113
223.08802604675293
1430.5956363677979
726.142168045044
650.4800319671631
400.8913040161133
270.3273296356201
814.3613338470459
984.3001365661621
329.73432540893555
523.3316421508789
286.68785095214844
307.7383041381836
325.59728622436523
941.7836666107178
1153.4323692321777
569.4806575775146
2323.0910301208496
709.3565464019775
716.4030075073242
1019.2277431488037
365.9803867340088
883.8019371032715
1281.3293933868408
222.0907211303711
582.4391841888428
1056.7257404327393
532.3598384857178
959.911584854126
273.65899085998535
1349.7858047485352
672.5449562072754
328.78708839416504
440.5806064605713
864.5510673522949
411.1928939819336
979.4955253601074
960.3915214538574
336.31348609924316
315.14787673950195
282.6976776123047
284.87253189086914
253.44443321228027
729.6416759490967
994.9905872344971
966.8917655944824
1061.6624355316162
3954.911708831787
1839.4389152526855
438.72547149658203
852.0956039428711
478.7578582763672
566.2481784820557
749.5877742767334
520.6475257873535
473.1481075286865
336.35640144348145
160.12096405029297
1228.1622886657715
1339.1444683074951
288.2511615753174
1253.9360523223877
770.2000141143799
448.11391830444336
1378.746747970581
159.3019962310791
1119.2271709442139
1509.2647075653076
535.6948375701904
308.95137786865234
3255.8271884918213
775.6252288818359
942.4788951873779
460.9560966491699
623.8188743591309
1052.5145530700684
762.8076076507568
1577.1560668945312
1064.6052360534668
410.048246383667
1036.6322994232178
612.5235557556152
1034.4717502593994
1055.6561946868896
367.7370548248291
570.3248977661133
809.4446659088135
664.2618179321289
513.2451057434082
268.1922912597656
1305.643081665039
368.1159019470215
955.9836387634277
508.61644744873047
531.3205718994141
758.1455707550049
957.9610824584961
717.3283100128174
440.4890537261963
316.2679672241211
1134.4175338745117
3080.5108547210693
306.75339698791504
522.2377777099609
504.58550453186035
740.241527557373
332.2100639343262
167.8597927093506
501.91783905029297
422.7011203765869
760.664701461792
263.2310390472412
267.89093017578125
1592.7138328552246
463.86265754699707
1067.7366256713867
399.2738723754883
1062.4079704284668
1345.0217247009277
227.0495891571045
3565.9775733947754
420.074462890625
585.0260257720947
816.0610198974609
1193.7646865844727
481.20856285095215
1221.102237701416
476.74083709716797
1212.256669998169
421.62394523620605
276.5779495239258
1349.172830581665
615.8370971679688
649.3723392486572
440.76991081237793
827.3158073425293
702.3651599884033
473.9868640899658
677.6218414306641
602.0448207855225
562.1726512908936
609.9593639373779
412.46581077575684
372.7126121520996
560.7013702392578
1535.4681015014648
400.73561668395996
351.40395164489746
456.0854434967041
831.3393592834473
1034.196138381958
173.31695556640625
844.5634841918945
415.50517082214355
644.0980434417725
368.5896396636963
2482.8555583953857
518.0587768554688
1304.8315048217773
401.2784957885742
712.9480838775635
1806.9758415222168
188.36283683776855
286.297082901001
379.8716068267822
253.01361083984375
1171.6227531433105
704.1530609130859
435.7483386993408
1334.9182605743408
657.4108600616455
527.4336338043213
1176.2924194335938
1047.1844673156738
202.97813415527344
926.3842105865479
765.6035423278809
981.6501140594482
3321.06351852417
207.03983306884766
1342.4417972564697
884.0422630310059
558.2284927368164
1190.0055408477783
821.1174011230469
1064.037561416626
215.25859832763672
682.8193664550781
799.4697093963623
192.85941123962402
434.8936080932617
697.7200508117676
375.12707710266113
428.5874366760254
359.4064712524414
426.868200302124
694.488525390625
620.4516887664795
298.1140613555908
439.07618522644043
1600.5337238311768
787.6200675964355
1593.7397480010986
1598.534107208252
251.9855499267578
1510.8568668365479
651.1752605438232
785.1500511169434
192.79956817626953
1589.5953178405762
558.725118637085
637.9148960113525
198.02451133728027
435.0013732910156
561.8283748626709
570.2254772186279
146.00896835327148
1192.009687423706
300.4450798034668
1964.6029472351074
524.085283279419
918.1942939758301
561.4991188049316
248.37231636047363
487.84685134887695
679.1031360626221
2301.7361164093018
1133.3401203155518
566.2055015563965
658.886194229126
776.1247158050537
369.1577911376953
924.6885776519775
534.5978736877441
609.9734306335449
1380.1884651184082
2096.327781677246
1137.0909214019775
2979.5279502868652
403.76996994018555
431.7479133605957
460.51859855651855
1974.0712642669678
231.5680980682373
872.5447654724121
502.8555393218994
2194.6487426757812
1009.0327262878418
560.4274272918701
425.5349636077881
735.9814643859863
350.81934928894043
1138.9884948730469
1607.799768447876
293.72191429138184
1809.1647624969482
1212.2623920440674
605.8573722839355
1470.3502655029297
352.5722026824951
549.2727756500244
1232.2018146514893
838.4771347045898
235.11433601379395
706.383228302002
2932.002067565918
707.13210105896
2089.461088180542
283.83517265319824
502.2585391998291
609.1899871826172
496.81806564331055
724.58815574646
872.3123073577881
580.0392627716064
164.08562660217285
171.73290252685547
1046.1218357086182
1299.5083332061768
520.1005935668945
1709.8371982574463
1277.3253917694092
324.33438301086426
465.6515121459961
1950.3591060638428
508.927583694458
1128.420352935791
194.24080848693848
1123.1689453125
322.61157035827637
852.3330688476562
1169.6693897247314
424.389123916626
704.9546241760254
338.3505344390869
1052.2565841674805
189.1937255859375
630.2528381347656
1101.3247966766357
243.50738525390625
1197.1452236175537
507.0033073425293
1056.3511848449707
358.6690425872803
932.8658580780029
1171.97847366333
199.9678611755371
667.177677154541
383.29052925109863
672.4560260772705
769.7422504425049
926.8989562988281
395.44153213500977
1138.359546661377
495.09739875793457
765.3687000274658
3111.692428588867
538.3057594299316
1029.0579795837402
445.4071521759033
499.4981288909912
384.78875160217285
530.081033706665
1062.9000663757324
409.3348979949951
304.0294647216797
140.73729515075684
719.1827297210693
202.3336887359619
368.2692050933838
274.1587162017822
979.337215423584
397.69506454467773
585.8485698699951
1585.4487419128418
1181.6554069519043
1887.0909214019775
1730.393648147583
775.867223739624
433.37440490722656
353.10864448547363
612.2620105743408
738.2433414459229
1146.2528705596924
492.78831481933594
717.9546356201172
896.4312076568604
1264.8241519927979
952.1868228912354
356.9762706756592
383.0983638763428
1312.8254413604736
169.43073272705078
676.1703491210938
459.65576171875
647.6216316223145
1354.276180267334
166.5518283843994
550.4264831542969
1062.9167556762695
422.0774173736572
206.2232494354248
650.6967544555664
1969.822883605957
419.66986656188965
1460.6359004974365
509.0804100036621
309.3235492706299
155.775785446167
473.7875461578369
1249.8064041137695
2246.701240539551
1466.7823314666748
1850.4767417907715
799.1371154785156
257.2321891784668
613.8746738433838
1687.0083808898926
385.6799602508545
510.878324508667
413.09094429016113
1160.8049869537354
531.8388938903809
541.8281555175781
242.39253997802734
793.5028076171875
723.6249446868896
411.6806983947754
382.3556900024414
647.2146511077881
603.0638217926025
1335.2205753326416
665.2200222015381
2009.0250968933105
759.0405941009521
2976.2136936187744
311.3560676574707
669.2533493041992
634.7994804382324
722.5704193115234
1652.733325958252
312.3757839202881
1687.0367527008057
384.2606544494629
469.76161003112793
238.43717575073242
395.13492584228516
1731.9400310516357
388.4456157684326
1866.4743900299072
319.57077980041504
653.3148288726807
457.2184085845947
1108.058214187622
2307.1658611297607
896.0065841674805
737.189531326294
801.4969825744629
640.2182579040527
5593.238115310669
367.8324222564697
670.3190803527832
1413.7797355651855
1018.1736946105957
373.4011650085449
1272.0940113067627
846.7447757720947
416.2752628326416
399.3642330169678
3188.0156993865967
276.6718864440918
277.32014656066895
523.6282348632812
1441.819190979004
370.4850673675537
320.5742835998535
630.4028034210205
1603.4326553344727
211.1222743988037
1058.821439743042
3232.293128967285
470.05248069763184
1352.2424697875977
1093.9879417419434
291.51010513305664
213.90628814697266
831.7995071411133
3062.044858932495
950.8419036865234
1982.4812412261963
1787.8139019012451
1287.9438400268555
1194.8001384735107
605.513334274292
702.4135589599609
661.3223552703857
178.90429496765137
719.085693359375
980.701208114624
886.7480754852295
314.8529529571533
522.7372646331787
387.6690864562988
483.8712215423584
1326.263666152954
417.6523685455322
301.6505241394043
799.4284629821777
398.5104560852051
457.42321014404297
2279.4575691223145
302.78515815734863
734.0686321258545
794.6352958679199
781.714916229248
393.07188987731934
1225.7487773895264
244.59147453308105
2445.5811977386475
1536.7212295532227
498.960018157959
1496.8111515045166
1502.1495819091797
416.841983795166
3177.382469177246
1927.9420375823975
385.70237159729004
564.399003982544
187.7138614654541
874.5119571685791
447.63898849487305
1539.3543243408203
1694.5972442626953
1458.35280418396
651.4482498168945
2036.674976348877
425.52876472473145
1330.519437789917
363.27242851257324
394.7932720184326
454.0681838989258
353.0268669128418
409.6865653991699
631.1383247375488
854.9356460571289
1478.794813156128
727.3941040039062
1353.1804084777832
480.9458255767822
824.5625495910645
312.9889965057373
608.252763748169
743.7870502471924
672.7502346038818
980.6127548217773
723.0727672576904
160.1717472076416
302.1118640899658
394.7305679321289
1813.0290508270264
1283.5242748260498
1582.5660228729248
501.0397434234619
308.98499488830566
1260.3981494903564
561.7873668670654
1650.604486465454
306.0729503631592
378.97801399230957
617.2373294830322
2276.142120361328
1650.264024734497
1683.593511581421
1318.315029144287
657.2220325469971
1722.5549221038818
968.407392501831
1504.3535232543945
2588.1078243255615
1047.3062992095947
953.2465934753418
942.5115585327148
1225.4343032836914
456.7227363586426
926.7988204956055
423.5053062438965
395.6468105316162
165.32063484191895
215.9597873687744
330.52611351013184
726.294994354248
476.61805152893066
870.5644607543945
462.4752998352051
170.2253818511963
380.9812068939209
1181.5931797027588
611.8910312652588
845.7794189453125
399.5199203491211
2876.6329288482666
1704.3352127075195
754.5757293701172
211.09867095947266
5227.838516235352
1329.9858570098877
1359.8403930664062
2683.9170455932617
1150.5463123321533
1219.5563316345215
171.10967636108398
999.9265670776367
402.177095413208
2093.308210372925
279.9072265625
1192.9490566253662
489.6817207336426
620.8477020263672
486.04488372802734
957.8187465667725
392.9119110107422
2869.365453720093
1756.1752796173096
774.0232944488525
590.6863212585449
693.8111782073975
631.9060325622559
1137.775182723999
611.7768287658691
404.68406677246094
1038.6888980865479
486.8612289428711
666.7337417602539
526.1814594268799
196.32434844970703
426.20396614074707
1262.681245803833
375.4875659942627
480.52144050598145
1307.6903820037842
445.8014965057373
481.61911964416504
286.55123710632324
535.9146595001221
1431.8716526031494
384.91082191467285
930.5069446563721
483.76011848449707
604.3944358825684
267.5130367279053
1177.2301197052002
342.5583839416504
878.6501884460449
492.78998374938965
185.44554710388184
1676.6226291656494
351.0851860046387
363.8789653778076
445.76072692871094
404.29043769836426
726.9213199615479
690.1640892028809
1365.7028675079346
1470.813274383545
221.29154205322266
480.87573051452637
1425.8551597595215
302.2878170013428
593.7528610229492
401.4108180999756
669.0659523010254
778.9041996002197
807.464599609375
2080.223560333252
868.4566020965576
603.6593914031982
1033.517837524414
1287.5995635986328
539.0613079071045
391.9191360473633
792.9840087890625
989.7849559783936
387.2237205505371
287.22405433654785
399.77526664733887
433.1657886505127
1567.0292377471924
473.8037586212158
1845.4229831695557
532.895565032959
426.135778427124
633.6860656738281
750.6165504455566
392.6966190338135
435.0171089172363
333.8484764099121
312.00671195983887
933.1114292144775
500.39029121398926
904.9861431121826
711.1725807189941
495.20277976989746
609.790563583374
1072.9968547821045
594.1152572631836
200.01864433288574
1020.9646224975586
362.926721572876
300.5809783935547
941.382884979248
531.8975448608398
350.2850532531738
370.3930377960205
2252.685070037842
3312.0696544647217
667.0026779174805
1049.8855113983154
920.9017753601074
581.7451477050781
466.1538600921631
556.612491607666
242.05684661865234
861.9894981384277
258.9845657348633
413.93566131591797
1290.5206680297852
791.1567687988281
969.4595336914062
270.2202796936035
1276.8282890319824
1123.4240531921387
479.5083999633789
1004.2228698730469
399.0061283111572
291.91017150878906
1175.408124923706
972.4678993225098
1250.8296966552734
1319.5717334747314
1244.2715167999268
496.1097240447998
547.1580028533936
523.7410068511963
2668.5843467712402
335.5555534362793
236.61184310913086
1274.1265296936035
1473.0675220489502
476.67694091796875
186.27166748046875
921.5505123138428
386.37804985046387
535.7112884521484
212.37707138061523
539.6616458892822
334.7177505493164
404.58011627197266
1174.2684841156006
696.9552040100098
628.5519599914551
808.9241981506348
216.68434143066406
419.3425178527832
708.0659866333008
888.3228302001953
595.3984260559082
594.2940711975098
863.2998466491699
714.1196727752686
303.9088249206543
589.7233486175537
1242.6939010620117
316.6964054107666
530.6580066680908
715.8195972442627
511.2419128417969
1083.400011062622
141.82329177856445
417.3612594604492
1032.5310230255127
785.7704162597656
170.28021812438965
423.71320724487305
1992.9542541503906
434.54837799072266
488.65318298339844
174.32165145874023
1134.3271732330322
356.0805320739746
1191.7428970336914
1273.1900215148926
1676.145315170288
455.0032615661621
805.2973747253418
206.24828338623047
857.4156761169434
399.3549346923828
675.5504608154297
250.0743865966797
569.3895816802979
505.9549808502197
1641.3402557373047
398.69165420532227
767.08984375
687.5553131103516
1324.2177963256836
2630.0649642944336
2287.527084350586
592.1313762664795
592.2775268554688
342.151403427124
281.4779281616211
784.2347621917725
767.1549320220947
361.4153861999512
1498.8341331481934
375.7495880126953
418.6100959777832
532.9959392547607
1326.6279697418213
559.8089694976807
745.8081245422363
211.07244491577148
294.06213760375977
912.1737480163574
321.23851776123047
484.5588207244873
325.4547119140625
981.1303615570068
449.7976303100586
692.0082569122314
848.9034175872803
322.62325286865234
387.71986961364746
474.90572929382324
530.4725170135498
326.735258102417
682.3389530181885
737.6158237457275
462.38231658935547
284.44457054138184
1560.1954460144043
793.0946350097656
1270.1427936553955
1480.8580875396729
1437.912940979004
2309.478998184204
187.2718334197998
380.0008296966553
956.1452865600586
318.05872917175293
846.2762832641602
197.6633071899414
520.1492309570312
556.0615062713623
1359.9879741668701
1586.0097408294678
1316.7510032653809
225.6317138671875
437.87431716918945
167.85788536071777
446.6085433959961
1349.0347862243652
626.8153190612793
294.40903663635254
646.0838317871094
915.029764175415
497.85351753234863
280.4901599884033
1122.7564811706543
2753.2570362091064
704.1511535644531
213.623046875
1169.9464321136475
766.7884826660156
589.2229080200195
521.0020542144775
445.7061290740967
491.02258682250977
578.4554481506348
935.7864856719971
1012.5288963317871
1307.2683811187744
843.5065746307373
240.4763698577881
1891.2115097045898
2080.387830734253
1454.5221328735352
620.3315258026123
643.7735557556152
275.6359577178955
405.6673049926758
461.9443416595459
205.2323818206787
1791.8593883514404
531.1112403869629
554.7695159912109
545.3743934631348
829.5435905456543
1271.9712257385254
499.7715950012207
457.54432678222656
511.2738609313965
262.8347873687744
270.8749771118164
283.76221656799316
600.0697612762451
378.917932510376
1119.5313930511475
1421.8471050262451
418.87402534484863
571.8462467193604
671.9024181365967
1163.844347000122
1467.3709869384766
617.5909042358398
178.50661277770996
274.65176582336426
1225.7864475250244
1964.6244049072266
190.40584564208984
708.1024646759033
325.7782459259033
593.7144756317139
422.2571849822998
501.6202926635742
1140.1698589324951
427.83641815185547
364.55583572387695
1033.7843894958496
477.8633117675781
913.4120941162109
514.5406723022461
766.2966251373291
276.61728858947754
2099.163293838501
544.8784828186035
459.34534072875977
859.7888946533203
868.9336776733398
740.5579090118408
207.93533325195312
905.8215618133545
530.968427658081
793.5159206390381
161.452054977417
614.1030788421631
1714.6782875061035
1320.7876682281494
393.8281536102295
494.6901798248291
522.7832794189453
759.7894668579102
902.1849632263184
417.88196563720703
572.7460384368896
852.1175384521484
899.8332023620605
603.5397052764893
1107.2478294372559
2134.704351425171
955.9900760650635
906.3942432403564
727.0863056182861
341.8123722076416
970.477819442749
539.9260520935059
824.1422176361084
331.4061164855957
436.9962215423584
1610.5399131774902
600.0173091888428
403.2707214355469
412.813663482666
2908.3378314971924
756.5577030181885
1813.4875297546387
962.548017501831
353.81245613098145
1580.8801651000977
604.2425632476807
667.9525375366211
2114.1610145568848
1195.4898834228516
697.5150108337402
1668.3127880096436
1157.9194068908691
212.88442611694336
1743.901252746582
787.7874374389648
528.8689136505127
666.412353515625
1023.0128765106201
492.5498962402344
2053.889751434326
684.030294418335
680.9844970703125
1366.1394119262695
274.17802810668945
1279.151439666748
1491.628885269165
2035.5753898620605
491.9877052307129
653.4180641174316
887.9976272583008
436.8326663970947
437.32619285583496
1376.3072490692139
678.720235824585
256.49142265319824
408.77628326416016
274.5695114135742
1536.7472171783447
1861.0551357269287
1165.0142669677734
530.4491519927979
412.628173828125
357.1758270263672
471.0683822631836
888.6682987213135
552.5112152099609
1289.350986480713
1184.2827796936035
601.3965606689453
631.1826705932617
2183.5148334503174
532.1877002716064
399.1842269897461
1596.5759754180908
1802.8309345245361
240.20791053771973
1428.6823272705078
443.4792995452881
815.4387474060059
468.9192771911621
1138.6048793792725
514.2812728881836
1009.9015235900879
712.3041152954102
215.6364917755127
280.50994873046875
641.1964893341064
568.8295364379883
2607.487678527832
411.9298458099365
240.4952049255371
635.0564956665039
215.34037590026855
678.5070896148682
785.5095863342285
636.0368728637695
414.3393039703369
1093.2424068450928
624.4843006134033
2457.0999145507812
427.28424072265625
867.6409721374512
2432.2712421417236
836.0533714294434
136.46697998046875
178.2534122467041
443.7391757965088
1344.9063301086426
434.2978000640869
1193.9380168914795
761.0571384429932
1903.6896228790283
517.6458358764648
2527.3797512054443
628.5674571990967
264.507532119751
457.5767517089844
1550.3969192504883
1023.364782333374
565.7856464385986
359.6079349517822
589.6639823913574
1146.6732025146484
727.0421981811523
297.03593254089355
456.73465728759766
387.6938819885254
449.068546295166
502.75588035583496
565.2110576629639
617.7468299865723
1143.3565616607666
254.2288303375244
218.54162216186523
540.8523082733154
1027.3871421813965
546.1819171905518
1454.707145690918
433.5298538208008
507.5540542602539
1576.5190124511719
2324.2404460906982
568.1030750274658
267.8091526031494
177.08897590637207
683.3553314208984
809.767484664917
319.15760040283203
2568.0928230285645
819.3302154541016
1071.889877319336
607.58376121521
2342.519760131836
545.1982021331787
277.64296531677246
2396.994113922119
528.740406036377
461.1482620239258
1215.238332748413
186.9034767150879
795.2320575714111
164.05129432678223
905.4434299468994
1470.7152843475342
409.12485122680664
964.2727375030518
186.17868423461914
790.9014225006104
2335.5329036712646
620.0354099273682
1989.9461269378662
1460.04319190979
846.1120128631592
410.4187488555908
966.3393497467041
338.70530128479004
419.70372200012207
1816.6038990020752
500.96631050109863
423.633337020874
432.60812759399414
1131.115198135376
234.76839065551758
257.6642036437988
2689.9964809417725
585.8428478240967
2042.0832633972168
382.6172351837158
961.6448879241943
1326.7972469329834
632.7497959136963
746.7069625854492
996.063232421875
442.9430961608887
1123.7170696258545
993.4985637664795
696.636438369751
752.4595260620117
437.6096725463867
467.257022857666
1889.9452686309814
507.5209140777588
310.7640743255615
673.5982894897461
1757.9305171966553
954.4191360473633
629.2593479156494
700.8628845214844
1632.7612400054932
426.54871940612793
1361.4506721496582
253.448486328125
321.64692878723145
283.47229957580566
409.2226028442383
845.7338809967041
681.2765598297119
268.0950164794922
1170.1147556304932
645.2889442443848
750.2260208129883
174.7453212738037
338.0398750305176
1432.816982269287
367.4204349517822
1008.7156295776367
639.7452354431152
154.4017791748047
318.9888000488281
5020.204305648804
914.060115814209
362.13207244873047
921.3733673095703
756.0772895812988
233.94513130187988
248.40307235717773
473.16479682922363
645.7490921020508
1576.5635967254639
1042.2639846801758
179.3816089630127
973.3293056488037
1851.987361907959
172.5301742553711
1132.7967643737793
424.98278617858887
487.70785331726074
626.023530960083
444.19121742248535
814.8858547210693
514.9686336517334
1104.952335357666
446.21753692626953
963.9430046081543
981.6908836364746
565.0088787078857
1394.035816192627
664.4992828369141
505.07307052612305
202.3148536682129
672.0128059387207
310.469388961792
407.4432849884033
345.7446098327637
544.7998046875
388.78917694091797
2594.827175140381
1250.1966953277588
1065.6850337982178
586.449384689331
336.40241622924805
1068.2225227355957
1441.5876865386963
688.4627342224121
197.49164581298828
760.4389190673828
567.2335624694824
356.9347858428955
2364.858865737915
620.2001571655273
521.2042331695557
749.971866607666
161.85474395751953
687.7667903900146
1137.448787689209
234.05838012695312
401.78847312927246
636.4219188690186
513.3657455444336
1144.08540725708
364.3784523010254
153.15842628479004
600.0916957855225
1073.3940601348877
1795.6535816192627
448.7578868865967
303.2042980194092
356.1139106750488
416.92042350769043
345.7753658294678
803.4679889678955
223.18410873413086
223.77777099609375
1388.5812759399414
405.2445888519287
1279.2596817016602
907.8223705291748
1624.479055404663
1033.1459045410156
667.2213077545166
2489.8104667663574
2620.257616043091
644.3014144897461
737.9987239837646
520.4124450683594
252.87961959838867
592.782735824585
662.5082492828369
1455.4672241210938
726.4432907104492
849.5054244995117
290.9238338470459
620.5599308013916
2343.3523178100586
565.3843879699707
304.33082580566406
766.2150859832764
425.40836334228516
375.46443939208984
269.5198059082031
718.3904647827148
1394.8533535003662
1402.4779796600342
157.012939453125
650.4724025726318
240.1726245880127
625.4918575286865
814.8143291473389
139.57571983337402
404.68430519104004
571.136474609375
786.7896556854248
437.3958110809326
153.11026573181152
350.37803649902344
539.8213863372803
451.32970809936523
849.8561382293701
258.88895988464355
1933.4380626678467
1182.0454597473145
194.15831565856934
206.22730255126953
452.43000984191895
166.96500778198242
647.6058959960938
1347.9621410369873
1428.4491539001465
574.3300914764404
1201.5585899353027
657.4251651763916
441.011905670166
3310.7290267944336
243.25013160705566
449.871301651001
384.0157985687256
1184.8814487457275
528.968095779419
462.1727466583252
231.56118392944336
439.5253658294678
450.9100914001465
252.56037712097168
852.2357940673828
2038.9678478240967
667.1743392944336
832.4625492095947
476.3033390045166
396.18659019470215
970.9582328796387
197.13163375854492
1107.602596282959
3030.5707454681396
1194.047451019287
1212.8634452819824
252.8073787689209
421.9944477081299
222.19443321228027
204.23412322998047
390.9733295440674
356.6548824310303
1451.8473148345947
1090.3830528259277
637.5699043273926
2915.4467582702637
1536.2069606781006
526.9074440002441
1836.3323211669922
433.2723617553711
673.8588809967041
689.6309852600098
543.3063507080078
674.3984222412109
678.8010597229004
1630.9120655059814
629.7926902770996
511.40332221984863
317.8243637084961
556.8647384643555
665.8141613006592
1264.8348808288574
1086.3032341003418
403.7809371948242
437.7789497375488
2108.2406044006348
533.9105129241943
299.3185520172119
1600.5613803863525
806.0681819915771
339.0235900878906
501.6908645629883
285.3131294250488
718.2319164276123
603.4712791442871
1200.4265785217285
1128.333330154419
374.86743927001953
966.7551517486572
794.6083545684814
335.0379467010498
1566.023826599121
1106.022834777832
1705.6114673614502
1760.9376907348633
1498.7986087799072
407.029390335083
480.24797439575195
1234.1699600219727
732.6276302337646
1206.1467170715332
489.03465270996094
1414.4976139068604
2299.3340492248535
1029.2956829071045
280.7188034057617
178.27439308166504
1481.001615524292
1203.6526203155518
411.9219779968262
1060.0411891937256
1088.2978439331055
640.9285068511963
355.1034927368164
233.54601860046387
354.7484874725342
273.2980251312256
765.3512954711914
464.0672206878662
327.0883560180664
655.6553840637207
352.86974906921387
527.2712707519531
825.2456188201904
1563.5418891906738
180.6783676147461
1228.7945747375488
409.8479747772217
1063.7502670288086
1551.3203144073486
274.1808891296387
833.214521408081
1462.8241062164307
892.7066326141357
1080.0178050994873
996.441125869751
408.8292121887207
2029.2463302612305
422.96576499938965
508.4421634674072
3321.721315383911
400.3479480743408
3219.85125541687
367.4745559692383
869.2276477813721
654.7422409057617
1230.459213256836
961.9226455688477
791.9039726257324
1082.2772979736328
1475.1269817352295
410.43949127197266
435.7569217681885
343.3568477630615
678.5180568695068
967.801570892334
983.8905334472656
1077.1231651306152
340.69347381591797
1248.749017715454
717.2408103942871
456.84146881103516
979.5024394989014
1012.721061706543
436.91444396972656
657.0258140563965
286.9138717651367
1222.081184387207
176.9723892211914
309.37695503234863
570.9586143493652
623.6884593963623
338.8056755065918
586.0185623168945
1338.4530544281006
1740.1254177093506
216.16196632385254
494.8563575744629
2691.7738914489746
531.4688682556152
992.8252696990967
1530.189037322998
1552.7360439300537
218.0771827697754
973.4880924224854
674.7050285339355
222.548246383667
459.09619331359863
645.1089382171631
244.57955360412598
948.0233192443848
252.84218788146973
1124.1345405578613
416.89205169677734
382.1690082550049
233.80088806152344
419.88635063171387
738.9254570007324
258.6085796356201
590.6112194061279
1303.0009269714355
1481.2085628509521
321.98023796081543
461.61913871765137
1693.263053894043
463.8681411743164
1052.8135299682617
472.2578525543213
213.69290351867676
649.4147777557373
1561.5506172180176
292.54984855651855
296.63562774658203
765.418291091919
271.6972827911377
700.1409530639648
285.26854515075684
2068.7453746795654
395.19596099853516
1190.6328201293945
316.7901039123535
643.8672542572021
987.6680374145508
232.78498649597168
744.6086406707764
1125.0457763671875
333.97507667541504
885.129451751709
573.716402053833
1097.3095893859863
396.2433338165283
1095.6544876098633
529.4623374938965
1546.6232299804688
292.65713691711426
500.94103813171387
285.10355949401855
239.68863487243652
784.6906185150146
1057.2898387908936
930.3951263427734
1638.5908126831055
875.4079341888428
477.3697853088379
376.162052154541
319.39697265625
536.4246368408203
1381.1984062194824
178.3597469329834
250.640869140625
1047.076940536499
483.85167121887207
329.79512214660645
976.0301113128662
385.64562797546387
677.4613857269287
1021.7618942260742
1697.5514888763428
814.5499229431152
1064.3510818481445
152.90379524230957
724.175214767456
1828.3905982971191
995.7020282745361
766.5491104125977
374.59635734558105
304.8214912414551
593.421459197998
1101.6602516174316
1245.8891868591309
785.8002185821533
265.0015354156494
1110.8262538909912
1096.3330268859863
317.9810047149658
1149.4755744934082
643.3629989624023
651.9570350646973
343.4255123138428
330.94167709350586
544.9349880218506
1022.4125385284424
1073.0226039886475
2134.9661350250244
787.1115207672119
469.8362350463867
242.9213523864746
1314.4221305847168
506.2849521636963
376.64318084716797
1839.0212059020996
1352.2932529449463
670.5503463745117
685.3761672973633
654.7586917877197
1016.4530277252197
1150.0556468963623
1526.5614986419678
1052.140474319458
971.3585376739502
452.1467685699463
174.82614517211914
759.7408294677734
1302.2537231445312
341.9938087463379
1791.5830612182617
733.3357334136963
442.49844551086426
352.6177406311035
1095.2057838439941
1301.530361175537
1583.2455158233643
255.71656227111816
352.80323028564453
541.6271686553955
459.2618942260742
1274.9543190002441
554.2087554931641
476.14145278930664
713.5531902313232
526.1044502258301
912.5759601593018
986.7770671844482
540.3900146484375
680.4165840148926
408.6346626281738
1016.575813293457
774.4944095611572
1491.7428493499756
1241.8832778930664
436.2058639526367
708.5249423980713
1006.44850730896
2355.396509170532
4048.473119735718
353.7325859069824
367.7797317504883
209.69843864440918
1247.894048690796
3720.6740379333496
458.97436141967773
1482.3622703552246
338.32645416259766
409.1055393218994
774.0001678466797
732.356071472168
185.35661697387695
1142.249584197998
1316.9231414794922
223.60897064208984
282.2120189666748
1446.5000629425049
252.98094749450684
369.0369129180908
650.0167846679688
1157.7653884887695
418.2305335998535
407.44924545288086
214.45488929748535
594.0697193145752
1278.3262729644775
1313.5499954223633
350.74877738952637
168.6108112335205
368.6659336090088
1991.8012619018555
695.1916217803955
1549.6857166290283
204.30278778076172
1021.9125747680664
941.8618679046631
215.71087837219238
542.3836708068848
292.3703193664551
972.0091819763184
697.8106498718262
337.36467361450195
2942.4636363983154
670.9475517272949
1031.9507122039795
476.5176773071289
498.06714057922363
750.4770755767822
670.9096431732178
443.09496879577637
2968.0652618408203
593.6665534973145
149.57046508789062
294.1915988922119
765.1076316833496
997.3504543304443
1023.0228900909424
613.6894226074219
901.5588760375977
5007.477045059204
1570.2688694000244
433.30955505371094
652.123212814331
682.117223739624
219.7861671447754
532.2403907775879
1189.8672580718994
210.98732948303223
516.9613361358643
1602.5009155273438
598.7668037414551
546.4825630187988
770.737886428833
204.47039604187012
1463.284969329834
2254.5571327209473
572.7348327636719
733.0269813537598
725.8381843566895
648.5295295715332
3885.5957984924316
252.08711624145508
452.52203941345215
3109.9677085876465
265.59925079345703
477.6785373687744
2163.393974304199
560.0745677947998
633.0828666687012
714.5054340362549
1080.1777839660645
2601.8292903900146
2328.476905822754
1840.4364585876465
178.94577980041504
296.4365482330322
1423.1727123260498
1286.1101627349854
306.485652923584
2936.8960857391357
1613.2550239562988
557.513952255249
687.5135898590088
787.0669364929199
891.1278247833252
798.4027862548828
794.9423789978027
1664.9394035339355
3116.1344051361084
608.8149547576904
410.13193130493164
594.832181930542
2828.348159790039
1637.350082397461
202.09264755249023
409.4665050506592
1683.5479736328125
1249.2554187774658
1142.4918174743652
584.7587585449219
357.0125102996826
707.4413299560547
1112.4756336212158
213.6821746826172
270.2469825744629
864.8278713226318
1175.9352684020996
178.1301498413086
867.51389503479
713.7622833251953
386.34371757507324
1551.497459411621
629.239559173584
296.0162162780762
1783.3025455474854
1355.5355072021484
1209.0716361999512
1370.9385395050049
254.27865982055664
1399.9748229980469
524.3241786956787
469.03324127197266
474.5187759399414
975.3737449645996
385.8621120452881
612.2989654541016
590.9974575042725
209.2878818511963
406.16893768310547
683.1967830657959
372.5135326385498
888.7755870819092
439.1472339630127
550.1813888549805
2556.2219619750977
279.66785430908203
872.7989196777344
582.115888595581
2320.093870162964
566.9629573822021
432.62791633605957
837.104082107544
1827.2912502288818
701.693058013916
817.8668022155762
236.93442344665527
551.1362552642822
461.12632751464844
2724.027633666992
253.95941734313965
1446.0170269012451
671.1461544036865
609.4937324523926
241.00065231323242
480.039119720459
400.73132514953613
867.2668933868408
879.0700435638428
502.4113655090332
735.5973720550537
1685.8115196228027
1595.456838607788
427.95538902282715
546.7233657836914
2753.298282623291
300.4188537597656
3539.836883544922
998.8622665405273
422.757625579834
1193.1560039520264
330.8587074279785
845.9243774414062
944.6291923522949
975.0521183013916
319.915771484375
916.3579940795898
474.78532791137695
300.3685474395752
1079.1337490081787
252.8066635131836
393.3682441711426
534.7378253936768
441.4401054382324
320.3456401824951
501.74665451049805
522.4006175994873
202.72469520568848
547.8181838989258
264.6455764770508
1208.1232070922852
542.8483486175537
164.44706916809082
938.697099685669
813.1639957427979
477.9481887817383
674.3440628051758
755.0747394561768
1399.4288444519043
422.95145988464355
1054.6622276306152
498.72326850891113
1617.6517009735107
1330.6646347045898
1016.1585807800293
1602.84423828125
534.5854759216309
3813.2529258728027
211.8518352508545
217.86832809448242
354.74300384521484
1481.2185764312744
528.4092426300049
353.28149795532227
685.9283447265625
488.2338047027588
265.58399200439453
469.3617820739746
3094.5587158203125
1501.575231552124
322.3710060119629
658.3645343780518
340.2905464172363
921.6489791870117
984.5023155212402
959.4922065734863
1878.157138824463
1022.8128433227539
357.799768447876
451.9379138946533
392.96960830688477
723.6552238464355
2188.800573348999
667.9532527923584
560.856819152832
186.09166145324707
301.9435405731201
625.0412464141846
1049.9424934387207
513.4131908416748
1288.9294624328613
1323.8227367401123
278.5522937774658
1824.3694305419922
363.6949062347412
454.0235996246338
964.9114608764648
882.6508522033691
1283.6809158325195
461.3914489746094
2933.7902069091797
430.4049015045166
1048.1858253479004
1162.4269485473633
1142.6398754119873
1291.0501956939697
1008.873701095581
363.2514476776123
932.1584701538086
871.0026741027832
1021.4383602142334
2719.547986984253
1701.4048099517822
258.2123279571533
573.8446712493896
907.4974060058594
507.17949867248535
708.7311744689941
265.331506729126
1345.2131748199463
436.5527629852295
1048.0835437774658
412.4131202697754
821.782112121582
637.0620727539062
494.8310852050781
1350.1193523406982
339.6632671356201
1235.936164855957
878.7903785705566
315.6759738922119
245.92089653015137
555.9237003326416
224.0135669708252
407.61613845825195
902.8973579406738
1326.4098167419434
349.9767780303955
654.5100212097168
178.99465560913086
389.2240524291992
449.28956031799316
1164.461374282837
772.0844745635986
429.43739891052246
1318.666934967041
2071.636199951172
383.622407913208
272.5045680999756
469.21443939208984
1026.2653827667236
264.31918144226074
1324.3210315704346
315.1061534881592
533.6427688598633
563.2681846618652
429.86154556274414
516.1154270172119
225.4655361175537
2097.755193710327
599.7629165649414
177.39248275756836
548.3443737030029
1198.392391204834
236.4828586578369
395.2653408050537
355.59773445129395
1047.335147857666
351.1195182800293
772.9904651641846
363.1129264831543
1190.5083656311035
1420.3529357910156
479.57420349121094
1133.9704990386963
640.8088207244873
600.8303165435791
1094.2859649658203
1222.083568572998
153.49626541137695
697.7400779724121
2388.12255859375
1395.1406478881836
596.625566482544
475.724458694458
789.0489101409912
368.17407608032227
2092.6742553710938
488.9492988586426
1176.8238544464111
438.6637210845947
632.5099468231201
514.4369602203369
2429.7616481781006
1808.243751525879
1231.5633296966553
952.3577690124512
1566.3540363311768
679.0752410888672
1101.1440753936768
343.60718727111816
163.03133964538574
1250.9782314300537
385.4556083679199
239.14241790771484
2201.517105102539
2972.461938858032
192.08073616027832
1853.2803058624268
1229.499340057373
337.22376823425293
818.2070255279541
938.317060470581
141.16930961608887
2412.0867252349854
1332.1435451507568
396.44885063171387
668.6406135559082
1467.8449630737305
269.14048194885254
192.04163551330566
463.00768852233887
428.1153678894043
295.32408714294434
439.99409675598145
242.5098419189453
329.3917179107666
303.009033203125
963.90700340271
706.5010070800781
2318.2222843170166
2056.1819076538086
1255.6476593017578
310.3935718536377
313.74168395996094
471.3277816772461
1444.0298080444336
1023.0498313903809
818.2082176208496
440.8564567565918
172.17326164245605
415.813684463501
1113.56520652771
1722.0146656036377
431.6730499267578
350.63934326171875
887.9420757293701
1065.4006004333496
970.9920883178711
865.5154705047607
634.6957683563232
829.7955989837646
697.9014873504639
318.2024955749512
1117.2246932983398
473.339319229126
693.1047439575195
264.418363571167
611.6819381713867
226.0751724243164
422.8477478027344
652.3373126983643
2079.2183876037598
185.90879440307617
1395.3232765197754
1778.1789302825928
553.0734062194824
396.40069007873535
795.212984085083
1303.5626411437988
748.6081123352051
458.90283584594727
616.1558628082275
420.0315475463867
1050.5447387695312
1859.6556186676025
886.4138126373291
1023.2424736022949
1215.6603336334229
549.7856140136719
628.1015872955322
463.04845809936523
804.8191070556641
406.71610832214355
1213.9148712158203
706.6745758056641
614.370584487915
297.4824905395508
549.6914386749268
848.0632305145264
818.6473846435547
439.36634063720703
558.3014488220215
1376.3504028320312
633.3258152008057
587.3866081237793
494.4276809692383
515.453577041626
467.9138660430908
1916.4633750915527
822.3683834075928
1048.2442378997803
2279.919385910034
427.2289276123047
924.6432781219482
393.1000232696533
1430.182695388794
389.0509605407715
789.8941040039062
707.2951793670654
477.8940677642822
1405.7974815368652
939.9685859680176
1072.3121166229248
297.4886894226074
551.8772602081299
441.49208068847656
3391.040086746216
326.2162208557129
861.875057220459
760.0805759429932
239.11237716674805
203.1550407409668
344.82574462890625
840.5799865722656
775.0003337860107
360.0924015045166
420.398473739624
769.416093826294
394.68860626220703
796.8106269836426
578.2449245452881
2124.0291595458984
933.8235855102539
754.1458606719971
877.4170875549316
526.731014251709
639.4186019897461
363.71588706970215
612.0729446411133
2034.2106819152832
675.5077838897705
703.397274017334
237.46585845947266
157.92393684387207
1960.0560665130615
1168.6224937438965
929.9917221069336
1993.8786029815674
370.8188533782959
1168.8909530639648
349.4911193847656
555.2127361297607
325.6816864013672
196.78330421447754
1103.5056114196777
456.1190605163574
883.6343288421631
522.9103565216064
3120.27907371521
404.9856662750244
474.72381591796875
1914.1483306884766
801.7318248748779
359.5268726348877
378.3440589904785
351.2096405029297
1119.7741031646729
279.76346015930176
321.00701332092285
2817.2364234924316
1900.644063949585
1237.800121307373
350.1625061035156
728.9905548095703
676.764965057373
502.8071403503418
479.6252250671387
486.5765571594238
502.0463466644287
1091.3536548614502
808.0556392669678
957.6971530914307
655.0090312957764
1339.1380310058594
1476.097822189331
952.5883197784424
1391.9353485107422
688.439130783081
640.6090259552002
1102.5440692901611
762.6163959503174
628.5412311553955
719.8936939239502
273.418664932251
368.4546947479248
888.0777359008789
2141.623020172119
2709.280252456665
579.8087120056152
227.41198539733887
429.84676361083984
192.28506088256836
400.2423286437988
198.18472862243652
904.0768146514893
402.432918548584
341.8164253234863
969.1977500915527
1248.4955787658691
517.7669525146484
450.3324031829834
927.2782802581787
666.1696434020996
896.8296051025391
842.1986103057861
597.4733829498291
415.13824462890625
830.3818702697754
1513.4344100952148
325.60181617736816
1025.7108211517334
968.0008888244629
281.98814392089844
366.1940097808838
678.4052848815918
366.0247325897217
1363.5246753692627
499.8486042022705
795.1228618621826
749.1192817687988
423.4282970428467
599.2274284362793
1440.1049613952637
189.7430419921875
261.30008697509766
774.7983932495117
205.68060874938965
300.3551959991455
777.0175933837891
848.4082221984863
778.9900302886963
358.475923538208
2055.7756423950195
244.68326568603516
1441.6770935058594
550.0028133392334
344.4042205810547
338.68908882141113
239.98570442199707
319.54312324523926
1178.480625152588
1382.2948932647705
956.8371772766113
504.14299964904785
919.9638366699219
323.45056533813477
337.08953857421875
541.9466495513916
270.11728286743164
325.86169242858887
167.97518730163574
758.1143379211426
1090.6915664672852
969.4652557373047
755.2938461303711
869.8902130126953
1054.997205734253
855.3464412689209
856.0807704925537
1566.4939880371094
701.7898559570312
904.8469066619873
347.9435443878174
334.0036869049072
804.8975467681885
1508.8233947753906
4873.474597930908
205.13248443603516
219.05183792114258
676.2385368347168
1040.3928756713867
494.1098690032959
728.6720275878906
479.6435832977295
717.3457145690918
1290.4067039489746
488.5439872741699
219.96569633483887
1037.5401973724365
1569.1776275634766
838.9120101928711
203.71007919311523
554.6000003814697
479.45213317871094
