3830.136299133301
819.6566104888916
3192.211627960205
166.8553352355957
591.3078784942627
948.420524597168
868.5598373413086
737.6244068145752
573.955774307251
728.7712097167969
2865.0763034820557
751.1217594146729
227.33330726623535
543.2000160217285
861.6759777069092
1292.250394821167
2992.5739765167236
755.51438331604
2255.2852630615234
994.7202205657959
890.1190757751465
346.98963165283203
3038.7518405914307
857.4104309082031
3324.044704437256
695.9834098815918
1182.3642253875732
1854.8285961151123
802.2284507751465
6738.5993003845215
1054.1176795959473
3289.5007133483887
1078.0603885650635
691.2484169006348
1409.0795516967773
3972.592830657959
1431.2613010406494
305.31907081604004
969.6588516235352
743.0169582366943
946.4330673217773
1662.5735759735107
2233.1395149230957
1328.7920951843262
333.88400077819824
575.4809379577637
439.63170051574707
505.14984130859375
1320.6992149353027
1394.0825462341309
2256.944179534912
2495.3904151916504
303.53450775146484
5888.067245483398
2273.7183570861816
2524.9619483947754
3864.2919063568115
592.3769474029541
1531.9254398345947
841.1531448364258
1179.2855262756348
411.4816188812256
171.4484691619873
2276.075839996338
4085.801124572754
872.7502822875977
217.4851894378662
1449.2332935333252
1007.2286128997803
1831.3319683074951
1229.8359870910645
233.73913764953613
864.8228645324707
1360.7807159423828
2466.176748275757
1430.9911727905273
338.8936519622803
3244.579315185547
2284.945487976074
2665.7462120056152
962.1775150299072
1167.4392223358154
422.4848747253418
255.15460968017578
1022.5679874420166
503.96227836608887
189.23521041870117
2650.2959728240967
1752.7148723602295
2447.542190551758
729.438304901123
191.7729377746582
3044.9414253234863
3420.643091201782
2198.7478733062744
2011.5036964416504
336.64488792419434
1956.8135738372803
3882.053852081299
275.2048969268799
470.82042694091797
1977.7898788452148
393.4035301208496
2056.5245151519775
359.7979545593262
4148.3893394470215
672.7545261383057
1085.5717658996582
1898.226261138916
408.46848487854004
2374.448537826538
270.2617645263672
6154.293060302734
1595.097303390503
228.85799407958984
950.005292892456
2422.189950942993
3934.3693256378174
5404.238700866699
2165.9798622131348
487.0593547821045
168.5655117034912
1330.4905891418457
234.9841594696045
736.8721961975098
632.3983669281006
456.67123794555664
1280.5027961730957
223.20294380187988
415.73429107666016
2469.761610031128
1089.5380973815918
415.8899784088135
1951.5409469604492
1740.0329113006592
1425.0800609588623
645.9670066833496
371.2034225463867
126.05738639831543
2098.3731746673584
7882.119655609131
461.911678314209
3267.643451690674
198.48346710205078
2500.181198120117
236.5419864654541
1256.3016414642334
1400.3047943115234
182.36374855041504
403.8500785827637
1437.145471572876
1007.2031021118164
1055.4535388946533
769.9329853057861
1007.3466300964355
1413.618803024292
3221.3566303253174
257.89642333984375
647.3305225372314
457.47828483581543
3312.9708766937256
2360.32772064209
2843.82963180542
1953.644037246704
278.9273262023926
573.7149715423584
1578.5396099090576
710.5553150177002
854.3701171875
373.10051918029785
3338.6824131011963
605.7076454162598
3546.626567840576
271.9273567199707
612.1518611907959
545.1304912567139
3206.2923908233643
587.9144668579102
454.7159671783447
977.4284362792969
878.6838054656982
994.5869445800781
1177.259922027588
2593.0066108703613
1738.3267879486084
1426.9301891326904
2933.9842796325684
160.97736358642578
3061.032772064209
1967.1227931976318
2215.4674530029297
1939.8303031921387
2384.2694759368896
421.5109348297119
4465.5961990356445
5641.573429107666
2252.4235248565674
277.1034240722656
1185.457706451416
714.7922515869141
6673.768758773804
2903.9788246154785
241.0273551940918
931.995153427124
312.1328353881836
658.8475704193115
376.4832019805908
2849.7447967529297
2145.570993423462
1528.3091068267822
1300.8928298950195
1385.9553337097168
342.4983024597168
1005.4702758789062
481.6913604736328
1256.706953048706
737.3027801513672
3118.6020374298096
2191.389799118042
4458.040475845337
846.4829921722412
450.0079154968262
1401.4334678649902
445.63913345336914
252.58207321166992
454.17070388793945
1682.0569038391113
498.20685386657715
5472.848415374756
1007.1020126342773
2295.5362796783447
550.992488861084
557.5575828552246
938.5788440704346
1237.1230125427246
576.7548084259033
202.70752906799316
1801.98335647583
2016.700029373169
512.0437145233154
656.822919845581
156.40926361083984
1129.6133995056152
185.84609031677246
3634.2761516571045
1243.880271911621
2223.266124725342
879.9536228179932
2799.23939704895
650.5470275878906
1020.697832107544
525.0446796417236
2290.1904582977295
1465.3639793395996
729.9211025238037
2037.5316143035889
1536.1225605010986
214.05339241027832
1101.1967658996582
1163.7325286865234
2595.031261444092
466.97163581848145
1373.455286026001
7405.407428741455
1890.1262283325195
165.44604301452637
1449.0556716918945
153.26714515686035
449.3403434753418
230.15785217285156
549.4349002838135
2370.6798553466797
1325.5679607391357
865.2513027191162
1933.774471282959
2572.091579437256
257.2786808013916
1218.6989784240723
270.5798149108887
1229.5548915863037
151.09801292419434
459.4151973724365
573.8949775695801
1048.9416122436523
1823.756217956543
437.7121925354004
4135.2338790893555
1648.3337879180908
4547.684192657471
2187.016487121582
146.4238166809082
679.9185276031494
532.1822166442871
1048.7298965454102
1296.5471744537354
702.3212909698486
612.8213405609131
411.545991897583
2416.391134262085
992.3877716064453
3699.403762817383
706.6781520843506
193.53461265563965
242.31696128845215
3092.3006534576416
1036.4315509796143
479.1741371154785
289.97206687927246
833.7266445159912
875.6697177886963
3783.4842205047607
2893.221139907837
604.1560173034668
958.4164619445801
636.9340419769287
684.431791305542
997.035026550293
340.23499488830566
3240.907907485962
137.3133659362793
715.5673503875732
901.843786239624
8154.508829116821
980.4534912109375
1217.9713249206543
436.36059761047363
3138.73291015625
889.6386623382568
1417.4470901489258
2859.816789627075
317.6455497741699
2100.2769470214844
3974.5328426361084
425.4934787750244
1614.8569583892822
1302.6020526885986
1102.8778553009033
2336.9200229644775
659.0056419372559
861.0680103302002
2345.5517292022705
3790.494441986084
538.5138988494873
248.86226654052734
258.44407081604004
3951.049566268921
168.168306350708
1769.1004276275635
2286.4620685577393
2569.8132514953613
1681.0059547424316
1416.9352054595947
1053.5657405853271
1669.8055267333984
1529.6156406402588
212.18228340148926
2871.150255203247
3758.6135864257812
242.00057983398438
336.80272102355957
2534.6083641052246
642.4689292907715
291.69249534606934
5816.366910934448
2214.771270751953
1041.3212776184082
1087.4638557434082
7317.344903945923
850.2378463745117
1421.4513301849365
234.92074012756348
1372.0166683197021
337.9325866699219
861.0541820526123
1248.4557628631592
246.94299697875977
280.2157402038574
1958.4288597106934
2228.7540435791016
1668.1721210479736
218.0793285369873
244.9624538421631
5031.038045883179
2220.7086086273193
3921.4367866516113
3612.7357482910156
4447.907447814941
424.3173599243164
807.715654373169
1955.7578563690186
922.9245185852051
143.62025260925293
1114.9048805236816
2099.261522293091
333.3566188812256
2511.214017868042
3466.722249984741
846.0345268249512
1202.7091979980469
555.0961494445801
484.23266410827637
157.23466873168945
1858.621597290039
1672.8270053863525
2261.1303329467773
294.37923431396484
2387.8233432769775
443.79234313964844
2562.6659393310547
1063.201665878296
335.1409435272217
339.6451473236084
309.0641498565674
1415.2486324310303
2500.424385070801
397.5205421447754
1850.8574962615967
5281.276702880859
5474.668025970459
4529.336452484131
294.7087287902832
2898.037910461426
1243.3791160583496
3661.7188453674316
3333.543539047241
241.41860008239746
1506.9568157196045
174.15165901184082
1314.9323463439941
329.7851085662842
1133.7594985961914
2751.4700889587402
2058.3529472351074
2310.38236618042
765.8367156982422
2338.181972503662
1049.0927696228027
795.8776950836182
1062.072515487671
2874.5081424713135
1255.4566860198975
2506.038188934326
972.4893569946289
218.6126708984375
442.7924156188965
2094.3455696105957
1611.372947692871
1805.234432220459
255.85031509399414
626.441240310669
1714.4660949707031
3375.4351139068604
578.4282684326172
248.07000160217285
3768.738031387329
1636.695384979248
583.9853286743164
2900.116443634033
1222.7354049682617
255.8605670928955
551.6645908355713
1173.064947128296
250.23961067199707
1015.2764320373535
1554.8360347747803
1051.5286922454834
3284.412622451782
474.855899810791
406.9821834564209
2786.362886428833
3673.9699840545654
596.1625576019287
1128.1962394714355
661.09299659729
1060.3504180908203
381.5886974334717
154.49261665344238
649.8997211456299
1236.0420227050781
2662.4255180358887
2152.8196334838867
525.4778861999512
1110.5060577392578
2084.442377090454
2042.96875
1694.396734237671
450.3347873687744
611.1643314361572
226.5610694885254
153.37848663330078
1873.5027313232422
388.61918449401855
261.9020938873291
881.5760612487793
438.3225440979004
2345.472812652588
1305.3123950958252
2157.0565700531006
855.3519248962402
317.0132637023926
1615.004062652588
1608.9513301849365
215.31295776367188
2729.3152809143066
172.84536361694336
1208.1880569458008
2473.850965499878
2174.164295196533
672.2078323364258
288.2876396179199
3260.4219913482666
1235.1443767547607
923.8026142120361
4839.605331420898
1673.6929416656494
2375.6916522979736
1250.0929832458496
354.6900749206543
2191.627025604248
384.75990295410156
1947.1943378448486
5305.175542831421
178.57861518859863
699.5501518249512
1123.2287883758545
602.1907329559326
337.37945556640625
1291.2886142730713
3984.7047328948975
4679.104328155518
6697.557687759399
1788.238525390625
277.30321884155273
2003.718614578247
922.0786094665527
904.9174785614014
2897.932529449463
970.7529544830322
180.01413345336914
1732.19895362854
1066.8740272521973
2050.0857830047607
406.6777229309082
456.3143253326416
1354.8173904418945
265.29574394226074
4188.676595687866
243.85595321655273
1263.9310359954834
726.2601852416992
2576.3211250305176
1187.673807144165
925.1663684844971
222.43690490722656
1041.865348815918
961.8101119995117
2451.107978820801
2505.556344985962
2471.747875213623
226.7472743988037
613.5990619659424
1436.9754791259766
361.4661693572998
1584.2654705047607
1156.3315391540527
3116.631031036377
1122.9844093322754
2390.693426132202
2855.0920486450195
2040.7638549804688
904.6220779418945
818.3228969573975
954.0305137634277
699.6521949768066
2426.180124282837
2035.921335220337
313.8895034790039
11891.33906364441
595.7860946655273
781.5403938293457
17319.846153259277
785.4557037353516
452.18849182128906
311.3219738006592
2663.188934326172
1352.00834274292
2120.3720569610596
2584.972143173218
478.5451889038086
1273.146152496338
1260.256290435791
399.0895748138428
2167.5426959991455
2094.8574542999268
4474.283695220947
180.68861961364746
4603.080987930298
1357.0823669433594
153.29504013061523
154.9394130706787
401.660680770874
1421.7283725738525
2499.645709991455
5232.069492340088
2251.537084579468
1125.580072402954
146.62718772888184
3734.0638637542725
401.3187885284424
598.5524654388428
1347.9859828948975
230.4229736328125
2785.5865955352783
990.3287887573242
6287.507772445679
11775.986909866333
1325.5791664123535
1141.1080360412598
997.6425170898438
4378.0858516693115
4696.971893310547
2209.8398208618164
799.7422218322754
388.8871669769287
874.6054172515869
4788.914918899536
758.7358951568604
2440.089702606201
1190.2148723602295
1414.7260189056396
2023.6732959747314
1102.4842262268066
2560.6131553649902
443.0093765258789
382.02452659606934
2292.926549911499
462.2068405151367
1084.9082469940186
1949.2011070251465
2476.3078689575195
1282.550573348999
1544.532060623169
2119.4756031036377
2934.8137378692627
1937.0429515838623
899.223804473877
475.9235382080078
2050.8029460906982
2284.8825454711914
5145.4877853393555
612.410306930542
6000.266075134277
3037.120819091797
1924.7462749481201
321.50912284851074
2686.7637634277344
461.7161750793457
7082.062482833862
6133.319139480591
218.02091598510742
598.6859798431396
4323.804616928101
2132.429838180542
1400.130271911621
3062.5956058502197
431.774377822876
1351.3226509094238
359.77911949157715
757.5619220733643
384.0000629425049
1923.2816696166992
9264.51063156128
492.9790496826172
2344.6249961853027
133.41903686523438
154.61015701293945
301.2688159942627
1391.3888931274414
1794.7206497192383
267.87304878234863
5663.7091636657715
1290.8427715301514
341.08829498291016
828.4561634063721
2349.9374389648438
210.0381851196289
1919.9550151824951
2250.908613204956
337.01014518737793
1852.6029586791992
693.878173828125
509.3953609466553
2406.575918197632
125.47445297241211
174.64327812194824
2074.629545211792
1133.2628726959229
2758.3556175231934
608.9234352111816
1240.1156425476074
2569.720983505249
2623.762369155884
1751.643419265747
219.4685935974121
2214.1597270965576
3286.6950035095215
553.7595748901367
2955.932140350342
2211.045026779175
1680.9086799621582
165.48490524291992
2051.565647125244
259.68098640441895
2489.9675846099854
1134.5114707946777
4476.826429367065
272.42183685302734
353.1970977783203
1444.237470626831
504.75001335144043
3089.5321369171143
952.568769454956
1507.5125694274902
2927.2584915161133
1145.2090740203857
1529.6134948730469
147.4463939666748
300.6753921508789
1672.3179817199707
409.6100330352783
249.00293350219727
1111.7198467254639
564.1953945159912
140.3980255126953
7972.617864608765
3493.95751953125
2601.2861728668213
275.64430236816406
352.28896141052246
1857.4254512786865
178.55191230773926
2124.983072280884
886.7425918579102
2847.322702407837
1102.489709854126
424.41463470458984
658.5910320281982
1256.30521774292
10183.047771453857
347.52488136291504
1746.9286918640137
493.00384521484375
3327.594041824341
1062.4005794525146
419.5554256439209
3987.6272678375244
11701.71046257019
203.3395767211914
3801.9535541534424
1162.9385948181152
1192.2457218170166
658.8976383209229
288.91444206237793
1381.9284439086914
796.4332103729248
3360.790729522705
1026.4358520507812
202.56447792053223
892.5333023071289
610.8028888702393
160.5825424194336
1716.0966396331787
1237.511396408081
498.42119216918945
2322.8847980499268
195.43170928955078
2229.475736618042
412.9807949066162
1406.761646270752
891.8049335479736
560.1069927215576
286.1669063568115
1208.925485610962
561.098575592041
3785.8195304870605
2890.197277069092
399.3353843688965
2876.112699508667
2875.310182571411
145.9648609161377
273.3018398284912
149.28078651428223
147.38941192626953
146.10791206359863
380.626916885376
791.5005683898926
374.2837905883789
1049.607753753662
2319.171190261841
1758.3506107330322
1635.4215145111084
436.6469383239746
521.540641784668
1450.524091720581
2315.3133392333984
1079.2927742004395
470.9351062774658
454.00428771972656
3019.361734390259
2999.8767375946045
770.1549530029297
308.44950675964355
1078.8085460662842
1110.5704307556152
668.3030128479004
1011.8811130523682
1042.0310497283936
1458.5814476013184
1581.585168838501
2257.080316543579
2289.0470027923584
317.2788619995117
444.76914405822754
597.4221229553223
451.4431953430176
219.2227840423584
2332.355260848999
344.36964988708496
1794.9702739715576
782.9732894897461
2528.418779373169
2141.1218643188477
254.19330596923828
149.71232414245605
2206.8002223968506
552.8459548950195
996.1252212524414
561.2635612487793
335.4911804199219
616.9414520263672
1074.5298862457275
383.5580348968506
212.16464042663574
411.1630916595459
2179.7423362731934
1137.2413635253906
2099.4279384613037
633.4681510925293
1634.8426342010498
915.0159358978271
1086.440086364746
496.9594478607178
6490.481615066528
3049.349308013916
1312.4008178710938
4971.574783325195
179.65936660766602
155.14492988586426
200.37078857421875
2198.232412338257
2187.3834133148193
1485.5198860168457
224.1840362548828
3808.0177307128906
581.4621448516846
620.8670139312744
2647.7301120758057
2790.339231491089
553.9829730987549
3355.198621749878
1364.365577697754
2897.116184234619
241.50323867797852
5476.691484451294
7970.1783657073975
416.9461727142334
1364.8054599761963
581.6819667816162
1163.9344692230225
3163.349390029907
4187.944412231445
362.55955696105957
281.19611740112305
2586.448907852173
458.35351943969727
2077.6607990264893
870.5146312713623
1250.0874996185303
640.9497261047363
1613.0256652832031
2803.370475769043
886.9402408599854
1295.151710510254
787.2624397277832
1900.5379676818848
5051.569938659668
144.56605911254883
1842.9253101348877
146.99554443359375
1520.1497077941895
716.2191867828369
1538.4035110473633
1022.9470729827881
622.4842071533203
2316.976547241211
362.58411407470703
2416.1665439605713
275.7294178009033
2667.499780654907
1187.2963905334473
1262.749433517456
2369.2948818206787
318.2213306427002
1511.206865310669
1771.7361450195312
315.89579582214355
2622.692584991455
192.11363792419434
2847.2907543182373
1577.6605606079102
1760.2322101593018
2850.5859375
309.1855049133301
1622.9069232940674
254.69493865966797
6581.869125366211
1159.1227054595947
7998.4259605407715
148.3616828918457
944.1113471984863
1097.1355438232422
1665.97318649292
5483.572483062744
2315.070152282715
379.1050910949707
2701.906681060791
1213.1633758544922
1946.800708770752
213.2880687713623
808.3987236022949
1451.1349201202393
1501.5599727630615
5427.836179733276
1903.4044742584229
808.5107803344727
1273.972988128662
3989.471673965454
155.45058250427246
2203.131914138794
1227.3321151733398
1286.2305641174316
4781.96120262146
3495.9025382995605
566.486120223999
1396.453619003296
369.43578720092773
410.4633331298828
1297.6820468902588
978.4054756164551
1189.284086227417
366.64581298828125
689.8539066314697
460.5581760406494
393.87965202331543
2300.283670425415
5993.516206741333
2368.0708408355713
3576.1494636535645
4447.7808475494385
910.9845161437988
541.729211807251
405.88903427124023
3396.345853805542
888.059139251709
1465.543508529663
1237.8833293914795
139.64200019836426
3083.3723545074463
623.8918304443359
192.9473876953125
1947.0081329345703
866.1093711853027
696.1183547973633
1042.3128604888916
602.4112701416016
801.8863201141357
590.3701782226562
885.0042819976807
683.9606761932373
421.8776226043701
1351.0210514068604
2750.9520053863525
771.0733413696289
152.12082862854004
1207.0422172546387
213.8216495513916
1483.4990501403809
276.07154846191406
5599.780797958374
1086.7834091186523
1164.196491241455
2627.7709007263184
789.7171974182129
2069.2503452301025
842.4296379089355
576.9150257110596
240.78059196472168
311.3741874694824
1153.2254219055176
159.08145904541016
406.1000347137451
2737.874984741211
937.3586177825928
280.9414863586426
1261.1541748046875
2680.830955505371
732.4063777923584
924.1907596588135
536.017656326294
999.8898506164551
2085.3796005249023
1940.3986930847168
738.9969825744629
530.5545330047607
1007.9226493835449
1339.6148681640625
573.3518600463867
905.8108329772949
1466.5708541870117
1123.5888004302979
1658.294439315796
1422.353744506836
1810.3654384613037
973.0653762817383
2856.9209575653076
1411.4365577697754
661.7946624755859
10119.818449020386
5263.204097747803
746.7684745788574
534.9955558776855
447.5822448730469
1479.00390625
2314.7740364074707
892.5933837890625
311.7964267730713
251.2056827545166
2014.8437023162842
2339.810848236084
149.72329139709473
401.14378929138184
2351.5820503234863
3182.7378273010254
1352.64253616333
1848.5548496246338
203.01413536071777
1771.4707851409912
330.40738105773926
192.97409057617188
1373.4469413757324
502.1944046020508
495.7740306854248
435.8630180358887
884.0658664703369
1891.5092945098877
1253.0639171600342
722.1977710723877
316.2112236022949
3651.2322425842285
586.2758159637451
3689.5358562469482
429.51273918151855
1038.4531021118164
6576.313018798828
3404.9453735351562
1666.5027141571045
302.9899597167969
320.0826644897461
521.7142105102539
799.7066974639893
2548.309803009033
210.57558059692383
2080.36470413208
321.4097023010254
1392.9495811462402
700.0999450683594
938.0977153778076
2225.9368896484375
1626.544713973999
370.59545516967773
3302.093982696533
393.4333324432373
544.6743965148926
3406.846046447754
576.024055480957
410.7217788696289
2737.6251220703125
1710.1058959960938
998.9182949066162
1224.280834197998
639.5435333251953
377.46477127075195
392.23694801330566
386.887788772583
2137.101173400879
1666.5358543395996
2064.859390258789
897.7341651916504
828.0196189880371
1995.7759380340576
3307.2054386138916
146.92258834838867
966.4850234985352
230.69357872009277
2275.95853805542
284.22021865844727
505.25927543640137
1263.8461589813232
420.257568359375
1902.2860527038574
2916.2955284118652
5186.047315597534
3410.132646560669
385.07676124572754
1067.2810077667236
746.2761402130127
302.52528190612793
1111.4506721496582
3154.9723148345947
5069.1258907318115
960.3176116943359
1943.4492588043213
2196.8894004821777
2491.813898086548
701.3332843780518
294.50178146362305
4346.033811569214
815.3014183044434
693.5734748840332
238.2957935333252
2301.75518989563
2113.1374835968018
506.23250007629395
2388.958215713501
988.6317253112793
665.4417514801025
2622.5202083587646
2236.3102436065674
375.2925395965576
2266.988754272461
4448.27127456665
476.61662101745605
521.8782424926758
239.89224433898926
562.5858306884766
2816.335439682007
1764.9595737457275
671.5579032897949
1873.6863136291504
846.5893268585205
246.0777759552002
1834.7485065460205
612.0104789733887
1140.9976482391357
653.4652709960938
1101.8939018249512
864.4027709960938
661.3986492156982
315.873384475708
274.80053901672363
349.90811347961426
354.891300201416
708.1494331359863
1542.7556037902832
1528.3584594726562
291.78929328918457
1349.3592739105225
809.257984161377
240.89694023132324
344.1588878631592
3261.279582977295
383.66031646728516
801.1906147003174
2169.963836669922
682.2495460510254
8481.413125991821
137.61496543884277
1096.5116024017334
2890.608787536621
1462.3048305511475
155.14183044433594
280.1785469055176
366.7290210723877
1251.408576965332
3558.997631072998
2050.9846210479736
202.7723789215088
200.55794715881348
1578.6685943603516
4662.823915481567
551.032304763794
665.2107238769531
370.7726001739502
897.8853225708008
689.8307800292969
185.77837944030762
230.35073280334473
3422.3976135253906
178.7889003753662
1232.3143482208252
542.994499206543
681.023359298706
2738.8064861297607
1619.6622848510742
2466.444492340088
780.6887626647949
908.2605838775635
1024.688482284546
215.77763557434082
707.1821689605713
2393.8703536987305
954.7286033630371
626.495361328125
575.305700302124
1966.7177200317383
2508.894681930542
294.5127487182617
155.28368949890137
6702.820062637329
1078.3555507659912
275.6915092468262
604.8722267150879
460.1461887359619
2217.418670654297
178.78127098083496
1113.5730743408203
288.79308700561523
1047.9342937469482
1713.899850845337
136.52658462524414
2878.9947032928467
506.9317817687988
3484.524965286255
2162.536144256592
826.0202407836914
1844.4530963897705
5654.013633728027
3777.7228355407715
661.9017124176025
3143.319606781006
5456.660747528076
1328.6027908325195
1593.4205055236816
206.86697959899902
3692.188501358032
550.8267879486084
2181.180715560913
2553.1997680664062
1102.5590896606445
432.97457695007324
822.1302032470703
4473.73366355896
468.4178829193115
1885.0529193878174
1290.0183200836182
7749.740362167358
1707.252025604248
1223.3712673187256
420.5203056335449
4565.648317337036
564.800500869751
3137.8302574157715
621.4969158172607
702.9809951782227
412.9834175109863
4156.125545501709
133.13913345336914
1224.9016761779785
1010.7386112213135
577.8710842132568
3460.5085849761963
310.11438369750977
2795.917510986328
627.6986598968506
783.6990356445312
1499.5477199554443
324.4476318359375
1581.5980434417725
1634.169578552246
608.7653636932373
1121.4649677276611
3455.3449153900146
2913.407325744629
1259.2146396636963
2000.6327629089355
1972.700595855713
246.28090858459473
1906.4524173736572
143.95451545715332
4088.8359546661377
1096.7729091644287
1039.7210121154785
1691.1580562591553
813.0979537963867
4823.107481002808
393.5580253601074
1702.0354270935059
567.9931640625
194.06652450561523
818.4311389923096
272.8128433227539
788.9008522033691
1385.413646697998
1038.2411479949951
1936.3811016082764
2040.9317016601562
4039.2229557037354
1545.2861785888672
371.0305690765381
565.7329559326172
1069.5796012878418
993.8013553619385
4448.724985122681
187.43205070495605
603.9950847625732
1541.3947105407715
898.6921310424805
2605.478525161743
152.7259349822998
647.7007865905762
224.43485260009766
388.80300521850586
1379.295825958252
1540.4021739959717
138.3979320526123
1438.0292892456055
682.3015213012695
544.424295425415
251.91617012023926
2274.5625972747803
172.09410667419434
1329.9474716186523
249.80711936950684
534.1548919677734
3868.7939643859863
4005.9752464294434
595.7310199737549
1097.5451469421387
1814.5239353179932
3456.2690258026123
760.120153427124
1018.4504985809326
711.8434906005859
766.3099765777588
228.9443016052246
376.5075206756592
1423.0766296386719
3017.582416534424
3891.112804412842
670.3245639801025
332.72242546081543
593.9016342163086
1229.6223640441895
2657.9320430755615
611.736536026001
1105.6532859802246
764.4569873809814
1067.633867263794
2901.0610580444336
2071.0549354553223
3092.7371978759766
908.6596965789795
1956.0623168945312
402.6656150817871
207.14426040649414
2118.7567710876465
2980.386734008789
1241.4309978485107
353.32441329956055
318.8934326171875
969.4845676422119
178.04694175720215
2867.094039916992
426.9731044769287
247.99823760986328
433.2706928253174
504.63032722473145
523.2203006744385
190.17577171325684
1722.2299575805664
1434.1082572937012
2073.411703109741
3114.968776702881
609.4036102294922
2605.9606075286865
572.1218585968018
1971.766471862793
529.9468040466309
231.89759254455566
502.70557403564453
1679.9147129058838
3464.0374183654785
858.8676452636719
2152.735710144043
1932.3277473449707
2871.370315551758
836.9123935699463
195.69063186645508
2606.323719024658
944.2713260650635
3245.9001541137695
1214.0140533447266
1321.6607570648193
487.34402656555176
1272.8018760681152
3119.138717651367
1044.264554977417
674.6506690979004
2793.9980030059814
1916.2638187408447
6310.293674468994
877.1212100982666
3186.6650581359863
1116.8508529663086
1392.5609588623047
898.646354675293
3467.0987129211426
223.3898639678955
6740.950584411621
206.4955234527588
1243.0615425109863
148.5464572906494
792.4270629882812
3860.6789112091064
1656.1496257781982
6258.798599243164
236.24610900878906
867.5851821899414
437.6347064971924
441.8306350708008
1325.878381729126
1171.8027591705322
405.32708168029785
202.37374305725098
5039.141654968262
2906.2414169311523
3684.284448623657
961.6382122039795
1194.493055343628
388.72456550598145
2004.0526390075684
2137.7906799316406
1206.8073749542236
275.2213478088379
236.18721961975098
4140.396595001221
204.09893989562988
613.4219169616699
213.4089469909668
323.1854438781738
2472.3904132843018
1725.2273559570312
422.9762554168701
642.125129699707
883.7141990661621
816.3025379180908
312.1316432952881
2578.847646713257
159.67202186584473
365.5438423156738
1074.3858814239502
4954.1943073272705
606.4870357513428
179.7654628753662
333.2855701446533
364.35914039611816
3552.4489879608154
592.5230979919434
1029.550313949585
2320.6565380096436
263.746976852417
216.996431350708
1970.3245162963867
736.4091873168945
465.15822410583496
227.38289833068848
2789.37029838562
1393.0330276489258
2628.645181655884
2792.153835296631
2427.0179271698
2907.4628353118896
4083.5676193237305
185.47892570495605
279.5076370239258
685.0712299346924
1607.635259628296
274.17802810668945
335.89744567871094
255.5084228515625
1365.2942180633545
859.4636917114258
4743.762731552124
4550.848007202148
327.8501033782959
1782.8669548034668
1494.309902191162
1442.1257972717285
217.6971435546875
356.917142868042
1177.5050163269043
818.983793258667
388.32545280456543
142.38357543945312
961.9736671447754
4361.853122711182
216.43543243408203
426.8364906311035
2065.913200378418
1227.3216247558594
830.9345245361328
1637.3529434204102
252.19130516052246
2346.001148223877
284.58619117736816
653.5806655883789
4479.578971862793
262.1276378631592
4837.225914001465
2247.1914291381836
625.481367111206
647.3863124847412
870.1272010803223
712.1493816375732
224.25127029418945
664.0431880950928
153.03587913513184
1662.6901626586914
1253.4472942352295
669.0118312835693
1299.0648746490479
228.39927673339844
2720.454454421997
873.7154006958008
1147.641897201538
844.4161415100098
484.264612197876
1988.7394905090332
2841.9876098632812
402.1871089935303
221.47679328918457
403.2869338989258
4737.178564071655
2551.967144012451
3930.469274520874
1183.6724281311035
2808.137893676758
666.8665409088135
868.798017501831
2778.0468463897705
342.88811683654785
1237.7533912658691
1413.5558605194092
3458.850622177124
899.2276191711426
1147.2411155700684
503.9088726043701
727.4348735809326
587.6898765563965
2331.2015533447266
624.7484683990479
3542.936086654663
7976.179599761963
246.2022304534912
1775.0554084777832
1894.0160274505615
2082.152843475342
368.91770362854004
157.05037117004395
6921.952247619629
1628.3025741577148
7158.423185348511
407.38892555236816
1709.0868949890137
762.2923851013184
4298.9342212677
1149.4476795196533
392.8205966949463
1679.1176795959473
1988.8386726379395
2531.545400619507
2329.908609390259
703.1261920928955
2324.518918991089
3992.1562671661377
1542.1557426452637
1168.097734451294
2217.332363128662
205.7509422302246
657.9022407531738
3031.67462348938
885.310173034668
1742.7833080291748
5017.378330230713
1611.9413375854492
3183.6016178131104
433.63118171691895
527.2819995880127
243.61085891723633
2924.610137939453
1358.9296340942383
321.73681259155273
398.92125129699707
485.182523727417
1102.6124954223633
209.9621295928955
655.0524234771729
511.5036964416504
338.11140060424805
625.9615421295166
910.1755619049072
485.1694107055664
9408.460855484009
778.9678573608398
1503.5300254821777
2797.520637512207
4076.521396636963
272.1669673919678
6130.613803863525
1120.2702522277832
581.9039344787598
1078.179121017456
2850.2848148345947
2249.9730587005615
790.5817031860352
249.9375343322754
383.39757919311523
2766.2484645843506
229.56562042236328
1070.1582431793213
447.01361656188965
3046.4069843292236
8611.781358718872
2015.4776573181152
2859.8809242248535
13273.934364318848
185.58979034423828
1420.3672409057617
2131.4351558685303
2592.5447940826416
420.7460880279541
246.07229232788086
324.7857093811035
2107.2745323181152
4474.014759063721
1585.1869583129883
1592.487096786499
4573.68016242981
2848.496913909912
1668.7908172607422
1091.4242267608643
301.99313163757324
204.9696445465088
337.01586723327637
658.1401824951172
3731.135368347168
172.03092575073242
1210.334062576294
247.83611297607422
1178.6558628082275
657.6166152954102
4772.653341293335
3340.864419937134
486.6640567779541
2456.5279483795166
1177.7241230010986
940.7687187194824
2162.8408432006836
481.4321994781494
3324.289083480835
618.6654567718506
777.9238224029541
1078.0000686645508
1805.694580078125
281.9197177886963
469.681978225708
950.2334594726562
2875.4780292510986
234.2820167541504
542.6912307739258
258.1455707550049
1006.1206817626953
1612.8361225128174
2340.097427368164
5876.1045932769775
543.534517288208
1065.3135776519775
1187.0973110198975
2881.0019493103027
930.6197166442871
201.74908638000488
2191.758394241333
172.76382446289062
3243.417739868164
2609.4441413879395
150.6180763244629
799.7989654541016
482.29455947875977
2323.15993309021
737.872838973999
700.416088104248
4519.363164901733
1015.5084133148193
196.03252410888672
659.1281890869141
166.1386489868164
2065.5674934387207
222.337007522583
516.7806148529053
228.73568534851074
269.93632316589355
1100.4900932312012
604.7399044036865
907.1617126464844
3585.610866546631
723.6847877502441
273.66042137145996
1344.9385166168213
919.7700023651123
2090.5821323394775
1002.2037029266357
2613.4331226348877
1273.695707321167
857.2068214416504
721.6203212738037
1163.2823944091797
164.8080348968506
7271.799564361572
153.28574180603027
416.8992042541504
684.5157146453857
600.1682281494141
810.9302520751953
2696.397066116333
314.23234939575195
703.758716583252
1237.9837036132812
260.4496479034424
714.0858173370361
3976.3402938842773
1747.45512008667
304.66437339782715
1851.029872894287
573.422908782959
2632.1732997894287
909.1536998748779
245.680570602417
216.4905071258545
747.1709251403809
3866.675853729248
2052.889823913574
460.3269100189209
1631.6015720367432
390.9757137298584
293.4150695800781
3071.2954998016357
541.1949157714844
3144.9358463287354
1517.3866748809814
157.23848342895508
996.290922164917
824.7597217559814
717.698335647583
595.8669185638428
2258.700370788574
352.93102264404297
650.6123542785645
1174.5612621307373
3634.364604949951
861.5245819091797
7499.335527420044
4748.414516448975
1060.3899955749512
964.7271633148193
1607.8453063964844
1504.6918392181396
1164.458990097046
589.6708965301514
3143.6283588409424
1068.3834552764893
1005.8107376098633
2823.3795166015625
783.8342189788818
2187.9191398620605
324.9855041503906
1368.8299655914307
707.9718112945557
1122.3013401031494
295.84813117980957
873.3530044555664
5556.663751602173
11101.414442062378
2975.889205932617
1819.0205097198486
4074.2437839508057
1318.680763244629
707.3681354522705
146.97623252868652
1651.9405841827393
1018.090009689331
958.3513736724854
604.7179698944092
866.7447566986084
1312.3207092285156
2286.679983139038
3736.3834381103516
619.3540096282959
1137.7582550048828
645.0095176696777
1003.1948089599609
635.8335018157959
2159.4924926757812
3851.1996269226074
1195.4474449157715
1791.3482189178467
1559.6296787261963
364.2010688781738
705.8508396148682
1395.8415985107422
2226.0730266571045
703.6643028259277
386.6410255432129
1192.3494338989258
3405.850887298584
2261.101484298706
3990.5617237091064
1538.9509201049805
2738.398790359497
860.8696460723877
1069.6463584899902
322.7391242980957
1066.396951675415
427.6604652404785
301.59759521484375
1402.1050930023193
243.81256103515625
1808.8626861572266
577.3954391479492
2192.107677459717
2614.772319793701
901.3974666595459
607.4814796447754
4240.177154541016
458.47392082214355
840.7504558563232
1650.925874710083
2710.2270126342773
818.5772895812988
892.8656578063965
4174.698352813721
1024.2257118225098
5090.761423110962
2956.1290740966797
811.8321895599365
1891.1583423614502
2210.9217643737793
591.3748741149902
274.5490074157715
13768.014907836914
2040.9619808197021
1927.3200035095215
2372.0076084136963
2622.018575668335
346.59838676452637
1739.8929595947266
465.31128883361816
2027.1944999694824
287.7042293548584
1422.2025871276855
1948.328971862793
624.885082244873
686.6214275360107
1078.6662101745605
717.7727222442627
334.705114364624
797.4307537078857
797.8601455688477
1976.4986038208008
4087.402820587158
172.87588119506836
3160.2413654327393
2411.346197128296
240.71931838989258
158.1113338470459
7772.918462753296
1051.9742965698242
3397.9084491729736
1228.6384105682373
1424.752950668335
856.0988903045654
2096.3525772094727
3140.291929244995
4133.186340332031
2216.444253921509
3686.1472129821777
2817.340850830078
2652.9593467712402
3272.7580070495605
3282.8075885772705
534.6841812133789
3369.720935821533
853.1484603881836
620.9158897399902
1931.469440460205
772.2752094268799
816.8931007385254
1802.1814823150635
675.0836372375488
751.9762516021729
381.39796257019043
716.0866260528564
1121.9639778137207
3521.3847160339355
1300.8155822753906
942.8484439849854
224.4422435760498
1868.8185214996338
240.87238311767578
1211.2715244293213
348.9570617675781
2463.5722637176514
143.77951622009277
1652.9226303100586
283.39385986328125
415.7452583312988
6640.194892883301
727.165699005127
377.52318382263184
234.83777046203613
471.1472988128662
656.3558578491211
213.7143611907959
180.80496788024902
467.7104949951172
1111.0315322875977
1659.9807739257812
927.837610244751
2792.8926944732666
2246.8042373657227
833.8007926940918
3639.9433612823486
344.0206050872803
136.58595085144043
2072.157621383667
3530.1804542541504
931.5276145935059
4221.386432647705
628.2460689544678
1793.0307388305664
602.562665939331
1375.4751682281494
459.73920822143555
252.40302085876465
146.03209495544434
3139.495611190796
781.5761566162109
983.2608699798584
177.8542995452881
587.5246524810791
254.9891471862793
2718.0299758911133
815.4363632202148
2100.841522216797
599.2586612701416
1847.259521484375
143.1591510772705
2170.4959869384766
528.618335723877
1180.779218673706
4715.338945388794
1795.0704097747803
1183.2408905029297
1548.4089851379395
430.4208755493164
3728.6345958709717
313.23790550231934
204.4076919555664
499.4969367980957
512.2349262237549
2043.2054996490479
704.6043872833252
3788.0547046661377
738.9600276947021
172.3470687866211
483.56056213378906
430.9847354888916
195.5280303955078
223.7720489501953
132.95674324035645
655.6434631347656
732.205867767334
1202.3611068725586
1635.6415748596191
632.124662399292
470.1869487762451
5625.341892242432
1996.3443279266357
1146.965742111206
772.31764793396
1368.3063983917236
992.6793575286865
329.9593925476074
1180.633306503296
2128.6327838897705
257.1864128112793
1178.6513328552246
2365.1535511016846
424.18766021728516
2543.7939167022705
308.6531162261963
388.2865905761719
3505.380153656006
465.4064178466797
2582.1309089660645
1480.5738925933838
848.8218784332275
1129.638910293579
844.7010517120361
369.2805767059326
2588.5276794433594
436.6152286529541
2305.985689163208
2493.6413764953613
271.7564105987549
4044.631004333496
741.9736385345459
450.41441917419434
2144.06681060791
487.0901107788086
1593.6367511749268
5814.788341522217
1924.2117404937744
446.7160701751709
1836.5652561187744
5051.356315612793
2179.7125339508057
198.42886924743652
3106.8530082702637
1259.2034339904785
1084.1853618621826
2081.4552307128906
305.5291175842285
704.9968242645264
244.2333698272705
713.2782936096191
3236.3641262054443
1578.4518718719482
1185.6088638305664
3811.3625049591064
3528.630495071411
1658.555507659912
4586.585521697998
484.9843978881836
149.8565673828125
559.6940517425537
718.834400177002
2025.2742767333984
469.56801414489746
287.13512420654297
661.6573333740234
554.7323226928711
4351.510047912598
2433.7754249572754
1212.6948833465576
662.177324295044
3617.0172691345215
204.31280136108398
1597.0864295959473
945.6262588500977
3441.427707672119
1138.8375759124756
486.47570610046387
1437.3972415924072
1676.3734817504883
1939.1875267028809
568.9435005187988
1931.4923286437988
3530.0745964050293
507.9326629638672
517.0557498931885
204.54096794128418
1887.8872394561768
4532.252550125122
951.1828422546387
3419.8639392852783
5311.1326694488525
361.4518642425537
675.0366687774658
1372.9660511016846
768.9118385314941
1053.074836730957
1189.8243427276611
1246.5436458587646
1495.743989944458
525.4838466644287
1218.390703201294
3316.3716793060303
279.51765060424805
1518.7242031097412
382.60865211486816
727.7686595916748
583.4193229675293
256.80041313171387
357.7096462249756
2271.1541652679443
1147.0460891723633
3701.035499572754
159.60931777954102
807.0049285888672
860.074520111084
931.3669204711914
371.74272537231445
419.47078704833984
155.15613555908203
173.95567893981934
545.7980632781982
11945.353984832764
1648.3027935028076
1468.6002731323242
450.4060745239258
474.96891021728516
316.2109851837158
2574.9034881591797
2661.738157272339
391.9382095336914
138.0155086517334
1669.7759628295898
252.9428005218506
2469.5465564727783
1467.1704769134521
2273.040533065796
248.4438419342041
1285.9046459197998
1222.6297855377197
2922.2261905670166
1030.8232307434082
4612.872362136841
590.2633666992188
728.3101081848145
309.4651699066162
543.2891845703125
675.4491329193115
1413.7775897979736
1024.052381515503
1837.312936782837
757.2958469390869
740.0305271148682
164.54648971557617
3072.427749633789
151.88026428222656
458.1799507141113
2737.992525100708
1789.0474796295166
1820.1677799224854
3586.627960205078
921.1263656616211
1157.486915588379
212.6784324645996
177.7644157409668
312.8657341003418
1844.7442054748535
682.8770637512207
516.0422325134277
1572.187900543213
3335.9622955322266
210.67214012145996
1921.407699584961
609.1723442077637
572.6234912872314
153.49745750427246
676.4495372772217
378.068208694458
776.7443656921387
2713.939905166626
326.13301277160645
632.0838928222656
6119.441270828247
880.1844120025635
296.75745964050293
236.30166053771973
3460.109233856201
2551.4180660247803
1878.4561157226562
212.80550956726074
2571.2103843688965
177.42681503295898
721.9867706298828
854.1805744171143
2339.710474014282
154.9973487854004
185.43601036071777
411.93652153015137
203.1700611114502
2242.4724102020264
779.1328430175781
2765.0067806243896
3217.2908782958984
870.4304695129395
722.0938205718994
5081.566095352173
3476.757287979126
215.57879447937012
609.3432903289795
215.67296981811523
1726.2792587280273
2678.818464279175
294.5108413696289
4008.427381515503
8362.863540649414
2357.9413890838623
584.5601558685303
272.0658779144287
1010.5705261230469
675.6806373596191
539.9279594421387
1471.4481830596924
1027.4021625518799
1394.5894241333008
2314.657211303711
4904.722213745117
2958.075523376465
1999.617099761963
3463.543176651001
618.2558536529541
228.67774963378906
4685.566425323486
1142.3060894012451
545.6352233886719
1370.9955215454102
859.8065376281738
400.3424644470215
1576.4622688293457
6045.3033447265625
276.1392593383789
1904.5209884643555
191.53118133544922
1466.827154159546
311.48386001586914
253.6311149597168
414.51215744018555
2228.4440994262695
1674.5917797088623
2231.3716411590576
309.6010684967041
1901.0930061340332
743.2231903076172
191.87211990356445
2359.8129749298096
2435.676097869873
3772.9077339172363
597.4187850952148
1428.1702041625977
1080.0588130950928
3732.5947284698486
165.62533378601074
599.6825695037842
828.9828300476074
1956.7954540252686
373.08359146118164
422.9462146759033
202.74043083190918
596.4839458465576
3222.853899002075
829.6380043029785
939.9993419647217
2641.9317722320557
808.1121444702148
2069.6184635162354
1209.1758251190186
1012.6950740814209
191.45679473876953
2197.787046432495
1051.7680644989014
2539.5939350128174
1209.618330001831
1136.2485885620117
3702.897548675537
1496.8430995941162
2870.908737182617
194.533109664917
314.333438873291
1225.3813743591309
3023.86474609375
1216.3746356964111
2286.797285079956
267.7617073059082
690.072774887085
2611.4699840545654
196.95281982421875
2965.2762413024902
7640.043258666992
217.13590621948242
2632.6568126678467
2017.3251628875732
372.5762367248535
777.825117111206
264.99128341674805
816.8528079986572
6212.3284339904785
872.3957538604736
458.77957344055176
860.7594966888428
1822.6616382598877
2992.2497272491455
424.1368770599365
1948.1306076049805
660.8469486236572
3054.4230937957764
2826.3375759124756
563.568115234375
1443.99094581604
2397.6504802703857
3649.113416671753
1001.8630027770996
1218.388319015503
1433.8674545288086
3464.322566986084
314.01872634887695
2326.779842376709
3786.579370498657
416.8815612792969
216.31717681884766
1509.6244812011719
2261.4970207214355
1492.0628070831299
2245.295524597168
1639.9226188659668
2045.4566478729248
2113.1250858306885
3152.6265144348145
2752.0761489868164
1254.8725605010986
537.4581813812256
703.1702995300293
1154.3169021606445
1222.560167312622
1292.8125858306885
2479.2518615722656
2155.0674438476562
1354.4514179229736
7671.509742736816
424.0379333496094
459.5532417297363
624.0403652191162
537.8937721252441
2149.2860317230225
2634.580135345459
1199.1510391235352
636.6286277770996
211.46798133850098
316.46060943603516
671.9944477081299
1892.9450511932373
2347.485303878784
1896.4731693267822
542.8688526153564
2184.7712993621826
484.7884178161621
150.27737617492676
1357.6366901397705
1244.2288398742676
973.3855724334717
1016.6575908660889
920.9885597229004
547.4212169647217
498.02088737487793
2673.975706100464
1677.4508953094482
207.51094818115234
2472.0983505249023
2301.7542362213135
952.0220756530762
139.53876495361328
832.8461647033691
269.8676586151123
1207.3569297790527
3523.979425430298
701.8945217132568
675.5023002624512
3163.2044315338135
184.9522590637207
2003.7903785705566
2040.811538696289
1971.8875885009766
2773.2980251312256
316.7135715484619
3040.225028991699
1475.8594036102295
2651.423454284668
236.069917678833
738.7793064117432
1882.704496383667
1798.0170249938965
263.61942291259766
348.6437797546387
275.56514739990234
240.61179161071777
716.5889739990234
591.8855667114258
4200.071573257446
1867.2077655792236
1238.694190979004
2813.9963150024414
3179.6844005584717
302.6902675628662
508.24499130249023
4507.372856140137
784.4164371490479
214.38956260681152
368.53599548339844
2518.256187438965
1930.919885635376
1893.4743404388428
190.1555061340332
216.28046035766602
2373.518228530884
2516.17693901062
1277.4295806884766
1052.4179935455322
466.69626235961914
671.7581748962402
799.1926670074463
908.9813232421875
1622.6954460144043
2561.2711906433105
449.67174530029297
3720.0582027435303
627.922773361206
570.763349533081
596.9119071960449
327.6979923248291
2018.190622329712
852.0169258117676
800.5099296569824
1029.7048091888428
985.8574867248535
2208.465814590454
652.956485748291
1015.9683227539062
944.1518783569336
488.8162612915039
2452.786684036255
1340.7466411590576
2876.5320777893066
1319.509744644165
303.75027656555176
7855.043172836304
976.318359375
670.5107688903809
2178.0264377593994
2381.943702697754
639.9054527282715
886.559247970581
343.4619903564453
3607.1693897247314
1416.5232181549072
1829.7438621520996
363.33346366882324
307.4195384979248
5402.945756912231
2911.747932434082
1286.2884998321533
222.97263145446777
734.6961498260498
3925.112724304199
374.467134475708
931.6833019256592
4949.143409729004
1239.426851272583
455.51419258117676
2485.1303100585938
472.27001190185547
251.9381046295166
2519.6986198425293
3423.431873321533
681.8633079528809
450.7327079772949
4285.6926918029785
1489.5193576812744
659.2888832092285
1659.9209308624268
817.2550201416016
6991.114377975464
1510.5936527252197
355.5762767791748
1749.877691268921
667.5195693969727
1679.328203201294
1274.7423648834229
961.777925491333
2379.8956871032715
2902.3830890655518
765.7742500305176
1357.6784133911133
4516.016483306885
3068.1140422821045
1067.6136016845703
572.9563236236572
4920.859575271606
308.7019920349121
155.97009658813477
5109.190464019775
697.4644660949707
156.93378448486328
2004.3659210205078
2545.970916748047
137.5906467437744
2025.6288051605225
4366.539001464844
1849.344253540039
1352.5049686431885
1306.1065673828125
1223.679780960083
554.934024810791
225.8288860321045
2033.0455303192139
2253.7941932678223
1056.2012195587158
1297.6593971252441
338.8495445251465
529.4568538665771
630.878210067749
7797.37114906311
4173.707723617554
4376.236200332642
642.6949501037598
877.2132396697998
1263.3941173553467
1054.3944835662842
1214.3676280975342
849.2116928100586
168.6558723449707
387.91751861572266
884.2990398406982
379.2557716369629
2662.7581119537354
2950.187921524048
1099.6901988983154
598.0029106140137
1070.1677799224854
450.06465911865234
2346.9555377960205
1421.7171669006348
1198.383092880249
537.0895862579346
1037.4407768249512
355.2122116088867
3512.9408836364746
147.93682098388672
3745.6657886505127
195.33658027648926
3643.3563232421875
2175.7864952087402
642.51708984375
3670.351028442383
6130.376100540161
767.768144607544
5533.44464302063
1694.9198246002197
395.07484436035156
767.0791149139404
228.53636741638184
4833.806753158569
708.5838317871094
847.7723598480225
757.4169635772705
443.9995288848877
1505.0926208496094
661.6652011871338
1623.9466667175293
1286.134958267212
1524.179220199585
293.03646087646484
258.134126663208
396.9411849975586
225.8899211883545
1288.4242534637451
175.68302154541016
476.05228424072266
2609.632730484009
952.0337581634521
2857.2022914886475
1814.957857131958
6439.421653747559
860.6412410736084
1431.2500953674316
3352.820634841919
449.3246078491211
6503.4050941467285
2596.2777137756348
486.76323890686035
147.2647190093994
2279.8123359680176
1207.1030139923096
2154.022216796875
1037.6217365264893
8347.944736480713
641.1175727844238
200.98090171813965
192.80004501342773
342.1618938446045
1732.4178218841553
173.51818084716797
2528.17964553833
298.08783531188965
303.53236198425293
491.2288188934326
2143.7606811523438
3374.545097351074
7686.364650726318
1992.1212196350098
239.4857406616211
628.6094188690186
189.37969207763672
774.8899459838867
2337.71014213562
372.17020988464355
331.0050964355469
584.2568874359131
543.532133102417
698.8382339477539
8401.979684829712
433.32576751708984
389.62292671203613
743.6439990997314
425.83513259887695
629.5979022979736
3734.171152114868
297.21736907958984
3126.1448860168457
3059.907913208008
145.38073539733887
937.2043609619141
1615.8862113952637
320.53065299987793
1454.5178413391113
1626.5923976898193
353.468656539917
5470.392465591431
3007.3091983795166
2782.8097343444824
1382.066011428833
648.3757495880127
269.72055435180664
1356.9881916046143
346.3397026062012
3819.770574569702
163.2091999053955
428.5910129547119
1053.6251068115234
294.0351963043213
1483.9575290679932
4217.36741065979
1822.4694728851318
284.4388484954834
842.2853946685791
603.7983894348145
2218.9834117889404
430.4530620574951
304.6679496765137
4853.800058364868
646.8639373779297
2484.8430156707764
1301.2278079986572
554.1305541992188
724.5934009552002
591.1533832550049
269.8795795440674
397.8593349456787
1515.8846378326416
1214.339256286621
1065.525770187378
1506.5762996673584
488.07334899902344
236.3603115081787
1368.448257446289
1277.092695236206
1080.5919170379639
501.7111301422119
170.89509963989258
623.8579750061035
706.1800956726074
1726.430892944336
1006.1886310577393
632.2848796844482
1689.1632080078125
787.9290580749512
253.45563888549805
2895.0133323669434
1120.2194690704346
3483.574390411377
1640.8190727233887
691.8573379516602
2126.312494277954
2425.443172454834
1285.367488861084
616.8854236602783
467.69118309020996
651.2191295623779
419.8267459869385
3406.7373275756836
342.82803535461426
664.7787094116211
1157.5353145599365
1066.7080879211426
1206.2561511993408
2907.0956707000732
1478.5661697387695
2979.5167446136475
1198.4353065490723
279.72412109375
171.51832580566406
476.7451286315918
955.9078216552734
510.09392738342285
982.8460216522217
4225.255250930786
1998.1989860534668
1631.617784500122
2363.8904094696045
3516.181707382202
1340.8396244049072
1179.8791885375977
6334.041357040405
257.3895454406738
1670.745611190796
2660.3786945343018
3055.5055141448975
1781.883716583252
5234.660387039185
1445.4786777496338
414.23487663269043
1051.3412952423096
807.5001239776611
815.7367706298828
1023.3619213104248
903.4881591796875
742.0530319213867
2368.7586784362793
2127.0129680633545
548.2499599456787
456.61330223083496
280.9901237487793
1759.1240406036377
260.90455055236816
2496.823787689209
259.7973346710205
1797.8107929229736
950.9060382843018
2132.465600967407
2334.7315788269043
507.6608657836914
2463.7396335601807
1077.0020484924316
155.12371063232422
886.7509365081787
991.3482666015625
1287.2872352600098
1481.2335968017578
1356.0643196105957
1747.5152015686035
1014.7123336791992
517.2951221466064
2017.2173976898193
539.3030643463135
4176.259994506836
643.439769744873
1526.4222621917725
283.397912979126
2990.1535511016846
342.99182891845703
332.60154724121094
3977.2372245788574
1601.1347770690918
386.9614601135254
1070.885419845581
270.7033157348633
1475.3293991088867
504.3191909790039
1383.6770057678223
3789.238691329956
599.076509475708
1402.5213718414307
1448.0516910552979
393.7361240386963
920.6244945526123
1094.66552734375
525.1388549804688
1020.9598541259766
302.20532417297363
2294.565439224243
2698.887348175049
1126.652479171753
1067.4018859863281
2227.085590362549
5025.779962539673
249.93419647216797
5433.963060379028
2897.0603942871094
3136.981964111328
594.2442417144775
2396.484851837158
3489.2327785491943
198.82535934448242
433.9115619659424
203.52959632873535
3832.703113555908
203.8705348968506
601.5937328338623
2352.945327758789
1067.445993423462
1057.929515838623
730.3140163421631
550.2326488494873
983.3061695098877
628.6797523498535
895.432710647583
5173.123359680176
562.1826648712158
2541.6672229766846
1223.5727310180664
1531.8984985351562
2017.5807476043701
535.1943969726562
352.2484302520752
417.45591163635254
2244.5836067199707
1626.8365383148193
720.7968235015869
1161.8480682373047
248.976469039917
2630.7201385498047
415.61412811279297
591.0625457763672
471.4341163635254
729.9187183380127
558.8197708129883
171.10300064086914
1781.69584274292
9174.19719696045
181.36930465698242
2505.8505535125732
1046.478271484375
1597.8050231933594
340.78526496887207
1951.909065246582
1065.9432411193848
476.6349792480469
293.97130012512207
2836.324691772461
4796.480894088745
259.74249839782715
307.1293830871582
3848.8316535949707
147.72939682006836
187.8213882446289
360.4300022125244
310.19020080566406
2443.481206893921
2271.1801528930664
1339.2889499664307
312.5734329223633
2742.26713180542
265.33055305480957
1786.7512702941895
2512.8986835479736
385.4787349700928
799.9818325042725
267.39978790283203
1442.8167343139648
2809.410572052002
347.3217487335205
4328.327894210815
595.7612991333008
438.4608268737793
239.06850814819336
1520.6012725830078
1865.8344745635986
1135.3509426116943
3184.1001510620117
1592.2353267669678
369.279146194458
610.266923904419
1690.8636093139648
1254.1964054107666
292.102575302124
211.02023124694824
1370.7897663116455
5517.260551452637
590.0275707244873
882.6210498809814
948.5800266265869
2374.6626377105713
3646.1799144744873
1323.0128288269043
504.0090084075928
3316.162109375
249.97258186340332
401.4585018157959
745.0497150421143
625.1695156097412
311.1410140991211
5831.392526626587
377.12883949279785
1577.28910446167
3356.9934368133545
3187.64066696167
2186.0733032226562
1406.9194793701172
433.9618682861328
476.757287979126
172.27935791015625
2406.751871109009
3192.1019554138184
240.58914184570312
2601.7894744873047
475.15416145324707
207.98015594482422
785.9001159667969
2573.8394260406494
1470.4058170318604
516.1845684051514
414.6461486816406
2373.896360397339
1766.2901878356934
829.6549320220947
2398.7083435058594
326.0018825531006
6899.503707885742
218.56689453125
2532.416820526123
3368.1857585906982
3640.077590942383
1601.4082431793213
359.4803810119629
804.4102191925049
4272.702693939209
343.7166213989258
5063.669204711914
375.699520111084
389.2183303833008
436.99049949645996
162.54711151123047
240.92388153076172
1798.1793880462646
248.2929229736328
4261.782646179199
500.7917881011963
265.8109664916992
2348.3190536499023
476.58634185791016
3377.6113986968994
1222.9299545288086
700.3951072692871
1448.2510089874268
1344.040870666504
276.5066623687744
1355.5386066436768
2048.8462448120117
1419.7368621826172
210.82472801208496
1065.1230812072754
757.1368217468262
467.6949977874756
1488.4076118469238
228.66201400756836
365.1871681213379
186.73467636108398
393.0180072784424
1465.4653072357178
2065.2575492858887
1169.257402420044
2183.0830574035645
3011.615037918091
183.87866020202637
1090.0657176971436
742.5904273986816
1914.5481586456299
2433.2399368286133
4209.922313690186
1013.0023956298828
2596.4672565460205
715.7750129699707
377.6593208312988
422.24860191345215
703.211784362793
1917.8798198699951
1428.3065795898438
2261.3630294799805
3347.059488296509
175.84824562072754
907.3398113250732
781.278133392334
8571.729183197021
273.6930847167969
1877.467393875122
3115.2291297912598
480.15761375427246
2930.210828781128
2768.3537006378174
550.2803325653076
349.6205806732178
2018.8400745391846
146.24285697937012
250.38814544677734
776.381254196167
862.6253604888916
710.9930515289307
1533.428430557251
1288.924217224121
229.05468940734863
1911.6969108581543
1726.1545658111572
1367.403507232666
2007.7095031738281
3135.715961456299
345.7188606262207
379.1337013244629
668.0014133453369
1899.190902709961
486.58227920532227
1908.0653190612793
218.88470649719238
230.72218894958496
801.0084629058838
3125.946044921875
1559.3249797821045
807.0950508117676
1031.9786071777344
1337.5310897827148
238.4328842163086
430.0100803375244
446.9921588897705
2587.9321098327637
609.3254089355469
1241.7240142822266
3201.890230178833
392.87662506103516
922.6140975952148
540.5938625335693
2834.8233699798584
406.6047668457031
452.7122974395752
2331.8538665771484
177.39224433898926
2574.453592300415
2158.379316329956
2530.0416946411133
999.6392726898193
405.5309295654297
2246.3433742523193
1489.8192882537842
3661.7085933685303
855.344295501709
608.2794666290283
742.6283359527588
313.42554092407227
860.6698513031006
985.6786727905273
2211.4052772521973
274.1580009460449
854.4876575469971
325.46281814575195
1978.6019325256348
803.2920360565186
2929.9137592315674
4238.965272903442
2030.2073955535889
3217.0228958129883
373.86083602905273
626.2855529785156
523.601770401001
5335.886716842651
1020.8265781402588
318.8140392303467
470.8266258239746
641.7684555053711
231.1685085296631
459.60140228271484
880.1758289337158
2365.304708480835
1840.8527374267578
518.4478759765625
1483.6859703063965
2070.4691410064697
1693.8273906707764
2426.999092102051
2794.384241104126
122.25937843322754
519.2611217498779
270.04075050354004
1362.9472255706787
304.08763885498047
1133.4125995635986
205.24334907531738
4904.494524002075
2711.297035217285
819.9949264526367
464.5090103149414
2470.1108932495117
1442.267656326294
6076.513767242432
1554.234266281128
5787.252187728882
410.2673530578613
1274.1155624389648
2162.3001098632812
1655.9169292449951
2824.0714073181152
723.914384841919
1706.3095569610596
1177.241563796997
206.10737800598145
263.2899284362793
858.8886260986328
989.6640777587891
393.3846950531006
1213.2151126861572
406.7528247833252
958.0881595611572
1254.511833190918
1922.1458435058594
2007.627010345459
1162.1642112731934
1883.894920349121
800.3737926483154
200.55103302001953
2645.803451538086
2862.7219200134277
800.9130954742432
2900.324821472168
549.1456985473633
2247.1792697906494
1985.9085083007812
205.46340942382812
2747.2574710845947
320.2097415924072
310.87517738342285
521.5668678283691
2158.7488651275635
266.21174812316895
665.9233570098877
2962.618350982666
499.84145164489746
4741.51611328125
963.4373188018799
2682.8293800354004
2823.024034500122
1354.4058799743652
2892.7340507507324
164.24560546875
841.8195247650146
2561.983108520508
1151.3330936431885
997.9190826416016
1763.089656829834
156.12173080444336
478.0137538909912
872.9374408721924
1091.6666984558105
4802.873849868774
239.98260498046875
846.7328548431396
487.19096183776855
587.6762866973877
1661.9572639465332
383.974552154541
259.21082496643066
334.08474922180176
1852.2922992706299
1509.0911388397217
514.7421360015869
1000.0841617584229
723.5069274902344
519.686222076416
2090.564966201782
155.05242347717285
353.3210754394531
1828.1526565551758
2366.7051792144775
327.7170658111572
1711.7266654968262
210.68644523620605
2191.3881301879883
178.90691757202148
408.5044860839844
939.7943019866943
558.5901737213135
1914.9715900421143
311.84935569763184
1427.2329807281494
382.70020484924316
370.222806930542
433.60185623168945
1982.1794033050537
525.557279586792
688.49778175354
983.0913543701172
3561.5217685699463
597.0439910888672
522.6380825042725
1434.5738887786865
5441.50972366333
2908.2932472229004
488.7890815734863
1223.705530166626
671.1206436157227
1298.1226444244385
929.2867183685303
2263.899803161621
1829.4849395751953
662.6214981079102
471.5909957885742
2130.6276321411133
1353.3315658569336
4541.382312774658
960.6626033782959
431.69474601745605
1104.5913696289062
815.4561519622803
1772.0844745635986
3791.0304069519043
1794.220209121704
3318.044424057007
338.855504989624
465.99388122558594
918.7517166137695
629.9114227294922
926.5923500061035
1541.0857200622559
2910.5381965637207
1181.276559829712
4773.061275482178
199.41139221191406
1805.7351112365723
311.1746311187744
2559.5712661743164
234.18903350830078
572.1445083618164
2324.681520462036
2607.1228981018066
585.0772857666016
286.55314445495605
1020.7507610321045
766.2720680236816
1058.9594841003418
629.3129920959473
2093.067407608032
2565.699815750122
2849.8826026916504
623.0721473693848
2976.982593536377
2933.250665664673
234.0104579925537
369.1396713256836
3672.6980209350586
1217.7858352661133
3278.0284881591797
158.5087776184082
527.5275707244873
4222.808361053467
3538.764476776123
2965.8467769622803
4152.446269989014
1262.1235847473145
2388.3543014526367
2564.281940460205
822.2882747650146
2688.108205795288
1201.9274234771729
207.14998245239258
2827.2948265075684
154.59442138671875
3686.4969730377197
2476.651668548584
184.32164192199707
3884.143590927124
1577.1288871765137
2190.8063888549805
2870.7127571105957
299.75271224975586
7307.927370071411
334.93614196777344
2665.7915115356445
907.9887866973877
4910.067081451416
2123.13175201416
2155.5838584899902
302.3228645324707
703.2537460327148
254.12297248840332
161.01598739624023
548.5985279083252
2960.6428146362305
664.4973754882812
837.0485305786133
397.35937118530273
425.82082748413086
132.49802589416504
2935.9755516052246
1348.599910736084
1531.7704677581787
283.0677032470703
1564.5203590393066
1996.4385032653809
571.6390609741211
2013.2453441619873
755.1283836364746
1409.3921184539795
494.6095943450928
4781.371593475342
2745.720148086548
1340.2626514434814
2417.01340675354
3446.6841220855713
600.0492572784424
3512.6326084136963
674.1623878479004
3833.611488342285
200.82640647888184
213.61017227172852
3081.744909286499
2109.4186305999756
1311.9094371795654
4593.7089920043945
1399.9030590057373
234.84373092651367
606.5230369567871
2721.888542175293
795.4418659210205
1251.6827583312988
2744.122266769409
520.2605724334717
2021.2631225585938
458.64200592041016
3682.504892349243
878.2486915588379
1133.0349445343018
3742.367744445801
1150.209665298462
2327.094316482544
6944.984674453735
1188.7352466583252
453.7327289581299
597.9917049407959
5726.387500762939
1026.548147201538
1132.6897144317627
2161.0002517700195
799.591064453125
876.140832901001
753.4778118133545
850.2626419067383
4682.5110912323
1858.2251071929932
1623.0261325836182
909.7886085510254
1160.7275009155273
5420.742034912109
3405.9455394744873
1851.306676864624
1155.177354812622
2093.634843826294
399.1565704345703
2188.215494155884
3070.30987739563
951.3416290283203
2555.5813312530518
753.1859874725342
719.5513248443604
8527.750968933105
306.23412132263184
3888.4341716766357
526.0686874389648
2802.527904510498
1207.150936126709
751.4224052429199
1120.7125186920166
216.80855751037598
924.7121810913086
2074.349880218506
6172.94454574585
2925.931453704834
2003.340721130371
1049.1628646850586
1325.157880783081
1343.5659408569336
361.20104789733887
1526.6878604888916
2021.9135284423828
3107.1712970733643
761.206865310669
166.7015552520752
1624.3951320648193
288.04659843444824
252.8367042541504
325.50907135009766
1276.658296585083
399.69491958618164
1415.959119796753
933.9554309844971
716.2415981292725
4505.584239959717
436.9509220123291
649.4183540344238
4489.022254943848
515.1176452636719
971.1315631866455
1580.9907913208008
277.7676582336426
283.6294174194336
3162.9562377929688
240.07463455200195
928.7617206573486
944.4336891174316
2123.4848499298096
2221.0586071014404
1178.8320541381836
900.4285335540771
546.7298030853271
2005.9354305267334
886.8832588195801
1796.1013317108154
418.15662384033203
655.5430889129639
1133.9912414550781
833.6834907531738
191.59865379333496
177.50263214111328
225.372314453125
840.9059047698975
621.0999488830566
836.4274501800537
728.2779216766357
3937.814712524414
671.2455749511719
330.35826683044434
1065.8764839172363
2294.560194015503
6624.708652496338
237.03718185424805
3144.7057723999023
542.2029495239258
226.70483589172363
2699.633836746216
2183.204174041748
475.3389358520508
2596.9412326812744
665.0285720825195
296.2467670440674
408.3378314971924
1316.8883323669434
2646.3265419006348
794.7077751159668
354.24113273620605
881.5629482269287
1256.2463283538818
3081.7222595214844
193.41158866882324
3727.928400039673
272.3658084869385
3510.317325592041
2812.4852180480957
451.1871337890625
1361.6688251495361
186.4182949066162
2421.6926097869873
2321.1472034454346
3190.3579235076904
292.3417091369629
5017.233371734619
2712.040662765503
2744.3649768829346
476.7651557922363
538.8679504394531
153.7482738494873
846.8289375305176
2193.114757537842
4508.115530014038
1454.8561573028564
1808.0346584320068
936.0141754150391
639.3837928771973
495.3432083129883
902.2302627563477
4333.31823348999
2254.3842792510986
2892.67897605896
1427.6788234710693
1199.0036964416504
263.8871669769287
605.2558422088623
4229.098796844482
3202.890157699585
976.5980243682861
1785.670280456543
668.2393550872803
336.9626998901367
1229.3810844421387
2803.3499717712402
1203.9952278137207
2377.8886795043945
141.48926734924316
1925.7910251617432
2668.5688495635986
2192.6255226135254
490.3712272644043
264.8341655731201
423.5517978668213
288.2559299468994
4062.323808670044
3431.8361282348633
2084.777593612671
2349.7917652130127
204.99682426452637
2479.51078414917
2080.7995796203613
1260.8814239501953
2588.1190299987793
638.1564140319824
429.1548728942871
915.5020713806152
2584.8066806793213
969.7515964508057
1041.0282611846924
947.8836059570312
966.0701751708984
204.4963836669922
230.4666042327881
1249.9561309814453
1095.4549312591553
3427.6230335235596
631.6401958465576
175.17900466918945
1137.6519203186035
4004.1592121124268
306.2124252319336
4031.371593475342
4380.7995319366455
554.7666549682617
1090.0826454162598
1357.6240539550781
298.6111640930176
3049.2801666259766
1336.8926048278809
1169.018030166626
3243.1070804595947
1449.6772289276123
1934.058666229248
2012.1829509735107
1141.599416732788
366.22095108032227
977.1554470062256
677.9448986053467
160.00890731811523
731.5487861633301
5718.189716339111
1419.1911220550537
3898.2291221618652
1839.8776054382324
1390.9552097320557
6167.557239532471
916.7439937591553
666.9638156890869
1951.9686698913574
935.1816177368164
798.4399795532227
863.3050918579102
1687.1583461761475
5072.695016860962
1793.0777072906494
2965.4762744903564
1524.6284008026123
305.54819107055664
1584.0167999267578
1732.6891422271729
584.6395492553711
151.06487274169922
474.69615936279297
2440.8421516418457
2985.0893020629883
452.5158405303955
1743.4203624725342
1988.9094829559326
1203.3801078796387
1684.0202808380127
1295.0308322906494
1833.7244987487793
1731.2889099121094
2217.498779296875
1557.16872215271
212.8918170928955
1663.1133556365967
3399.7843265533447
320.13416290283203
2013.3748054504395
2622.612237930298
1564.0418529510498
192.9492950439453
1248.1160163879395
1751.1553764343262
1831.5973281860352
2737.516403198242
1466.4762020111084
481.3880920410156
3000.8528232574463
550.0411987304688
2152.937173843384
3121.912956237793
939.5527839660645
2590.0325775146484
737.4508380889893
180.1748275756836
247.4353313446045
887.3717784881592
3145.8098888397217
699.5153427124023
4844.180583953857
719.1343307495117
10261.84368133545
1519.3192958831787
512.8135681152344
3598.1767177581787
271.2981700897217
1065.1142597198486
242.25878715515137
3389.5621299743652
169.2821979522705
4685.955047607422
3142.06862449646
1308.1915378570557
977.6010513305664
2217.353582382202
1079.4987678527832
684.0548515319824
7979.537010192871
1807.199478149414
240.58890342712402
189.2838478088379
564.7082328796387
2316.5526390075684
1862.0648384094238
1227.4830341339111
1102.8103828430176
1050.828456878662
578.3872604370117
670.0625419616699
255.89227676391602
606.921911239624
713.5319709777832
2415.773630142212
1964.2667770385742
2369.2994117736816
3121.471166610718
525.1615047454834
1754.3823719024658
1447.911024093628
2970.3269004821777
1047.7850437164307
317.48175621032715
661.7300510406494
2356.9021224975586
294.71611976623535
708.364725112915
2420.6345081329346
2030.9200286865234
514.13893699646
2412.8122329711914
821.9819068908691
799.217939376831
207.0026397705078
2197.8981494903564
722.5968837738037
3467.451810836792
2793.583869934082
1477.726936340332
341.6435718536377
1861.2382411956787
2132.016181945801
419.8787212371826
1709.5816135406494
1347.846508026123
3652.945041656494
2294.9867248535156
4645.339488983154
2891.246557235718
2270.777702331543
638.1027698516846
742.405891418457
712.1951580047607
1443.7463283538818
465.55638313293457
1568.1049823760986
1886.1968517303467
990.006685256958
2365.7784461975098
1272.923469543457
373.3062744140625
1808.2380294799805
1674.9989986419678
3794.0661907196045
722.3827838897705
1152.2212028503418
344.4347381591797
152.2848606109619
822.3714828491211
446.26665115356445
1072.4430084228516
210.56652069091797
1080.871820449829
1217.6003456115723
2079.6642303466797
3444.0152645111084
874.6066093444824
283.31851959228516
705.3022384643555
2291.645050048828
1317.9278373718262
4558.448314666748
235.63313484191895
2032.3460102081299
152.7113914489746
1880.9545040130615
966.6883945465088
646.2862491607666
556.2458038330078
320.15275955200195
4210.191965103149
158.26702117919922
399.25336837768555
1658.4975719451904
677.2451400756836
2122.957944869995
2972.8593826293945
1300.1289367675781
2864.5567893981934
155.95054626464844
572.2320079803467
3870.272159576416
654.8933982849121
1426.1291027069092
2055.094003677368
3249.4454383850098
256.52265548706055
10918.464183807373
798.9974021911621
1095.5133438110352
3810.8298778533936
295.9778308868408
466.4182662963867
1538.9087200164795
2481.5800189971924
521.4283466339111
699.9766826629639
479.16603088378906
5580.158233642578
868.2150840759277
2480.6249141693115
662.5709533691406
3738.2798194885254
238.81983757019043
631.554126739502
2856.675386428833
329.0257453918457
796.4451313018799
869.7333335876465
522.6254463195801
826.667308807373
341.2814140319824
854.3784618377686
1117.4836158752441
2401.451826095581
331.7267894744873
2336.5845680236816
5134.053468704224
678.8949966430664
373.22449684143066
1375.6556510925293
188.97223472595215
4156.145811080933
3177.152633666992
1174.346923828125
2085.153341293335
5248.061656951904
4511.900901794434
1646.2044715881348
578.8581371307373
3097.949504852295
945.9950923919678
769.0789699554443
854.2749881744385
203.4003734588623
3941.167116165161
482.8295707702637
2034.8289012908936
404.70409393310547
783.8442325592041
266.1716938018799
4700.14214515686
2665.1711463928223
1160.3689193725586
2377.098321914673
3564.1276836395264
454.6995162963867
564.9144649505615
1206.819772720337
414.5476818084717
3761.7435455322266
2271.7697620391846
600.9337902069092
1968.6729907989502
1186.4521503448486
585.6659412384033
1124.906063079834
2212.8171920776367
293.668270111084
3311.619281768799
750.1120567321777
257.3058605194092
629.6257972717285
4100.625991821289
222.20301628112793
3527.1973609924316
753.2343864440918
2121.349334716797
709.3286514282227
1782.7999591827393
241.41883850097656
496.84715270996094
2771.5587615966797
3543.705701828003
1058.1228733062744
1857.5623035430908
1893.8374519348145
206.27975463867188
2791.3365364074707
2625.807285308838
176.24235153198242
1053.1351566314697
665.8694744110107
488.02828788757324
448.73046875
241.41573905944824
1717.9467678070068
403.60331535339355
590.325117111206
6833.151817321777
2663.405179977417
1249.1600513458252
612.6999855041504
1137.779712677002
4309.97633934021
785.8927249908447
375.6885528564453
718.0373668670654
814.0060901641846
260.5140209197998
1501.5673637390137
557.5265884399414
216.56084060668945
540.9417152404785
2762.812614440918
694.3550109863281
4995.338916778564
970.6742763519287
243.0727481842041
4158.1130027771
425.4729747772217
547.9745864868164
2687.378406524658
1243.7362670898438
1520.0178623199463
644.8934078216553
1471.818447113037
2161.898612976074
3454.437255859375
558.3429336547852
2207.4546813964844
1107.15913772583
2319.2484378814697
538.1743907928467
2632.7147483825684
311.65266036987305
2646.519422531128
654.4861793518066
201.48110389709473
261.66534423828125
526.1635780334473
178.62772941589355
630.2444934844971
1751.8699169158936
1166.3312911987305
454.11109924316406
552.4966716766357
1388.786792755127
2708.6734771728516
1553.4694194793701
4762.286424636841
2170.9353923797607
1370.8951473236084
536.4654064178467
449.59378242492676
1115.5118942260742
2175.6513118743896
273.74911308288574
2808.051586151123
3723.2000827789307
1561.302900314331
656.1565399169922
221.96292877197266
1737.6887798309326
4681.905746459961
258.0678462982178
209.89155769348145
5346.804618835449
485.19277572631836
610.107421875
1130.2051544189453
4382.33494758606
2481.538772583008
1098.2818603515625
2569.1192150115967
417.0968532562256
3603.555679321289
262.5861167907715
3561.830520629883
598.7591743469238
899.7061252593994
3926.1436462402344
349.3494987487793
910.8009338378906
1122.3037242889404
698.6255645751953
779.5670032501221
1619.5263862609863
542.2840118408203
2627.453088760376
434.0686798095703
169.41261291503906
1273.0121612548828
1188.7767314910889
1563.0481243133545
730.2670478820801
1524.7514247894287
2560.802936553955
5070.815086364746
1854.4843196868896
1090.862512588501
2327.5208473205566
1588.7479782104492
363.3136749267578
4141.512155532837
3925.3833293914795
1106.276035308838
3292.701244354248
2346.5161323547363
1607.6335906982422
367.71607398986816
3252.1345615386963
1972.4931716918945
1859.4465255737305
1152.6918411254883
684.1602325439453
168.90215873718262
1446.5644359588623
193.86935234069824
1255.7284832000732
1846.3044166564941
1826.3280391693115
674.0667819976807
863.2495403289795
3562.925338745117
2973.8712310791016
377.793550491333
1877.3057460784912
2483.009099960327
3264.6374702453613
1980.1883697509766
1834.280014038086
672.8439331054688
2662.43052482605
915.0402545928955
297.29580879211426
280.5666923522949
1769.3350315093994
669.3115234375
188.00806999206543
797.3923683166504
349.7893810272217
1179.2194843292236
2055.4049015045166
1309.7195625305176
2184.3276023864746
429.7788143157959
3996.802568435669
228.31988334655762
1362.2188568115234
201.2331485748291
1211.0631465911865
147.2175121307373
1049.2703914642334
1440.7002925872803
2744.763135910034
345.02673149108887
3228.351831436157
3059.7012042999268
2874.1140365600586
435.87255477905273
308.8345527648926
2225.050449371338
641.8657302856445
4667.757749557495
1887.765645980835
1156.0266017913818
1216.8242931365967
1132.3537826538086
3202.244281768799
278.8984775543213
989.976167678833
1872.9746341705322
2895.30611038208
1558.0039024353027
2552.0825386047363
202.76522636413574
767.9240703582764
209.72919464111328
2576.488494873047
571.8183517456055
894.1969871520996
1418.4911251068115
224.17759895324707
497.0102310180664
1218.4269428253174
3035.4559421539307
1520.8609104156494
689.7425651550293
544.1751480102539
2948.5554695129395
1752.5947093963623
505.82194328308105
1988.558292388916
594.7682857513428
2934.647798538208
685.8587265014648
1891.3254737854004
1929.750919342041
1738.454818725586
844.0952301025391
1048.4156608581543
935.6889724731445
158.56528282165527
176.177978515625
1623.5880851745605
1291.370153427124
281.39448165893555
2899.0871906280518
1468.0182933807373
1739.8769855499268
848.3428955078125
1204.8425674438477
1631.317138671875
431.20813369750977
2011.9175910949707
1332.9949378967285
782.0286750793457
256.5572261810303
198.86064529418945
1048.7124919891357
2031.4807891845703
2777.9765129089355
3166.0304069519043
191.2362575531006
521.6026306152344
400.2959728240967
139.94193077087402
2510.319709777832
2666.523218154907
2889.4827365875244
531.3818454742432
2275.5446434020996
1796.6787815093994
1004.9777030944824
901.3345241546631
1344.3098068237305
402.56357192993164
939.673900604248
496.9193935394287
1040.7531261444092
1055.267095565796
3571.094274520874
1864.694595336914
1014.0097141265869
1752.1262168884277
655.2479267120361
3476.1664867401123
2147.364616394043
1124.8729228973389
216.49813652038574
1660.7105731964111
1294.6031093597412
3108.0775260925293
3905.3940773010254
1203.679084777832
1263.7734413146973
2033.5724353790283
1546.9892024993896
309.89956855773926
1886.1808776855469
1233.719825744629
3205.0671577453613
200.12259483337402
525.7244110107422
509.76037979125977
846.5547561645508
1078.5188674926758
452.7242183685303
834.4936370849609
721.214771270752
1748.8765716552734
874.6969699859619
6454.6449184417725
1505.382776260376
2658.8776111602783
984.5712184906006
1843.5053825378418
225.24023056030273
3554.2922019958496
561.8658065795898
4151.764392852783
373.6581802368164
1286.3969802856445
475.5825996398926
1067.0127868652344
957.43727684021
1710.8142375946045
618.1895732879639
516.676664352417
469.0358638763428
1303.2996654510498
1269.8800563812256
1369.8370456695557
186.34486198425293
1056.7333698272705
256.9303512573242
3310.4090690612793
417.04344749450684
2414.665699005127
3264.409303665161
2085.195779800415
3411.5467071533203
398.256778717041
2143.160343170166
1775.8090496063232
1639.3067836761475
3468.2998657226562
2332.7510356903076
1463.1853103637695
2498.4214305877686
446.13027572631836
1950.793743133545
404.98971939086914
869.66872215271
931.1099052429199
2154.6630859375
548.6791133880615
2618.83544921875
5294.041395187378
2825.347661972046
235.5039119720459
3209.7277641296387
2256.9820880889893
733.7920665740967
2189.2330646514893
140.4736042022705
644.3305015563965
3953.075408935547
814.1412734985352
176.7568588256836
531.9108963012695
271.350622177124
996.2513446807861
355.91769218444824
936.2568855285645
2361.2282276153564
714.0336036682129
2880.2318572998047
151.79181098937988
5580.84774017334
2955.183267593384
1565.4675960540771
2400.4416465759277
371.2337017059326
545.4263687133789
1751.2238025665283
3064.892053604126
742.905855178833
1999.072551727295
7636.188268661499
710.5343341827393
347.89538383483887
852.7023792266846
2595.526695251465
1763.8306617736816
1017.5399780273438
895.9639072418213
3014.943838119507
771.5737819671631
1474.414348602295
448.1649398803711
604.0811538696289
483.55746269226074
458.4774971008301
626.2450218200684
872.6897239685059
175.39167404174805
1668.7383651733398
312.44444847106934
2878.0195713043213
647.0999717712402
4406.930446624756
2178.4069538116455
216.86100959777832
374.4335174560547
662.3399257659912
610.8667850494385
2811.0079765319824
152.30751037597656
916.2135124206543
640.251874923706
5293.592691421509
144.79589462280273
1989.5308017730713
653.8326740264893
613.9798164367676
890.3896808624268
290.87233543395996
672.6181507110596
3332.883834838867
425.0600337982178
711.7364406585693
678.2493591308594
572.3228454589844
2431.4193725585938
5142.1613693237305
767.5714492797852
3421.3318824768066
3383.903980255127
2228.98268699646
4225.027561187744
2444.190263748169
1132.6878070831299
2577.5020122528076
1667.602300643921
329.2083740234375
688.7736320495605
701.2865543365479
172.90091514587402
2018.463134765625
3543.0116653442383
525.5951881408691
595.3254699707031
1654.5915603637695
2128.60107421875
1170.8526611328125
526.3421535491943
1584.4717025756836
584.6147537231445
688.0931854248047
2644.4969177246094
816.2643909454346
1080.0800323486328
566.3843154907227
158.85281562805176
315.69838523864746
1558.462142944336
1587.721586227417
1456.5105438232422
220.8724021911621
204.9083709716797
895.3886032104492
1735.3324890136719
2333.9738845825195
238.55233192443848
175.9200096130371
2001.8513202667236
3308.8560104370117
3713.117837905884
4214.7276401519775
5802.394390106201
577.2027969360352
3460.519552230835
1343.9059257507324
3199.6259689331055
1935.0333213806152
327.58545875549316
156.47506713867188
1580.162525177002
1042.1383380889893
3464.962959289551
1877.5601387023926
5353.227853775024
1411.2215042114258
540.1380062103271
221.50349617004395
141.81065559387207
2305.9346675872803
2471.4694023132324
1541.494607925415
2636.131763458252
724.4131565093994
6835.207223892212
2187.3795986175537
858.834981918335
586.7335796356201
324.10192489624023
807.2433471679688
191.62726402282715
1028.4271240234375
766.268253326416
279.2391777038574
425.98438262939453
1186.3648891448975
193.18008422851562
1182.518720626831
2097.9697704315186
5010.916709899902
2892.801284790039
3265.930414199829
237.5771999359131
714.8830890655518
134.08756256103516
938.0810260772705
768.6295509338379
338.95206451416016
2540.529489517212
1133.899450302124
207.25345611572266
3107.011079788208
1819.2791938781738
358.87813568115234
1073.5626220703125
1287.7566814422607
3574.319362640381
3661.4575386047363
206.20489120483398
509.10162925720215
448.7805366516113
5686.57112121582
267.4858570098877
2228.407144546509
2355.452060699463
465.18993377685547
1847.858190536499
141.87169075012207
2711.8308544158936
356.49752616882324
1163.0921363830566
3143.7582969665527
1874.894142150879
2814.6722316741943
1068.1653022766113
1974.9572277069092
625.0350475311279
1251.4824867248535
1115.9660816192627
1271.0340023040771
2761.1818313598633
1526.8285274505615
4015.4097080230713
8270.879745483398
1161.139965057373
1647.9086875915527
2714.982271194458
240.71407318115234
553.9054870605469
2686.9475841522217
469.0847396850586
492.9065704345703
1320.8458423614502
1043.696403503418
1587.749719619751
991.7004108428955
154.62541580200195
801.2306690216064
974.3502140045166
183.7320327758789
2683.2544803619385
1281.987190246582
2136.305332183838
2500.4799365997314
635.6828212738037
3433.1793785095215
3175.9376525878906
1227.0417213439941
2627.3746490478516
534.3255996704102
1566.2240982055664
298.2363700866699
2936.406135559082
1244.5805072784424
154.65259552001953
551.171064376831
1114.5820617675781
347.9955196380615
184.84973907470703
1282.3750972747803
191.9841766357422
2334.7651958465576
187.2248649597168
928.2081127166748
579.5514583587646
1188.2507801055908
1960.7417583465576
321.86126708984375
1964.3783569335938
1074.0184783935547
173.53320121765137
1042.8493022918701
167.1304702758789
1382.3928833007812
4090.789318084717
2369.5263862609863
438.37881088256836
1388.1916999816895
218.39022636413574
2067.779064178467
3003.1139850616455
654.3054580688477
2474.3971824645996
206.8784236907959
2697.9780197143555
2730.0045490264893
2570.057153701782
307.9357147216797
383.2848072052002
261.1830234527588
1118.006944656372
281.75973892211914
8664.276123046875
757.2884559631348
2221.2705612182617
2602.8695106506348
780.7679176330566
856.0566902160645
719.2602157592773
3188.1635189056396
1068.1602954864502
483.43610763549805
566.1578178405762
500.84948539733887
5208.904027938843
1294.3496704101562
465.6381607055664
623.0552196502686
3731.4066886901855
1053.1747341156006
144.38199996948242
688.0288124084473
3044.6317195892334
904.4947624206543
640.3830051422119
2725.268840789795
967.3616886138916
1457.9033851623535
636.1434459686279
553.1580448150635
2776.5557765960693
1704.6709060668945
196.48385047912598
2052.8669357299805
1552.7129173278809
2026.2455940246582
3488.2514476776123
319.7047710418701
421.51951789855957
418.87974739074707
1721.4810848236084
3253.134250640869
1616.0907745361328
1996.88720703125
729.2788028717041
655.7316780090332
3967.655658721924
255.37538528442383
1374.9542236328125
1010.6296539306641
676.8162250518799
915.0428771972656
1785.808801651001
2729.1762828826904
1311.0721111297607
273.9841938018799
3091.8960571289062
2872.877359390259
646.4831829071045
392.6260471343994
272.43614196777344
771.9557285308838
2221.5123176574707
1097.529649734497
2655.1482677459717
481.45556449890137
783.0069065093994
1047.0778942108154
385.50877571105957
786.0429286956787
5100.371837615967
1508.7709426879883
2927.1605014801025
1656.5465927124023
192.31152534484863
5220.155239105225
2703.5868167877197
144.96994018554688
2035.400629043579
2489.4659519195557
374.8650550842285
449.4590759277344
995.6526756286621
1050.020456314087
229.48050498962402
1581.934928894043
3126.598119735718
1201.075553894043
2268.0346965789795
323.98247718811035
2113.4281158447266
274.4407653808594
401.70884132385254
584.5577716827393
773.0522155761719
357.3606014251709
1699.038028717041
428.3437728881836
402.1310806274414
1510.8108520507812
1659.7776412963867
6963.110685348511
600.2047061920166
399.4452953338623
637.4216079711914
5230.891466140747
1102.661371231079
393.74303817749023
1033.2016944885254
142.65847206115723
8389.454126358032
476.3016700744629
402.8315544128418
382.75623321533203
690.2632713317871
2463.8824462890625
1195.3673362731934
360.37588119506836
161.42511367797852
968.8754081726074
208.08172225952148
2322.136402130127
852.88405418396
617.511510848999
680.1803112030029
2520.2486515045166
1947.251319885254
509.7846984863281
3608.246088027954
677.7257919311523
174.20387268066406
4944.4708824157715
1523.9956378936768
4211.486577987671
121.61636352539062
612.9720211029053
241.441011428833
1321.913242340088
456.72106742858887
2060.9841346740723
1281.796932220459
421.15211486816406
1381.1194896697998
2631.0112476348877
2205.2433490753174
1670.0725555419922
703.0344009399414
949.500322341919
846.3592529296875
1171.9996929168701
304.2185306549072
1964.7748470306396
2913.7065410614014
443.26066970825195
395.9543704986572
1568.9129829406738
648.2374668121338
1275.9053707122803
286.91649436950684
187.0872974395752
979.2966842651367
5174.60560798645
818.8045024871826
2712.7480506896973
2193.619728088379
4454.976797103882
961.7807865142822
3594.115972518921
11254.635095596313
2866.51349067688
5384.252309799194
270.63703536987305
415.99106788635254
1065.5605792999268
2191.6677951812744
1277.8615951538086
1959.273099899292
770.6418037414551
1201.8086910247803
498.7964630126953
1274.3358612060547
1740.1690483093262
4134.594678878784
1155.8175086975098
298.8390922546387
612.5681400299072
1049.0946769714355
1323.1678009033203
396.3160514831543
927.9625415802002
410.49718856811523
809.6585273742676
723.1016159057617
333.24599266052246
3963.2015228271484
2157.923936843872
380.2165985107422
1120.6867694854736
1654.2973518371582
470.14737129211426
1662.0628833770752
236.79804801940918
1550.166130065918
4157.1595668792725
222.41640090942383
1557.6798915863037
1149.8539447784424
1922.1816062927246
839.7212028503418
8934.877872467041
2670.9320545196533
4280.359268188477
797.5337505340576
958.2812786102295
479.24137115478516
6476.781606674194
2296.7545986175537
3379.6606063842773
201.04050636291504
1689.190149307251
3046.743869781494
804.5165538787842
1462.496280670166
1111.6771697998047
1385.728120803833
1669.3534851074219
1846.4276790618896
2350.227117538452
2399.7840881347656
234.90524291992188
3593.036413192749
1464.9996757507324
497.4377155303955
244.33517456054688
3359.8294258117676
1585.4690074920654
482.15198516845703
499.9241828918457
590.6705856323242
1535.5498790740967
4501.7945766448975
500.2930164337158
2556.734800338745
145.62058448791504
3939.131498336792
1629.3573379516602
2524.5423316955566
224.47514533996582
229.2485237121582
2069.190502166748
172.87230491638184
1357.3172092437744
691.7238235473633
1191.8797492980957
206.15267753601074
156.65125846862793
359.88831520080566
790.7335758209229
2878.685235977173
1906.9974422454834
1260.3991031646729
240.45610427856445
660.5968475341797
2005.6710243225098
204.76818084716797
394.8080539703369
4274.215459823608
1077.0270824432373
9071.890592575073
754.5452117919922
498.2130527496338
170.3336238861084
4240.264892578125
1532.1519374847412
1244.9204921722412
396.6066837310791
8272.584915161133
3231.3051223754883
431.43582344055176
554.2027950286865
1425.734519958496
860.8725070953369
552.6168346405029
1315.7610893249512
2235.825300216675
3669.9602603912354
744.2071437835693
5724.921464920044
2510.4522705078125
2906.132459640503
405.2462577819824
224.11727905273438
940.9611225128174
2285.277843475342
560.0123405456543
237.77389526367188
639.9052143096924
1632.4431896209717
141.3884162902832
2401.8850326538086
917.2322750091553
4140.290021896362
232.81407356262207
1748.476505279541
2105.9300899505615
4696.6986656188965
196.4719295501709
5801.803827285767
2109.349250793457
3170.73917388916
2831.3071727752686
4742.897272109985
460.6289863586426
1649.3299007415771
1629.6265125274658
2832.7105045318604
258.58330726623535
1861.9956970214844
361.4997863769531
3221.0705280303955
2412.5239849090576
3457.808256149292
168.72644424438477
5430.172920227051
1219.0163135528564
322.9503631591797
1453.700304031372
1724.921703338623
1381.1566829681396
1878.359079360962
1959.4244956970215
263.67759704589844
217.5586223602295
593.480110168457
341.05634689331055
433.652400970459
233.02125930786133
2130.1140785217285
3537.1651649475098
226.1793613433838
3238.335609436035
11816.771745681763
829.8628330230713
4654.0656089782715
1228.3530235290527
1119.1682815551758
2518.0740356445312
354.3570041656494
732.9685688018799
579.4954299926758
2019.094467163086
3352.756977081299
1361.922025680542
351.7608642578125
2521.254539489746
326.4880180358887
2932.2268962860107
464.5531177520752
3610.8193397521973
528.1686782836914
2058.0921173095703
1015.17653465271
543.8554286956787
560.9478950500488
877.0051002502441
1507.843017578125
774.327278137207
2728.285312652588
2193.326711654663
2229.550361633301
1234.4999313354492
1317.6653385162354
2409.600257873535
2437.605142593384
516.5588855743408
169.0835952758789
666.5177345275879
1131.446361541748
11559.203624725342
200.8516788482666
4201.136827468872
1511.7383003234863
236.62352561950684
1348.177194595337
295.6984043121338
366.0759925842285
1442.579746246338
164.42537307739258
347.0423221588135
689.932107925415
2174.3392944335938
3541.027545928955
263.60416412353516
774.9948501586914
653.644323348999
1928.9209842681885
639.3256187438965
339.36190605163574
1667.7360534667969
252.40778923034668
1741.7988777160645
504.72044944763184
260.26129722595215
1304.1367530822754
450.06752014160156
804.1644096374512
1261.4684104919434
661.1371040344238
2827.9521465301514
1125.3790855407715
3404.2704105377197
3135.845184326172
705.552339553833
190.07563591003418
1514.026165008545
2281.0258865356445
609.9855899810791
649.6448516845703
221.36569023132324
331.07686042785645
408.2639217376709
2340.517044067383
3468.0678844451904
1659.749984741211
674.8902797698975
431.22339248657227
403.78427505493164
1174.8394966125488
1694.6287155151367
3809.3039989471436
2108.1042289733887
862.194299697876
478.151798248291
607.6502799987793
1804.4226169586182
2284.052610397339
570.9865093231201
4102.599382400513
895.2012062072754
3393.9907550811768
2295.4070568084717
1612.8263473510742
557.3394298553467
1290.9595966339111
1008.7459087371826
723.2856750488281
549.952507019043
716.8035507202148
3454.5483589172363
2812.7410411834717
332.4861526489258
937.03293800354
2600.0537872314453
201.89785957336426
1331.2733173370361
264.27507400512695
4047.088384628296
6540.818929672241
2488.351345062256
6117.147922515869
1323.8983154296875
5400.994777679443
6198.217868804932
332.4928283691406
1369.640588760376
1327.2829055786133
1134.8686218261719
2572.322368621826
3351.1219024658203
1303.4007549285889
5938.406944274902
658.6771011352539
1507.157564163208
539.12353515625
1348.3829498291016
223.15120697021484
1482.5513362884521
1234.7009181976318
780.8837890625
2502.110719680786
1432.386875152588
327.390193939209
4440.080404281616
7897.478818893433
1931.2458038330078
950.1395225524902
584.7771167755127
1714.7467136383057
3908.8518619537354
708.7335586547852
641.8797969818115
3228.8732528686523
686.2592697143555
3570.704936981201
620.7747459411621
2862.492084503174
444.25487518310547
1751.8887519836426
376.7354488372803
762.9649639129639
1146.2550163269043
3890.9268379211426
5133.681535720825
158.28251838684082
3537.3637676239014
256.6215991973877
291.17321968078613
2068.6378479003906
830.9335708618164
1367.0289516448975
1451.4484405517578
1770.9581851959229
2240.337610244751
1376.3337135314941
5418.034315109253
2017.7268981933594
2471.2555408477783
2128.6683082580566
307.47342109680176
3166.6183471679688
1060.525894165039
834.9552154541016
3715.787649154663
1307.5876235961914
227.41460800170898
2297.6582050323486
1158.0476760864258
1907.3681831359863
274.0447521209717
1814.211130142212
153.22089195251465
1055.58180809021
199.8133659362793
1366.987705230713
2382.5297355651855
968.8301086425781
2257.432460784912
576.9603252410889
1427.0823001861572
330.46913146972656
1496.2730407714844
3120.445728302002
172.0573902130127
711.9834423065186
2735.6350421905518
968.1885242462158
143.0213451385498
990.9360408782959
2771.827220916748
365.8735752105713
315.2117729187012
1655.2214622497559
1579.4398784637451
