6.283832016610138460e+00
1.474556284350148072e+00
7.402117937048064533e+00
1.165105664504008320e+00
1.110733819903216402e+00
1.237020568379032071e+00
4.213307021419995912e+00
2.336430106948204521e+00
1.578598843995303591e+00
1.518194228637440801e+00
2.265152049223321029e+00
1.330699064058999737e+00
1.448313772199612881e+00
1.599940053118366734e+00
5.917952570833856285e+00
1.908848189883427748e+00
1.329477635850991213e+00
1.343082166572319380e+00
4.680531161115170313e+00
2.281865884471941719e+00
1.187787910700926819e+00
2.610879274128543592e+00
2.891072939406539977e+00
1.379407683149232788e+00
2.307598499740766584e+00
2.138623878237402298e+00
3.629893206992518273e+00
1.714660954277234861e+00
1.202874068550253472e+00
2.720895732796634992e+00
3.365535022107877250e+00
3.389652072367796531e+00
3.882994972622586527e+00
1.411787675812273823e+00
1.099648130297310900e+00
3.145875896786446191e+00
1.053851121514099320e+00
1.498501058361865645e+00
3.492731156974205664e+00
2.870298589286768731e+00
3.298811532813823000e+00
1.987028086009832606e+00
1.357005784895431777e+00
1.645032979964129005e+00
1.155286570530361878e+01
2.270550789085341581e+00
1.550281704090065382e+00
1.687771959973547675e+00
1.808871893387766994e+00
1.829199136872190490e+00
4.690162922058289219e+00
1.288500922927857895e+00
2.885274729125278714e+00
3.179405418217698287e+00
2.743777392298740292e+00
1.355337016958937379e+00
2.070981959916976312e+00
1.006035996536850163e+00
1.023874091807948972e+00
2.484854001716501948e+00
1.078219717915659848e+00
1.597558472359970283e+00
1.051952176952394069e+00
1.134245994851741379e+00
1.286032985023345399e+00
2.789836967027912173e+00
3.637239035723267566e+00
1.070721583865472448e+00
2.136547172610305356e+00
1.190770949598951134e+00
1.223372792275904786e+00
1.320621145486880810e+00
2.124819636058078665e+00
1.840502844637793567e+00
1.634934104213023209e+00
2.558257553745956425e+00
1.373284701776524841e+00
1.402279341820870107e+00
1.438645915952683652e+00
3.388694899690444018e+00
1.741182541095943392e+00
1.791117068980262461e+00
1.947238549101510952e+00
1.146089808063201598e+00
2.889434257812751650e+00
3.662603068509199478e+00
3.927422823720370104e+00
2.786725461577362672e+00
1.835257860587380385e+00
2.511730668616503515e+00
1.522490063713966446e+00
4.135898914266049609e+00
6.169281359603008497e+00
2.806332952668660674e+00
2.452889102310630065e+00
1.864436835309321694e+00
1.849864783773339072e+00
1.175010692365985987e+00
1.243432493012785578e+00
1.088929055882677632e+00
3.735057058711750422e+00
2.131151571127317457e+00
2.374693191277703619e+00
1.255765525891413326e+00
1.613955963850229658e+00
1.863599770020365254e+00
1.609103574029838946e+00
1.096710769192184687e+00
2.898819036661454351e+00
3.540808509318342345e+00
1.555403924419908046e+00
1.024417210784018151e+00
1.228612392039294177e+00
1.475040879953498418e+00
2.609649389308690282e+00
2.460247255658498666e+00
1.006898210277195505e+00
2.285370907994301870e+00
2.054664122483297550e+00
1.246599186316881269e+00
3.961200114345519108e+00
1.686419829861859343e+00
5.502593207727059621e+00
1.263683172451104619e+00
1.439058228796792793e+00
2.165368692283309304e+00
1.193865162314287742e+00
1.260988670910548892e+00
1.805736243862367196e+00
2.084365683590527762e+00
3.694565777579938093e+00
1.549746955732899778e+00
9.943377883959232832e+00
1.105318128517057241e+00
6.230704945877052481e+00
2.064428785668586119e+00
1.206818120819189710e+00
1.415218807648799704e+00
3.180346973255114840e+00
1.264852566870301898e+00
1.510050127079492377e+00
2.083755165963262268e+00
1.051556991884039727e+00
1.274035952159631169e+00
1.938721525305224569e+00
1.496906925916825948e+00
1.372023523311333815e+00
3.185658238776115425e+00
1.584357852787789511e+00
3.609338620509630058e+00
3.074286373739675504e+00
2.807013886196543684e+00
1.557352497102855837e+00
2.131159551892293447e+00
1.264521894884663933e+00
1.577626748466814721e+00
1.211983451539461409e+00
2.229315527756089210e+00
3.652256653059126723e+00
4.408991953268852626e+00
1.674921784079687948e+00
2.066360232942505260e+00
2.158508404635183897e+00
1.937065258858853056e+00
2.613121570938990779e+00
2.126257945047227871e+00
1.994623206204574117e+00
2.016297609064570562e+00
2.890413059926156603e+00
1.876289039127298164e+00
1.705627963328524732e+00
3.262970829522758187e+00
4.280860575918691069e+00
3.386258673059261870e+00
1.181100636776700297e+00
3.086890268019796935e+00
7.638000256206809446e+00
2.529406964326661456e+00
1.137134082762130571e+00
1.612386669543515838e+00
2.606674432598365954e+00
4.624499428334665652e+00
2.360430319782040431e+00
5.060127855075394088e+00
1.102533987731457721e+00
1.404825682719839319e+00
2.356821388381591387e+00
1.199894934277745628e+00
3.004586948029124294e+00
1.472773884196508787e+00
2.838791666159218519e+00
2.755956750398196764e+00
5.176232191699167373e+00
1.418428043890381351e+00
2.350703188969923918e+00
3.465179618949727480e+00
1.744852607530709809e+00
4.393976927172996483e+00
1.254218932955383448e+00
2.326666047210871113e+00
4.318048783740548124e+00
1.093410097790068036e+00
2.208256446553086061e+00
1.793669604843344922e+00
3.514628591450086326e+00
1.128877446291805864e+00
1.323226259105968694e+00
1.383804971927080629e+00
1.788856626852471932e+00
2.929985454996919980e+00
2.503059943632939710e+00
1.395180995358765497e+00
2.139392424388282699e+00
1.717117805213685289e+00
3.956939484395753936e+00
1.015961646397472329e+00
1.006348784603224855e+00
1.177279088392824136e+00
2.601082517404750050e+00
1.201264174924748351e+00
1.238287193309800305e+00
1.381642818874061929e+00
1.774661413238368679e+00
1.660617385781969491e+00
1.052634628873082567e+00
1.158002211533816661e+00
1.229849122705932274e+00
7.923794090279653091e+00
1.367836804679170681e+00
2.877129736599639553e+00
3.704171978948634703e+00
3.541177779261471148e+00
1.091544354960015450e+00
2.382986616510131217e+00
1.455501347085530917e+00
1.828824571790013120e+00
1.011862447479907168e+00
3.803303114208235858e+00
1.336696660084786492e+00
1.511803029236968188e+00
1.027218489355623543e+00
3.651978613081982683e+00
1.432179893421990702e+00
2.421727795948524609e+00
1.153983391849401352e+00
2.338753997078223623e+00
1.674419895347877052e+00
2.075963627175723580e+00
1.135022189330210374e+00
1.268005396524880091e+00
1.038080051416279659e+01
1.279721165346518807e+00
4.698765194990930816e+00
1.782308036091581727e+00
1.513405476764464686e+00
1.865633330984843186e+00
2.225225674736500903e+00
1.509332724204962783e+00
1.268439307123531812e+00
1.703284817656852912e+00
1.047681907809321578e+00
5.895992233802199500e+00
1.320951104218641259e+00
2.657008931766332349e+00
2.105416932013983278e+00
1.803327397907313223e+00
2.484216368302924138e+00
1.624530911971604930e+00
1.555603793502548626e+00
3.259056827266511025e+00
1.243230291982236446e+00
1.309330696385302417e+00
2.662704435222005284e+00
2.612342789931223486e+00
2.098038881665316158e+00
3.661747217370598051e+00
7.060593686723995788e+00
3.219774632809351278e+00
1.660501377807398482e+00
1.781256824823780560e+00
6.948168368688559582e+00
2.365071154831745126e+00
2.647624408517826655e+00
1.146935857072613363e+00
2.582137916466101579e+00
1.421081274361484459e+00
2.823965095414115112e+00
1.536940343102194628e+00
2.712977141728575070e+00
1.482577227302556366e+00
1.684497351753768690e+00
1.222127624901761855e+00
4.129701065101356150e+00
1.195308045099615191e+00
1.373676853721073732e+00
2.736452047576001245e+00
1.214768645225537957e+00
2.752942194865720893e+00
1.358652520898287808e+00
4.059372560644236572e+00
2.606701468276498623e+00
2.195929320778328808e+00
6.243788392743168991e+00
2.263120064334963821e+00
1.580042467832127429e+00
1.094713647877163076e+00
1.086686215986023107e+00
1.100249429218332908e+00
2.074866286493079581e+00
3.901231832114302467e+00
2.038822700849876934e+00
1.003554006575001933e+00
1.621542620903087650e+00
1.386727960975719265e+00
1.573538832695956069e+00
1.195509505591446420e+00
1.740779835534139952e+00
2.189402905706148150e+00
1.524558827739538547e+00
7.968303380299807337e+00
1.604137874015320264e+00
1.531365802160067791e+00
1.818205053047452502e+00
1.320873077346331304e+00
5.492401725499544085e+00
3.564261122785165714e+00
4.310951240347657532e+00
2.534829808908015458e+00
1.469094865794030591e+00
1.188591739487024901e+00
1.369197614253468309e+00
1.605879778716884587e+00
6.193383146178379484e+00
1.072521995584398624e+01
6.043716550148875655e+00
3.101911286492745834e+00
5.782548363598295715e+00
1.151227855729062499e+00
2.403204575432502654e+00
3.770362656020725289e+00
1.017612091723976597e+00
2.275212513117054414e+00
1.276716689726875575e+00
1.475643570688857320e+00
2.385116486637253619e+00
4.290456296083590360e+00
1.250115215732847895e+00
1.465098320683931421e+00
1.263560502583993994e+00
1.143558781437887806e+00
1.670645244176283795e+00
1.862023142325776925e+00
1.968016345586997007e+00
1.989220938360457103e+00
1.778622345390476367e+00
3.976496661352556750e+00
2.843354434045450407e+00
1.067257620861085776e+00
3.913727600202072665e+00
4.039808700342315539e+00
2.665072163451583265e+00
1.422479802889894396e+00
1.023546413115814291e+00
1.105375359639922506e+00
1.226848241441478304e+00
3.330950806954124932e+00
4.442887895671860043e+00
1.328818262726900956e+00
7.318494174082396775e+00
1.018251529812939760e+00
2.323998568413553123e+00
1.626861020350138354e+00
1.148305713337150147e+00
1.151256512616952943e+00
8.998669949752768460e+00
1.400765388929168465e+00
1.164377826146846706e+00
3.182245689737714045e+00
2.212797622104826889e+00
1.258424358455497272e+00
2.041034432413741051e+00
1.759352048057625906e+00
2.479098408068414638e+00
2.552880385168511346e+00
5.448469820288084797e+00
1.068587624368917632e+00
2.163081010326932230e+00
1.581772765583408624e+00
2.679689739600946918e+00
1.632916437324300807e+00
1.834293588350358606e+00
3.090268172731836405e+00
4.572025818124880736e+00
2.833914833426792068e+00
1.619406326216262126e+00
1.929392443282174519e+00
1.436397180706344479e+00
3.050499173719865453e+00
5.421290121984262633e+00
5.690064683241610410e+00
6.566284902237618404e+00
1.562967371790813242e+00
1.357791793942653147e+00
1.697951147708663511e+00
2.117595221384128479e+00
1.802314323233789040e+00
2.415721475584160505e+00
1.404080174144271220e+00
1.189037001040456953e+00
2.605010046575267246e+00
1.971698821075045016e+00
2.663319616764048270e+00
2.974626788581915982e+00
2.787657443206761787e+00
1.308340904396924742e+00
1.470182087947305760e+00
1.022817453346075878e+00
3.985491027033382316e+00
8.417646860337264059e+00
3.953401802470752902e+00
2.073991085518891886e+00
1.478481711370100093e+00
2.937458334199899213e+00
1.322523655105781515e+00
3.188158820786145764e+00
1.721033075913406662e+01
1.502354576167711064e+00
1.387884287684131523e+00
1.005428867403445059e+00
1.713145624057295979e+00
1.197542350684166479e+00
1.301057505469513931e+00
3.193011404664248598e+00
5.450711191138951861e+00
8.149836571015203646e+00
1.553846501682442760e+00
2.458269657891528848e+00
3.991006111921941546e+00
1.156741219682984045e+00
1.316543744301714502e+00
5.076458490540053603e+00
1.563410377758903458e+00
3.081493034712436518e+00
1.498974584029770130e+00
2.665286033652996878e+00
2.867743276411300890e+00
2.082713254520029533e+00
1.312063250967877126e+00
2.385738766783178644e+00
1.733700413956327235e+00
1.213841396094927916e+00
1.786756458816892046e+00
2.148960571597047231e+00
2.576225347519724540e+00
2.096766642496126209e+00
1.303390066189208607e+00
2.210570213997501643e+00
1.784155473952289350e+00
1.792087424399992246e+00
1.686763939771900533e+00
1.257418751010205282e+00
1.390172580733237684e+00
1.838430116219056387e+00
1.526840290808851863e+00
1.594310843156563129e+00
3.832874935041718611e+00
2.457821711112560426e+00
2.579651436492960581e+00
1.943579668037070940e+00
2.710727883444838060e+00
4.816733492736571698e+00
1.982399104040185156e+00
3.311466330061267005e+00
1.063979470467968724e+01
5.892130024456925241e+00
1.090254552302319047e+00
4.031518311666481225e+00
1.673752279089699257e+00
1.029044623913946799e+00
3.508899359085538627e+00
1.982276422110314185e+00
1.835181997634145690e+00
1.411392388270488851e+00
1.040306092358404655e+00
2.732872868389677912e+00
1.587966938462656019e+00
2.710847660574308815e+00
2.475791223458532642e+00
1.596758943962797161e+00
2.201122553566295714e+00
1.081691770679321429e+00
1.241268433003703819e+00
1.649576017130621075e+00
1.114683771271989032e+00
1.922569335619313868e+00
1.595350356032494199e+00
1.461147537662540463e+00
2.124252747004727659e+00
1.592051395966139093e+00
1.194438665530592081e+00
3.455733015380777484e+00
3.903842191182419707e+00
1.795985961866983338e+00
1.029437870141071087e+01
2.891305406303437131e+00
3.007136779374261604e+00
8.085586660534042736e+00
4.057871293802594259e+00
3.817056124634791825e+00
3.509485161283192767e+00
3.616287682608168019e+00
2.237838390032057756e+00
1.002465278646201385e+00
1.530278097138549009e+00
2.783418038758065371e+00
1.258805731888665624e+00
1.843310200644015406e+00
1.752470059640454103e+00
1.468012714469234092e+00
2.023386539890788427e+00
3.984937667798926775e+00
3.452256796561684826e+00
1.295052154195698302e+00
2.564877886870737811e+00
4.352619695402383471e+00
1.588950004756704448e+00
9.559447625120709446e+00
2.324491424151241770e+00
4.270295651175519680e+00
1.459520787950865151e+00
3.783081405656748331e+00
2.235898876044056571e+00
4.776182785500080463e+00
3.590659678631511476e+00
3.586433502184043665e+00
1.605808097914011467e+00
1.430857793645637699e+00
1.862459818194974304e+00
1.960373893677376689e+00
1.636082048021775481e+00
2.945579968294745665e+00
1.808761495795312202e+00
4.299123677644120178e+00
1.615066471068487441e+00
3.290962818816194790e+00
2.557998087507171725e+00
2.736435852631762700e+00
1.141307867174684576e+00
1.714818004164322840e+00
3.698830880588086956e+00
3.483199541782274533e+00
1.630596314648671719e+00
4.030073758217318947e+00
1.214006139119756744e+00
3.052040261843983693e+00
1.969878977175222312e+00
2.153455927739293507e+00
1.093570781499778821e+00
4.332491203834283766e+00
4.061557401209889839e+00
1.592761338686039529e+00
1.236177081472565664e+00
3.520571760064972633e+00
1.335388197758229589e+00
1.119722922116342723e+00
1.352130997497667231e+01
1.044163491206829386e+00
1.489575880692386001e+00
2.789883258542160238e+00
2.386418848837103646e+00
1.973031325468209696e+00
3.229837123687961942e+00
2.803662848790307027e+00
1.669277022512923869e+00
2.518300183877676179e+00
3.135319996357123440e+00
1.883702718458119207e+00
1.039645079809971229e+00
1.058369615607419600e+00
2.015392566973990718e+00
1.609583875870044922e+00
4.060439696201033399e+00
1.294064456574553823e+00
3.933989645091367393e+00
5.481076229672670941e+00
1.058233233810689455e+00
1.541437709021477920e+00
1.784139057827549335e+00
1.456476157240854663e+00
1.259238950055249440e+00
1.834446091340284024e+00
3.240028882995392934e+00
1.429862079064455394e+00
1.549113010495307030e+00
4.633769166685025809e+00
1.353712741004273745e+00
5.996456993864760499e+00
3.561381405028868130e+00
2.717989197640762189e+00
1.037330862843797163e+00
1.859943391509013333e+00
2.261726711658492039e+00
1.411683443750425759e+00
1.440746138247836594e+00
1.083653532264404307e+00
1.754507682687068026e+00
1.526064662613176859e+00
1.226457801790642010e+00
2.111801076491547136e+00
1.052361100939520622e+00
2.264243028634170152e+00
1.414354852342112778e+00
1.396019268213146480e+00
1.052579216952247654e+00
3.199780929379761663e+00
1.588498248349460962e+00
2.145402099427164533e+00
2.094370393835568667e+00
1.827713845141566651e+00
1.707725320044878314e+00
1.678246907014971034e+00
2.848016043221146543e+00
2.982885298565840948e+00
4.871674649694377912e+00
3.240152662841572884e+00
1.562382278817763259e+00
4.607967937787964097e+00
2.436156154961208298e+00
1.983515100186266533e+00
1.394349039821985548e+00
4.288799821378077581e+00
1.693292135674625998e+00
4.177498772554796069e+00
3.288994813483475887e+00
2.853567657712774430e+00
1.187103644285382398e+00
2.916020410354621895e+00
1.006013003610078504e+00
2.844381815855250295e+00
4.199233408011757263e+00
3.565037256974624480e+00
2.606079378365053323e+00
3.913783925719124923e+00
1.875450086177333775e+00
5.749747813353176973e+00
2.553529688157704314e+00
1.338498155229481901e+00
1.716164727634264198e+00
5.076060088896501732e+00
1.843233822018565116e+00
4.466866145458934234e+00
3.428464914194894408e+00
1.132443771341863581e+00
1.431307684822567872e+00
2.537910761160927287e+00
2.319287776089292041e+00
1.011478540880120347e+00
1.803700020681582750e+00
3.997908351976065422e+00
3.278426557762292859e+00
2.787094443138676159e+00
3.820033737168317067e+00
1.368540268118475955e+00
2.737626842417569151e+00
5.524721119122847135e+00
3.187555854199373151e+00
1.379249028064626792e+00
1.479370080293789691e+00
4.714194410723003159e+00
2.894756074448606054e+00
2.147164822953791408e+00
1.192950525702548337e+00
4.313670821149106160e+00
1.751438576582877715e+00
3.238082651250680843e+00
3.466087801576062333e+00
1.616221045836023329e+00
1.012714655857368751e+00
6.287482062122386139e+00
2.948504330285329100e+00
2.757627822097085346e+00
1.450547395377869586e+00
1.626565572840036333e+00
8.732798596520872536e+00
1.346476539402267969e+00
3.211583995823093396e+00
2.553116541097896874e+00
5.030446216443227314e+00
1.457645659341436195e+00
3.947403518343159590e+01
2.072210553036083258e+00
3.326167178630591081e+01
1.347197819513868922e+01
2.150969677478975939e+01
5.921540686438782508e+00
2.082694851467678276e+01
6.565189286338333652e+00
5.806360255490126576e+00
1.604572672192807374e+02
7.169807115839847533e+00
8.611789901508470280e+01
1.272006222076293325e+00
6.835168514014629437e+00
1.130554746794984133e+00
1.340898139609294049e+00
5.380552906286804493e+00
1.214951143332321903e+00
9.888531440400139871e+00
2.476912541526634648e+00
1.259402497894529382e+01
2.055347129245687299e+00
2.383976296476843171e+00
1.191489559740618098e+00
2.039935831616200623e+00
3.928856294800000981e+00
2.049644965125010820e+00
3.756266304052015670e+00
3.653828713879952783e+00
1.896208881234091947e+01
4.127882573369658914e+00
1.760549015604235024e+01
6.604118812939741012e+00
1.456311478892072575e+00
1.167061011248012647e+01
2.028546987072961105e+00
1.477513625274557318e+00
2.806699464190575366e+00
4.315842417485220572e+00
3.276778903632882933e+00
4.225855414844345859e+01
2.759632307005801088e+00
5.597319661386804057e+01
9.762337823353952615e+00
9.329806586765441168e+00
1.788554262459700794e+01
7.223577970678837445e+00
1.971606874825084788e+00
9.951157144940340871e+00
1.398371251080239963e+00
1.820347816214519465e+00
8.692397741770660602e+00
2.011372652850809217e+01
3.758930535111824955e+00
2.144918166743335686e+00
2.275029334398352976e+00
2.813297334024938756e+00
1.990627911415036522e+01
4.484034647713884603e+00
6.455466647800778901e+01
1.967190441507676635e+00
2.294359638142467350e+00
2.877765219369592842e+00
3.054466116814082088e+00
1.378239813326572749e+00
1.062205916484266588e+01
1.482525174162092618e+00
1.901959353852500456e+01
2.027578239599105103e+00
7.589121116426455593e+00
1.428347395765891470e+01
1.684181065864364157e+01
1.350124350995660727e+01
1.213110128875254823e+00
3.078294827328804217e+00
1.145835137400258752e+01
4.782743288013943328e+00
6.301341676774953982e+01
3.092274297227539215e+00
1.699847882380413289e+00
1.220453740804162468e+00
7.549034775796148011e+00
3.290237654073972173e+00
1.741898663378654843e+00
1.397721250687726346e+00
5.602174806601111001e+00
5.377653127499876717e+01
2.541419143665139213e+00
6.409153537460700711e+00
2.809206672867287757e+00
1.577397501717288009e+01
2.770572592637244647e+00
7.964381931476261833e+00
4.682462705355151300e+00
1.516900630614054224e+00
4.375179652455523538e+00
1.581963401419867576e+00
3.427028278597948674e+00
2.850223440617134951e+00
1.898291318618676060e+00
3.652303584155714766e+00
7.327420858877240484e+00
8.504604451023578093e+00
2.155662410081906799e+01
1.222769857083797929e+00
1.476143190384097581e+00
2.747775178778727678e+00
2.871496268462461199e+00
9.810454782051847289e+00
2.324313916135871683e+00
1.377999181907619572e+02
1.417079547202531264e+00
4.193989881230040595e+01
6.957757146580775931e+00
4.382474589308544388e+00
1.868216347728586912e+00
1.821888683989525859e+01
4.382210115666182126e+00
2.784499428383951258e+00
1.617237716801409597e+00
6.576521980575328108e+00
1.192984016761384769e+00
3.376006784510826364e+00
1.150301035762438584e+00
1.547839797616226143e+00
6.899159502494968343e+00
1.134795478275496539e+00
3.009455982507523331e+01
2.380773568864320566e+00
6.071035217777608572e+00
1.722082543245240682e+00
2.469989540306539055e+01
3.290415715930094187e+00
1.006426893106220577e+00
2.081341129581495419e+00
5.365222788435180412e+00
7.777145971195017715e+00
6.401207911108674153e+00
1.163517798409167581e+00
1.133387692025668869e+01
1.228199196464443510e+01
3.219499616160597988e+00
9.799621299675498776e+00
2.141067311646289717e+00
2.656781228626066138e+00
7.163762200416099901e+00
1.467620035402763756e+00
4.080014088445198972e+00
1.097332197357272499e+01
4.193515336443439168e+01
1.381794665437033309e+01
8.896440291711625648e+00
1.977457692131462963e+01
1.624624937155935145e+00
3.087323829232070604e+00
2.742308744542006238e+00
6.533876018773473682e+00
5.646932362648461634e+01
2.683989163404135070e+00
2.522405799194959108e+00
1.692617030086815078e+00
4.415378328782369266e+01
4.527092421398514865e+00
2.454402560686474288e+01
1.553431754179283919e+00
1.234535027800877316e+01
3.095912856063518248e+01
3.910935458488735694e+00
1.498076029008732135e+01
9.103883473093276280e+00
1.823578310016993997e+00
6.673612805458301267e+00
9.643023916452266420e+00
2.645429801527992009e+00
1.000920460479675000e+01
4.230523966526354940e+01
1.799935452833988370e+00
1.337212196319732094e+00
2.827470371580519171e+00
9.600694297544333722e+01
2.234654861094864220e+00
5.436461701855317408e+00
7.082577248295969241e+00
2.055462841378862482e+00
4.415437446155927148e+00
9.052479200606734722e+00
4.898181230081339876e+00
1.057065856746543204e+02
3.382938330270983673e+00
7.618399730309108442e+00
2.551698774750593923e+00
1.589532333153859334e+00
2.865835667462328473e+01
7.033232863135918933e+01
8.626390856070083046e+00
2.891660062814312582e+01
1.690860534735298293e+00
9.703950618355301927e+00
1.429923630344285268e+00
5.056655807201519082e+00
2.834592371079518713e+01
1.503975957545866882e+00
6.466940958908338644e+00
2.141164664786375127e+00
1.854357647056710023e+00
1.220095458725747193e+02
2.591668305335821376e+00
2.780839064668656491e+00
2.924773969995966727e+00
1.303168443125657827e+00
2.613957195611620765e+00
1.039675844483499390e+01
2.430224090141629656e+00
2.326401566835319201e+01
1.523279994565586648e+01
8.370307687611827419e+00
2.050822399565653154e+00
1.217885844243888194e+01
1.870604617625037713e+00
3.250362236439750063e+01
2.184158564336873098e+01
8.131463810436539319e+00
1.990163473599082078e+00
2.016426701119239162e+00
6.343125115045205931e+00
1.165823466312784547e+02
1.097703019356603305e+00
2.554354691447811376e+01
1.513558401573729562e+01
3.016165681730904602e+00
4.598588760805985665e+00
2.916015130598469618e+00
1.321083231347644471e+01
1.311402651209178538e+00
1.485369240173952443e+00
1.353939329492178700e+01
2.438908277583712980e+00
1.156594175223857768e+01
2.161127978722533705e+00
1.254049019791620267e+01
1.302744883269068943e+01
3.619052843755378390e+00
3.752513356234216335e+00
1.637158535043479413e+00
1.965325073420969515e+00
2.419600671826068350e+01
3.153690817646661593e+00
3.229890382851768660e+00
3.483661976795546344e+00
3.583864619152654285e+01
1.770742213882400717e+00
1.001622603985298898e+00
1.095196393869838936e+01
3.804929176520429390e+00
5.311799887782020946e+00
3.601890815001720370e+01
1.439380459807403811e+00
3.223153218037766443e+00
1.937882892787952338e+00
3.067794256950273279e+01
1.843401148520107924e+01
7.677492476823332801e+00
1.000249675620003309e+01
1.325522601544539381e+00
1.806549190119423942e+00
8.447124115911140763e+00
1.580855997020515602e+00
3.462352285029567156e+01
1.175576940195951492e+00
8.064005674318702077e+00
2.354570489496652819e+00
7.000317777928224849e+00
4.533450150379083610e+00
1.355114506017424780e+00
7.039900186423188266e+00
1.365873406864689876e+01
2.913530685490584027e+00
6.813300960571432974e+00
3.722478792394829483e+00
2.668962775314490443e+01
2.382233135832011239e+00
1.961078967424765507e+00
1.828837243923942069e+01
1.689681237011541937e+00
3.146222921717077270e+01
2.034230217575037969e+00
5.068152790658433382e+00
1.204422117823666838e+01
2.365699868577157972e+01
1.548107343979434347e+01
1.884381245803215199e+00
2.031692175718818660e+01
1.470069107519517360e+00
1.617284561914344998e+00
1.242189682451957156e+00
2.614301178718381191e+00
6.971961806652251070e+00
6.649805985848434631e+00
3.848514458465644328e+00
1.347179592453943586e+00
9.354995256269093673e+00
5.927172767811207166e+00
1.528740145245968129e+00
1.058695338311657963e+00
5.007011931876182764e+00
1.875393372970341943e+01
1.270803636638311529e+00
1.638360521827027405e+00
2.379272965618573821e+00
6.582617604376140186e+00
2.832113146127007042e+00
6.710943502356418122e+00
1.895763369748075888e+01
1.749267828433175964e+01
2.552735378020216217e+00
1.859805929591594076e+00
1.000934278100889196e+00
6.534701564381383498e+00
1.289730954773897098e+00
2.311262979197495238e+00
3.278666143401715694e+00
1.407099489495305500e+00
1.401262745295553458e+01
2.121978851296721036e+00
1.738399823809601230e+00
1.567642135296498651e+00
5.448838413607408171e+00
1.609695255232117006e+01
2.960493893825897338e+00
2.192183992785274427e+00
1.783017335468930185e+02
6.269984912818666878e+00
3.976467231195906393e+00
8.376782528264367755e+00
2.742970225909935067e+01
3.057557488059437389e+01
2.826508608979905190e+00
1.646285064395462072e+00
2.654382832337800124e+01
3.836716473543110961e+00
2.088064823309330365e+01
1.562285529328373634e+01
4.076995406742591754e+00
1.330257287427515145e+00
4.519574609308057234e+01
1.160490265106737917e+00
3.952249526494231890e+00
1.119063974487896651e+01
1.583934725035682156e+01
6.503646726082394025e+01
2.476073859113868902e+00
3.154449214050067951e+01
3.173672913954906694e+00
1.061933860286984554e+01
7.436536714296130945e+00
1.887057757772921729e+00
4.629614167844873229e+00
1.455891902840796615e+00
3.475916082236577864e+01
8.925792292695348351e+00
1.086474928239889781e+00
1.334466238467761912e+00
1.784482539248059441e+00
2.476420132174415301e+01
1.234303170290168339e+00
3.870827558893508158e+00
6.060167790016465439e+00
2.121167982255851570e+00
6.180846812372875476e+00
1.463785825802617513e+00
2.530608801807406749e+01
4.983388922858786430e+00
2.474080143487414229e+00
1.382876317802711474e+00
1.535689664104094021e+00
4.200501022439130594e+00
1.068209100417850888e+00
1.222191678217355637e+00
3.578616613266154545e+00
4.346701209424885803e+00
1.180163253105124888e+01
8.072903864336588242e+00
2.457789433455534134e+00
1.234112188125264575e+00
6.112132815868909219e+00
1.143640991956555109e+00
2.772284915837050168e+00
1.223613090663443614e+01
1.885652091498017269e+00
7.891425238952981758e+00
1.130726567911109015e+01
6.588800430759343740e+00
1.114377326820030589e+01
1.734571377883337817e+00
1.076795311015269041e+00
1.299692377926112030e+01
6.086084220578295678e+00
9.972900694750700268e+01
3.401081478221695598e+00
2.327884087873169250e+00
5.510131164829433992e+00
9.474812108176153913e+01
7.045778600512597301e+00
2.634463412395992243e+00
4.031584252918797517e+00
2.397127739574341554e+00
1.603069353529333085e+01
8.552345680576340925e+00
2.660456959873113814e+00
1.465778810445689695e+00
1.423975832744186265e+00
2.677483194691354207e+00
2.031065803431747696e+00
2.698909083170168532e+00
2.059750115581107099e+00
6.768411124889627928e+00
4.085137490104017388e+00
1.171264039280526674e+02
1.534078911567641645e+00
4.145642337095927665e+00
3.965421426510721492e+00
3.012811570104189762e+00
9.676312368862673097e+00
2.525252432772652877e+00
8.457476983720244590e+00
5.997334842202003635e+00
1.972345542474128521e+00
1.537168737644909200e+01
1.772394629024997315e+01
1.370995922694183022e+00
8.207257386995554072e+00
1.899948465063316716e+00
1.589483254438576632e+00
3.946738027255129566e+00
2.148874060129184027e+00
1.739969391360673612e+01
1.763064399034446339e+00
1.851907270130102923e+00
2.757573685474435621e+01
1.493345252781037935e+01
2.582702358595001524e+00
1.759260102593854125e+00
6.645097076408315928e+00
2.019192754118991573e+00
2.584170588043026573e+00
3.022701918161702750e+00
1.132857276384001111e+01
3.129882207791510496e+00
7.858166642561304371e+00
4.056522960845727965e+01
2.069004952288087562e+00
2.975465868850774243e+00
1.233768650620969431e+01
1.653433201574255662e+01
2.253453394985841740e+01
7.118815222181093638e+00
4.518818475303344684e+00
3.580594022848206492e+00
3.444556090178220131e+01
5.458878037267299810e+00
1.951455674981412480e+00
1.150153824201052721e+00
1.026317606711109498e+00
1.253763719748227423e+00
2.942198901680068257e+00
1.644727617257572305e+01
1.133604323096354616e+00
3.163103456939835301e+00
2.109040342611293806e+00
2.237650787970508315e+00
1.292766173469515500e+00
3.870333527124827810e+01
1.214603802436413638e+01
2.421016899124850852e+01
4.320783550113498706e+01
1.244275999961272916e+00
2.596830851662632167e+00
3.171028955134713279e+00
1.592752947860022417e+00
3.551373295931545382e+00
2.147127288347341789e+00
1.334480743944673309e+00
2.356478118010543188e+00
1.270324177955912015e+00
2.365052123144548268e+00
5.376101461913570745e+00
1.191333846867852309e+01
2.857452629719583026e+00
4.287115519456521362e+00
1.220279781710735145e+00
1.256104934743055956e+00
5.721371252944430275e+00
3.709565026294165513e+00
1.829140653801261784e+00
1.752400497947016049e+02
6.257171476357149942e+01
9.627535405701697968e+00
5.345614730759706390e+01
1.654914444306619492e+00
3.249238758038040853e+00
2.312167904725746226e+01
1.303764708460906308e+00
1.099102929513990468e+00
6.001018790958313787e+01
1.847932516674357650e+00
1.261093483788829905e+00
1.147462561190969677e+00
1.652826630356978077e+00
1.391383678928876932e+00
1.223020620945971970e+00
1.875003822778273710e+00
2.031002989322837848e+00
9.674978888475227023e+00
7.036179010913969911e+00
4.149600032340059030e+00
2.944025562201947110e+00
7.666787054173088478e+00
2.957105613017321222e+00
1.665522590783865109e+00
1.064575764717887951e+00
1.019648053622545181e+00
2.753809717537864543e+01
1.737723842596527124e+00
2.110548037292175660e+00
1.136792013639512433e+00
1.608653129430941409e+00
6.955502081499157718e+00
1.927049103729740587e+00
1.650089756444525158e+00
1.856066603997712727e+00
1.575466881517201934e+01
2.333013681085453150e+00
3.519163725348809724e+00
1.857915701361988425e+01
6.819247234421314197e+00
8.285308821856247619e+00
1.744141284792099000e+01
2.652992016728277491e+01
2.338715449109677547e+00
1.766831523893398526e+01
2.954040958566401365e+00
3.528467252808147325e+00
1.542265225513407723e+00
1.431927663006600238e+00
4.187886970256636587e+00
3.105005384985994876e+00
5.221535700626392718e+00
1.530000730195334224e+00
1.782912593296808978e+01
1.596349261113309215e+00
1.854374511738095643e+00
3.305529139027501895e+00
3.842763448261853565e+00
4.449352534761812450e+01
3.760797952346270012e+00
3.169413880051205723e+00
1.268217313477784813e+01
1.753516195620234797e+01
2.173797117607852325e+00
3.863080756036640473e+00
1.186820245479556890e+00
6.274221331324009832e+00
2.501927610365793697e+00
2.757452406963115621e+01
1.509328989328566406e+00
7.611725833884646875e+01
1.607058517163646894e+00
7.146308645942087701e+00
1.880600174049592566e+00
1.529212836294884426e+01
1.227990640405973721e+00
1.629554818475678069e+00
1.550117065756200230e+00
8.674770912418155788e+00
1.864508105492411261e+01
1.082680283189055359e+01
1.402829119222918308e+01
1.619765896726394772e+01
4.339502460178837673e+00
1.500147837139451568e+01
2.981367932531287401e+00
3.394765278496138627e+00
3.932663434330062557e+01
1.355151148950745954e+00
3.720580055450508894e+01
2.247239791122450647e+00
1.696937740868138533e+01
1.512842404470193802e+00
5.572998452913384249e+00
3.498059529955967584e+00
1.010666872090573154e+00
1.787802100825683453e+02
1.612965715498910324e+00
2.433332538650608168e+00
2.887833635736704263e+00
2.546754111700269441e+00
1.544659347544055095e+01
4.095418361005960861e+01
1.023118829094365134e+00
5.674628303261505913e+00
6.501769399918069681e+00
9.795061011487925740e+00
1.304027543345667395e+00
1.149469565991104325e+01
1.199419635608324874e+00
9.102301637872795226e+00
2.807894200593633371e+00
3.910373610570071889e+01
1.330381288158315245e+00
1.270107140298188320e+01
7.693972763068147813e+00
1.405497451058219127e+01
3.065599890280250595e+00
1.122781136638452182e+01
1.108603693113436428e+00
3.285466867304831062e+00
1.192658813903540782e+01
4.946541364569106314e+00
3.260620115987687306e+00
8.462627055200188764e+00
1.728472976571221231e+00
1.979334375238696353e+01
2.643760599177192194e+00
4.159419824864787785e+00
1.626417301924931635e+01
1.023400924211653518e+00
1.968882678159713073e+00
5.195176891634117311e+01
1.350469804844129706e+00
1.403921119841466947e+00
1.583655737790138573e+01
2.832195235733770744e+00
1.143752349698181625e+01
5.431454711543837632e+00
1.144704794653295821e+01
3.071276037778077228e+00
6.584680225909315787e+00
4.557059071685064566e+01
2.758569334874022339e+00
1.896046864697536138e+00
2.211571045981242101e+00
2.017463671972003780e+01
6.366495181858635277e+00
2.424401775711473750e+00
2.647146333030989673e+00
1.202626409860949819e+00
4.404628648984919792e+00
1.073176042438406030e+00
9.294079084195253415e+00
2.694596876235536786e+00
2.825361948754185892e+00
1.219898903435208570e+00
1.158702654312054880e+00
1.095563792008398485e+00
4.483827222625563991e+01
1.940456720589306183e+00
1.163954015320016744e+01
2.186927875864470128e+00
1.189408020729935789e+00
1.847464459317734731e+00
6.668686356103465940e+00
1.462366377387674721e+00
1.070497321509374045e+00
4.046338466664998634e+00
3.753524542706846212e+00
1.865788544638374846e+00
1.210848987891470330e+00
1.091035803354313671e+01
1.820370134795044281e+00
4.446542831413994534e+00
9.030055083455586384e+00
3.206026678306012734e+00
8.739347793413454468e+00
2.320132193680117361e+00
1.151431358066683952e+00
4.324551829606888553e+00
1.117252741151411932e+01
4.158156488400337025e+00
4.078563249347971578e+02
1.191945929700882800e+02
1.225253495094293932e+00
3.328351966153392905e+00
4.407989422861956719e+00
3.638488191033231178e+00
2.622835703942494767e+00
3.869536406429089581e+00
1.730658764530337805e+02
1.115980706031484715e+01
1.013221245239183110e+00
8.859794047936381034e+00
1.643432789028240748e+01
2.123581495060240698e+01
2.720041145559428486e+01
4.295311211225051551e+00
1.023686863777091816e+01
1.103488158408425512e+00
1.849693760391504682e+01
6.667412657974949752e+01
2.099049048307913612e+00
1.587557577944448628e+00
1.855389689554760224e+01
1.684681389291066145e+00
5.273001946797714723e+00
2.284689144776534508e+00
1.556925897697242434e+01
2.409414695566756137e+00
1.713584972080118174e+00
1.072438401103054106e+00
7.647645949357689155e+00
5.703295463781687502e+00
6.368706110273016918e+01
3.550462318672690909e+00
1.254878134237661813e+00
2.522525836401812160e+00
4.056104069954563407e+00
4.159043724508406115e+01
1.771264753532250102e+00
1.169481018922171156e+00
1.906895697484451313e+00
1.955445404877735438e+00
1.017667181877135008e+01
1.828717379000960008e+01
3.718381647909029084e+02
6.046038797287426547e+00
9.775135245314801935e+00
7.977253495171871656e+00
1.249284362303995755e+00
7.459890962176509710e+00
6.931317033070457434e+00
3.045370058175793648e+00
5.366875584657336162e+00
2.709582079278506583e+00
1.589936841243259380e+01
4.451276094887879786e+00
1.542858581840131915e+00
1.083839124336163096e+01
2.049048699923149197e+00
3.886494440980033716e+00
2.333103829931317819e+00
2.027563913856790805e+02
8.072298817800978910e+00
1.199327123479864809e+00
8.880619950265151274e+00
2.674109132907482334e+01
7.404683769981566854e+00
4.412106011331392352e+00
3.535226567232260475e+00
4.711753317682548570e+00
7.808171223074289458e+00
3.060302807357211829e+00
2.674686474145354431e+00
1.818751504754100168e+01
6.837802172703975501e+00
6.583110485743840279e+00
1.191619582996611859e+00
9.075473445048059418e+00
1.588212903018118105e+01
1.315550395437565134e+00
8.822461984257873979e+00
6.143530006812278010e+00
2.957359303872496348e+00
2.219712120309840664e+00
1.126894866653921135e+01
4.704513375139386611e+00
2.446032096871062045e+00
3.826335702815313056e+01
1.006757582740860713e+01
1.908009382527069420e+01
1.316848854645244149e+00
3.733042786677967229e+01
3.875292716552428907e+00
1.522367793887655374e+01
6.368968472941965331e+00
1.596408070485576092e+00
8.710094877482637443e+00
1.190364104820825997e+00
8.935473254987702063e+00
1.447585997856827067e+00
3.205394139960547673e+00
2.146152274681631500e+00
5.710688346002684490e+00
1.220706991708911993e+01
2.662547536889804167e+00
1.366971560833941446e+00
4.823826395317597360e+01
1.074665739044822654e+00
1.827362437119354865e+00
1.095585683643857422e+01
3.745618339675340636e+00
1.782676091473677449e+00
1.147987897585484030e+00
1.515635507473904298e+00
4.174646642005548358e+00
5.467707885647505428e+00
6.742709516621737897e+00
4.002865391541680395e+01
8.339219428529970557e+00
4.986983075811766142e+00
1.414117158628032556e+00
5.393711175922306644e+00
1.627776721482313560e+00
1.282431220913662795e+00
2.034637206251681363e+01
1.107571379019971491e+00
1.086511233353241401e+01
4.129890983147462613e+00
2.907255997402720560e+00
5.942804099563409714e+00
2.416952539887576279e+02
3.550956754113567371e+00
1.015884244881688492e+00
2.579791450711117928e+00
3.633071233798289335e+00
1.131432283541823347e+00
1.800949201229855579e+00
9.614170963262687053e+00
1.928854212612239882e+00
6.659736996210154025e+00
4.519318307833157355e+00
2.028589312208374196e+01
2.559707787398875833e+00
1.438814049284402818e+00
2.836927046131500596e+00
1.950757849865809135e+00
6.195295787937510568e+00
1.785038100659539051e+00
1.125683100988336172e+01
5.070959754175907364e+01
2.321077443443798405e+00
2.505119131760771722e+00
1.623473997403996227e+00
1.098422255266641168e+00
1.334204775330571691e+00
1.227416585241263292e+00
2.721968685811511932e+02
1.627881884876587026e+00
3.321978468117675387e+00
1.722921468576909376e+01
9.040548143724494778e+00
2.276607024604586638e+00
1.490937268749334077e+00
2.801094947328480078e+00
5.162979516852415074e+00
1.645603028338016571e+01
3.396252966322245825e+00
2.043091319078507606e+00
7.903646633298366808e+00
2.565662871913652054e+00
4.590925778276648828e+00
1.756236025931994504e+01
1.915633801339492903e+00
4.055262431737135742e+00
1.089267413276371776e+01
1.295421050614395675e+01
6.204963167909695265e+00
2.722897667721219506e+01
4.064000109407120753e+00
1.015763301355528503e+00
3.931812556443818885e+00
2.349838653296286566e+02
7.401179101076112765e+00
1.106686407881236889e+01
1.359555450832284906e+00
1.161549977346420848e+00
1.055518158652820837e+01
3.839147667988208923e+01
3.690408314326375727e+00
1.678779780445555314e+00
1.341091344385806794e+00
2.624739203666478726e+00
1.506456634441574405e+00
4.037914224260980234e+00
1.626361726256400786e+01
1.120443070367370897e+00
9.735788360355591919e+00
1.737521789556291774e+00
2.491960650173999703e+00
1.648006083274373257e+00
6.140955802511645523e+00
4.143866324477160745e+00
7.503522863962155398e+00
1.273564665545523500e+00
1.134979810757442253e+00
1.760714134312071133e+00
6.642760230617330564e+00
1.578350979747232374e+00
2.398327357579572094e+02
1.212220354960628077e+00
1.251038096682780099e+00
1.841276048210602090e+00
1.813256071401481506e+01
1.338900856026732145e+00
3.135708463726606610e+01
4.915183888372887822e+01
1.920387593881640820e+00
7.752571917477136765e+01
1.454300552975005489e+00
1.354735362207298088e+01
1.170998421804273493e+00
1.459314816652238811e+01
1.624546232254213463e+00
5.167622682467498230e+00
2.023923226081783877e+00
7.199540317405079293e+01
3.001747993392982927e+00
2.026198724520207772e+00
2.898936655268002927e+00
7.238965517113362225e+00
1.477993573865032495e+00
1.173649430746780986e+01
2.113659673163212016e+00
1.411223657420402011e+00
2.113896783224033626e+00
1.172899114392104636e+01
1.249104380849509477e+00
1.274524806635133123e+00
2.716845620922225368e+00
1.394504639617135311e+01
2.242624939149413521e+00
3.975424189008352016e+01
2.167778897902048474e+00
1.510441468454798475e+01
2.176184431397301555e+00
1.269851762946458296e+00
2.258153214726309699e+01
9.165374012469698073e+00
1.382217885669282165e+00
6.419534833948941532e+00
1.984461022645061412e+00
2.957096251573667178e+00
2.602216204631149221e+00
1.636650600343053341e+01
3.147400206708591597e+01
1.804899796250485267e+01
7.494906580787839800e+01
3.112407855083282993e+00
1.574820098513844790e+01
1.928085968510226511e+00
7.502805897388154399e+00
1.819213163419680424e+00
3.846355525580587020e+00
2.368053066802574325e+00
7.568410025614880965e+00
1.956325560451974477e+00
8.978646831484615731e+00
2.388244746080295400e+01
3.179612371957207628e+01
9.126641931397404761e+00
7.619347535348802047e+00
3.826682608451118739e+01
1.571259105849533544e+00
5.289521043444930903e+00
3.758074261191656884e+00
3.145325578439896130e+00
5.153607609549977653e+00
9.443062194671373533e+00
7.637575185353736629e+01
1.171573440982686121e+00
1.133204893070495878e+00
4.323889509940561204e+00
3.691950025192430207e+00
8.217665352904404585e+00
1.358106675621345794e+00
4.220302790163422024e+00
1.105645476493578983e+01
2.096690862342091677e+00
9.377624665875046617e+00
2.217357195651385560e+00
1.513272886628813119e+01
3.658016274395703427e+00
1.376655044195411959e+00
1.540877962088189834e+00
2.452718772741520503e+00
3.364369804498978933e+00
9.667439095305022079e+01
1.358263480152333180e+01
1.726554283973697146e+00
4.420510217560995159e+00
1.102924937822717721e+00
6.203974953739214371e+00
4.163085631123219343e+01
4.499727873204675710e+00
9.164862636632005177e+00
2.530261890479469855e+02
1.053484156777660417e+02
2.616215138748872349e+01
2.379067980466672338e+00
2.424189616920097379e+00
1.410806499969362804e+00
7.721789949872923842e+01
2.010645179833276952e+00
4.136709078737268008e+00
7.131574642649919582e+00
4.551207644404290598e+00
3.319703372715969181e+01
1.405201822990806315e+00
2.019925173097747884e+00
1.766476826709608261e+00
3.718620994510430222e+01
1.146716850016663791e+00
3.697366442422501454e+00
9.354594309924344486e+00
6.878192913461485425e+00
2.013004737377881170e+01
1.836722870741952063e+00
2.477000175479720401e+00
1.056194820828175374e+01
1.907457616995518208e+02
1.858377219247973278e+00
2.449480704755448102e+00
1.309737344642336154e+00
2.369821225407361176e+00
1.067904465603094932e+00
1.175324189382829676e+00
2.664398490265620811e+00
4.512149881449587063e+00
1.544458230570563018e+01
1.950721676414030981e+01
1.430201299658123926e+00
5.940586643276300371e+00
1.996153217753735731e+01
1.836797667751308438e+01
4.599628490669081415e+00
1.691007561387884106e+00
2.119816366415581577e+00
4.208244414325546856e+00
2.469330369844929152e+01
7.517168050622824893e+00
2.453784909590481345e+00
5.809997641819672154e+00
9.004989612796508425e+01
1.256746571575702021e+00
1.541001764205960711e+01
7.930658684695207405e+00
2.871624416309675354e+00
1.644423908805339618e+00
1.214417917924113466e+00
4.829862207654426420e+00
1.013774124583757930e+00
7.578915028265421405e+00
4.520290161585215571e+00
1.396305868593506005e+01
2.252098323306570560e+00
2.244001973265635641e+01
3.111152996992184505e+00
3.578790288776347950e+01
4.641702999845152000e+00
2.018779411640202248e+00
1.175845025224783180e+00
2.315118736168238822e+00
1.229345894157515495e+00
7.364514770924857956e+00
1.019023582470188316e+00
1.781268446081511581e+00
3.620983349440423993e+00
3.734642873688378550e+00
3.777858411746149336e+00
3.715682456444985515e+00
1.103524545803058698e+00
1.380950954626692928e+00
1.562328054635780061e+00
1.111522317321623321e+00
3.050350220653923916e+00
1.425716771742086220e+00
1.795050990774945454e+00
1.029222932222298770e+00
1.004108706119478178e+01
5.422622774429986237e+01
2.911735305325939827e+00
3.135969387510532336e+00
5.276664279762975696e+00
3.834929720951276710e+00
2.423605197087788987e+00
2.768530004028184610e+00
1.398522341170975558e+01
1.641273036942471508e+00
2.049968380288035963e+00
1.107161006990286189e+00
3.514619246726760071e+00
2.211665585730122174e+00
2.175090421696650900e+00
1.716280146963527287e+01
1.243036786909887947e+00
4.415115333521697494e+00
8.458232390788746002e+00
2.326753802811131422e+00
1.070719090730184897e+00
4.994407064657242934e+00
1.379634041225244978e+01
1.290611000961031785e+01
2.454542034279645790e+00
2.336345648742054859e+00
5.766447963186293713e+00
1.365726541401664349e+02
2.188097635132967955e+00
2.902634860921398108e+00
6.284000573148779800e+00
1.001903265781648145e+01
1.717471649483731433e+00
1.372320355531175151e+00
1.258046995406822610e+01
3.006484631455528245e+00
7.357933206864775855e+01
8.218072401602288579e+00
2.119947484703790686e+00
6.467399182467197249e+00
1.886975520894106584e+00
1.144670895626659224e+01
4.468682948473002625e+00
1.253645311803111673e+00
2.413369383448652528e+01
3.264078450664428033e+00
3.519784076160776376e+00
5.431555582422327610e+00
2.083055463676549035e+00
1.590523075704626166e+01
1.442175098632990204e+00
1.022266056792117972e+01
1.014989694319293090e+00
2.164451152424564206e+00
4.812669371053794443e+00
2.305468947248462541e+01
2.409309754476085974e+00
5.253014226649960428e+00
1.863377576754840836e+00
5.413765312945826302e+00
2.067100637195497637e+00
4.384509953433598284e+00
8.914679714972754354e+00
8.348403749332470980e+00
9.176173623832523774e+00
5.317137558239906525e+00
1.038829352136498230e+01
2.381157446667714339e+01
2.067630066605866013e+00
1.206815469913366190e+00
6.293079696249137100e+00
1.474475006308044200e+01
4.932477493575964544e+00
8.409901936625458063e+01
1.043968164175055779e+00
3.924813778341612824e+00
4.462996078164536584e+00
2.214908986541044555e+01
2.748368740406316402e+00
1.237907447616928946e+00
1.652276397783486450e+00
6.610639945311233667e+00
2.096603561532665694e+00
4.498409700711830439e+00
1.021396812304131929e+00
1.508831388712721200e+01
5.930426438092794683e+00
1.115518610330867189e+00
1.768352283181007323e+01
5.572014949788107963e+00
1.065310590977300409e+00
1.212727198473877976e+01
6.646083192394668515e+01
6.117676562251985217e+01
1.696092235021731653e+01
4.548302654741289253e+00
3.318021766038194986e+00
1.473589740613264754e+00
1.655452828518444885e+00
1.791904362227524317e+01
2.430166040239642555e+01
2.434290346021374507e+00
2.162545945427409855e+00
1.109778548889052585e+00
8.310930410104958810e+01
1.298539334401391443e+01
7.348995399497699310e+00
1.678652916238462911e+00
9.668744790112276277e+00
4.014342767228581010e+01
4.202959843225375636e+01
8.638944614056072169e+01
6.093524595118005927e+00
1.963210997528584523e+00
1.262924830574028379e+00
1.932464087926321294e+00
1.047344447135479806e+00
2.150341437382219389e+00
7.946612792272667924e+00
9.478946653488602436e+00
1.550676582803286907e+00
1.312389389183716615e+00
5.853223644656774027e+00
2.122806625656690205e+00
1.237714880402382311e+00
3.351241532326460515e+01
2.067344683440294428e+00
1.709580506010883960e+00
1.061210401341035947e+01
4.298040090474248132e+01
2.882401612317880613e+00
1.939465856446662073e+01
4.254339515920495529e+00
1.846813354340738345e+00
2.463236718644565393e+00
1.784479021831022028e+00
1.178142615512989044e+00
6.542081393538846434e+00
2.489172817818441352e+00
1.032734645705221332e+00
1.032486170415001823e+02
1.882724173832472259e+00
4.505920292399168403e+01
1.119532188420468755e+00
1.893217389672385842e+00
1.275971220217908764e+00
1.131573237352796912e+00
2.947509318896091468e+00
1.056643554361632598e+00
1.667574714739151887e+01
6.521936518424878315e+00
5.825951043154897491e+01
3.042797417204395671e+00
1.214845493256908249e+01
1.496625177671131723e+01
1.461493057836166454e+00
1.877951577583907961e+00
1.154382462383921393e+01
9.820939080590028425e+01
1.243519527234133504e+00
3.070354204120425035e+00
1.824883335233592918e+00
1.744089413881346218e+01
3.613838656728134424e+00
2.611567580824466273e+00
1.755304831043351443e+00
3.609697515173420967e+00
2.918646768073833719e+00
1.737108643546616316e+00
1.738928542375034469e+00
2.388590182970040221e+00
2.394128851972971983e+00
1.468346413852201549e+00
7.251292853592831023e+01
2.561435858905755314e+00
4.648355054647640650e+00
4.986660973745712155e+00
6.911074053995048594e+00
9.900815669376163086e+00
2.174786894066228271e+00
1.491567095984429381e+00
2.896623707653061430e+01
1.014205364378053176e+01
2.416054168275841363e+01
1.326131460776062365e+00
1.817102584846837177e+00
6.308132325210884517e+00
1.211194892424081075e+02
9.608522476001070345e+01
4.788430170807352226e+01
5.512231151491378434e+00
7.044152922408930095e+00
8.965166865989408151e+00
5.204713324637537220e+00
5.757964763387333207e+00
1.676822612471818275e+01
1.677478004268895262e+00
1.332596961908210975e+00
2.094390600916351541e+00
1.828808720373191932e+01
1.697831688184292975e+00
1.355190335609481656e+00
1.996046864173932622e+00
1.236852095472284585e+00
2.239991208443553816e+00
1.108422605660295046e+00
3.472217290375340326e+01
8.737185132486279926e+00
4.331713759247299400e+00
1.105793128182881446e+00
6.982521430124985606e+00
1.427609123168027461e+00
3.474251419579041311e+01
2.760568609520034578e+00
1.037746295970716304e+01
4.716476225676322542e+01
3.638516508046603981e+00
5.966259646976969755e+00
1.062783419982602728e+00
5.677033997051562864e+00
6.072817010714880226e+00
9.827439683411855142e+00
5.737814748838591328e+00
2.747638046305675985e+00
1.013414449673974360e+01
2.967196535831007065e+00
3.299146812922144179e+00
2.766411144132397304e+00
3.074166877199584391e+01
1.076718078365946685e+00
1.870001380626757914e+00
1.900745847732366212e+00
1.149778145555557574e+00
3.903114778305480481e+00
1.248078194063908297e+00
1.003982264015973458e+00
5.186041117050590898e+00
1.033425606284938070e+00
2.674979819587239405e+00
1.320344018262789909e+00
1.396586216166970429e+00
2.920359098278891619e+00
6.271018501042640025e+00
1.234345108287547399e+00
4.626755594842501651e+00
1.455759425626969250e+00
2.366960384590060418e+00
1.903224206525036877e+00
2.890573179278933313e+00
1.407223442380381773e+00
8.999938030595257032e+01
