6.545224902781894727e+00
1.352388910186180127e+00
1.143939328517507548e+01
1.277500756799747839e+00
1.621774419174006887e+00
7.191931855508627791e+00
1.213582215366894479e+00
6.081260505989061649e+00
5.114425775120458262e+00
1.516448852602242381e+00
1.233941653687275153e+00
2.868753053451273516e+00
6.904902103786506373e+00
9.145344193732865890e+00
4.075429406145271827e+00
1.282820346584686355e+00
1.054857704032712507e+00
5.254049295608520964e+00
1.420594517193760620e+00
1.120876440489667614e+00
4.735472794233137606e+00
5.544740944478737887e+00
7.005682774732120421e+00
5.712841303563366502e+00
4.998954824440475342e+00
5.146081780996994759e+00
4.522008714439099464e+00
1.425171345595876993e+00
7.448840984589574887e+00
1.959794583266120549e+00
7.058225155529816774e+00
4.607535600567707945e+00
5.092485583882828237e+00
7.921424477952877297e+00
1.488527233260385607e+00
1.068812464209754731e+00
3.987773604262818683e+00
4.963948205882674714e+00
5.021016189679181174e+00
4.417775477384867422e+00
5.092922338246670400e+00
4.234842381636519271e+00
3.445550363061256949e+00
1.924218882587369839e+00
5.510933959296894002e+00
4.978827485091567695e+00
5.039079823734429198e+00
1.492386731784250298e+00
6.667063457684660577e+00
1.550965663910573555e+00
6.854903258146829437e+00
1.670139342157490381e+00
1.461411465989275182e+00
3.803497291366535027e+00
9.232760108486427697e+00
3.268710208864525679e+00
6.965403272926535827e+00
3.975697934904070863e+00
4.802055366830304983e+00
5.667259968181010521e+00
6.765433074200061903e+00
1.694796312237158320e+00
1.424469427935691090e+00
1.300466389411808477e+00
7.128028766715524434e+00
2.269780014417800640e+00
7.766722996529375145e+00
4.426651343707503017e+00
1.519260425752814836e+00
6.620888656034562558e+00
2.156616081337780155e+00
7.048568201060194660e+00
7.433922542580825521e+00
1.897734691861348244e+00
4.932081562883987580e+00
6.949425382105528293e+00
5.061926916054013681e+00
6.040579569083591949e+00
4.534076479241937463e+00
9.819142643194892273e+00
1.790014743140333486e+00
1.189159952051265901e+00
1.120938686691823394e+00
1.541597043183673632e+00
5.770591056238810523e+00
1.416644398294780505e+00
1.068861774973623779e+00
4.771684565620661012e+00
1.302490863231452245e+00
3.165728515029419210e+00
5.900205308138368743e+00
4.652102814290884680e+00
1.562051815096518359e+00
2.780460661429136504e+00
1.471987131403010407e+00
4.541219277484370487e+00
6.579505020604988097e+00
5.435821130782795052e+00
1.024078864361430163e+01
1.049308726137019310e+00
3.776585841647881914e+00
1.166898901756399765e+00
1.233425938339222760e+00
2.136864276288578335e+00
2.222449028339973598e+00
5.384526696787672151e+00
1.764619303619521684e+00
4.996149396855324554e+00
8.037889757379945266e+00
3.372494310501096493e+00
8.823726703019678652e+00
3.415525825133308047e+00
3.117044492144029455e+00
1.735861300648190442e+00
7.663353367207701439e+00
1.604210545643750541e+00
5.651306918128376822e+00
1.338750642092406018e+00
3.188288565296494070e+00
1.203858242182613170e+00
2.082981193320904367e+00
5.478418711808921593e+00
2.228180918657950649e+00
6.048058674822112124e+00
7.053850380595684477e+00
5.532314583572730982e+00
7.585251556904339054e+00
1.530946755387964098e+00
4.909660491657486858e+00
1.537803056371739974e+00
3.195837766958782744e+00
6.162670655920822860e+00
4.839413260169838971e+00
5.742189691657580752e+00
1.593055911611317654e+00
3.664295431563097338e+00
5.754458523678372295e+00
2.871377900113783799e+00
1.099108425118514587e+00
1.566189893221896279e+00
1.469951802135678331e+00
1.636325317759403486e+00
1.346493834223107644e+00
1.080229014359037842e+00
4.986839418135506463e+00
5.336560880689766861e+00
2.821710004120112636e+00
1.249244801530849491e+00
4.006842320610227937e+00
5.497366327763171689e+00
9.617856557707705534e+00
1.366901286475193045e+00
1.100234850655828156e+00
1.110674255922295295e+00
6.928406062426243572e+00
6.378294378880916327e+00
4.377299757310920469e+00
1.653185767890852365e+00
4.136511353590687889e+00
4.592026172289422448e+00
4.780943401348964450e+00
4.384289291697690771e+00
1.599024689591588055e+00
6.668640514607650616e+00
1.745050118768979530e+00
7.355400613795845643e+00
5.059896319094696615e+00
1.142553907021336457e+01
6.338609712551085629e+00
2.627640117626218963e+00
6.582341668422832193e+00
1.144590116881103237e+00
1.132608121555701786e+01
6.446283448617549539e+00
1.459106750454790546e+00
1.580802140440759285e+00
1.243968991351375397e+00
6.115941613348305772e+00
9.584776559187945466e+00
5.148517748333346411e+00
1.181827275040341130e+00
1.157207702370613100e+00
1.018405776449112921e+01
6.221298222980601977e+00
9.171651801316484054e+00
6.052244180951618979e+00
5.285730285612739721e+00
2.306346002698561382e+00
4.352829211147301258e+00
2.435120089897595985e+00
1.026378600430659649e+00
6.415095215829841990e+00
5.932657843142382426e+00
7.598505391698470390e+00
1.037752574891021462e+00
8.893694581676518496e+00
2.660112460810482915e+00
4.331260459901414173e+00
1.481968119688972463e+00
1.082000863937961199e+01
6.550713791171062894e+00
5.374067721810643405e+00
6.676355819012393056e+00
4.273670627336723093e+00
6.063531601449811959e+00
2.432430579679314864e+00
4.501866367556550230e+00
1.303986999321982143e+00
7.983674364068263252e+00
1.307939067721226145e+00
5.472597805516983271e+00
7.463833409042511136e+00
7.914236737486869622e+00
5.898995792483463951e+00
1.559495912344648572e+00
3.773870885375161688e+00
6.375790584291245899e+00
1.243595112121953283e+00
5.254501906557845103e+00
5.388666406202443859e+00
1.392203822003781122e+00
3.922368074012344330e+00
5.432118538891939963e+00
3.684038176246802632e+00
5.883131888505738871e+00
5.077244260070885140e+00
6.003233835022399489e+00
6.928416923301921493e+00
5.275367059603917497e+00
1.343932582773006867e+00
1.003591360048375236e+00
4.912632061498562130e+00
7.094383666484596951e+00
5.765649902469554000e+00
3.447586268688502820e+00
4.157495310598407379e+00
6.457141142718528570e+00
6.267288753161388115e+00
6.731285693956348126e+00
1.355519906019744036e+00
5.796205642107532974e+00
5.168491257937086303e+00
1.055107582973816882e+01
1.201292888584660012e+01
1.839521982447601234e+00
1.477862409083689377e+00
1.030677744509449312e+01
8.655268816511439312e+00
3.738403387368539388e+00
6.248729932615216143e+00
4.458725891304670341e+00
1.235205962526551238e+00
5.461954349932312880e+00
1.396670684739014678e+00
4.188827851942201974e+00
3.886502087740969724e+00
1.557059911969091104e+00
5.252791851653771715e+00
1.663894381300562886e+00
4.140331924569744082e+00
1.583986972620314848e+00
7.569895925801395364e+00
3.670158980354251810e+00
5.677039658586926940e+00
5.666831991612193420e+00
8.463079160685854418e+00
1.487050642912536080e+00
1.229668101305741112e+00
6.431045673876716329e+00
1.804300073006055438e+00
1.422386787500598215e+00
9.978457270067288221e+00
5.542065673249872759e+00
9.068343252036711988e+00
4.852105698103643228e+00
9.490461411237976819e+00
3.826676061097374681e+00
1.252518469371484811e+00
5.572108901008347992e+00
5.976999369549083951e+00
4.527624422917143399e+00
4.165813811302360392e+00
2.203502927851735738e+00
5.154893636529959799e+00
6.777085865466193404e+00
3.898947416475751382e+00
4.746104073589062722e+00
1.136245121034600736e+00
6.064605627321488335e+00
1.157213726230030737e+01
1.407561024732488786e+00
4.442272091250665689e+00
3.720161027138895626e+00
7.272697713363589500e+00
8.457959230545199603e+00
1.384485506189877091e+00
5.888969531367399313e+00
1.043682611629080270e+00
1.388050904133591779e+00
1.349575674756313459e+00
4.699474998477660037e+00
6.250260667755614286e+00
5.413476953700603111e+00
7.553576285377546995e+00
1.201755652542773278e+00
1.849723369295828146e+00
1.219998496125122456e+00
4.772258527406980200e+00
6.301823593261167922e+00
1.414895408813673594e+00
7.162627565811906294e+00
1.354966259991224664e+00
5.978158729202006860e+00
5.567441257294740709e+00
1.001992462167390574e+00
1.077405493485810828e+00
5.427460707598058320e+00
4.730847055866096440e+00
9.136533729489684674e+00
1.540109416902673001e+00
6.087292737277591570e+00
4.643029638680844506e+00
3.952594056366607322e+00
2.803869013621695050e+00
2.050376477194292058e+00
1.475373919566955072e+00
5.240500833772280487e+00
5.973457575394537145e+00
4.859820777253690771e+00
1.538527339837048258e+00
5.688944453117678712e+00
4.908412398581214475e+00
5.162929993350636515e+00
6.230511457878725956e+00
5.312343998944213830e+00
4.898396949334594019e+00
1.288091765585997139e+00
1.820547437527131995e+00
1.029934182588439606e+00
6.423762252433344422e+00
6.024775730956029918e+00
4.309723097710733697e+00
5.522263343061044161e+00
6.778423424546295983e+00
3.518864721233696091e+00
6.302638442147368458e+00
1.487521640700581571e+00
7.299500656165710311e+00
6.538307890342376361e+00
2.893447663454891128e+00
6.244195010323721817e+00
8.755775143870366151e+00
1.445221872039621491e+00
1.207313813433191774e+00
4.957885419151012663e+00
1.514529561346986686e+00
9.641203035592807780e+00
1.532443870160667743e+00
2.409686072797900813e+00
7.324470301403190220e+00
6.879865362200952461e+00
1.049237713210652245e+01
6.449712436096124435e+00
3.668302333783942881e+00
6.018632530482060261e+00
1.337888103031352527e+00
1.150212488703049729e+01
1.320135884980930596e+00
5.649538096513948560e+00
4.775461595410384064e+00
3.948016908559204730e+00
5.247412507216320243e+00
7.037355958730531214e+00
8.652069539865870240e+00
7.174606180841914593e+00
1.175594808654186085e+00
3.427481237249384360e+00
7.715236659213542403e+00
1.259561207900492974e+00
7.766635170575542979e+00
1.527434788472550320e+00
5.493148423550494819e+00
7.047805840198360094e+00
5.654531374662597365e+00
4.972408740209119493e+00
6.324148323986843678e+00
3.668050903147934694e+00
1.498622624528009428e+00
4.432714992194649817e+00
4.990422804533226397e+00
6.086501320509237090e+00
7.617669873393425384e+00
7.492796047027509232e+00
6.052173712003108719e+00
4.148659701543704337e+00
3.171430230351012014e+00
8.602072071445149959e+00
7.202746962649350770e+00
2.570137045926626396e+00
5.778461765987724874e+00
6.174221933115366490e+00
5.487824131400629746e+00
2.195782943898374473e+00
9.023586075834815645e+00
3.211301616925371860e+00
3.466136306800954969e+00
5.273733994516689449e+00
1.528187583655867821e+00
7.931631351947412867e+00
1.715577855848374966e+00
1.399235904997235824e+00
6.914677959514906824e+00
1.087088173433308036e+01
9.081193412120025954e+00
1.025381632189706460e+00
1.478387922427956136e+00
1.100271983050892688e+00
1.151516178456857453e+01
8.987138822457430010e+00
3.795161487766527397e+00
5.922855576339196126e+00
6.812741600998666769e+00
5.311515288556923231e+00
1.518818910839025094e+00
7.502732951208170853e+00
2.547803433815938767e+00
3.336718366536228775e+00
8.842553270916669206e+00
4.341016048542957861e+00
1.240751765077339641e+00
4.931782463115581550e+00
1.138234024125977051e+01
6.211443750791794116e+00
3.883109685453494109e+00
8.149060003548767028e+00
1.644103523948305723e+00
7.092834581174174424e+00
2.381434251465720298e+00
4.931144229300370441e+00
1.216295683049444909e+00
3.190340813306698831e+00
5.188631595025802845e+00
1.129565690289460189e+00
8.164893746788614237e+00
8.165227153120037329e+00
6.332632854848744053e+00
1.170736513335625117e+00
5.138192183072124664e+00
1.107057042056931007e+00
6.670456117569667498e+00
7.642121968867954251e+00
4.685929433595573457e+00
7.923416782082028043e+00
2.944595099415725503e+00
6.617627405861864709e+00
3.625072710797192066e+00
1.421160673264677099e+00
1.307794527417567076e+00
7.188617229668301079e+00
5.758049792968046532e+00
6.003522385011023310e+00
6.588003487823447024e+00
1.870860218105511619e+00
5.309414092957368325e+00
5.873798548396888641e+00
2.934818575312970967e+00
5.813555654950794960e+00
7.249252008774445422e+00
5.319267108115612430e+00
1.277986859630398930e+00
9.786502990792648404e+00
2.442312727917842707e+00
1.155023960741188738e+00
2.603512646764030602e+00
5.360382373926009691e+00
1.040084466525125872e+00
1.054231037873668342e+00
6.914139562228777791e+00
3.815039949740327785e+00
1.024885222741252822e+00
5.303322333397241017e+00
1.014071442325734873e+00
5.353102394039557232e+00
4.165892960586657701e+00
6.004930928483530828e+00
1.035484423919939223e+00
1.202542638290485799e+00
6.086534692467710173e+00
1.090095352765774184e+00
4.772297481556466714e+00
1.062030599252735907e+00
7.103947449754214105e+00
5.002817860613660628e+00
2.921338664809892460e+00
1.825839453687686520e+00
5.293441262526171087e+00
3.981022114922418087e+00
1.201738649748070209e+00
4.528451446726225349e+00
6.781304513856213134e+00
5.517371349314170281e+00
5.471784641719887432e+00
5.772737493382424034e+00
4.644910633211645212e+00
1.036987596759137542e+00
1.122767949777741414e+00
5.219536383837977134e+00
1.307376946200577983e+00
7.561530887424790848e+00
1.227493997529383263e+00
3.637176580872228726e+00
1.049308588939347198e+00
4.919312882151435140e+00
9.320880752932955815e+00
1.011692362333427075e+00
5.757130219498144186e+00
5.401379363298541847e+00
6.700516795942792037e+00
4.640230991355136503e+00
1.357807747769586459e+00
1.119570665023851719e+00
5.033874827625046677e+00
2.846533961845602256e+00
1.308135623565261918e+00
6.620600830117172819e+00
1.013700391079727980e+00
1.319644414348361439e+00
4.640222024078987317e+00
1.004120912043706015e+00
6.146894962446191713e+00
4.819512084413969610e+00
1.020804268911749357e+00
5.306972614203680827e+00
1.211201144854094469e+00
5.349825364935106187e+00
3.751240197230612861e+00
1.135473477896061567e+00
6.136108768117124690e+00
1.153710032754604153e+00
2.862034905383084915e+00
1.170796506424555572e+00
1.599240160934960464e+00
1.178275813354071611e+00
2.331629403516215948e+00
5.374173648487511556e+00
5.271168871390883304e+00
1.004809316911808637e+00
4.921625290908924200e+00
8.846969758287988483e+00
6.490372540659193668e+00
3.961298463438593487e+00
4.743703522247139759e+00
2.174472581443206654e+00
1.155967642748335189e+00
1.275890462682949256e+00
6.383008465491564642e+00
5.288076520880875542e+00
1.148106013095919531e+00
4.418398553962116893e+00
5.055253754053096849e+00
2.881772636541262589e+00
2.617201734711676941e+00
5.303623048969744680e+00
7.504830152732833604e+00
3.951142896027436624e+00
2.425334261500496691e+00
8.541945023069393628e+00
1.071459342728432906e+00
3.463952172807005958e+00
1.202239330925347405e+00
1.239551306931539143e+00
6.080712409260287110e+00
4.153131034690435541e+00
4.374709197328056298e+00
4.556549735757620567e+00
1.011071025738758067e+00
6.505588442750353195e+00
2.412135743093932305e+00
4.146268208484490181e+00
6.169277890129489350e+00
4.073683987789721073e+00
6.808221352216921041e+00
5.120168071050914982e+00
2.865371474232002669e+00
6.306811131340848142e+00
5.256015734637587755e+00
1.008086681111729055e+00
4.887956630930085922e+00
9.720892518465184651e+00
9.356300262077555274e+00
8.737478681408672898e+00
6.367557237758222577e+00
3.802299115089434078e+00
1.177677645697493336e+00
6.909275555360355980e+00
3.622572607483995455e+00
1.305868516054196071e+00
3.877832109093565904e+00
2.005913965470644378e+00
5.228108921309080337e+00
2.473810749086815974e+00
4.318684348224483216e+00
2.388457351387901273e+00
2.925447435939804830e+00
1.029871340358653686e+00
8.189590424001821134e+00
5.814672297923756616e+00
9.647857914468499274e+00
3.428450045328774287e+00
2.408682863861811185e+00
1.303101474458107312e+00
9.452051434206962810e+00
1.158437422816998463e+00
5.646472520637985326e+00
2.945766316901442305e+00
3.722431675462260170e+00
1.214188930359812124e+00
1.371721147445089217e+00
4.053903527396140127e+00
6.166780619487315818e+00
1.014891151923074331e+00
4.772605125217936894e+00
4.377758704972959158e+00
4.247989490748746988e+00
1.048460118751025405e+00
5.059677139193570206e+00
5.523663655637678360e+00
4.166940527224173962e+00
4.277333812514775069e+00
1.086142056476069317e+00
4.346175677445199170e+00
1.074454825513207812e+00
3.538534843841671940e+00
6.148819637360342760e+00
3.531089338616214768e+00
1.963026584446516898e+00
7.262598001544580129e+00
2.964222012472822243e+00
1.278566863331583647e+00
3.653688044845851746e+00
4.021656473015043254e+00
4.399218253592521499e+00
4.851924965094839060e+00
1.336465254827861937e+00
3.857910834414735479e+00
3.548091198304954119e+00
5.618185037825133676e+00
4.619799516219836200e+00
8.024944993127880011e+00
1.178276882787402391e+00
6.092593618123600230e+00
5.335114512756904404e+00
3.378686362586181158e+00
4.957163707692283872e+00
4.203853271937948222e+00
5.709229543808519658e+00
6.279577526837511137e+00
4.960551603318736014e+00
1.035728261740871847e+00
1.059471654223698422e+01
1.090252496811046079e+00
1.222031244428480656e+00
3.383763595634235788e+00
2.920898937996733835e+00
1.224256010149092910e+00
8.781942334109846371e+00
5.595351303004818533e+00
3.865825887117691373e+00
5.790451688004803366e+00
4.109000813907838001e+00
3.441425918842231813e+00
1.019859083932689980e+00
4.772885829510888023e+00
7.060524672722760187e+00
4.004201700829176147e+00
3.041405396035323783e+00
1.026248335722359251e+01
2.557438951132970484e+00
5.243384828826112454e+00
5.835390393278363952e+00
6.562319173064260269e+00
5.676676834528577409e+00
1.204766411436635876e+00
4.961113762907237934e+00
1.069558464373459916e+00
2.754547817122128262e+00
1.220765473595568418e+00
4.328225035316801694e+00
1.046134206068285666e+00
5.388734443559192400e+00
6.970673864732012781e+00
3.346199648918969149e+00
3.684211252485396937e+00
4.707924900404074187e+00
3.941391915830122272e+00
5.278639072913317243e+00
1.165579701301583837e+00
1.178580467369874762e+00
7.181900092131930258e+00
1.027790186380845849e+00
4.952868297909645889e+00
1.049531948657056679e+00
9.662015914676134187e+00
1.282799727729492023e+00
6.804150488626944160e+00
1.124564146405029108e+00
6.309778428941947404e+00
5.956274245049089977e+00
1.186499274278737914e+00
4.723330499491618539e+00
1.205157378377874178e+00
1.380243048532852068e+00
5.752795437670947365e+00
4.850365360744359755e+00
1.010423376892943592e+00
7.341026238977332419e+00
1.148999531965294141e+00
2.160485577540913749e+00
5.643677422497730412e+00
6.488397363873710688e+00
1.079864816474874312e+00
1.146316619209448939e+00
5.416323335606246125e+00
1.202502475318934172e+00
1.195335332040284193e+00
5.846470932887467775e+00
4.582336860703279058e+00
5.460905148112077612e+00
5.062320856508373268e+00
5.906736871455711579e+00
4.856574644166140153e+00
3.906587940944782122e+00
1.041178223397435376e+00
1.097936724459882774e+00
4.239174995114676214e+00
1.325041782092574394e+00
5.385577450656919396e+00
3.042835702821689026e+00
5.191288438337189781e+00
3.283413855713747331e+00
1.101603907359099077e+00
4.934022191135498225e+00
1.009206742066019791e+00
6.100506723006676957e+00
5.682123657835173702e+00
5.407149009086641200e+00
1.064418696734340974e+00
1.556422402877702948e+00
6.058024809926517484e+00
5.689568375450321014e+00
4.023779909567629431e+00
5.556339405894534345e+00
3.202774710744350717e+00
5.989737438174092432e+00
5.597549206218349838e+00
1.150034288509046876e+00
4.157936678665345553e+00
7.726239140647939152e+00
5.433239684352902721e+00
8.389915922630949652e+00
1.084092133802912139e+00
3.348800453920817155e+00
1.191922088531764956e+00
3.332584449062275134e+00
1.401380759110153473e+00
5.154108064948836443e+00
3.663607188975265494e+00
2.174082686792705665e+00
6.373404679499621750e+00
5.951042616754942394e+00
4.847227213558466197e+00
6.104879755707627531e+00
1.082185833791993401e+00
5.697282502384725333e+00
1.607344605464237963e+00
2.247365000100914223e+00
1.076879578370286250e+00
2.467378500060975810e+00
1.000805490730514835e+00
1.356871254006303040e+00
4.680623437192662273e+00
4.243443220911564673e+00
1.071715395341799937e+00
4.113168384718257187e+00
3.796906016612962453e+00
4.078627997560626106e+00
1.099358300153948420e+00
1.074541527571592603e+00
1.930421244854040541e+00
1.021784409510350988e+00
3.421150329123296085e+00
1.030345351110874885e+00
3.530269284336381652e+00
5.582322839888723465e+00
4.435849370010012116e+00
1.055682644110385482e+00
4.000070028631165009e+00
4.495203198275967260e+00
5.935535037960568694e+00
3.709939691686529706e+00
5.112564002105850491e+00
1.625478087757231682e+00
5.690290970561475703e+00
1.292817755536140867e+00
8.831003243139523562e+00
1.097523133711497456e+00
1.117242876544322971e+00
8.905460340101754468e+00
2.974603339523697709e+00
1.198801679622742977e+00
1.023304426079017171e+00
1.023557830022945092e+00
1.500474361973058945e+00
3.161333970439766716e+00
1.065452741975102091e+00
1.134393833376174499e+00
6.846192750428160778e+00
3.595171380571415387e+00
1.093837137052220632e+00
1.248433055244294154e+00
5.956506931168982888e+00
1.060077949218107385e+00
1.282481019918528586e+00
1.148568342208262205e+00
1.663494197005852548e+00
1.250014911489092828e+00
1.238687782287290151e+00
4.221788269061826249e+00
2.768441551613757934e+00
3.317846068676981286e+00
1.299641378957531845e+00
1.060822198178756670e+00
9.468160395795578665e+00
3.092554916880946525e+00
5.681102413677882268e+00
3.363254069461960150e+00
2.975121735915700949e+00
1.041880468004647620e+00
4.707592395111785954e+00
1.154187960390884893e+00
3.105009894226097966e+00
1.077204655774157027e+00
4.365103069904001210e+00
1.049638161285125770e+00
5.576779286738847041e+00
1.193216278255680995e+00
1.395466920222189433e+00
8.242517136339316153e+00
7.110038518287617570e+00
6.037574944344681782e+00
3.488722270382001778e+00
6.084906377597350868e+00
1.066539878236829164e+00
1.098609483364973327e+00
4.453869797028158217e+00
1.150060983788028457e+00
4.033741524288316782e+00
5.933030580990639180e+00
5.886432755354505275e+00
1.312361239820160286e+00
1.105421113996767346e+00
1.036623902844376222e+00
4.107288002027740248e+00
3.889038736368354954e+00
3.846311229784019403e+00
3.720098039036794813e+00
1.104474486079298767e+00
5.360484782160894746e+00
5.309382026712895275e+00
6.815830248819492176e+00
3.382099257506960388e+00
4.959958896195238331e+00
1.093424340828440533e+00
3.675616707207471467e+00
4.435876012376710698e+00
3.387591406160610941e+00
3.225877009409749530e+00
1.144397333565603692e+00
1.010995486920844399e+00
5.781126595164499449e+00
3.920821089875337506e+00
1.573100374654066158e+00
6.120371697277295908e+00
3.523074232114042914e+00
2.957171804432027429e+00
7.221503659513992979e+00
2.291860962062424623e+00
6.006090990610966074e+00
1.036537128174767952e+00
1.048554782966109267e+00
1.066583460090388513e+00
5.951538644083931295e+00
4.715731994102426938e+00
1.044492630251321552e+00
1.069247088963147574e+00
1.035856025076376863e+00
1.324291535872159864e+00
5.122973169247655001e+00
4.778268565348739116e+00
4.751220186944633994e+00
4.666129200733108995e+00
1.096092189986698218e+00
1.444081755181623627e+00
3.408897022876204552e+00
4.577722049736976828e+00
6.136399895416777106e+00
4.622118791728894394e+00
6.960690616142716003e+00
4.520318359315772305e+00
3.783382046929138376e+00
6.349295771185488491e+00
5.747921102438995788e+00
2.890186984633267731e+00
3.009562054556213617e+00
4.482700260927355629e+00
4.531435786522124864e+00
3.336386807033190127e+00
3.784184405347373215e+00
7.678315303451474172e+00
5.387291824673262397e+00
5.150724371362035647e+00
3.348796819813861347e+00
9.312407960037717203e+00
5.759158841005771023e+00
1.076003873477640926e+00
6.144323090278855481e+00
5.242924425102576613e+00
1.032273187639489498e+00
1.210535103949937463e+00
1.126438578520959855e+00
1.229015475308510741e+00
4.159482831878060338e+00
5.000860805564843581e+00
6.117212799958555713e+00
6.805540579566375925e+00
4.293920411169088958e+00
1.296450024870416939e+00
4.616717635089877092e+00
1.127369152521389584e+00
1.336150430628581631e+00
6.665358431808003026e+00
4.170290475694049093e+00
1.072803618858462205e+00
5.619667316051351946e+00
3.583445000570515848e+00
4.496433724539788734e+00
1.014253852286956414e+00
6.601798885698894281e+00
1.102556646197076162e+00
1.237596765881007643e+00
5.380457291037292755e+00
4.001168958188737967e+00
3.315612845431031186e+00
4.705740723206048415e+00
6.643809294733365789e+00
3.841394134573564489e+00
1.028625103720875122e+00
1.101970752707902568e+00
1.070505314429801569e+00
1.266449571102659322e+00
1.422956215536019808e+00
4.753158800463452849e+00
3.248400235617681542e+00
3.375076143306551923e+00
2.533145348739059166e+00
2.859101998001342348e+00
4.938970852680325763e+00
5.138223697851711513e+00
8.973047413605721445e+00
4.986168808631483707e+00
9.440423490628923275e+00
2.371849566381116770e+00
4.471219361899932743e+00
4.431347606605799072e+00
1.063131691019370439e+00
5.161280099416532430e+00
1.032333791150053637e+00
1.400889352404857124e+00
7.385265172105986764e+00
1.022297170155964663e+00
2.974182858136307228e+00
1.000427433435892244e+00
4.395400767113047280e+00
3.562984154827586902e+00
4.221358779260258487e+00
1.456908918498883265e+00
5.427529216764075848e+00
3.167996351144550360e+00
1.027100704745456783e+00
7.820610405041517055e+00
6.233004753762733330e+00
3.865366182785004323e+00
1.111488557231086416e+00
4.383106747640110434e+00
4.327574836921947110e+00
5.329404467500262754e+00
1.002955017886228761e+00
2.801545202011155755e+00
8.288708109071292185e+00
5.020301193137604479e+00
6.725099768568598257e+00
4.675058185800829769e+00
1.072202826395954878e+00
5.510405537036787038e+00
4.216112352369442817e+00
4.811079057227748201e+00
1.104665910081042313e+00
3.472353433967498404e+00
7.031677500628109811e+00
4.973796654670064044e+00
1.009068655795957614e+00
5.976890710611026947e+00
1.001454393322194436e+00
4.731917327458542211e+00
6.006569640853872016e+00
3.630899632197933879e+00
4.117528460154748160e+00
1.179551056941606779e+00
1.043983514724140083e+00
1.024678610263659806e+00
3.786668302709502054e+00
5.873870174899830765e+00
1.085297101809826525e+00
4.706436265775296945e+00
3.775767926305984012e+00
1.202587928334602818e+00
3.445296704874997396e+00
8.087613540957804048e+00
5.426312747659442159e+00
1.247774116131564970e+00
1.218907020369950134e+00
3.356974180647484651e+00
5.248190442826122570e+00
1.599252687443620813e+00
5.568598479655577194e+00
5.868876148277880844e+00
1.065660766569071161e+00
3.851354638953107923e+00
3.481641889439499149e+00
1.053108697738635247e+00
4.372089225376750043e+00
4.781425402636586774e+00
1.103306182261046153e+00
6.124244827491468257e+00
1.068960994204884996e+00
4.349361419324476508e+00
4.965869251162547293e+00
1.205169101534329101e+00
6.034024567382592963e+00
6.072334426366688298e+00
2.851412803323367662e+00
4.091853700422313445e+00
3.828876016065930088e+00
7.225702340280673042e+00
4.052890402613051890e+00
4.458397565717893585e+00
1.029514292597680125e+00
5.399567978978360827e+00
6.148598165371981672e+00
5.297753263385961198e+00
1.273551352841023165e+00
1.326620154100190518e+00
3.032204764489770277e+00
2.874403284913431555e+00
2.978991189719566890e+00
4.136466782563413602e+00
5.141726315053467111e+00
2.329975451042341383e+00
1.176180446532333779e+00
4.718486714593675302e+00
1.029302628647189577e+00
4.243362532506380624e+00
4.115049378139722158e+00
8.693190915495224047e+00
1.050437982069286180e+00
1.123293556390468018e+00
4.420084086722793515e+00
3.759311985832849867e+00
3.870419500505333676e+00
4.809566850780801595e+00
1.117646375675533044e+00
1.146503738933205563e+00
7.969280892454469800e+00
5.364233456084180673e+00
4.576059309475575709e+00
4.672546020812365697e+00
2.367552891435531048e+00
1.005019650203598180e+00
1.014156378558485949e+00
5.776929917198125430e+00
4.618200326279731094e+00
9.961481173601047345e+00
1.085527267949699226e+00
5.239486980723309095e+00
6.299935190214694281e+00
3.405849500288495868e+00
3.283807838089896514e+00
4.322833856444097123e+00
5.477612880511918192e+00
9.724671178828229401e+00
2.338922923220387418e+00
7.029708445417340634e+00
5.445176420258580841e+00
5.984706467600693358e+00
7.953553007564535982e+00
2.492175531070718542e+00
2.938309948708480057e+00
1.167451425565889433e+00
1.223534056702955342e+00
4.248320244564613546e+00
4.252577873856552060e+00
1.911238502064632083e+00
5.504185085086659157e+00
1.108570547655965965e+00
8.308816901657525733e+00
1.016420189427059473e+00
5.089183920241880266e+00
4.446257545327620520e+00
1.034563438333530705e+00
4.908530356102661862e+00
3.108300613924057210e+00
4.284079942719409395e+00
5.156302928772370286e+00
5.287470878963717702e+00
6.018382132344540558e+00
1.004281389071895347e+00
5.352773041469556681e+00
5.573285523417405685e+00
8.569932237484625404e+00
1.055665267913150851e+00
1.322118079600326457e+00
1.140481908121697252e+00
6.229797980382248745e+00
1.192292498501741127e+00
4.917872536412350115e+00
1.140301123369156455e+00
5.665477296125049911e+00
1.044109915103835995e+00
1.401365234520682623e+00
4.495679072460991854e+00
1.019666259488578808e+00
2.862449967928426098e+00
4.656161042860425425e+00
2.712494983944775839e+00
1.037638198928783284e+00
1.291879407732913432e+00
1.036328485959428169e+00
5.339608176570935782e+00
3.042097019774422151e+00
5.694035357529776853e+00
1.192150324363365765e+00
3.656173197120209384e+00
6.165969484171539783e+00
6.925130388020614980e+00
3.828147610619144547e+00
5.068737426224171116e+00
4.984209499640617658e+00
3.313417873817736226e+00
7.521065507663839078e+00
3.979590004695978234e+00
3.778709383611373873e+00
5.362882231977023295e+00
1.090220627386437435e+00
3.542213502822141535e+00
4.466275761925484034e+00
1.004692979213938520e+00
1.026250283090224924e+00
1.006973680618246547e+00
4.769235643969218508e+00
6.218736885960765903e+00
1.646528475868082042e+00
4.897536487076121325e+00
1.096131070656841011e+00
4.275710217004284885e+00
1.039557862842429348e+00
3.271277929847706822e+00
4.334451099510765459e+00
1.079989699394979130e+00
4.377590067984026945e+00
1.068583872635182175e+00
3.825741167758902161e+00
5.639993168251555389e+00
5.120641560729055186e+00
9.425037919352764249e+00
1.073395090418091335e+00
3.166976223990903172e+00
6.111277357865618320e+00
1.297825315537028068e+00
1.180139446674635773e+00
5.692019247752831745e+00
1.012820241643779262e+00
4.466411673025803886e+00
1.349630947453931862e+00
5.121241084176315184e+00
1.129951006453246309e+00
4.438863586465693345e+00
5.770010881902222444e+00
5.522954240516770419e+00
1.052817202346021830e+00
6.004600066582526097e+00
1.068070348317747387e+00
5.535925869151902212e+00
1.108290726762537703e+00
3.472065524638647371e+00
5.077875510855028196e+00
1.118252150334511086e+00
4.426146680320798055e+00
1.061221486468828079e+00
1.831532492462615958e+00
1.058538489789721870e+00
4.114316002456361865e+00
1.124640394872947313e+00
5.516564386648582285e+00
1.113805499004359101e+00
4.857874308876557023e+00
1.109962329956201366e+00
8.789358510180576900e+00
5.125442814034326666e+00
6.210403491284640864e+00
1.036679424188744036e+00
4.743671217606454604e+00
4.176558381777517148e+00
3.707144480449091173e+00
5.850482644720928604e+00
1.084313922171116884e+00
1.172658763410178384e+00
6.132622619893778548e+00
8.684218687156876726e+00
5.991220147916854089e+00
7.906508746583224223e+00
7.556530881973406721e+00
5.761309958324383196e+00
1.125352966488749162e+00
1.037751503929053465e+00
1.030455758308293168e+00
4.717769010622525627e+00
2.056852132264201050e+00
1.103059137297572656e+00
4.129283533477623891e+00
5.533488700983883568e+00
5.681015411501854295e+00
1.031294505893502489e+01
9.399698923959803665e+00
4.001458009953418937e+00
6.131603499844403338e+00
1.886186443847455596e+00
7.466192997153665800e+00
1.803328434710779637e+00
5.821206572434906690e+00
4.117782430251278214e+00
1.032386608492221969e+00
9.170398608525179185e+00
3.734781191810442103e+00
1.326104654663162963e+00
1.169596353296152413e+00
1.074343484524964643e+00
1.126611811075438618e+00
1.263087939725352493e+00
1.075129593449472454e+00
4.254024464868397359e+00
1.548735182938221655e+00
1.024585942683645667e+00
8.109740666274273480e+00
5.348067417990753469e+00
3.406843261330244843e+00
3.257079676044228211e+00
5.419905241506990379e+00
4.407587184556446047e+00
4.832046980638967426e+00
5.679932772561812726e+00
4.582711185654776642e+00
6.298155845348695436e+00
1.468391236988992432e+00
1.034072793308162819e+00
1.087425236674325779e+00
3.953412078525639917e+00
4.807177765194384556e+00
6.186789328604207050e+00
4.788713509507395827e+00
1.094779253422008658e+00
1.150810413844370217e+00
1.309248297645839942e+00
1.350587606092547910e+00
1.059080215067633723e+00
1.109567436058338741e+00
1.901370851168816545e+00
5.214354173944734328e+00
4.389983218134175580e+00
4.720554556364346510e+00
4.026351064346957997e+00
4.217201536775681880e+00
4.703158494382278398e+00
4.640905175414417272e+00
4.185168532828861920e+00
1.306304444638716866e+00
1.079004317351141440e+00
1.674897820881205979e+00
4.776454978910308569e+00
6.701618091255635790e+00
1.034643751827199365e+00
4.544933894998742119e+00
5.103343397915994117e+00
3.548542149869609919e+00
2.231346723949219069e+00
1.021846900971588257e+00
4.767158332221874240e+00
8.565272533025144241e+00
4.055023593341792854e+00
1.160899159585133011e+00
1.238423793075586588e+00
1.032350057776478369e+00
5.239422983176578619e+00
5.369086614973361371e+00
4.718135495419379488e+00
1.100660187367355825e+00
4.834942020986018996e+00
3.605028123311714960e+00
3.307758016305705873e+00
6.733587535884074882e+00
4.629109262319283324e+00
6.583542974411447979e+00
5.691250559808084475e+00
7.646092970715163695e+00
2.571180172387962592e+00
5.589740462603517202e+00
1.019437871089926340e+00
2.753408409758546060e+00
4.561995884828297321e+00
3.480521596130111028e+00
3.836809746881014949e+00
1.272146617813548319e+00
1.109908580537634082e+00
5.693043612999152181e+00
4.961371113565773427e+00
5.317765032250208357e+00
4.887256961173150671e+00
9.119864174158241354e+00
1.208762994213855579e+00
4.876144254092723784e+00
8.457566504277027164e+00
6.066537521794319154e+00
9.925634273379197126e+00
1.078400903417895185e+00
7.488965591272943811e+00
5.343525916939567466e+00
9.850711335617853948e+00
4.564794923427465179e+00
1.201949827232988266e+00
3.322583812109467960e+00
3.210891656208083589e+00
3.841272273972792917e+00
5.466873173290995425e+00
8.719356352258074594e+00
4.312077362617445786e+00
5.629142904645348722e+00
3.443316459779266925e+00
3.344908383457555257e+00
1.991268187916703569e+00
1.829642426250358556e+00
1.054086088606093652e+00
1.166432400937560399e+00
5.624755006050471628e+00
3.978498531226048573e+00
1.017155404786892703e+00
4.160552959238110304e+00
6.818879854170988963e+00
5.295460433913676823e+00
3.693588044424057415e+00
5.239800486036561900e+00
1.165905195678472506e+00
3.603210666616485813e+00
5.089253102534711637e+00
5.297706093600138111e+00
5.524971402123768804e+00
4.045820706814567735e+00
5.493328812587582988e+00
1.169300249108896406e+00
4.573245031240281477e+00
1.060514436431953200e+00
5.522339739070099007e+00
1.095995739353680110e+00
7.767577832575542018e+00
2.969255898893659040e+00
1.656716593438989360e+00
2.819123438143967153e+00
8.308086445127097264e+00
4.739575867832479084e+00
1.011286749982311051e+00
3.435396391268120464e+00
4.450177035032591100e+00
4.935860708108310568e+00
9.162326469330274392e+00
1.084593430707932793e+00
1.136752435212273760e+00
6.788179808242560398e+00
1.029044175575065667e+00
1.303401827874355323e+00
2.724070473680326732e+00
1.199341002487045671e+00
1.077922832409461851e+00
4.460044699376914501e+00
2.510819424551999468e+00
4.461440571196601645e+00
4.123512787853737649e+00
1.025937156514752147e+00
3.886804595955330566e+00
2.016385687793929460e+00
4.535286778044689271e+00
2.932842544366867976e+00
2.896527780145895292e+00
4.577471535765693211e+00
2.794638101292826526e+00
1.111080131164274176e+00
2.085438287758863751e+00
1.261893177236350860e+00
1.194241675034218186e+00
5.980458284075415243e+00
1.169287813882629035e+00
4.329333366342289047e+00
1.053137231472128121e+00
1.003839584137475871e+00
5.245628922192730137e+00
4.998545528183387709e+00
1.017525565567559021e+00
1.094564270046847865e+00
1.150897948237063595e+00
7.788822641027854488e+00
1.271035602275470744e+00
3.256744179177823106e+00
1.390584944162641223e+00
4.508869062712511422e+00
1.006028361144630789e+00
8.177027155037929873e+00
4.911936525325657499e+00
5.587883956182011502e+00
1.150846764716864756e+00
1.637735510687694740e+00
3.805707604706789038e+00
5.197197653465046585e+00
4.565270058143513054e+00
4.044128001658981120e+00
1.180992168383604435e+00
7.075256556234457150e+00
9.213086268812192614e+00
1.108457870087369734e+00
8.409103210924204319e+00
9.569657145688225341e+00
1.015994315697095640e+00
9.949501485227733255e+00
4.150868846894320896e+00
1.102803417822775023e+00
1.146647956000588442e+00
5.172395446408074804e+00
4.017087244691310843e+00
1.064546931638769900e+00
4.377261205241667952e+00
3.018660948845981906e+00
1.037870786108578525e+00
4.460413592778533776e+00
2.443539878326511872e+00
8.015371958050815593e+00
5.106386492207056982e+00
1.573632876273489911e+00
1.115763871697496024e+00
2.106559352651920847e+00
1.084543640197123793e+00
4.638196123012879646e+00
3.758055828122300213e+00
1.209301596232202680e+00
1.228209129974681124e+00
4.759662251457708493e+00
1.014385566024009089e+00
1.378457196755353387e+00
1.110276183689273832e+00
1.215046882341024537e+00
4.542996072954713860e+00
1.957286531668359642e+00
3.902810347221186582e+00
1.051410490296308398e+00
1.122633896861660929e+00
1.273558630802302361e+00
7.160227210787920349e+00
3.916881497585578575e+00
3.612356225232975504e+00
9.289259831548138280e+00
2.982656840646339624e+00
4.216551274090591050e+00
4.312799113061640099e+00
2.708044411553565123e+00
3.582768613719292894e+00
5.479268934319818207e+00
3.845543076346680245e+00
1.068202066991198906e+00
4.643183117365492052e+00
1.122665411454518702e+00
1.061169075609508905e+00
1.196160271532216823e+00
1.159576208118060281e+00
5.402280782144491589e+00
4.491051323635999459e+00
1.084366804686491603e+00
1.209417719755618847e+00
8.751248864142125328e+00
6.296565566000543512e+00
3.379087095628862336e+00
1.489229556294667356e+00
6.895165774925120949e+00
3.759317647696220455e+00
3.670468372512962318e+00
1.235222801994693143e+00
1.109134464449295976e+00
4.216009896740667173e+00
3.794808511862718614e+00
3.756104326248833392e+00
1.318451218887781717e+00
4.658560306876379897e+00
5.192870713807576699e+00
5.278886574211471228e+00
4.059380608314513417e+00
4.020622900911486219e+00
5.874107353529447906e+00
3.359420452217067865e+00
1.036451878487035572e+00
5.604586816078460210e+00
4.023457210540303919e+00
6.958389271374340268e+00
4.239343103990571571e+00
4.998390301610036168e+00
2.937000108225785944e+00
1.079138317301268080e+00
5.693279924370639122e+00
6.458340311870089501e+00
4.273618256244533953e+00
1.056537646495612215e+00
4.161035056537238042e+00
1.006580437670418826e+00
1.167370567761634614e+00
3.723208078826529377e+00
6.943377928487918460e+00
4.505520446317738070e+00
4.801877732291740308e+00
4.126481949120381465e+00
1.001976030717525612e+00
1.395000096615969687e+00
1.215949598243467600e+00
4.417904652554432765e+00
1.206242305315661900e+00
5.054455970621477334e+00
1.305608891433688523e+00
5.320321221997055261e+00
5.762196488719516729e+00
4.195975167020048247e+00
5.071772133908551083e+00
4.518765809733324090e+00
5.153556629619754581e+00
3.502345509281052482e+00
1.123331769083044662e+00
3.553415414472330447e+00
1.044424844795512897e+00
1.130504306776818790e+00
5.738106967352697652e+00
3.613812596938237309e+00
5.763441915047650355e+00
5.364738560011265811e+00
2.941449929533519914e+00
1.283574689834852567e+00
1.220493931626279505e+00
4.978840451092644059e+00
5.475742967520495164e+00
1.141728768775006397e+00
1.179714261050970991e+00
3.948808364900496137e+00
5.939717147017994137e+00
1.052042463418754847e+00
3.354971772778866601e+00
5.047293119209713019e+00
3.866665870308485076e+00
5.512280795734687544e+00
6.150193364705895505e+00
1.431259503657547505e+00
3.136561262408549489e+00
5.403623521363677185e+00
1.289684122348298434e+00
1.337041409494415189e+00
1.152081779993709088e+00
6.361755088258348678e+00
2.504440721883693932e+00
8.402003531646265344e+00
5.750686302285779483e+00
1.067460433319445068e+00
7.070512700491843994e+00
3.344126610872666827e+00
1.214886894833128173e+00
5.181795670695904299e+00
2.954340328219978051e+00
3.081494439270372254e+00
4.811440008923213441e+00
6.219617892169210016e+00
4.548153862216130605e+00
3.499069394339734185e+00
1.289696975457211403e+00
1.175484390719648609e+00
5.347226594496240715e+00
1.085104658190765070e+00
1.288210643682907053e+00
1.041039852594644710e+00
1.052730021149907325e+00
1.101891029535645661e+00
5.851637538016839279e+00
1.075645097569012609e+00
5.669058361068519680e+00
1.129889913558628445e+00
5.884018014545964625e+00
4.694601653615761094e+00
1.187058571513249783e+00
5.130824723371617324e+00
1.190642838047695218e+00
7.626858323979587517e+00
4.245435436554354958e+00
1.041673117809676974e+00
5.222144371883368663e+00
3.739176980561569330e+00
4.435988413054756663e+00
3.816722657874681790e+00
1.051925814442131069e+00
3.599935446131199868e+00
1.068077118570051498e+00
1.070253951934603043e+00
3.854346348529192667e+00
1.123037186641618890e+00
9.194201213322772404e+00
1.008094700119523957e+00
4.240686212052780846e+00
4.998132088081323587e+00
1.083419667107105688e+00
1.137833721631577033e+00
4.942877216517598704e+00
2.727732258365454854e+00
1.044043734025354775e+00
4.123854253683287396e+00
1.221629709657429563e+00
1.103528743666447820e+00
7.355140777755983628e+00
1.109164425002931331e+00
1.046848908830380731e+00
1.442315073437620443e+00
1.104537518142481689e+00
1.021347549706892455e+00
3.921427704266695624e+00
1.241435512415143494e+00
5.062144390913680958e+00
1.039046834438276390e+00
5.503907010593495741e+00
1.038488605234896722e+00
6.304023489402329261e+00
4.517672095023056222e+00
1.050630769478667625e+00
1.280219897220408187e+00
2.998890104543022961e+00
4.955352978269721653e+00
3.122175488718794245e+00
1.563830351336515712e+00
7.314456381102165672e+00
1.073863293747722381e+00
3.936626744742842909e+00
3.471077781751162217e+00
4.005153396307103542e+00
5.481680254503473293e+00
2.264257640091823287e+00
1.147417181508326500e+00
4.672578187614509382e+00
4.448611477743086517e+00
1.012956355141412912e+00
5.071721656462780281e+00
5.935352434816230982e+00
2.554356561944489901e+00
1.386505425450692774e+00
5.293364127058671542e+00
1.028783860011962981e+00
4.141477059869473898e+00
4.652185511612326962e+00
4.341338788018863859e+00
3.451223606425882551e+00
5.086744412993058795e+00
4.697056521776304727e+00
5.084251625509679684e+00
3.230787713674938111e+00
3.663992101118239475e+00
1.507569885236003548e+00
1.147421190405338853e+00
4.685675437351895845e+00
5.747950402905757095e+00
5.467734211374218667e+00
1.213444641467881002e+00
4.000859033943971355e+00
4.676641207056524863e+00
1.024212926083672537e+00
5.259815073490234028e+00
1.055929868607249800e+00
1.254069552429100343e+00
1.122730690392663488e+00
1.031787667030729549e+00
1.139803467075744203e+00
1.772424038059347673e+00
1.012271851445434967e+00
1.048725350040390358e+00
1.156405327038275921e+00
4.686358101249448183e+00
4.859557127067493987e+00
1.086441452260721530e+00
1.068703319658776296e+00
5.142667649784071315e+00
7.023035295985986970e+00
1.061780412610704882e+00
5.695739679008725354e+00
1.256344632877005596e+00
2.883684378728839537e+00
1.195667217124138482e+00
4.882726177567964676e+00
4.400382223866759368e+00
8.028499539947294039e+00
3.633238002375238196e+00
3.509292660526872609e+00
7.619118937115141321e+00
5.168326925349377987e+00
5.270996000180503849e+00
5.181432608566913345e+00
1.857911112234857054e+00
1.234698764545071326e+00
2.688879493623269390e+00
4.923068772497734891e+00
1.187206575990697122e+00
1.040845676194571467e+00
4.558993817562932982e+00
6.216044306864083602e+00
4.638511628553851018e+00
5.165396759354716316e+00
1.212536662260898845e+00
3.208200821553924609e+00
4.843202940930667388e+00
3.803853378670535523e+00
4.475729291149643352e+00
8.960109955426737827e+00
1.724505052060018029e+00
8.604110231571564071e+00
5.207921852239916660e+00
3.739373992687700987e+00
4.540372758495871075e+00
1.383295282588203223e+00
4.745634622526046620e+00
5.189649739179721166e+00
4.046172898837250287e+00
6.880566937469808408e+00
1.919538341642204937e+00
3.503942093602437691e+00
5.795108212640502465e+00
1.089805691126807474e+00
1.046257489214052594e+00
3.481026644212273258e+00
3.772159454545204404e+00
4.574036931006133067e+00
4.941914937392577478e+00
3.443599013239092788e+00
3.997701212768567380e+00
1.050707702834377422e+00
5.697280533299148075e+00
2.769257488552378632e+00
5.968253062054383662e+00
4.934501718881817212e+00
5.651064055367901240e+00
5.728665927908503264e+00
1.098083514422929063e+00
1.654666011545428583e+00
3.018274450749075299e+00
4.275663994998895490e+00
7.400972271462258334e+00
6.298542035539025363e+00
1.016123582681540016e+00
1.203685941632845369e+00
3.786223170326455278e+00
4.931626305989607495e+00
4.923854340381478067e+00
1.159150752289098474e+00
1.311037531721273686e+00
6.760656058834292104e+00
5.883420745676430919e+00
1.296474792643875107e+00
5.053970439556122685e+00
5.440418349141654453e+00
1.884568206847622163e+00
3.164387202897776863e+00
4.159555739886238612e+00
4.218093449985879317e+00
6.728809418531095154e+00
1.130746144322962499e+00
1.126959950880419781e+00
5.841489210913922925e+00
1.330959551917568318e+00
1.157046547740450571e+00
1.252620768318827738e+00
4.543965912748813452e+00
3.456754199798169669e+00
1.131500016409408005e+00
5.604871395595504069e+00
1.235010250985823621e+00
1.199595401200705957e+00
1.095542393918350843e+00
3.564301125339105702e+00
8.918272655371117352e+00
7.078545685780000873e+00
4.132532106590530496e+00
4.077683681470155364e+00
3.026684914527288939e+00
3.782500419282785575e+00
5.023782605750187535e+00
1.068614263756058946e+00
1.065575982299499902e+00
1.061865004242094512e+00
1.566266386363085017e+00
2.730988191442312640e+00
1.742216448489576575e+00
8.587803301603694095e+00
1.050210485208503464e+00
4.582835358471321285e+00
1.110097964030042572e+00
8.172679585108276967e+00
6.645197981818316002e+00
4.803282730727888250e+00
5.481352644088425485e+00
1.052830213233906687e+00
6.184519185962838783e+00
1.149545817890568866e+00
7.583503596151222048e+00
1.204382031660239605e+00
1.094599452346675328e+00
5.825760550822153050e+00
1.022540869979182476e+00
7.913349824275808686e+00
1.133628378203576981e+00
3.984873410568587904e+00
3.931269651335393078e+00
1.020506846943521673e+00
2.955746025422681278e+00
5.815571161320655769e+00
1.196923572724126750e+00
1.108707410641636582e+00
7.784245162032740417e+00
3.844863588653332886e+00
3.226220756152099689e+00
4.913772173224858264e+00
1.001635649102095238e+00
1.167844227166247029e+00
4.340514822645164195e+00
1.423916675735452442e+00
5.369669145665028509e+00
1.017892149145980252e+00
1.004231510339317124e+00
4.782800335420657412e+00
1.075671304538013739e+00
4.317752194729479243e+00
3.797186042042565379e+00
1.054019219178267353e+00
3.803940032039773822e+00
8.967002035006261806e+00
6.176744934184915437e+00
8.862502202338552237e+00
3.241634947312466153e+00
5.215103726278994323e+00
1.045848935405247371e+00
1.128667563991673006e+00
6.734603241900302351e+00
5.303388769520194224e+00
1.057998341983033663e+00
5.222665620886333571e+00
8.615321148552974151e+00
5.102671811348267639e+00
3.638759641419068824e+00
5.757078178420867332e+00
7.075809770491014561e+00
8.831672031675649848e+00
3.997346816445749962e+00
2.833673508734852575e+00
1.382190781407932612e+00
1.082802485136578285e+00
4.995141438614718155e+00
5.166931248815769706e+00
5.932168404438456832e+00
4.982970498733967801e+00
4.615213131549883663e+00
5.344986813934234249e+00
1.273717164420445913e+00
4.911846682364195971e+00
2.637553243408797155e+00
6.742668707151024066e+00
4.453175481006626413e+00
1.096900671475921074e+00
8.129504726296065797e+00
1.068375843321863083e+00
5.461575996925457588e+00
6.067664234669473799e+00
3.954504115750403059e+00
4.151524150154345172e+00
1.083898433752654267e+00
2.716435820424173198e+00
5.993003028848217006e+00
1.161730090447754993e+00
4.233129672600162152e+00
1.156158865045260553e+00
1.145371381770500907e+00
4.270251946457999992e+00
1.116009103954696213e+00
4.506346658353786339e+00
5.946163478853430995e+00
3.138222019993437417e+00
3.769323470063855375e+00
4.708402798539370160e+00
4.369166988368720972e+00
1.194182709779544105e+00
4.995637315833789671e+00
2.090616482709018342e+00
5.000322636290157163e+00
4.942114585814980643e+00
2.359388139081973090e+00
5.850552182783613553e+00
3.357756478607546669e+00
3.794581730742325743e+00
4.714777406729186993e+00
4.509569861625386977e+00
5.166516860409297252e+00
4.913579102831453049e+00
6.238842621131155397e+00
1.031316190915777309e+00
3.958697623173566438e+00
1.191383237072036083e+00
4.228542475931799771e+00
1.020506772399151441e+00
4.812041567118478191e+00
3.384753752157517503e+00
1.017076907127947072e+00
3.765527472433885414e+00
1.323767411089031842e+00
4.364289662633504818e+00
3.248926789447856844e+00
4.629312833314865649e+00
1.073062105846678493e+00
1.145401679024877328e+00
4.502253161617223221e+00
2.703011023916361832e+00
