1.007297039031982422e-01
1.769869327545166016e-01
6.396079063415527344e-02
1.416943073272705078e-01
2.327163219451904297e-01
9.146881103515625000e-02
2.665958404541015625e-01
6.659724712371826172e-01
4.144620895385742188e-02
7.142305374145507812e-02
4.430698895454406738e+01
7.955646514892578125e-02
1.982691287994384766e-01
7.542324066162109375e-02
2.484166622161865234e-01
5.115692615509033203e-01
3.608226776123046875e-02
8.713960647583007812e-02
5.525851249694824219e-02
8.583354949951171875e-02
9.469461441040039062e-02
1.641526222229003906e-01
5.222490048408508301e+01
9.088135480880737305e+00
1.509814262390136719e-01
2.415205001831054688e+00
9.134125709533691406e-02
6.012082099914550781e-02
4.347801208496093750e-02
8.452677726745605469e-02
1.023542881011962891e-01
1.040556333065032959e+02
1.684057712554931641e-01
1.286251544952392578e-01
8.353853225708007812e-02
7.384943962097167969e-02
7.124364376068115234e-01
7.650852203369140625e-01
8.146858215332031250e-02
4.323191642761230469e-01
3.103024959564208984e-01
1.884546279907226562e-01
6.273555755615234375e-02
8.875274658203125000e-02
5.785026073455810547e+00
2.794783115386962891e-01
8.056187629699707031e-02
4.216289520263671875e-02
6.589913368225097656e-02
1.814236640930175781e-01
5.064988136291503906e-02
3.824448585510253906e-02
4.130411148071289062e-02
2.395782470703125000e-01
2.356851100921630859e-01
6.676363945007324219e-02
4.064059257507324219e-02
4.709887504577636719e-02
1.292290687561035156e-01
7.001090049743652344e-02
1.553680896759033203e-01
4.125547409057617188e-02
1.144871711730957031e-01
3.153498172760009766e-01
1.042056083679199219e-01
6.248545646667480469e-02
2.747827982902526855e+01
1.221528053283691406e-01
8.104610443115234375e-02
5.254577138423919678e+02
1.685206890106201172e-01
3.729984760284423828e-01
2.605316638946533203e-01
8.027076721191406250e-02
3.903031349182128906e-02
9.247517585754394531e-02
2.315038681030273438e+00
1.165790557861328125e-01
4.104208946228027344e-02
2.682137489318847656e-02
5.295467376708984375e-02
5.841541290283203125e-02
8.520054817199707031e-02
1.001958847045898438e-01
1.984216451644897461e+00
1.271357536315917969e-01
5.182943344116210938e-01
1.622079849243164062e+00
5.144596099853515625e-02
6.487107276916503906e-02
7.217335700988769531e-02
7.310533523559570312e-02
9.868049621582031250e-02
7.436299324035644531e-02
5.761551856994628906e-02
4.264140129089355469e-02
9.494018554687500000e-02
9.478020668029785156e-02
5.200505256652832031e-02
8.450984954833984375e-02
1.324038505554199219e-01
3.283603191375732422e-01
1.015684604644775391e-01
1.065649986267089844e-01
1.265461444854736328e-01
4.919266700744628906e-02
6.808137893676757812e-02
1.561911106109619141e-01
5.974564552307128906e-01
4.296326637268066406e-02
5.217227935791015625e-01
1.112828254699707031e-01
8.759975433349609375e-02
4.505538940429687500e-02
1.030855178833007812e-01
6.384449005126953125e-01
5.299353599548339844e-02
8.120942115783691406e-02
8.254384994506835938e-01
1.180737018585205078e-01
8.072686195373535156e-02
3.907489776611328125e-02
4.329657554626464844e-02
4.975628852844238281e-02
1.097085475921630859e-01
3.342505455017089844e+00
9.637212753295898438e-02
4.345679283142089844e-02
8.782148361206054688e-02
4.922676086425781250e-02
8.146071434020996094e-02
5.256390571594238281e-02
9.239482879638671875e-02
7.150639295578002930e+00
1.954724788665771484e-01
1.326692104339599609e-01
4.895281791687011719e-02
2.222821712493896484e-01
1.049811840057373047e-01
6.801819801330566406e-02
6.758067607879638672e-01
1.100554466247558594e-01
8.097600936889648438e-02
2.042391300201416016e-01
1.798055171966552734e-01
3.945214748382568359e-01
1.006393432617187500e-01
5.649948120117187500e-02
6.458878517150878906e-02
9.279584884643554688e-02
2.693674564361572266e-01
2.134818673133850098e+01
1.372132301330566406e-01
3.851580619812011719e-02
5.084753036499023438e-02
5.330228805541992188e-02
5.864787101745605469e-02
5.851197242736816406e-02
1.307423114776611328e-01
2.893638610839843750e-02
1.237847805023193359e-01
3.136441707611083984e-01
7.700490331649780273e+01
9.169915437698364258e+00
3.851574220657348633e+02
6.823015213012695312e-02
4.269933700561523438e-02
1.148960590362548828e-01
1.298823356628417969e-01
4.181933403015136719e-02
5.227208137512207031e-02
3.253082513809204102e+00
5.503106117248535156e-02
8.309221267700195312e-02
4.675889015197753906e-02
4.042232036590576172e-01
1.607184410095214844e-01
1.960871219635009766e-01
5.612277984619140625e-02
2.416403293609619141e-01
6.464815139770507812e-02
1.435616016387939453e-01
5.934381484985351562e-02
5.532288551330566406e-02
7.132768630981445312e-02
1.270892996788024902e+02
1.389998149871826172e+01
1.567275524139404297e-01
5.360150337219238281e-02
1.790113449096679688e-01
1.674518585205078125e-01
5.168628692626953125e-02
1.192548274993896484e-01
4.530525207519531250e-02
7.257962226867675781e-02
9.622025489807128906e-02
3.552563190460205078e-01
9.652519226074218750e-02
1.184375286102294922e-01
7.622609138488769531e-01
