1.244397163391113281e-01
7.686543464660644531e-02
5.868649482727050781e-02
1.275203227996826172e-01
2.394742965698242188e-01
9.365248680114746094e-02
2.600884437561035156e-01
5.970766544342041016e-01
4.098677635192871094e-02
7.172894477844238281e-02
4.697470426559448242e+01
6.155419349670410156e-02
1.431305408477783203e-01
7.273983955383300781e-02
2.292008399963378906e-01
3.716323375701904297e-01
7.592988014221191406e-02
1.088426113128662109e-01
5.701637268066406250e-02
8.291077613830566406e-02
9.159040451049804688e-02
1.660757064819335938e-01
5.438131761550903320e+01
8.433530807495117188e+00
1.092064380645751953e-01
2.545537233352661133e+00
9.062814712524414062e-02
4.511547088623046875e-02
3.876876831054687500e-02
8.226680755615234375e-02
1.054167747497558594e-01
8.865433526039123535e+01
8.012843132019042969e-02
1.201710700988769531e-01
9.457397460937500000e-02
5.869531631469726562e-02
4.911994934082031250e-01
7.672996520996093750e-01
8.831620216369628906e-02
2.315697669982910156e-01
3.885588645935058594e-01
1.692545413970947266e-01
7.745027542114257812e-02
7.108163833618164062e-02
5.956011295318603516e+00
2.498795986175537109e-01
5.853962898254394531e-02
5.015468597412109375e-02
8.007693290710449219e-02
1.534736156463623047e-01
6.524968147277832031e-02
4.130172729492187500e-02
4.574608802795410156e-02
3.710870742797851562e-01
2.536096572875976562e-01
7.961893081665039062e-02
5.257153511047363281e-02
5.580615997314453125e-02
1.144363880157470703e-01
6.178069114685058594e-02
1.439783573150634766e-01
4.288506507873535156e-02
1.423754692077636719e-01
1.064023971557617188e-01
1.035766601562500000e-01
4.676270484924316406e-02
2.532658100128173828e+01
6.669139862060546875e-02
5.709886550903320312e-02
5.148967931270599365e+02
1.215751171112060547e-01
1.056110858917236328e-01
2.512772083282470703e-01
8.640170097351074219e-02
4.247999191284179688e-02
1.084961891174316406e-01
2.036674737930297852e+00
1.037933826446533203e-01
4.864931106567382812e-02
2.913546562194824219e-02
5.511403083801269531e-02
5.919051170349121094e-02
1.072173118591308594e-01
6.277108192443847656e-02
1.982989072799682617e+00
1.234655380249023438e-01
3.105278015136718750e-01
1.079044103622436523e+00
5.649018287658691406e-02
6.831812858581542969e-02
8.500838279724121094e-02
1.197266578674316406e-01
1.043803691864013672e-01
1.153016090393066406e-01
7.711887359619140625e-02
6.815195083618164062e-02
7.037425041198730469e-02
9.182500839233398438e-02
4.308295249938964844e-02
1.085183620452880859e-01
1.410398483276367188e-01
1.335351467132568359e-01
1.029858589172363281e-01
1.420488357543945312e-01
1.317913532257080078e-01
5.222797393798828125e-02
1.385035514831542969e-01
2.165179252624511719e-01
1.474101543426513672e-01
4.936933517456054688e-02
4.681434631347656250e-01
9.877109527587890625e-02
1.174385547637939453e-01
8.138012886047363281e-02
1.399979591369628906e-01
2.853338718414306641e-01
5.155086517333984375e-02
9.393668174743652344e-02
5.710937976837158203e-01
2.324762344360351562e-01
8.657956123352050781e-02
4.137206077575683594e-02
5.485868453979492188e-02
5.048775672912597656e-02
1.191482543945312500e-01
2.683006525039672852e+00
1.118810176849365234e-01
4.555058479309082031e-02
1.200230121612548828e-01
6.377720832824707031e-02
8.756041526794433594e-02
5.899834632873535156e-02
8.991861343383789062e-02
7.606526136398315430e+00
4.027915000915527344e-02
5.740666389465332031e-02
5.248498916625976562e-02
1.753323078155517578e-01
1.045477390289306641e-01
6.510233879089355469e-02
2.431006431579589844e-01
5.550599098205566406e-02
7.393622398376464844e-02
2.511487007141113281e-01
2.123725414276123047e-01
8.793020248413085938e-02
1.060752868652343750e-01
5.096030235290527344e-02
6.535744667053222656e-02
5.633902549743652344e-02
2.590432167053222656e-01
9.048548221588134766e+00
8.579826354980468750e-02
3.125381469726562500e-02
4.057669639587402344e-02
5.325722694396972656e-02
6.127762794494628906e-02
6.521439552307128906e-02
1.532475948333740234e-01
3.060913085937500000e-02
8.261322975158691406e-02
8.403968811035156250e-02
7.838887405395507812e+01
9.595725297927856445e+00
3.834746568202972412e+02
5.291199684143066406e-02
5.182957649230957031e-02
1.890201568603515625e-01
9.831690788269042969e-02
4.190611839294433594e-02
4.786467552185058594e-02
2.751135110855102539e+00
5.403757095336914062e-02
8.520054817199707031e-02
4.484915733337402344e-02
3.432931900024414062e-01
1.689889430999755859e-01
2.226939201354980469e-01
5.151247978210449219e-02
6.791114807128906250e-02
6.432366371154785156e-02
1.397774219512939453e-01
6.026959419250488281e-02
5.686259269714355469e-02
7.111287117004394531e-02
1.242493276596069336e+02
1.401508021354675293e+01
5.916190147399902344e-02
5.534386634826660156e-02
1.582860946655273438e-01
1.439261436462402344e-01
4.939079284667968750e-02
1.198403835296630859e-01
1.288957595825195312e-01
9.656763076782226562e-02
1.018340587615966797e-01
7.225108146667480469e-02
6.342172622680664062e-02
8.625030517578125000e-02
8.990197181701660156e-01
