5.577754974365234375e-02
9.369325637817382812e-02
6.661891937255859375e-02
5.101609230041503906e-02
1.318523883819580078e-01
8.311557769775390625e-02
2.432336807250976562e-01
4.596524238586425781e-01
4.033613204956054688e-02
6.582188606262207031e-02
4.549979662895202637e+01
6.400775909423828125e-02
1.682155132293701172e-01
5.305886268615722656e-02
2.054672241210937500e-01
1.600451469421386719e-01
3.762316703796386719e-02
9.036016464233398438e-02
5.229282379150390625e-02
7.260751724243164062e-02
8.284950256347656250e-02
1.117486953735351562e-01
5.366548323631286621e+01
7.425359964370727539e+00
1.051216125488281250e-01
2.217293739318847656e+00
9.660100936889648438e-02
4.383730888366699219e-02
5.011534690856933594e-02
8.142113685607910156e-02
1.236972808837890625e-01
7.070196318626403809e+01
8.006238937377929688e-02
5.241298675537109375e-02
8.499836921691894531e-02
5.103826522827148438e-02
3.470406532287597656e-01
6.860268115997314453e-01
4.828214645385742188e-02
1.709372997283935547e-01
2.955689430236816406e-01
1.823432445526123047e-01
4.460883140563964844e-02
6.559109687805175781e-02
4.875834941864013672e+00
2.367277145385742188e-01
6.116271018981933594e-02
3.301739692687988281e-02
8.877778053283691406e-02
1.417410373687744141e-01
5.789995193481445312e-02
3.733897209167480469e-02
3.957629203796386719e-02
2.182517051696777344e-01
2.445404529571533203e-01
7.958197593688964844e-02
3.522300720214843750e-02
4.648303985595703125e-02
1.143019199371337891e-01
3.095245361328125000e-02
1.131992340087890625e-01
3.871226310729980469e-02
5.224442481994628906e-02
7.918357849121093750e-02
1.010448932647705078e-01
4.506874084472656250e-02
2.497230124473571777e+01
6.518101692199707031e-02
4.673838615417480469e-02
4.671527097225189209e+02
5.280160903930664062e-02
3.682804107666015625e-02
2.694787979125976562e-01
8.392953872680664062e-02
3.763270378112792969e-02
1.038069725036621094e-01
1.870782136917114258e+00
1.055145263671875000e-01
4.155135154724121094e-02
2.856469154357910156e-02
5.180883407592773438e-02
5.104374885559082031e-02
7.900214195251464844e-02
5.645751953125000000e-02
1.787106990814208984e+00
1.225674152374267578e-01
3.012995719909667969e-01
5.207424163818359375e-01
5.024528503417968750e-02
5.367946624755859375e-02
7.583498954772949219e-02
6.879925727844238281e-02
9.529042243957519531e-02
6.585001945495605469e-02
2.607703208923339844e-02
4.189896583557128906e-02
8.904743194580078125e-02
7.809090614318847656e-02
3.933095932006835938e-02
9.306144714355468750e-02
8.678865432739257812e-02
1.384136676788330078e-01
1.064391136169433594e-01
7.381439208984375000e-02
1.036753654479980469e-01
3.762102127075195312e-02
8.058214187622070312e-02
1.424460411071777344e-01
1.404700279235839844e-01
4.991459846496582031e-02
1.986320018768310547e-01
1.138665676116943359e-01
8.219265937805175781e-02
4.713249206542968750e-02
4.940819740295410156e-02
2.341892719268798828e-01
4.044389724731445312e-02
8.261418342590332031e-02
5.301101207733154297e-01
1.126391887664794922e-01
2.588500976562500000e-01
4.308366775512695312e-02
4.228901863098144531e-02
5.307912826538085938e-02
1.413161754608154297e-01
2.795431852340698242e+00
1.018476486206054688e-01
5.174088478088378906e-02
1.124601364135742188e-01
3.849911689758300781e-02
6.525516510009765625e-02
6.422567367553710938e-02
3.602457046508789062e-02
7.484987258911132812e+00
4.658794403076171875e-02
6.000947952270507812e-02
2.194213867187500000e-02
1.594591140747070312e-01
1.145234107971191406e-01
7.848858833312988281e-02
2.201244831085205078e-01
5.488705635070800781e-02
7.968759536743164062e-02
2.104244232177734375e-01
1.675267219543457031e-01
7.882046699523925781e-02
1.045119762420654297e-01
6.579017639160156250e-02
6.256699562072753906e-02
7.891607284545898438e-02
2.403514385223388672e-01
1.559660434722900391e+00
5.833506584167480469e-02
3.384804725646972656e-02
5.303144454956054688e-02
5.424356460571289062e-02
7.400751113891601562e-02
6.552147865295410156e-02
7.095384597778320312e-02
3.117990493774414062e-02
2.333600521087646484e-01
8.666300773620605469e-02
7.788071036338806152e+01
3.959349322319030762e+01
3.553270907402038574e+02
6.101274490356445312e-02
4.746866226196289062e-02
1.072270870208740234e-01
9.833574295043945312e-02
3.960680961608886719e-02
4.582834243774414062e-02
8.642230033874511719e-01
5.558323860168457031e-02
4.861593246459960938e-02
4.148626327514648438e-02
3.084065914154052734e-01
1.432931423187255859e-01
9.219360351562500000e-02
5.013680458068847656e-02
1.863811016082763672e-01
5.306005477905273438e-02
1.387569904327392578e-01
4.130697250366210938e-02
4.127478599548339844e-02
6.614184379577636719e-02
1.154708895683288574e+02
8.187228941917419434e+01
5.444192886352539062e-02
5.910253524780273438e-02
1.472244262695312500e-01
1.372263431549072266e-01
4.645133018493652344e-02
1.180825233459472656e-01
4.270315170288085938e-02
6.850028038024902344e-02
8.804631233215332031e-02
6.190109252929687500e-02
5.776810646057128906e-02
8.428788185119628906e-02
2.376804351806640625e-01
