0.04517960548400879
0.07123184204101562
0.06986618041992188
0.0687704086303711
0.04809427261352539
0.14165234565734863
0.060011863708496094
0.20869874954223633
0.05482745170593262
0.21040892601013184
0.021422147750854492
0.04734396934509277
55.568703174591064
0.012905597686767578
3.289232015609741
0.03946948051452637
0.05362653732299805
0.04455113410949707
0.029402494430541992
1.304800033569336
0.0489351749420166
0.0580294132232666
0.04862356185913086
0.10086655616760254
0.02150583267211914
0.045235395431518555
0.04671978950500488
0.03273749351501465
0.10875964164733887
0.012736082077026367
0.47832822799682617
38.447654485702515
0.024712324142456055
0.03934144973754883
0.1182398796081543
0.034037113189697266
0.09351110458374023
0.01968550682067871
0.07786297798156738
22.143609046936035
0.04982280731201172
0.5389969348907471
0.0849313735961914
0.2869563102722168
42.548819065093994
0.026780366897583008
0.03813934326171875
0.16717171669006348
0.04152703285217285
0.0506587028503418
0.054509639739990234
0.09188175201416016
0.0453183650970459
0.19975996017456055
0.07002949714660645
0.02885746955871582
30.05600929260254
0.08408975601196289
0.32343149185180664
0.07155132293701172
1.070960283279419
0.06792998313903809
14.63168478012085
0.020409345626831055
0.02431464195251465
5.017091751098633
0.20291638374328613
0.10986661911010742
0.03260326385498047
0.04543185234069824
0.04397892951965332
0.05566859245300293
0.05837702751159668
0.03663015365600586
0.07861685752868652
0.28035473823547363
0.41514110565185547
0.054935455322265625
0.03676414489746094
0.8760693073272705
0.04298543930053711
89.13916158676147
0.17584609985351562
0.05458998680114746
0.029659271240234375
0.05163407325744629
0.30950927734375
18.71633219718933
0.49562811851501465
0.008528709411621094
0.04229164123535156
4.976712942123413
1.5633366107940674
0.2629051208496094
0.09243941307067871
0.022614479064941406
0.03021836280822754
0.20142698287963867
0.08755278587341309
0.0963430404663086
0.0891728401184082
2.603893995285034
0.0339961051940918
0.0913698673248291
0.07154512405395508
0.03554797172546387
0.12654376029968262
0.33652806282043457
0.027221202850341797
0.08670306205749512
0.03843498229980469
0.033976078033447266
0.13991546630859375
0.08660626411437988
0.059615135192871094
0.23911714553833008
0.0502314567565918
0.09059596061706543
0.04584693908691406
0.027524948120117188
0.027914047241210938
0.03330540657043457
0.0808870792388916
0.05614781379699707
0.029903173446655273
0.17349743843078613
0.292555570602417
0.04008650779724121
0.033190250396728516
0.040741920471191406
0.07651996612548828
0.26788806915283203
0.04804682731628418
0.1471245288848877
0.14181113243103027
0.16872262954711914
0.1323833465576172
0.03419375419616699
0.4014420509338379
0.0559992790222168
0.04951286315917969
0.11330628395080566
0.01914525032043457
0.4053008556365967
0.11046838760375977
0.05345630645751953
6.92066764831543
0.025283336639404297
0.044821739196777344
0.0822446346282959
0.03485703468322754
0.06343245506286621
0.1399986743927002
3.059678316116333
0.03042292594909668
0.11397600173950195
0.06480932235717773
0.042830705642700195
0.24862217903137207
0.0368497371673584
0.06298160552978516
0.08011245727539062
0.12697577476501465
0.23142719268798828
0.05029630661010742
0.03179121017456055
0.03325963020324707
0.10347294807434082
0.10895490646362305
0.03184366226196289
0.038022756576538086
0.0651102066040039
0.06852984428405762
0.02246856689453125
0.07747316360473633
0.1229400634765625
0.034757375717163086
29.641036987304688
0.02115154266357422
0.055374860763549805
0.05768918991088867
0.020726919174194336
0.02026510238647461
0.09004449844360352
0.026283979415893555
0.04167914390563965
0.22469687461853027
0.035356998443603516
0.023956775665283203
0.024283647537231445
0.042778730392456055
0.14046621322631836
0.23861002922058105
0.0222015380859375
0.0854330062866211
0.08922743797302246
0.0718386173248291
0.024621963500976562
0.03815102577209473
0.17242813110351562
