5.450439453125000000e-02
8.728814125061035156e-02
6.219482421875000000e-02
5.700898170471191406e-02
1.395666599273681641e-01
8.242154121398925781e-02
2.489721775054931641e-01
4.481146335601806641e-01
4.247045516967773438e-02
6.528925895690917969e-02
4.246244120597839355e+01
5.922579765319824219e-02
1.360599994659423828e-01
5.258417129516601562e-02
2.956793308258056641e-01
1.762979030609130859e-01
4.589772224426269531e-02
7.427620887756347656e-02
4.877734184265136719e-02
8.759498596191406250e-02
8.907675743103027344e-02
1.207809448242187500e-01
4.134890818595886230e+01
7.323213338851928711e+00
1.130490303039550781e-01
2.193867444992065430e+00
9.886980056762695312e-02
4.705858230590820312e-02
4.955625534057617188e-02
8.419823646545410156e-02
8.300137519836425781e-02
7.164534282684326172e+01
7.627892494201660156e-02
4.986357688903808594e-02
7.717084884643554688e-02
5.078697204589843750e-02
3.437874317169189453e-01
6.671450138092041016e-01
4.342508316040039062e-02
1.703617572784423828e-01
2.278704643249511719e-01
1.585109233856201172e-01
3.203916549682617188e-02
6.570434570312500000e-02
4.947929143905639648e+00
2.445695400238037109e-01
5.878853797912597656e-02
3.166103363037109375e-02
7.726669311523437500e-02
1.373977661132812500e-01
5.616831779479980469e-02
3.970170021057128906e-02
4.053592681884765625e-02
1.773972511291503906e-01
1.864771842956542969e-01
6.813693046569824219e-02
3.788042068481445312e-02
4.896187782287597656e-02
9.552073478698730469e-02
3.180098533630371094e-02
1.259989738464355469e-01
4.038453102111816406e-02
5.550241470336914062e-02
8.463168144226074219e-02
1.033384799957275391e-01
5.256509780883789062e-02
2.438053178787231445e+01
6.889796257019042969e-02
4.125952720642089844e-02
4.692533264160156250e+02
5.247378349304199219e-02
4.062938690185546875e-02
2.817537784576416016e-01
8.255195617675781250e-02
4.349303245544433594e-02
1.063122749328613281e-01
2.540022611618041992e+00
1.068491935729980469e-01
4.546809196472167969e-02
3.247189521789550781e-02
5.079317092895507812e-02
5.675601959228515625e-02
8.632230758666992188e-02
6.565785408020019531e-02
1.022838354110717773e+00
1.359202861785888672e-01
2.983980178833007812e-01
5.429797172546386719e-01
5.612659454345703125e-02
6.472969055175781250e-02
7.649254798889160156e-02
6.742811203002929688e-02
1.066167354583740234e-01
6.567311286926269531e-02
2.554559707641601562e-02
4.277300834655761719e-02
8.359408378601074219e-02
7.089543342590332031e-02
4.871773719787597656e-02
9.907436370849609375e-02
8.778977394104003906e-02
1.389768123626708984e-01
9.192276000976562500e-02
1.002621650695800781e-01
1.041250228881835938e-01
3.668904304504394531e-02
6.101536750793457031e-02
1.407825946807861328e-01
1.332406997680664062e-01
3.974318504333496094e-02
2.162275314331054688e-01
9.691286087036132812e-02
6.126856803894042969e-02
4.953765869140625000e-02
7.791566848754882812e-02
2.595093250274658203e-01
9.016799926757812500e-02
7.776308059692382812e-02
4.593298435211181641e-01
7.894062995910644531e-02
8.868241310119628906e-02
3.621196746826171875e-02
4.896616935729980469e-02
5.268621444702148438e-02
9.992671012878417969e-02
2.827842712402343750e+00
9.439325332641601562e-02
4.332137107849121094e-02
9.123134613037109375e-02
3.916358947753906250e-02
6.878685951232910156e-02
6.425023078918457031e-02
4.206299781799316406e-02
4.752694702148437500e+01
4.992008209228515625e-02
6.443905830383300781e-02
2.025556564331054688e-02
2.072460651397705078e-01
1.079692840576171875e-01
7.890701293945312500e-02
2.307565212249755859e-01
6.470060348510742188e-02
7.414841651916503906e-02
2.161991596221923828e-01
2.355761528015136719e-01
7.782912254333496094e-02
7.969784736633300781e-02
5.352568626403808594e-02
6.991362571716308594e-02
5.789327621459960938e-02
2.542114257812500000e-01
9.152530193328857422e+00
5.867290496826171875e-02
3.829789161682128906e-02
1.076390743255615234e-01
6.323122978210449219e-02
6.215596199035644531e-02
7.630252838134765625e-02
2.207260131835937500e-01
2.666068077087402344e-02
7.475757598876953125e-02
9.092473983764648438e-02
7.919033670425415039e+01
3.882480788230895996e+01
3.534145712852478027e+02
5.612969398498535156e-02
4.405164718627929688e-02
1.108675003051757812e-01
9.492564201354980469e-02
4.765033721923828125e-02
3.777503967285156250e-02
2.536134243011474609e+00
5.546760559082031250e-02
5.588769912719726562e-02
5.417966842651367188e-02
2.781023979187011719e-01
1.089832782745361328e-01
9.098267555236816406e-02
7.294726371765136719e-02
7.887220382690429688e-02
6.482744216918945312e-02
1.342263221740722656e-01
3.453683853149414062e-02
4.210543632507324219e-02
6.940031051635742188e-02
1.191057627201080322e+02
8.286084675788879395e+01
5.123710632324218750e-02
5.962347984313964844e-02
1.494777202606201172e-01
1.437132358551025391e-01
4.816293716430664062e-02
1.242578029632568359e-01
4.221677780151367188e-02
8.201885223388671875e-02
8.432269096374511719e-02
6.823134422302246094e-02
5.721855163574218750e-02
7.371926307678222656e-02
2.380359172821044922e-01
