5.730652809143066406e-02
8.430004119873046875e-02
6.502151489257812500e-02
5.607008934020996094e-02
1.385266780853271484e-01
8.591842651367187500e-02
2.493174076080322266e-01
4.466786384582519531e-01
5.076193809509277344e-02
7.252836227416992188e-02
4.244386076927185059e+01
6.009840965270996094e-02
1.630663871765136719e-01
8.445262908935546875e-02
8.095240592956542969e-02
1.869676113128662109e-01
4.761028289794921875e-02
7.490301132202148438e-02
5.349898338317871094e-02
8.907318115234375000e-02
8.471083641052246094e-02
1.584465503692626953e-01
4.180729293823242188e+01
7.447344779968261719e+00
1.138260364532470703e-01
2.207945108413696289e+00
1.038310527801513672e-01
6.301450729370117188e-02
4.043817520141601562e-02
1.074600219726562500e-01
7.404828071594238281e-02
7.369660520553588867e+01
8.076143264770507812e-02
9.836983680725097656e-02
8.564615249633789062e-02
5.749344825744628906e-02
3.795576095581054688e-01
5.696854591369628906e-01
4.586887359619140625e-02
1.782011985778808594e-01
2.540073394775390625e-01
1.618814468383789062e-01
4.860186576843261719e-02
6.281995773315429688e-02
5.080616235733032227e+00
2.328999042510986328e-01
5.775475502014160156e-02
3.459310531616210938e-02
7.965922355651855469e-02
1.434559822082519531e-01
5.831432342529296875e-02
4.257512092590332031e-02
4.214906692504882812e-02
8.436846733093261719e-02
1.963181495666503906e-01
8.780694007873535156e-02
4.594159126281738281e-02
7.292485237121582031e-02
1.163249015808105469e-01
2.940440177917480469e-02
1.449384689331054688e-01
4.245901107788085938e-02
6.375336647033691406e-02
8.808207511901855469e-02
1.015732288360595703e-01
5.771303176879882812e-02
2.182669568061828613e+01
6.356501579284667969e-02
6.687402725219726562e-02
4.520522208213806152e+02
1.171772480010986328e-01
1.154148578643798828e-01
2.529790401458740234e-01
9.686040878295898438e-02
4.817199707031250000e-02
1.174306869506835938e-01
1.870553970336914062e+00
1.108605861663818359e-01
4.760169982910156250e-02
2.753472328186035156e-02
5.173492431640625000e-02
5.531644821166992188e-02
8.127975463867187500e-02
6.597495079040527344e-02
9.504010677337646484e-01
1.248381137847900391e-01
3.013074398040771484e-01
2.160674095153808594e+00
5.310440063476562500e-02
6.251716613769531250e-02
8.857035636901855469e-02
8.286690711975097656e-02
1.106576919555664062e-01
7.023930549621582031e-02
3.076672554016113281e-02
4.653859138488769531e-02
6.055235862731933594e-02
8.009648323059082031e-02
3.878736495971679688e-02
8.953523635864257812e-02
8.874988555908203125e-02
1.215801239013671875e-01
9.294199943542480469e-02
7.661128044128417969e-02
1.041126251220703125e-01
4.718375205993652344e-02
6.287908554077148438e-02
1.353235244750976562e-01
1.345479488372802734e-01
4.098963737487792969e-02
2.164888381958007812e-01
1.048786640167236328e-01
6.241869926452636719e-02
4.399228096008300781e-02
5.081772804260253906e-02
2.410631179809570312e-01
4.891443252563476562e-02
1.047286987304687500e-01
4.381160736083984375e-01
1.177296638488769531e-01
9.418582916259765625e-02
9.591341018676757812e-02
4.458332061767578125e-02
5.347871780395507812e-02
9.274888038635253906e-02
2.255790472030639648e+00
9.535694122314453125e-02
4.245281219482421875e-02
8.182120323181152344e-02
3.308582305908203125e-02
5.868101119995117188e-02
4.901719093322753906e-02
3.670954704284667969e-02
6.491480112075805664e+00
4.226613044738769531e-02
6.030344963073730469e-02
2.025508880615234375e-02
1.609296798706054688e-01
1.125352382659912109e-01
6.780529022216796875e-02
2.555398941040039062e-01
6.921577453613281250e-02
7.541012763977050781e-02
2.319052219390869141e-01
7.178449630737304688e-02
7.324862480163574219e-02
1.007118225097656250e-01
4.827117919921875000e-02
6.959795951843261719e-02
6.009840965270996094e-02
2.464659214019775391e-01
8.749858140945434570e+00
7.050466537475585938e-02
8.282923698425292969e-02
1.116600036621093750e-01
1.012563705444335938e-01
5.644941329956054688e-02
5.526685714721679688e-02
1.535434722900390625e-01
3.064489364624023438e-02
8.139848709106445312e-02
8.948540687561035156e-02
7.675660181045532227e+01
8.682646036148071289e+00
3.457396650314331055e+02
7.542133331298828125e-02
4.241657257080078125e-02
1.431338787078857422e-01
1.094920635223388672e-01
9.353804588317871094e-02
5.881977081298828125e-02
8.619513511657714844e-01
6.135916709899902344e-02
4.899191856384277344e-02
4.765725135803222656e-02
2.738523483276367188e-01
1.347131729125976562e-01
1.812152862548828125e-01
6.163024902343750000e-02
2.054579257965087891e-01
6.771445274353027344e-02
1.459462642669677734e-01
3.787231445312500000e-02
7.991170883178710938e-02
5.569553375244140625e-02
1.197780735492706299e+02
7.900435352325439453e+01
5.177235603332519531e-02
6.578660011291503906e-02
1.481232643127441406e-01
1.271321773529052734e-01
4.664707183837890625e-02
1.154465675354003906e-01
4.235482215881347656e-02
1.048758029937744141e-01
9.219646453857421875e-02
6.548714637756347656e-02
5.588102340698242188e-02
7.339644432067871094e-02
8.630733489990234375e-01
