5.412197113037109375e-02
8.466362953186035156e-02
6.539225578308105469e-02
6.008267402648925781e-02
1.418001651763916016e-01
9.010100364685058594e-02
2.401206493377685547e-01
5.100343227386474609e-01
4.289102554321289062e-02
7.525038719177246094e-02
4.594041442871093750e+01
6.587982177734375000e-02
1.939003467559814453e-01
5.260276794433593750e-02
2.185914516448974609e-01
1.891052722930908203e-01
4.362487792968750000e-02
7.504391670227050781e-02
6.276559829711914062e-02
9.713935852050781250e-02
8.687663078308105469e-02
1.280202865600585938e-01
5.701912569999694824e+01
7.373233795166015625e+00
1.112117767333984375e-01
2.213899135589599609e+00
9.753084182739257812e-02
5.268859863281250000e-02
4.140138626098632812e-02
8.823370933532714844e-02
7.140278816223144531e-02
6.972215175628662109e+01
8.522343635559082031e-02
5.245852470397949219e-02
8.382725715637207031e-02
4.761147499084472656e-02
3.983783721923828125e-01
7.030889987945556641e-01
4.686403274536132812e-02
1.699805259704589844e-01
2.422833442687988281e-01
1.637749671936035156e-01
4.183745384216308594e-02
6.965231895446777344e-02
4.804630756378173828e+00
2.333245277404785156e-01
6.257438659667968750e-02
2.941012382507324219e-02
6.744790077209472656e-02
1.330597400665283203e-01
5.496144294738769531e-02
3.691077232360839844e-02
4.330468177795410156e-02
7.112407684326171875e-02
2.201728820800781250e-01
7.679653167724609375e-02
3.663873672485351562e-02
4.506516456604003906e-02
1.096084117889404297e-01
3.712940216064453125e-02
1.122412681579589844e-01
3.946685791015625000e-02
5.115723609924316406e-02
7.494425773620605469e-02
9.694695472717285156e-02
4.597854614257812500e-02
2.494061279296875000e+01
6.400847434997558594e-02
3.420805931091308594e-02
4.640484571456909180e+02
5.991482734680175781e-02
3.822565078735351562e-02
2.596123218536376953e-01
7.724070549011230469e-02
3.641653060913085938e-02
8.761167526245117188e-02
1.830841302871704102e+00
9.197854995727539062e-02
3.878450393676757812e-02
2.621197700500488281e-02
4.873466491699218750e-02
6.445384025573730469e-02
8.362865447998046875e-02
7.115912437438964844e-02
3.801212310791015625e-01
1.154539585113525391e-01
2.866845130920410156e-01
1.999260187149047852e+00
5.721163749694824219e-02
7.741689682006835938e-02
6.906080245971679688e-02
6.789207458496093750e-02
9.797930717468261719e-02
6.216263771057128906e-02
2.498865127563476562e-02
4.214811325073242188e-02
7.368111610412597656e-02
7.282495498657226562e-02
3.727960586547851562e-02
7.758545875549316406e-02
7.479977607727050781e-02
1.389205455780029297e-01
8.642983436584472656e-02
7.234048843383789062e-02
9.731841087341308594e-02
4.638743400573730469e-02
6.243109703063964844e-02
1.334919929504394531e-01
1.334819793701171875e-01
3.873562812805175781e-02
2.075791358947753906e-01
9.016036987304687500e-02
7.255268096923828125e-02
4.377198219299316406e-02
3.194820880889892578e-01
2.237298488616943359e-01
8.351516723632812500e-02
7.848548889160156250e-02
4.866690635681152344e-01
7.378625869750976562e-02
7.403707504272460938e-02
3.575515747070312500e-02
4.115462303161621094e-02
5.115246772766113281e-02
9.162998199462890625e-02
2.306599140167236328e+00
1.088216304779052734e-01
3.813219070434570312e-02
7.890534400939941406e-02
3.818535804748535156e-02
5.606746673583984375e-02
4.638218879699707031e-02
3.340625762939453125e-02
8.337998390197753906e+00
3.928661346435546875e-02
5.400991439819335938e-02
2.096486091613769531e-02
2.131989002227783203e-01
1.063864231109619141e-01
5.759739875793457031e-02
2.303152084350585938e-01
5.230617523193359375e-02
6.660699844360351562e-02
2.100405693054199219e-01
1.623001098632812500e-01
6.919836997985839844e-02
8.505511283874511719e-02
5.123877525329589844e-02
6.257271766662597656e-02
5.572700500488281250e-02
2.496399879455566406e-01
8.546927928924560547e+00
5.025148391723632812e-02
3.603768348693847656e-02
1.096274852752685547e-01
4.957175254821777344e-02
6.015348434448242188e-02
5.729913711547851562e-02
2.904582023620605469e-01
3.756403923034667969e-02
8.408880233764648438e-02
7.912349700927734375e-02
7.873591208457946777e+01
8.712195158004760742e+00
3.520626316070556641e+02
5.641293525695800781e-02
4.060435295104980469e-02
1.015875339508056641e-01
9.654116630554199219e-02
4.229879379272460938e-02
4.568958282470703125e-02
2.304544925689697266e+00
5.207753181457519531e-02
6.488227844238281250e-02
3.972220420837402344e-02
2.772922515869140625e-01
9.533405303955078125e-02
1.792078018188476562e-01
5.186033248901367188e-02
7.386040687561035156e-02
4.967594146728515625e-02
1.311736106872558594e-01
3.648018836975097656e-02
5.287146568298339844e-02
6.510734558105468750e-02
1.222639546394348145e+02
2.335331630706787109e+01
5.491924285888671875e-02
5.889749526977539062e-02
1.501388549804687500e-01
1.356697082519531250e-01
4.395151138305664062e-02
1.332933902740478516e-01
4.086923599243164062e-02
6.633901596069335938e-02
8.897209167480468750e-02
6.177878379821777344e-02
5.763101577758789062e-02
7.661819458007812500e-02
2.383668422698974609e-01
