3.981184959411621094e-02
2.139163017272949219e-02
4.365387368202209473e+01
2.933907508850097656e-02
8.948326110839843750e-03
1.548695564270019531e-01
1.677668094635009766e+00
5.183243751525878906e-02
3.548431396484375000e-02
5.918443202972412109e-01
5.322647094726562500e-02
1.689887046813964844e-02
6.297564506530761719e-02
1.462275981903076172e-01
1.101670265197753906e-01
4.480900764465332031e-01
5.386590957641601562e-02
5.129599571228027344e-02
6.928277015686035156e-02
2.351737022399902344e-02
1.663231849670410156e-02
1.222007274627685547e-01
3.819870948791503906e-02
6.441640853881835938e-02
5.143475532531738281e-02
4.275679588317871094e-02
1.789634943008422852e+00
5.190300941467285156e-02
4.912734031677246094e-02
1.255991458892822266e-01
1.375639438629150391e-01
1.759328842163085938e-01
9.701251983642578125e-02
5.204772949218750000e-02
7.060217857360839844e-02
2.265429496765136719e-02
2.714037895202636719e-02
1.729788780212402344e-01
5.593156814575195312e-02
1.944756507873535156e-02
2.291798591613769531e-02
1.042342185974121094e-02
3.283953666687011719e-02
2.154209613800048828e-01
5.005177230834960938e+02
2.403520750999450684e+01
5.465507507324218750e-03
3.214080333709716797e-01
3.087453842163085938e-01
5.179338455200195312e-01
1.720423698425292969e-01
4.767918586730957031e-02
4.605340957641601562e-02
5.966591835021972656e-02
7.836890220642089844e-02
8.629441261291503906e-02
1.010584831237792969e-02
1.181697845458984375e-01
7.604861259460449219e-02
4.366683959960937500e-02
3.785777091979980469e-02
3.644037246704101562e-02
5.005764961242675781e-02
1.044132709503173828e-01
7.530641555786132812e-02
1.370818614959716797e-01
9.089660644531250000e-02
4.910763978958129883e+00
6.442267894744873047e-01
2.427046298980712891e-01
2.417111396789550781e-02
4.005312919616699219e-02
5.147719383239746094e-02
5.437183380126953125e-02
3.728117942810058594e-01
2.331161499023437500e-02
8.079743385314941406e-02
1.546990871429443359e-01
2.316975593566894531e-02
1.531767845153808594e-02
9.430742263793945312e-02
3.238395023345947266e+02
1.936936378479003906e-02
1.832380294799804688e-01
9.328198432922363281e-02
1.949286460876464844e-02
1.866602897644042969e-01
4.248023033142089844e-02
1.034164428710937500e-02
3.428125381469726562e-02
1.534477949142456055e+00
5.411839485168457031e-02
2.299271297454833984e+01
4.905796051025390625e-02
2.822661399841308594e-02
9.321391582489013672e-01
4.184675216674804688e-02
2.482913732528686523e+00
3.041459321975708008e+00
5.015004007816314697e+02
3.834491157531738281e+01
1.116797828674316406e+01
1.729681491851806641e-01
2.911138534545898438e-02
4.596089363098144531e+00
3.530168533325195312e-02
7.498049736022949219e-02
5.014252662658691406e-02
4.415678977966308594e-02
3.241610527038574219e-02
1.873826980590820312e-02
5.383610725402832031e-02
1.843988895416259766e-01
1.738834381103515625e-02
1.266691684722900391e-01
1.341772079467773438e-02
2.467565536499023438e-01
1.072503566741943359e+00
7.527160644531250000e-02
1.177728176116943359e-01
3.517396450042724609e-01
2.960920333862304688e-02
5.555081367492675781e-02
5.349683761596679688e-02
5.142976071834564209e+02
1.027534008026123047e-01
2.120733261108398438e-02
4.777264595031738281e-01
5.086849067211151123e+02
3.427219390869140625e-02
4.065585136413574219e-02
4.444670677185058594e-02
1.774131965637207031e+01
2.148917436599731445e+00
6.016278266906738281e-02
2.332418823242187500e+01
6.323719024658203125e-02
3.174304962158203125e-02
8.554973578453063965e+01
5.012356524467468262e+02
4.756188392639160156e-02
1.703643798828125000e-02
1.672685146331787109e-01
9.559917449951171875e-02
8.766102790832519531e-02
4.195685386657714844e+01
1.985406875610351562e-02
1.183638811111450195e+00
3.753192853927612305e+01
1.620101928710937500e-02
9.534335136413574219e-02
4.445219039916992188e-02
1.398730278015136719e-01
3.447222709655761719e-02
3.729557991027832031e-02
1.286474466323852539e+00
3.302955627441406250e-02
5.586433410644531250e-02
7.408356666564941406e-02
1.904821395874023438e-02
1.094806194305419922e-01
1.648306846618652344e-02
2.080893278121948242e+00
3.275942802429199219e-02
2.441193342208862305e+00
5.021078293323516846e+02
7.478833198547363281e-02
1.369063854217529297e-01
3.168058395385742188e-02
7.088112831115722656e-02
1.950526237487792969e-01
1.018185615539550781e-01
1.158595595359802246e+02
1.463096141815185547e-01
6.523656845092773438e-02
1.103948307037353516e+01
1.789562702178955078e-01
2.892713546752929688e-01
3.824710845947265625e-02
6.259394335746765137e+01
1.334807729721069336e+01
4.026055335998535156e-02
5.357742309570312500e-03
6.833011150360107422e+00
5.921268463134765625e-02
2.110719680786132812e-02
4.505095481872558594e-01
2.302169799804687500e-02
4.128861427307128906e-02
3.380894660949707031e-02
6.000137329101562500e-02
1.846003532409667969e-02
1.301890230178833008e+01
8.881926536560058594e-02
4.680418968200683594e-02
3.183984756469726562e-02
7.660579681396484375e-02
3.292946815490722656e-01
1.886417865753173828e-01
7.807791948318481445e+00
1.650745868682861328e-01
1.974020004272460938e-01
1.900231838226318359e-01
6.622862815856933594e-02
3.824329376220703125e-02
1.614189147949218750e-02
1.261420249938964844e-01
1.849994659423828125e-01
2.264738082885742188e-02
7.772183418273925781e-02
8.629322052001953125e-02
1.080315113067626953e-01
1.558923721313476562e-02
4.719809293746948242e+00
1.731562614440917969e-02
4.033732414245605469e-02
1.551251411437988281e-01
1.181159257888793945e+00
6.794047355651855469e-02
1.800734996795654297e-01
3.866386413574218750e-02
1.164031028747558594e-01
6.469178199768066406e-02
4.949140548706054688e-02
4.104137420654296875e-02
3.267741203308105469e-02
1.978447437286376953e-01
1.927537918090820312e-01
4.034066200256347656e-02
2.114288806915283203e-01
2.481937408447265625e-01
7.368707656860351562e-02
5.727243423461914062e-02
5.432701110839843750e-02
9.332227706909179688e-02
4.400732517242431641e-01
2.651906013488769531e-02
4.327917098999023438e-02
7.547354698181152344e-02
4.791045188903808594e-02
3.273701667785644531e-02
1.909008026123046875e-01
4.561948776245117188e-02
4.154896736145019531e-02
2.644681930541992188e-02
3.323125839233398438e-02
6.954789161682128906e-02
8.998309254646301270e+01
7.577562332153320312e-02
5.756855010986328125e-03
5.332112312316894531e-02
1.053380966186523438e-02
1.206383562088012695e+01
2.298996448516845703e-01
8.900833129882812500e-02
1.655960083007812500e-02
9.415524005889892578e-01
7.033944129943847656e-02
2.535057067871093750e-02
3.063368797302246094e-02
2.242040634155273438e-02
9.144520759582519531e-02
5.182003974914550781e-02
1.057451367378234863e+01
5.433053469657897949e+01
1.328580784797668457e+01
3.491587638854980469e-01
1.289258003234863281e-01
5.556280612945556641e-01
2.827024459838867188e-02
5.154132843017578125e-02
1.132659912109375000e-01
1.834780693054199219e+00
4.771065711975097656e-02
2.100665569305419922e-01
5.026275179386138916e+02
1.655435562133789062e-02
5.178419346809387207e+02
5.102715492248535156e-01
3.264329433441162109e-01
7.367348670959472656e-02
1.063382625579833984e-01
8.914518356323242188e-02
1.830462932586669922e+00
1.732206344604492188e-02
4.842081737518310547e+01
8.509922027587890625e-02
5.616331100463867188e-02
1.221585273742675781e-02
9.587182998657226562e-01
1.956603527069091797e-01
5.694794654846191406e-02
6.965303421020507812e-02
4.816269874572753906e-01
1.208827495574951172e-01
1.029777526855468750e-01
1.220397949218750000e-01
3.156948089599609375e-02
6.976294517517089844e-02
1.634883880615234375e-02
6.787300109863281250e-03
4.261374473571777344e-02
2.425644397735595703e-01
1.768338680267333984e-01
5.511379241943359375e-02
2.398586273193359375e-02
1.576883792877197266e+00
6.990242004394531250e-02
5.030709433555603027e+01
2.258229255676269531e-02
3.654109716415405273e+00
6.155562400817871094e-02
5.155071990489959717e+02
4.090332984924316406e-02
2.550816535949707031e-02
4.718089103698730469e-02
1.828532218933105469e-01
3.588223457336425781e-02
5.360102653503417969e-02
1.478619575500488281e-01
5.381016731262207031e-01
5.721914768218994141e-01
6.354975700378417969e-02
5.665969848632812500e-02
2.292308807373046875e-01
5.790948867797851562e-03
3.561105728149414062e-01
4.319241046905517578e-01
5.149796485900878906e+00
7.344198226928710938e-02
1.669964790344238281e-01
7.677125930786132812e-02
9.294223785400390625e-02
6.698513031005859375e-02
5.054991033077239990e+02
1.792049407958984375e-02
6.740859508514404297e+00
2.708275175094604492e+01
7.268762588500976562e-02
5.267238616943359375e-02
1.271095685958862305e+02
2.297234535217285156e-02
3.024911880493164062e-02
4.668569564819335938e-02
4.776740074157714844e-02
1.916410923004150391e-01
5.014801025390625000e-02
4.368588447570800781e+00
8.713555335998535156e-02
7.499384880065917969e-02
3.099727630615234375e-02
1.672220230102539062e-02
2.099370956420898438e-02
5.272865295410156250e-02
2.159714698791503906e-02
5.004056396484375000e+02
1.203943729400634766e+00
2.946279287338256836e+00
7.180213928222656250e-03
1.831752855777740479e+02
3.263309001922607422e-01
1.265251636505126953e-01
7.129120826721191406e-02
4.226088523864746094e-02
1.770105361938476562e-01
2.449297904968261719e-02
4.353117942810058594e-02
7.728219032287597656e-02
2.701568603515625000e-02
7.340979576110839844e-02
5.116772651672363281e-02
1.134235858917236328e-01
2.115108356475830078e+02
5.259561538696289062e-02
2.567636966705322266e-01
2.211692333221435547e-01
1.112738347053527832e+01
1.687343120574951172e-01
7.044816017150878906e-02
3.442907333374023438e-02
1.211974620819091797e-01
1.873230934143066406e-02
1.313996315002441406e-01
5.006967020034790039e+02
4.149389266967773438e-02
4.551362991333007812e-02
9.216880798339843750e-02
6.827211380004882812e-02
4.066443443298339844e-02
9.975004196166992188e-02
7.651329040527343750e-02
4.620146751403808594e-02
6.824908757209777832e+01
8.228945732116699219e-02
4.629898071289062500e-02
7.087945938110351562e-03
4.809403419494628906e-02
4.665951728820800781e-01
2.569603919982910156e-02
4.109477996826171875e-02
3.790903091430664062e-02
7.747054100036621094e-02
2.149629592895507812e-02
3.768312931060791016e-01
1.266314983367919922e-01
1.186814308166503906e+00
1.152873039245605469e-02
6.461858749389648438e-03
7.001876831054687500e-03
5.085563659667968750e-02
1.022338867187500000e-02
5.743646621704101562e-02
1.036500930786132812e-02
3.116822242736816406e-02
3.641581535339355469e-02
1.608850955963134766e-01
1.238369941711425781e-02
3.120677471160888672e-01
3.431081771850585938e-02
1.640942096710205078e-01
1.080465316772460938e-02
1.512098312377929688e-01
2.813410758972167969e-02
3.389716148376464844e-02
1.226181054115295410e+01
2.004671096801757812e-02
7.127213478088378906e-02
5.019535312652587891e+02
5.089783668518066406e-02
2.314901351928710938e-02
1.918227672576904297e-01
2.076864242553710938e-02
1.321752071380615234e-01
8.339190483093261719e-02
1.023292541503906250e-02
3.945016860961914062e-02
1.992456912994384766e-01
3.928089141845703125e-02
2.453327178955078125e-02
1.198053359985351562e-03
6.269142627716064453e-01
5.042880482673645020e+02
9.432959556579589844e-02
8.662359476089477539e+00
4.316645145416259766e+01
3.034729957580566406e-01
4.094624519348144531e-02
2.176094055175781250e-02
6.758499145507812500e-02
5.384063720703125000e-02
5.014135501384735107e+02
1.685268878936767578e-01
8.843278884887695312e-02
7.998633384704589844e-02
1.129846572875976562e-01
5.223567485809326172e-01
8.137106895446777344e-02
4.884791374206542969e-02
3.362631797790527344e-02
2.416754508018493652e+01
3.260540962219238281e-02
1.926350593566894531e-02
5.225777626037597656e-02
4.461765289306640625e-03
1.664310216903686523e+00
6.910276412963867188e-02
7.344291210174560547e-01
5.440552234649658203e-01
7.306480407714843750e-02
1.908867359161376953e-01
1.801872253417968750e-02
4.166889190673828125e-02
1.389575004577636719e-02
1.705482006072998047e-01
3.980233359336853027e+01
2.825522422790527344e-02
2.917699813842773438e+00
1.744294166564941406e-02
8.208751678466796875e-03
3.054833412170410156e-02
1.349668502807617188e-01
5.192852020263671875e-02
1.400640010833740234e-01
6.549739837646484375e-02
7.544136047363281250e-02
5.018982191085815430e+02
3.420066833496093750e-02
5.110473847389221191e+01
1.068184375762939453e-01
5.282807350158691406e-02
6.534547758102416992e+01
8.588242530822753906e-02
1.002423286437988281e+00
5.142211914062500000e-02
1.315305233001708984e-01
3.044567108154296875e-01
8.468365669250488281e-02
7.778179645538330078e-01
1.325423717498779297e-01
1.855137348175048828e-01
4.721425294876098633e+00
6.259799003601074219e-02
1.926941871643066406e-01
5.003139522075653076e+02
1.422982215881347656e-01
6.958150863647460938e-02
1.151294708251953125e-01
4.020428657531738281e-02
5.507683753967285156e-02
9.563779830932617188e-02
6.456446647644042969e-02
1.467876434326171875e-01
3.318142890930175781e-02
1.735215187072753906e-01
6.636738777160644531e-02
5.962944030761718750e-02
1.100230550765991211e+01
9.434461593627929688e-03
3.386411666870117188e-01
7.339358329772949219e-02
1.902198791503906250e-02
3.668737411499023438e-02
2.099800109863281250e-02
1.954698562622070312e-02
2.087347507476806641e-01
1.346175765991210938e+01
2.302069664001464844e-01
1.676297187805175781e-02
1.323847770690917969e-01
4.797935485839843750e-02
2.413427829742431641e-01
1.497766971588134766e-01
5.535221099853515625e-02
1.758980751037597656e-01
1.312815427780151367e+00
1.309859752655029297e-01
9.440207481384277344e-02
3.144335746765136719e-02
2.045536041259765625e-02
7.595252990722656250e-02
7.079505920410156250e-02
2.129268646240234375e-02
4.189991950988769531e-02
7.603526115417480469e-02
7.254374027252197266e-01
9.977674484252929688e-02
7.052397727966308594e-02
9.610431194305419922e-01
1.579809188842773438e-02
4.357440662384033203e+01
3.650324559211730957e+01
2.016829967498779297e+00
2.021741867065429688e-02
3.714489936828613281e-02
2.747583389282226562e-02
1.699519157409667969e-02
3.262999057769775391e-01
4.258298873901367188e-02
3.751420974731445312e-02
5.947351455688476562e-03
8.550238609313964844e-02
4.420571327209472656e-01
1.056776046752929688e-01
3.958415985107421875e-02
3.623175621032714844e-02
1.515036444664001465e+02
1.592201471328735352e+01
1.314446926116943359e-01
3.123106694221496582e+01
4.897475242614746094e-02
1.491098403930664062e-01
6.274497509002685547e+00
7.274403572082519531e-01
1.292002201080322266e-01
9.818077087402343750e-02
1.969861984252929688e-02
5.790281987190246582e+01
5.839443206787109375e-02
2.151751518249511719e-02
3.522872924804687500e-02
6.325149536132812500e-02
3.231716156005859375e-02
1.411073207855224609e-01
7.758808135986328125e-02
3.465390205383300781e-02
2.183208465576171875e-01
7.025504112243652344e-02
7.792019844055175781e-02
1.511690378189086914e+00
3.297472000122070312e-02
2.677369117736816406e-02
1.127372026443481445e+00
1.022279262542724609e-01
9.671211242675781250e-02
4.674210548400878906e-01
3.266191482543945312e-02
1.216585636138916016e-01
2.694153785705566406e-02
4.326552152633666992e+00
4.907414913177490234e-01
1.216826438903808594e-01
5.990266799926757812e-03
3.331916332244873047e-01
2.269029617309570312e-02
5.496335029602050781e-02
3.609180927276611328e+00
3.272247314453125000e-02
1.344361305236816406e-01
7.557226729393005371e+01
3.521156311035156250e-02
3.099346160888671875e-02
6.530618667602539062e-02
1.695697307586669922e-01
1.966352462768554688e-01
3.183238506317138672e-01
1.728129386901855469e-02
4.263257980346679688e-02
2.968025207519531250e-02
1.769132614135742188e-01
4.919934272766113281e-02
4.486608505249023438e-02
5.795073509216308594e-02
2.405762672424316406e-02
3.928296566009521484e-01
7.241773605346679688e-02
5.327463150024414062e-02
5.010511634349822998e+02
1.322782039642333984e-01
6.163620948791503906e-02
5.217162609100341797e+01
5.485606193542480469e-02
4.264593124389648438e-02
1.463651657104492188e-03
3.146696090698242188e-02
4.127025604248046875e-03
1.016431522369384766e+01
5.008487005233764648e+02
4.868507385253906250e-03
2.042055130004882812e-02
8.070802688598632812e-02
3.624584674835205078e-01
3.508901596069335938e-02
5.756235122680664062e-02
1.438621783256530762e+01
1.220166683197021484e-01
3.423881530761718750e-02
2.246594429016113281e-02
7.755541801452636719e-02
1.122558355331420898e+00
5.868077278137207031e-02
2.587389945983886719e-02
3.979969024658203125e-02
5.050849914550781250e-02
1.357531547546386719e-02
1.703667402267456055e+00
1.995124816894531250e-01
5.017776257991790771e+02
1.241943836212158203e-01
7.168102264404296875e-02
8.589193820953369141e-01
1.906323432922363281e-02
3.743052482604980469e-02
7.819399118423461914e+00
1.321038842201232910e+01
4.338359832763671875e-02
7.639384269714355469e-02
8.343365192413330078e-01
9.149074554443359375e-03
5.771894454956054688e-01
7.154965400695800781e-02
1.727781295776367188e-01
9.922122955322265625e-02
1.307167053222656250e+00
1.418771743774414062e-01
4.604291915893554688e-02
1.798987388610839844e-02
1.303381299972534180e+01
1.095757484436035156e-01
1.266231536865234375e-01
2.890837192535400391e-01
1.285398006439208984e-01
2.392940044403076172e+00
1.658136548995971680e+02
1.459960937500000000e-01
9.093475341796875000e-02
5.597043037414550781e-02
3.925633430480957031e-01
1.000270843505859375e-01
3.800650095939636230e+01
1.837658882141113281e-02
6.429314613342285156e-02
3.908967971801757812e-02
7.649866533279418945e+01
3.063058853149414062e-02
1.369084191322326660e+01
9.836244583129882812e-01
3.474164009094238281e-02
5.126619338989257812e-01
2.997899055480957031e-02
1.438963413238525391e-01
9.449076652526855469e-02
7.989907264709472656e-02
6.345748901367187500e-02
2.980961799621582031e-01
1.358678340911865234e-01
1.276295185089111328e-01
2.361679077148437500e-02
1.437115669250488281e-01
5.750029087066650391e-01
1.566600799560546875e-02
1.063840389251708984e-01
9.898471832275390625e-02
1.474485397338867188e-01
2.356433868408203125e-02
5.008661446571350098e+02
2.419567108154296875e-02
2.609478235244750977e+00
1.429245471954345703e-01
7.687544822692871094e-02
4.989972114562988281e-01
5.206894874572753906e-02
1.215345859527587891e-01
2.798151969909667969e-02
3.690290451049804688e-02
1.625514030456542969e-02
5.191183090209960938e-02
2.869987487792968750e-02
5.236840248107910156e-02
4.287433624267578125e-02
1.125531196594238281e-01
2.879405021667480469e-02
4.506874084472656250e-02
2.174959397315979004e+01
2.024888992309570312e-02
1.556944847106933594e-02
5.651507377624511719e-01
5.607890844345092773e+00
6.676912307739257812e-02
3.406929969787597656e-02
3.088998794555664062e-02
3.511138916015625000e+01
2.573037147521972656e-02
1.647903919219970703e-01
1.535320281982421875e-02
3.659772872924804688e-02
6.685352325439453125e-02
3.414900302886962891e-01
6.476893186569213867e+00
1.248562335968017578e-01
9.678626060485839844e-02
1.038116216659545898e+00
7.232527017593383789e+00
1.550745964050292969e-02
4.154801368713378906e-02
8.927822113037109375e-02
1.572608947753906250e-02
4.181241989135742188e-02
1.425402164459228516e-01
5.141483583450317383e+02
6.490874290466308594e-01
2.306563854217529297e-01
1.265182495117187500e-01
2.018451690673828125e-02
2.568142414093017578e-01
8.769702911376953125e-02
5.823898315429687500e-02
4.475092887878417969e-02
3.296642303466796875e-01
5.832743644714355469e-02
8.416140794754028320e+00
3.253269195556640625e-02
7.144045829772949219e-02
1.443676948547363281e-01
1.326718330383300781e-01
1.404044628143310547e-01
3.054356575012207031e-02
1.027569770812988281e-01
2.396605014801025391e-01
3.530087471008300781e-01
3.701424598693847656e-02
2.789781093597412109e-01
4.446482658386230469e-02
4.844307899475097656e-02
3.906109333038330078e-01
1.882457733154296875e-02
2.321481704711914062e-02
2.122116088867187500e-02
1.670203208923339844e-01
1.160430908203125000e-02
6.190466880798339844e-02
1.662893295288085938e-01
8.940052986145019531e-02
4.326759817600250244e+02
1.590294837951660156e-01
2.439737319946289062e-02
3.994464874267578125e-02
1.747297763824462891e+00
1.450314521789550781e-01
5.060315132141113281e-02
4.186730146408081055e+00
5.183289051055908203e-01
9.816405773162841797e-01
2.944190502166748047e-01
9.102702140808105469e-02
1.040525436401367188e-01
8.164310455322265625e-02
2.116155624389648438e-02
2.069182395935058594e-01
5.168795585632324219e-02
5.249023437500000000e-03
2.029466629028320312e-02
1.390757560729980469e-01
1.094539165496826172e-01
1.431286334991455078e-01
3.547260713577270508e+01
2.597310543060302734e-01
9.256625175476074219e-02
4.307270050048828125e-02
1.540999412536621094e-01
9.229040145874023438e-02
1.634061336517333984e-01
2.225303649902343750e-02
6.878212690353393555e+00
6.189799308776855469e-02
4.681627750396728516e-01
7.160925865173339844e-02
5.577659606933593750e-02
1.288642883300781250e-01
4.362606668472290039e+02
7.753396034240722656e-02
6.471633911132812500e-03
8.656930923461914062e-02
3.860688209533691406e-02
7.452034950256347656e-02
3.435349464416503906e-02
4.699108600616455078e-01
7.078838348388671875e-02
1.173319816589355469e-01
9.223501682281494141e-01
2.718424797058105469e-02
3.296327590942382812e-02
6.864857673645019531e-01
5.434966087341308594e-02
1.182126998901367188e-02
4.907608032226562500e-02
1.878180503845214844e-01
5.738782882690429688e-02
6.809900999069213867e+00
4.970087051391601562e+00
4.644680023193359375e-02
2.143025398254394531e-02
7.105875015258789062e-02
2.533099651336669922e-01
1.171379089355468750e-01
6.798481941223144531e-02
2.162718772888183594e-02
2.242064476013183594e-02
7.650637626647949219e-02
1.172366142272949219e-01
6.076860427856445312e-02
5.902528762817382812e-02
2.231502532958984375e-02
1.876020431518554688e-02
6.755042076110839844e-02
4.485156536102294922e-01
6.072337627410888672e-01
1.711063385009765625e-01
4.679179191589355469e-02
4.364442825317382812e-02
5.019186313152313232e+02
2.379894256591796875e-03
4.449915885925292969e-02
6.510925292968750000e-02
4.289698600769042969e-02
7.873487472534179688e-02
3.572535514831542969e-02
5.052328109741210938e-02
3.458805084228515625e-01
6.299421787261962891e-01
3.903174400329589844e-02
7.975296974182128906e-01
6.983034610748291016e-01
4.447507858276367188e-02
5.597445964813232422e-01
2.144799232482910156e-01
1.361471128463745117e+01
1.122490835189819336e+01
4.262471199035644531e-02
1.560711860656738281e-02
8.380913734436035156e-02
8.253335952758789062e-02
4.375724172592163086e+01
7.846558094024658203e-01
8.901166915893554688e-02
6.918685913085937500e+00
3.072190284729003906e-02
2.532122135162353516e-01
1.170072555541992188e-01
8.499121665954589844e-02
2.494335174560546875e-02
6.631517410278320312e-02
6.886959075927734375e-02
3.373789787292480469e-02
5.918598175048828125e-02
3.513727188110351562e-01
1.012113094329833984e-01
7.700252532958984375e-02
1.533985137939453125e-02
5.579423904418945312e-02
2.628636360168457031e-02
4.646348953247070312e-02
6.098198890686035156e-02
2.600669860839843750e-02
6.315565109252929688e-02
1.457066535949707031e-01
8.663797378540039062e-02
3.464198112487792969e-02
2.621388435363769531e-02
4.358625411987304688e-02
1.085388660430908203e-01
5.908560752868652344e-02
3.666853904724121094e-02
6.155061721801757812e-02
2.233052253723144531e-02
2.801704406738281250e-02
2.393889427185058594e-02
2.378582954406738281e-02
3.198814392089843750e-02
2.780673503875732422e-01
5.173373448848724365e+02
2.814888954162597656e-02
5.708599090576171875e-02
3.515363931655883789e+00
2.711024284362792969e-01
2.402260303497314453e-01
7.628273963928222656e-02
1.534942388534545898e+00
1.654052734375000000e-02
9.033961296081542969e-01
1.315257549285888672e-01
1.494264602661132812e-02
1.445698738098144531e-02
1.372168064117431641e-01
5.265545845031738281e-02
1.157021522521972656e-02
4.261612892150878906e-02
1.262903213500976562e-03
2.024009370803833008e+01
4.084420204162597656e-02
2.067494392395019531e-02
7.578516006469726562e-02
2.089357376098632812e-02
6.537961959838867188e-02
1.464047670364379883e+00
4.597592353820800781e-02
1.161470413208007812e-01
5.067830376625061035e+02
7.774128913879394531e-01
6.325578689575195312e-02
2.659201622009277344e-02
3.105139732360839844e-02
2.709076404571533203e-01
7.068395614624023438e-02
7.148957252502441406e-02
4.593086242675781250e-02
5.944418907165527344e-02
2.700710296630859375e-02
1.103017330169677734e-01
7.169842720031738281e-02
6.388685703277587891e-01
2.006411552429199219e-02
4.203081130981445312e-03
1.399874687194824219e-01
5.046010017395019531e-02
1.022582054138183594e-01
3.170919418334960938e-02
5.208417415618896484e+00
1.131367683410644531e-01
2.341818809509277344e-02
1.321666240692138672e-01
1.211452484130859375e-02
4.249691963195800781e-02
1.807046413421630859e+00
1.787679195404052734e-01
6.119012832641601562e-02
2.253699302673339844e-02
3.836560249328613281e-02
2.029609680175781250e-02
2.249236440658569336e+01
1.161880493164062500e-01
3.954052925109863281e-02
4.464077949523925781e-02
4.935503005981445312e-02
2.896466255187988281e-01
1.611161231994628906e-02
3.312826156616210938e-02
5.068039894104003906e-02
2.570366859436035156e-02
9.501218795776367188e-02
1.738834381103515625e-02
5.313682556152343750e-02
2.305436134338378906e-02
1.608347892761230469e-02
3.978119659423828125e+01
1.102974305152893066e+02
7.489790153503417969e+01
2.208018302917480469e-02
2.128922939300537109e-01
4.545044898986816406e-02
6.124663352966308594e-02
5.959010124206542969e-02
9.715874195098876953e-01
3.205326318740844727e+01
1.592803001403808594e-02
1.617956161499023438e-02
4.693460464477539062e-02
5.769944190979003906e-02
4.543820619583129883e+00
6.344267129898071289e+00
1.188015937805175781e-02
6.414389610290527344e-02
2.027242183685302734e-01
3.157782554626464844e-02
2.579808235168457031e-02
5.948853492736816406e-02
1.334755420684814453e-01
1.281983852386474609e-01
4.011154174804687500e-02
5.054235458374023438e-02
3.488063812255859375e-02
8.350181579589843750e-02
8.635568618774414062e-02
7.823338508605957031e-01
3.616204261779785156e-01
3.559827804565429688e-02
4.843163490295410156e-02
4.594326019287109375e-02
1.597549915313720703e-01
4.848384857177734375e-02
1.997065544128417969e-02
7.409906387329101562e-02
3.283057212829589844e-01
1.253621578216552734e-01
6.046867370605468750e-02
3.573536872863769531e-02
5.010982668399810791e+02
1.624345779418945312e-02
2.788734436035156250e-02
4.176044464111328125e-02
2.778234481811523438e-01
6.029677391052246094e-02
4.751491546630859375e-02
2.546435904502868652e+01
4.088687896728515625e-02
5.231727123260498047e+00
1.152276992797851562e-02
5.435967445373535156e-02
7.530403375625610352e+00
1.349449708461761475e+02
2.595591545104980469e-02
1.711266994476318359e+00
1.112487339973449707e+01
2.491259574890136719e-02
1.518142223358154297e-01
9.152412414550781250e-03
6.445002555847167969e-02
6.732580661773681641e-01
1.390254497528076172e-01
5.944919586181640625e-01
1.596655845642089844e-01
3.004169464111328125e-02
5.021720569133758545e+02
4.480814933776855469e-02
2.535581588745117188e-02
7.154536247253417969e-02
1.716232299804687500e-02
2.301049232482910156e-01
4.341268539428710938e-02
4.193949699401855469e-02
2.387499809265136719e-02
7.634250402450561523e+01
1.371219158172607422e-01
7.423830032348632812e-02
1.371889114379882812e-01
9.651494026184082031e-02
1.200532913208007812e-02
3.789825439453125000e-01
1.975219249725341797e-01
4.380226135253906250e-02
1.535048484802246094e-01
3.045558929443359375e-03
3.354837346076965332e+01
4.569087028503417969e-01
5.003449163436889648e+02
1.690721511840820312e-02
1.740992069244384766e-01
1.258060288429260254e+01
6.446027755737304688e-02
2.451753616333007812e-02
2.153539657592773438e-02
5.145835876464843750e-02
8.065438270568847656e-02
2.368283271789550781e-02
1.229398250579833984e-01
5.000123450756072998e+02
3.817701339721679688e-02
4.816007614135742188e-02
3.748798370361328125e-02
1.648697853088378906e-01
6.584715843200683594e-02
6.417982339859008789e+00
7.127046585083007812e-03
1.159903335571289062e+01
2.409315109252929688e-02
1.010314917564392090e+01
3.930974006652832031e-02
2.221298217773437500e-02
3.812801837921142578e-01
4.081123113632202148e+01
5.876350402832031250e-02
1.823425292968750000e-02
1.518975043296813965e+01
6.488041877746582031e-01
3.098671913146972656e+00
2.268934249877929688e-02
1.182258129119873047e-01
3.157807588577270508e+00
2.525210380554199219e-02
3.843569755554199219e-02
1.194283962249755859e-01
4.024171829223632812e-02
3.390336036682128906e-02
2.147412300109863281e-02
1.166582107543945312e-03
1.205849647521972656e-02
4.209542274475097656e-02
2.517175674438476562e-02
5.209302902221679688e-02
3.586292266845703125e-02
6.865715980529785156e-02
1.889300346374511719e-02
2.031922340393066406e-02
4.887318611145019531e-02
2.233526706695556641e-01
5.593061447143554688e-03
6.635665893554687500e-02
2.180099487304687500e-02
1.654005050659179688e-02
5.013746051788330078e+02
2.882552146911621094e-02
8.742271184921264648e+00
8.155202865600585938e-02
7.951974868774414062e-02
3.330492973327636719e-02
2.108275890350341797e-01
5.123353004455566406e-02
3.855037617683410645e+01
9.255027770996093750e-02
1.050717139244079590e+01
3.194522857666015625e-02
4.073619842529296875e-02
4.259061813354492188e-02
2.176337242126464844e-01
1.611304283142089844e-02
7.016968727111816406e-02
1.738061714172363281e+01
3.793478012084960938e-02
6.255507469177246094e-02
9.030580520629882812e-02
4.971265792846679688e-02
1.788589954376220703e-01
9.710835218429565430e+00
2.281165122985839844e-02
1.395964622497558594e-02
2.793097496032714844e-02
5.007354104518890381e+02
1.137583255767822266e-01
7.820057868957519531e-02
6.616501808166503906e-01
1.714019775390625000e-01
4.654860496520996094e-02
6.078648090362548828e+00
1.907801628112792969e-02
7.561550617218017578e+00
5.003094673156738281e-02
1.948082447052001953e-01
8.249688148498535156e-02
1.102650165557861328e-01
1.618225574493408203e-01
4.820919036865234375e-02
2.114439010620117188e-02
1.510071754455566406e-02
1.493124961853027344e-01
3.316473960876464844e-02
6.606817245483398438e-02
4.420141363143920898e+01
1.073446273803710938e-01
6.112837791442871094e-02
2.181410789489746094e-02
2.587556838989257812e-02
6.443333625793457031e-02
1.189234256744384766e-01
4.260849952697753906e-02
1.411535739898681641e-01
2.112243175506591797e-01
1.888244152069091797e-01
1.111042499542236328e-01
6.438598871231079102e+00
2.679371833801269531e-02
5.019769997596740723e+02
1.546502113342285156e-02
1.673805236816406250e+00
1.460924148559570312e-01
6.039344787597656250e+00
4.443812370300292969e-02
6.011915206909179688e-02
1.518857479095458984e-01
5.683469772338867188e-02
9.855461120605468750e-02
5.729770660400390625e-02
6.436467170715332031e-02
1.733849287033081055e+00
1.577985286712646484e-01
5.002919166088104248e+02
2.376461029052734375e-01
4.941084122657775879e+01
3.147959709167480469e-02
5.496573448181152344e-02
4.274702072143554688e-02
3.719682693481445312e-01
1.531751155853271484e-01
5.011445517539978027e+02
1.002860069274902344e-02
2.161884307861328125e-01
1.258397102355957031e-02
1.455998420715332031e-02
6.952929496765136719e-02
9.418399333953857422e-01
5.284049510955810547e-01
4.384503364562988281e-01
1.551604270935058594e-01
5.006168611049652100e+02
7.488393783569335938e-02
4.193806648254394531e-02
4.087448120117187500e-02
4.217791557312011719e-02
4.538011550903320312e-02
3.248262405395507812e-02
1.400864744186401367e+01
1.285219192504882812e-01
2.475905418395996094e-02
6.244611740112304688e-02
3.466868400573730469e-02
1.293904781341552734e-01
6.422495841979980469e-02
5.002555496692657471e+02
5.726385116577148438e-02
1.517455577850341797e-01
4.378914833068847656e-02
8.514106273651123047e-01
5.567979812622070312e-02
1.791482210159301758e+00
2.197313308715820312e-02
2.674174308776855469e-02
8.939725637435913086e+00
2.786715030670166016e-01
2.594399452209472656e-02
6.967825889587402344e+00
2.793192863464355469e-02
3.749275207519531250e-02
1.787352561950683594e-02
8.905809402465820312e+00
4.205656051635742188e-01
1.942276954650878906e-02
1.150646400451660156e+01
1.867291927337646484e-01
4.578924179077148438e-02
4.953036308288574219e-01
5.143570899963378906e-02
7.796925377845764160e+01
2.192401885986328125e-02
3.438377380371093750e-02
1.461610794067382812e-01
2.594260215759277344e+00
2.112733125686645508e+00
8.266210556030273438e-02
1.749684810638427734e-01
3.453588485717773438e-02
9.992861747741699219e-02
3.359444952011108398e+01
1.404533386230468750e-01
4.928040504455566406e-02
5.065961837768554688e+00
1.928019523620605469e-02
4.032635688781738281e-02
1.925420761108398438e-02
3.569841384887695312e-02
3.950381278991699219e-02
2.971649169921875000e-02
3.155326843261718750e-02
4.765629768371582031e-02
1.794123649597167969e-02
2.255606651306152344e-02
9.186816215515136719e-02
2.881908416748046875e-02
1.505923271179199219e-02
7.739138603210449219e-02
1.410136222839355469e-01
7.402586936950683594e-02
1.601982116699218750e-02
9.409666061401367188e-02
1.781728267669677734e-01
5.497290134429931641e+00
1.603024005889892578e-01
9.250569343566894531e-01
3.280925750732421875e-02
7.764673233032226562e-02
7.532930374145507812e-02
3.059577941894531250e-02
5.592188596725463867e+01
4.868912696838378906e-02
9.937715530395507812e-02
6.860685348510742188e-02
6.261086463928222656e-02
2.348654747009277344e+00
1.258009433746337891e+00
9.662532806396484375e-02
1.154949665069580078e-01
6.001520156860351562e-02
3.377175331115722656e-02
4.581635999679565430e+01
4.421925544738769531e-02
9.625351428985595703e-01
2.551450729370117188e-01
6.364369797706604004e+01
5.070894198417663574e+02
9.544229507446289062e-02
1.755937337875366211e+00
8.890175819396972656e-02
2.012453079223632812e-01
1.210080385208129883e+00
3.468894958496093750e-02
1.744294166564941406e-01
3.516769409179687500e-02
1.111307144165039062e-01
1.140840053558349609e-01
1.621925830841064453e-01
2.055389881134033203e-01
5.013139193058013916e+02
6.573414802551269531e-02
5.939745903015136719e-02
2.246403694152832031e-02
1.013908386230468750e-01
1.078884601593017578e-01
4.367113113403320312e-02
2.097544670104980469e-01
1.859307289123535156e-02
2.434089183807373047e-01
2.061498165130615234e-01
4.155206680297851562e-02
2.543735504150390625e-02
1.401415061950683594e+01
1.510715484619140625e-01
9.038751125335693359e-01
7.288828015327453613e+01
1.020592355728149414e+01
1.956758499145507812e-01
1.568520069122314453e-01
3.577280044555664062e-02
7.102587699890136719e+00
1.475326299667358398e+01
2.580127716064453125e-01
2.990458488464355469e+00
2.773022651672363281e-02
1.021194458007812500e-01
5.067335369586944580e+02
2.324399948120117188e-01
6.316971778869628906e-02
8.136701583862304688e-02
1.226231336593627930e+00
8.244016170501708984e-01
3.471922874450683594e-02
1.700639724731445312e-02
1.368006944656372070e+00
1.269483566284179688e-01
6.044285297393798828e-01
5.020806610584259033e+02
4.408144950866699219e-02
3.582739233970642090e+01
2.858312129974365234e-01
3.012709593772888184e+01
3.008022308349609375e-01
7.874560356140136719e-02
7.850170135498046875e-01
6.156945228576660156e-02
5.003666050434112549e+02
2.863693237304687500e-02
1.899495124816894531e-01
3.578855991363525391e-01
1.551542282104492188e-01
7.286381721496582031e-02
1.963615417480468750e-02
8.193898200988769531e-02
6.258320808410644531e-02
1.020166873931884766e-01
4.809856414794921875e-03
2.404880213737487793e+01
6.805854415893554688e+01
7.719802856445312500e-01
2.831315994262695312e-02
1.275990009307861328e-01
4.201579093933105469e-02
2.260376214981079102e+00
3.163166046142578125e-01
6.371665000915527344e-02
8.965563774108886719e-02
2.035356044769287109e+00
2.083318109512329102e+02
7.321405410766601562e-02
1.154613494873046875e-02
1.120636463165283203e-01
2.775382995605468750e-02
1.511423587799072266e-01
1.386017799377441406e-01
7.970910072326660156e-01
2.149248123168945312e-02
5.951166152954101562e-02
1.018910408020019531e-01
2.944302558898925781e-02
2.062421135902404785e+02
3.678584098815917969e-02
4.487586021423339844e-02
1.343026161193847656e-01
1.457087993621826172e-01
2.283768653869628906e-01
6.149294376373291016e-01
3.093957901000976562e-02
1.063978672027587891e-01
3.840756416320800781e-02
1.039113903045654297e+01
7.241339683532714844e-01
2.018748452663421631e+02
8.681154251098632812e-02
9.926944494247436523e+00
3.605642318725585938e-01
4.602694511413574219e-02
2.432902693748474121e+01
9.497022628784179688e-02
7.268476486206054688e-02
1.882587814331054688e+01
1.419043540954589844e-02
7.648253440856933594e-02
4.017090797424316406e-02
8.675479888916015625e-02
3.861427307128906250e-02
1.271152496337890625e+00
5.007512807846069336e+02
2.602648019790649414e+00
2.931380271911621094e-02
3.655513215065002441e+01
8.272910118103027344e-02
1.928043365478515625e-01
3.816521167755126953e-01
2.549886703491210938e-03
5.155134201049804688e-02
7.510185241699218750e-02
6.708192825317382812e-02
3.563747406005859375e-01
1.449952125549316406e-01
9.490561485290527344e-02
8.190155029296875000e-02
7.815933227539062500e-02
5.140330791473388672e-01
3.663730621337890625e-02
4.864048957824707031e-02
9.621953964233398438e-02
6.286401748657226562e-01
2.728496789932250977e+00
1.430780887603759766e-01
6.173038482666015625e-02
1.480388641357421875e-01
9.461927413940429688e-02
1.843986988067626953e+00
8.615303039550781250e-02
3.100347518920898438e-01
2.282635688781738281e+00
3.225708007812500000e-02
4.420995712280273438e-02
7.396268844604492188e-02
3.215985298156738281e-01
7.584261894226074219e-02
6.493735313415527344e-02
7.626795768737792969e-02
1.294312477111816406e-01
8.881425857543945312e-02
1.380059719085693359e-01
1.177635192871093750e-01
3.517231941223144531e-01
1.059334278106689453e-01
6.434640884399414062e-01
8.251190185546875000e-02
7.369542121887207031e-02
3.398549079895019531e+00
6.986641883850097656e-02
1.126692295074462891e-01
1.539793014526367188e-01
2.039219617843627930e+00
1.114814281463623047e-01
9.346818923950195312e-02
1.452407836914062500e-01
2.989768981933593750e-03
6.524619984626770020e+01
4.353456497192382812e-01
7.711148262023925781e-02
2.486896514892578125e-02
5.872797966003417969e-02
2.559115886688232422e-01
4.741766929626464844e+00
1.161248683929443359e-01
1.360945701599121094e-01
1.021940708160400391e-01
5.629720377922058105e+01
4.341816902160644531e-02
3.960108757019042969e-02
4.067070484161376953e-01
9.956526756286621094e-02
5.003102309703826904e+02
4.024457931518554688e-02
4.959273338317871094e-02
3.018188476562500000e-02
6.540393829345703125e-02
1.946070194244384766e-01
1.706075668334960938e-02
3.287434577941894531e-02
2.246901988983154297e-01
1.755654811859130859e-01
1.635742187500000000e-02
2.566041803359985352e+01
2.375090885162353516e+01
4.584531784057617188e-01
2.911353111267089844e-02
5.538916587829589844e-02
5.702610015869140625e-01
1.714107394218444824e+01
3.340609073638916016e+00
4.133844375610351562e-02
5.825567245483398438e-02
1.159334182739257812e-01
1.268506050109863281e-02
2.862143516540527344e-02
2.415323257446289062e-02
4.268932342529296875e-02
7.910799980163574219e-02
1.142635345458984375e-01
4.531145095825195312e-03
6.496238708496093750e-02
8.695816993713378906e-02
5.967779874801635742e+00
9.993505477905273438e-02
8.257532119750976562e-02
2.337591648101806641e-01
1.133568048477172852e+00
1.840639114379882812e-01
2.020149230957031250e-01
3.079810142517089844e-01
1.725621223449707031e-01
1.114763021469116211e+00
5.340123176574707031e-02
8.583774566650390625e-01
1.417984962463378906e-01
3.844583034515380859e-01
1.482551097869873047e-01
1.673686504364013672e-01
2.981010675430297852e+01
4.126739501953125000e-02
4.418134689331054688e-03
3.720283508300781250e-03
8.722097873687744141e-01
6.290817260742187500e-02
1.636857986450195312e-01
6.097531318664550781e-02
8.868908882141113281e-02
4.676365852355957031e-02
4.105734825134277344e-02
6.434798240661621094e-02
1.296956539154052734e-01
1.756205558776855469e-01
2.051907818317413330e+02
4.581809043884277344e-02
2.624125003814697266e+00
2.337002754211425781e-02
3.708839416503906250e-02
8.853316307067871094e-02
3.364610671997070312e-02
1.195683479309082031e-01
4.240059852600097656e-02
2.121758460998535156e-02
5.161395072937011719e-01
7.858088254928588867e+00
1.345515251159667969e-02
4.717087745666503906e-02
3.830909729003906250e-03
1.608023643493652344e-01
4.890942573547363281e-02
8.857989311218261719e-02
1.926848039627075195e+02
1.392679214477539062e-01
1.978337764739990234e-01
9.978199005126953125e-02
5.013572192192077637e+02
6.746029853820800781e-02
2.996466159820556641e-01
6.025721049308776855e+01
1.353704929351806641e-01
9.528422355651855469e-02
1.116401433944702148e+00
1.007146835327148438e-01
1.343229746818542480e+01
2.918219566345214844e-02
1.914501190185546875e-01
8.273291587829589844e-02
7.277107238769531250e-02
2.978134155273437500e-02
1.489567756652832031e-02
5.010582227706909180e+02
4.964961051940917969e+00
6.770438313484191895e+01
1.907467842102050781e-02
1.779580116271972656e-02
1.306881904602050781e-01
3.561067581176757812e-02
2.426481246948242188e-01
3.116750717163085938e-02
6.122517585754394531e-02
4.079239368438720703e-01
1.706790924072265625e-02
9.683775901794433594e-02
2.431321144104003906e-02
6.140804290771484375e-02
1.848556995391845703e-01
9.010934829711914062e-02
4.735589027404785156e-02
1.029560565948486328e-01
1.818652153015136719e-01
5.008628790378570557e+02
2.691030502319335938e-02
4.214477539062500000e-02
1.008570194244384766e-01
2.104473114013671875e-02
7.207417488098144531e-02
1.570606231689453125e-02
2.457394599914550781e-01
5.188763141632080078e-01
7.372784614562988281e-02
3.799164295196533203e-01
1.123039245605468750e+00
3.516578674316406250e-02
5.073118209838867188e-02
2.780685424804687500e-01
4.750156402587890625e-02
5.221199989318847656e-02
2.878427505493164062e-02
1.468176841735839844e-01
1.475667953491210938e-01
1.410385274887084961e+01
1.574802398681640625e-02
2.695625782012939453e+00
6.485843658447265625e-02
1.019089221954345703e-01
3.754495072364807129e+01
7.355427742004394531e-02
6.387038230895996094e-01
2.826375961303710938e-01
2.260756492614746094e-02
1.177203655242919922e-01
7.512807846069335938e-02
4.133462905883789062e-02
1.921653747558593750e-02
5.013724925518035889e+02
2.318859100341796875e-03
8.120179176330566406e-02
3.612852096557617188e-02
2.330577373504638672e-01
7.239508628845214844e-02
2.147862911224365234e-01
2.909851074218750000e-02
1.782171726226806641e-01
1.398167610168457031e-01
1.204898357391357422e-01
6.995418071746826172e+00
1.118427464962005615e+02
9.940631389617919922e-01
2.098319530487060547e-01
1.347814369201660156e+01
7.601022720336914062e-02
3.829455375671386719e-02
5.886390209197998047e-01
1.077450037002563477e+00
1.142864227294921875e-01
1.188113689422607422e-01
5.301666259765625000e-02
1.438032913208007812e+01
4.799962043762207031e-02
1.255130767822265625e-01
5.345106124877929688e-03
3.012228012084960938e-02
8.847117424011230469e-02
3.942060470581054688e-02
1.142828464508056641e-01
3.554368019104003906e-02
1.965785026550292969e-02
3.319954872131347656e-02
6.830382347106933594e-02
2.330946922302246094e-02
3.049564361572265625e-02
1.295661008358001709e+02
8.712792396545410156e-02
1.058201789855957031e-01
5.184221267700195312e-02
1.455440521240234375e-01
4.724838733673095703e-01
5.000073134899139404e+02
3.675727128982543945e+00
1.965150833129882812e-01
2.168602943420410156e-01
4.284429550170898438e-02
1.342029571533203125e-01
9.797596931457519531e-02
3.901743888854980469e-02
7.294154167175292969e-02
4.728078842163085938e-02
6.144762039184570312e-03
2.709534168243408203e-01
1.054468393325805664e+00
1.228933334350585938e-01
3.068470954895019531e-02
5.000170156955718994e+02
6.755924224853515625e-02
1.768851280212402344e-02
2.894663810729980469e-02
6.303238868713378906e-02
6.979441642761230469e-02
1.000669717788696289e+00
5.599761009216308594e-02
8.649853944778442383e+00
4.329033279418945312e+01
9.838953018188476562e-01
3.539824485778808594e-02
4.105806350708007812e-02
2.862067222595214844e-01
4.504585266113281250e-02
2.189230918884277344e-02
3.144669532775878906e-02
1.946656703948974609e-01
4.499268531799316406e-02
5.562758445739746094e-02
4.696631431579589844e-02
4.630160331726074219e-02
2.241539955139160156e-02
5.013719725608825684e+02
9.870290756225585938e-03
1.237902641296386719e-01
7.441353797912597656e-02
1.168732643127441406e-01
2.348732948303222656e-02
7.849502563476562500e-02
1.195025444030761719e-02
1.415562629699707031e-02
3.899478912353515625e-02
1.197388172149658203e-01
4.765510559082031250e-02
7.447457313537597656e-02
4.394364356994628906e-02
3.316593170166015625e-02
1.428062915802001953e-01
2.532625198364257812e-02
1.196799278259277344e-01
5.259907245635986328e-01
6.259369850158691406e-02
1.562237739562988281e-02
1.134164094924926758e+00
6.503000259399414062e-01
5.999350547790527344e-02
2.832269668579101562e-02
3.720140457153320312e-02
1.701999664306640625e+01
6.524109840393066406e-02
8.227872848510742188e-02
5.004831378459930420e+02
9.888291358947753906e-01
6.855320215225219727e+00
1.974964141845703125e-02
7.107663154602050781e-02
6.316781044006347656e-02
4.284524917602539062e-02
2.800366902351379395e+01
3.173685073852539062e-02
1.559305191040039062e-01
3.585992097854614258e+00
7.349801063537597656e-02
3.107482433319091797e+00
4.343867301940917969e-02
4.843306541442871094e-01
1.321971416473388672e-01
6.939148902893066406e-02
1.813960075378417969e-02
5.522084236145019531e-02
1.462042331695556641e+00
3.533588624000549316e+01
6.861305236816406250e-02
3.674676418304443359e-01
4.841565608978271484e+00
2.203512191772460938e-02
3.560519218444824219e-02
2.061109542846679688e-01
2.877135276794433594e-01
3.062009811401367188e-02
6.251621246337890625e-02
2.682948112487792969e-02
1.368482112884521484e-01
1.332967114448547363e+02
3.331141471862792969e-01
8.600664138793945312e-02
2.558940172195434570e+00
5.400061607360839844e-02
1.590480804443359375e-01
4.197642111778259277e+01
9.222698211669921875e-02
6.541263103485107422e+00
3.838729858398437500e-01
1.712903976440429688e-01
5.011545636653900146e+02
9.142136573791503906e-02
7.280302047729492188e-02
5.200145244598388672e-01
4.559946060180664062e-02
6.333379745483398438e+00
6.698615550994873047e-01
5.087256431579589844e-02
8.810305595397949219e-02
7.718038558959960938e-02
2.934718132019042969e-02
2.180252075195312500e-01
1.708745956420898438e-03
8.841954469680786133e+00
5.005521771907806396e+02
1.028938293457031250e-01
3.905353546142578125e-01
5.001563353538513184e+02
6.501722335815429688e-02
5.145160536766052246e+02
8.440160751342773438e-02
4.899716377258300781e-02
2.617740631103515625e-02
9.932899475097656250e-02
3.462958335876464844e-02
5.637168240547180176e+01
1.734972000122070312e-03
7.901239395141601562e-02
1.594595909118652344e-01
1.713705062866210938e-02
4.080104827880859375e-02
5.097472391128540039e+02
4.804463427066802979e+02
4.131970500946044922e+01
5.446427583694458008e+00
7.007598876953125000e-02
2.287514209747314453e-01
3.229150772094726562e-01
9.419798851013183594e-02
4.810739002227783203e+02
6.250762939453125000e-02
3.753376007080078125e-02
3.365063667297363281e-02
2.407979965209960938e-02
5.336270380020141602e+01
2.071189880371093750e-02
5.976462364196777344e-02
4.640626907348632812e-02
5.312609672546386719e-02
1.079690456390380859e-01
2.698683738708496094e-02
2.773308753967285156e-02
2.722148704528808594e+01
8.507326841354370117e+00
1.052744388580322266e-01
7.894802093505859375e-02
6.283116340637207031e-02
6.745100021362304688e-02
1.568031311035156250e-02
1.928567886352539062e-02
1.088829040527343750e-01
3.647875785827636719e-02
1.489157676696777344e-01
2.595586776733398438e-01
5.808663368225097656e-02
1.202925488948822021e+02
5.846834182739257812e-02
4.050230979919433594e-02
1.545698642730712891e-01
1.921455121040344238e+01
1.120901107788085938e-02
4.192566871643066406e-02
6.622624397277832031e-02
2.450370788574218750e-02
1.191034317016601562e-01
2.365972995758056641e-01
3.246474266052246094e-02
3.554773330688476562e-02
4.268233299255371094e+00
8.165812492370605469e-02
6.550669670104980469e-02
7.533288002014160156e-02
5.145480108261108398e+01
1.274096965789794922e-01
2.970075607299804688e-02
2.377820014953613281e-02
3.071546554565429688e-03
6.942987442016601562e-03
1.193456888198852539e+00
2.163076400756835938e-02
3.073835372924804688e-02
3.394150733947753906e-02
1.451063156127929688e-02
2.538728713989257812e-02
1.335270404815673828e+00
2.720618247985839844e-02
1.566433906555175781e-02
1.707983016967773438e-02
3.007483482360839844e-02
6.609368324279785156e-02
6.813430786132812500e-02
1.851745367050170898e+00
7.633830308914184570e+00
4.984116554260253906e-02
2.491238117218017578e-01
2.322816848754882812e-02
7.193470001220703125e-02
5.420398712158203125e-01
3.202414512634277344e-02
1.565389728546142578e+01
2.381451129913330078e-01
4.945921897888183594e-02
3.258633613586425781e-02
5.010147268772125244e+02
1.716268062591552734e-01
6.941597461700439453e-01
3.488154411315917969e-01
1.103580474853515625e+00
1.940608024597167969e-02
3.828942394256591797e+01
1.514902114868164062e-01
5.009576234817504883e+02
2.063961029052734375e-01
4.001450538635253906e-02
1.236655712127685547e-01
1.205682754516601562e-03
7.947611808776855469e-02
5.181074142456054688e-02
3.360223770141601562e-02
1.351547241210937500e-02
6.631455421447753906e-01
3.126502037048339844e-02
4.246544837951660156e-02
3.462243080139160156e-02
6.347251892089843750e+00
6.159305572509765625e-03
7.193470001220703125e-02
6.142998313903808594e+01
5.906176567077636719e-02
1.104004383087158203e-01
2.406885623931884766e-01
7.021002769470214844e-01
3.458786010742187500e-02
1.067733764648437500e-01
1.113605499267578125e-02
1.903629302978515625e-02
3.995966911315917969e-02
5.505704879760742188e-02
2.301049232482910156e-02
2.065443992614746094e-02
5.947046279907226562e-01
5.009121596813201904e+02
6.105732917785644531e-02
8.983778953552246094e-02
4.816079139709472656e-02
1.329803466796875000e-02
3.142397403717041016e-01
3.783917427062988281e-02
3.579831123352050781e-02
1.795816421508789062e-02
3.329920768737792969e-02
5.357193946838378906e-02
2.563333511352539062e-02
