7.721543312072753906e-02
1.642704010009765625e-02
1.380907583236694336e+01
3.054428100585937500e-02
8.709907531738281250e-03
4.453084468841552734e-01
1.276974463462829590e+01
6.817793846130371094e-02
5.603384971618652344e-02
1.115400791168212891e-01
7.993364334106445312e-02
2.522897720336914062e-02
6.498742103576660156e-02
1.685252189636230469e-01
1.110591888427734375e-01
3.574929237365722656e-01
4.777050018310546875e-02
3.083539009094238281e-02
6.961107254028320312e-02
3.129410743713378906e-02
5.767202377319335938e-02
1.660714149475097656e-01
3.773713111877441406e-02
9.586358070373535156e-02
5.116295814514160156e-02
3.877973556518554688e-02
2.297349214553833008e+00
4.086089134216308594e-02
4.161620140075683594e-02
1.253957748413085938e-01
1.724488735198974609e-01
1.311631202697753906e-01
1.179845333099365234e-01
6.545066833496093750e-02
7.682847976684570312e-02
3.030753135681152344e-02
3.686428070068359375e-02
1.459491252899169922e-01
5.457735061645507812e-02
9.008884429931640625e-03
2.443957328796386719e-02
1.649570465087890625e-02
5.090165138244628906e-02
1.301634311676025391e-01
5.002447814941406250e+02
2.903058075904846191e+01
5.285263061523437500e-03
8.333117961883544922e-01
3.162462711334228516e-01
3.778378963470458984e-01
1.652402877807617188e-01
5.135083198547363281e-02
4.205775260925292969e-02
4.511213302612304688e-02
1.986598968505859375e-02
1.242470741271972656e-01
9.810447692871093750e-03
1.496984958648681641e-01
8.344674110412597656e-02
4.722189903259277344e-02
2.442407608032226562e-02
3.775334358215332031e-02
4.640078544616699219e-02
1.319398880004882812e-01
1.754331588745117188e-02
1.549763679504394531e-01
9.198236465454101562e-02
5.518787860870361328e+00
6.189749240875244141e-01
5.275318622589111328e-01
1.276803016662597656e-01
8.089756965637207031e-02
1.168496608734130859e-01
1.234679222106933594e-01
9.279923439025878906e-01
6.034612655639648438e-02
1.618747711181640625e-01
4.308068752288818359e-01
2.760505676269531250e-02
9.716987609863281250e-03
1.380751132965087891e-01
5.003849732875823975e+02
1.856517791748046875e-02
1.774661540985107422e-01
1.131598949432373047e-01
1.719472408294677734e-01
2.854974269866943359e-01
3.824782371520996094e-02
1.201820373535156250e-02
3.837203979492187500e-02
1.623635292053222656e-01
5.143737792968750000e-02
4.172224450111389160e+01
4.399704933166503906e-02
3.065276145935058594e-02
1.038958072662353516e+00
1.720356941223144531e-02
1.259377002716064453e-01
3.425415992736816406e+00
5.006039276123046875e+02
1.512818336486816406e-01
1.533741092681884766e+01
3.612327575683593750e-01
6.992650032043457031e-02
1.319306588172912598e+01
7.881045341491699219e-02
1.462259292602539062e-01
1.085243225097656250e-01
5.272841453552246094e-02
6.297349929809570312e-02
5.023097991943359375e-02
1.222391128540039062e-01
4.494316577911376953e-01
3.763937950134277344e-02
1.914503574371337891e-01
2.296257019042968750e-02
4.493253231048583984e-01
2.360913753509521484e+00
1.496891975402832031e-01
2.500038146972656250e-01
1.948714971542358398e+00
6.070327758789062500e-02
1.185698509216308594e-01
1.033315658569335938e-01
5.181287293434143066e+02
1.477305889129638672e-01
1.836419105529785156e-02
5.073330402374267578e-01
5.067379951477050781e+02
2.468085289001464844e-02
3.637742996215820312e-02
2.955341339111328125e-02
6.976288795471191406e+00
8.335452318191528320e+00
4.407739639282226562e-02
2.616959619522094727e+01
5.752968788146972656e-02
3.102397918701171875e-02
1.218254208564758301e+01
5.011655488014221191e+02
1.138782501220703125e-01
1.729989051818847656e-02
1.400437355041503906e-01
1.109890937805175781e-01
7.659220695495605469e-02
4.415972304344177246e+01
2.091217041015625000e-02
1.174285173416137695e+00
1.368806362152099609e-01
2.578973770141601562e-02
1.309537887573242188e-01
2.170801162719726562e-02
1.360206604003906250e-01
3.506112098693847656e-02
4.067206382751464844e-02
6.406359672546386719e+00
4.384636878967285156e-02
5.266141891479492188e-02
6.749463081359863281e-02
2.020454406738281250e-02
9.717655181884765625e-02
1.231646537780761719e-02
9.342688322067260742e+00
2.313828468322753906e-02
1.978471279144287109e-01
5.084040570259094238e+02
1.414415836334228516e-01
3.162305355072021484e-01
6.465435028076171875e-02
1.437668800354003906e-01
3.604443073272705078e-01
2.535359859466552734e-01
1.929317038059234619e+02
1.336719989776611328e-01
7.228827476501464844e-02
2.501496553421020508e+00
1.879324913024902344e-01
1.053845405578613281e+00
4.398441314697265625e-02
6.378788948059082031e+01
2.385182380676269531e-01
2.651357650756835938e-02
4.529714584350585938e-03
9.517908096313476562e-02
6.286668777465820312e-02
1.746034622192382812e-02
2.666609287261962891e-01
2.497005462646484375e-02
4.041314125061035156e-02
3.242850303649902344e-02
5.842351913452148438e-02
1.150965690612792969e-02
2.528793811798095703e-01
4.614448547363281250e-02
5.716824531555175781e-02
3.348660469055175781e-02
8.552479743957519531e-02
2.325716018676757812e-01
1.842751502990722656e-01
2.132973670959472656e-01
