3.939270973205566406e-02
1.523876190185546875e-02
4.030368113517761230e+01
2.731966972351074219e-02
8.529424667358398438e-03
3.955149650573730469e-01
1.608413696289062500e+00
6.574559211730957031e-02
3.410243988037109375e-02
7.270097732543945312e-02
4.940485954284667969e-02
1.608347892761230469e-02
4.544115066528320312e-02
1.365098953247070312e-01
7.377552986145019531e-02
2.210550308227539062e-01
3.534221649169921875e-02
1.968312263488769531e-02
4.701852798461914062e-02
2.332425117492675781e-02
1.052260398864746094e-02
1.078810691833496094e-01
2.207398414611816406e-02
6.238508224487304688e-02
4.123497009277343750e-02
2.815437316894531250e-02
1.648084163665771484e+00
4.851889610290527344e-02
3.300619125366210938e-02
8.604288101196289062e-02
1.178958415985107422e-01
1.018607616424560547e-01
8.933424949645996094e-02
7.949805259704589844e-02
5.849480628967285156e-02
2.218198776245117188e-02
2.657008171081542969e-02
1.142814159393310547e-01
3.938961029052734375e-02
6.401777267456054688e-03
1.794600486755371094e-02
1.024365425109863281e-02
2.708482742309570312e-02
2.113473415374755859e-01
5.012565493583679199e+02
3.916691231727600098e+01
5.244970321655273438e-03
2.376303672790527344e-01
2.981736660003662109e-01
4.370625019073486328e-01
1.660201549530029297e-01
3.076815605163574219e-02
4.138302803039550781e-02
4.413723945617675781e-02
1.960897445678710938e-02
7.993936538696289062e-02
9.576797485351562500e-03
1.682190895080566406e-01
6.784725189208984375e-02
4.262542724609375000e-02
2.228713035583496094e-02
3.436636924743652344e-02
4.500246047973632812e-02
1.088771820068359375e-01
3.830909729003906250e-03
1.553010940551757812e-01
9.090185165405273438e-02
6.503409671783447266e+01
4.126152992248535156e-01
3.630197048187255859e-01
5.874705314636230469e-02
4.505968093872070312e-02
4.809594154357910156e-02
4.066371917724609375e-02
4.510562419891357422e-01
2.217507362365722656e-02
7.475805282592773438e-02
2.514696121215820312e-02
2.149748802185058594e-02
7.718563079833984375e-03
8.140540122985839844e-02
4.123849825859069824e+02
2.496433258056640625e-02
1.393718719482421875e-01
1.127796173095703125e-01
7.867550849914550781e-02
2.271022796630859375e-01
3.015661239624023438e-02
9.888410568237304688e-03
3.844666481018066406e-02
1.687843799591064453e-01
6.130194664001464844e-02
1.816295456886291504e+01
5.112862586975097656e-02
2.689099311828613281e-02
9.698328971862792969e-01
1.221036911010742188e-02
2.677260160446166992e+00
3.238694906234741211e+00
5.006756696701049805e+02
1.287992000579833984e-01
7.314010620117187500e+00
2.223870754241943359e-01
2.037644386291503906e-02
4.661583662033081055e+00
3.428125381469726562e-02
8.543658256530761719e-02
4.487204551696777344e-02
2.284288406372070312e-02
3.290057182312011719e-02
2.050805091857910156e-02
5.466604232788085938e-02
6.282663345336914062e-01
1.578927040100097656e-02
8.360695838928222656e-02
9.778022766113281250e-03
1.897006034851074219e-01
1.038475751876831055e+00
6.919145584106445312e-02
1.121909618377685547e-01
8.088321685791015625e-01
3.547310829162597656e-02
4.980421066284179688e-02
4.370212554931640625e-02
5.116207516193389893e+02
9.752726554870605469e-02
1.779389381408691406e-02
4.565467834472656250e-01
5.063406507968902588e+02
4.109191894531250000e-02
4.929804801940917969e-02
4.500579833984375000e-02
1.258338642120361328e+01
9.514842748641967773e+00
5.104303359985351562e-02
2.346944403648376465e+01
8.205366134643554688e-02
6.712174415588378906e-02
1.400595092773437500e+01
5.008124096393585205e+02
9.850907325744628906e-02
1.749515533447265625e-02
1.610679626464843750e-01
8.760142326354980469e-02
3.987026214599609375e-02
2.578176093101501465e+01
1.555728912353515625e-02
1.025759935379028320e+00
1.401598453521728516e-01
1.466560363769531250e-02
7.082247734069824219e-02
1.985621452331542969e-02
1.243696212768554688e-01
3.409457206726074219e-02
3.632140159606933594e-02
5.038881540298461914e+00
4.849982261657714844e-02
4.987025260925292969e-02
5.861568450927734375e-02
2.243518829345703125e-02
1.017394065856933594e-01
1.207423210144042969e-02
8.779533624649047852e+00
1.988911628723144531e-02
1.733903884887695312e-01
5.010603628158569336e+02
6.429052352905273438e-02
1.335139274597167969e-01
2.590632438659667969e-02
6.446170806884765625e-02
1.578266620635986328e-01
1.653521060943603516e-01
1.161418883800506592e+02
1.229929924011230469e-01
6.902599334716796875e-02
2.220579385757446289e+00
1.541993618011474609e-01
1.975123882293701172e-01
3.663396835327148438e-02
6.107009553909301758e+01
3.260645866394042969e-01
2.135610580444335938e-02
4.660367965698242188e-03
8.415055274963378906e-02
5.576848983764648438e-02
2.267026901245117188e-02
2.834362983703613281e-01
2.630925178527832031e-02
6.097483634948730469e-02
3.242659568786621094e-02
5.528664588928222656e-02
1.242303848266601562e-02
2.274422645568847656e-01
3.743314743041992188e-02
7.508373260498046875e-02
5.793881416320800781e-02
1.038179397583007812e-01
3.465044498443603516e-01
3.595447540283203125e-01
2.474958896636962891e-01
