6.432104110717773438e-02
2.262258529663085938e-02
1.313223528861999512e+01
3.638315200805664062e-02
1.041269302368164062e-02
5.039443969726562500e-01
1.896044015884399414e+00
1.187701225280761719e-01
4.141116142272949219e-02
6.696836948394775391e-01
5.870270729064941406e-02
1.851797103881835938e-02
5.380725860595703125e-02
1.954057216644287109e-01
9.838557243347167969e-02
2.191581726074218750e-01
1.007070541381835938e-01
3.984975814819335938e-02
7.104587554931640625e-02
5.145502090454101562e-02
2.385091781616210938e-02
1.736969947814941406e-01
3.019475936889648438e-02
8.756661415100097656e-02
4.967951774597167969e-02
3.320574760437011719e-02
2.737923145294189453e+00
8.684253692626953125e-02
4.784107208251953125e-02
1.324355602264404297e-01
2.426390647888183594e-01
2.978267669677734375e-01
1.295959949493408203e-01
1.596152782440185547e-01
1.762995719909667969e-01
5.274152755737304688e-02
6.219696998596191406e-02
2.414448261260986328e-01
1.544680595397949219e-01
1.464056968688964844e-02
4.092097282409667969e-02
2.154397964477539062e-02
5.867481231689453125e-02
1.930768489837646484e-01
5.014952735900878906e+02
2.416838955879211426e+01
5.187034606933593750e-03
2.503347396850585938e-01
2.970714569091796875e-01
4.379770755767822266e-01
2.081468105316162109e-01
3.049635887145996094e-02
5.421829223632812500e-02
4.622483253479003906e-02
1.979088783264160156e-02
7.943296432495117188e-02
9.647607803344726562e-03
1.801164150238037109e-01
6.616282463073730469e-02
4.278302192687988281e-02
2.265453338623046875e-02
3.629183769226074219e-02
4.469752311706542969e-02
9.525418281555175781e-02
4.310369491577148438e-03
1.949813365936279297e-01
8.500266075134277344e-02
5.040025711059570312e-02
4.664654731750488281e-01
3.629140853881835938e-01
5.986499786376953125e-02
4.464244842529296875e-02
4.900217056274414062e-02
4.864621162414550781e-02
5.874547958374023438e-01
2.200746536254882812e-02
8.309674263000488281e-02
1.830387115478515625e-02
2.170920372009277344e-02
8.110523223876953125e-03
5.368304252624511719e-02
3.349993360042572021e+02
1.847243309020996094e-02
1.612310409545898438e-01
1.230142116546630859e-01
1.590797185897827148e+00
2.321474552154541016e-01
2.999258041381835938e-02
1.001286506652832031e-02
3.224778175354003906e-02
1.501059532165527344e-01
5.166053771972656250e-02
2.036006975173950195e+01
5.021357536315917969e-02
2.687406539916992188e-02
9.838011264801025391e-01
1.260995864868164062e-02
2.418573379516601562e+00
2.816236972808837891e+00
5.011671295166015625e+02
1.324322223663330078e-01
2.072757506370544434e+01
1.886334419250488281e-01
2.027082443237304688e-02
4.573303461074829102e+00
4.268074035644531250e-02
6.652283668518066406e-02
4.731059074401855469e-02
6.327176094055175781e-02
3.116250038146972656e-02
2.223420143127441406e-02
4.832267761230468750e-02
7.212347984313964844e-01
1.883959770202636719e-02
1.147041320800781250e-01
1.017785072326660156e-02
2.022616863250732422e-01
9.489836692810058594e-01
6.203675270080566406e-02
1.746146678924560547e-01
7.352147102355957031e-01
2.450299263000488281e-02
4.693317413330078125e-02
4.350662231445312500e-02
5.155557920932769775e+02
9.152531623840332031e-02
1.669192314147949219e-02
4.541978836059570312e-01
5.033916544914245605e+02
2.432179450988769531e-02
2.288317680358886719e-02
3.611159324645996094e-02
9.860006809234619141e+00
1.747900724411010742e+00
4.735136032104492188e-02
2.052816820144653320e+01
5.183792114257812500e-02
5.577421188354492188e-02
2.289580392837524414e+01
5.010366189479827881e+02
9.823179244995117188e-02
1.781392097473144531e-02
1.746840476989746094e-01
8.371067047119140625e-02
3.909373283386230469e-02
2.556847882270812988e+01
1.651644706726074219e-02
1.031949043273925781e+00
1.260941028594970703e-01
1.483082771301269531e-02
7.347559928894042969e-02
2.072191238403320312e-02
1.401443481445312500e-01
3.958868980407714844e-02
3.632521629333496094e-02
1.733087301254272461e+00
4.153943061828613281e-02
6.499719619750976562e-02
6.359791755676269531e-02
1.835918426513671875e-02
8.591341972351074219e-02
1.220417022705078125e-02
6.783973217010498047e+00
1.966094970703125000e-02
1.884500980377197266e-01
5.036448504924774170e+02
7.092547416687011719e-02
1.312711238861083984e-01
2.598690986633300781e-02
6.773805618286132812e-02
1.322383880615234375e-01
9.408426284790039062e-02
1.062634272575378418e+02
1.312673091888427734e-01
7.101011276245117188e-02
1.992063522338867188e+00
1.602263450622558594e-01
2.062685489654541016e-01
3.709030151367187500e-02
6.038537812232971191e+01
1.543812751770019531e-01
1.948404312133789062e-02
4.236698150634765625e-03
6.566977500915527344e-02
4.811024665832519531e-02
1.702094078063964844e-02
1.350378990173339844e-01
2.799272537231445312e-02
4.254603385925292969e-02
3.533077239990234375e-02
5.661296844482421875e-02
1.240158081054687500e-02
1.847774982452392578e-01
4.796004295349121094e-02
6.385922431945800781e-02
2.660942077636718750e-02
7.298755645751953125e-02
1.634519100189208984e-01
1.725656986236572266e-01
1.414964199066162109e-01
