3.997206687927246094e-02
1.603031158447265625e-02
4.757663249969482422e+01
3.060698509216308594e-02
8.932828903198242188e-03
3.455646038055419922e-01
1.594998836517333984e+00
5.495238304138183594e-02
3.259658813476562500e-02
5.837526321411132812e-01
4.885864257812500000e-02
1.654195785522460938e-02
4.550647735595703125e-02
1.340980529785156250e-01
8.616185188293457031e-02
2.337629795074462891e-01
3.373456001281738281e-02
1.822853088378906250e-02
4.933047294616699219e-02
2.426886558532714844e-02
1.055431365966796875e-02
1.104750633239746094e-01
2.170825004577636719e-02
5.767297744750976562e-02
3.731131553649902344e-02
2.538347244262695312e-02
1.788573741912841797e+00
2.895784378051757812e-02
3.260111808776855469e-02
8.781051635742187500e-02
1.381378173828125000e-01
1.195816993713378906e-01
8.837604522705078125e-02
8.377792835235595703e-01
7.660889625549316406e-02
2.224516868591308594e-02
2.576136589050292969e-02
1.194205284118652344e-01
6.254553794860839844e-02
6.297111511230468750e-03
1.686954498291015625e-02
1.025342941284179688e-02
2.515482902526855469e-02
9.249567985534667969e-02
5.012669327259063721e+02
3.261148667335510254e+01
5.242347717285156250e-03
2.339153289794921875e-01
2.848637104034423828e-01
4.188561439514160156e-01
1.505498886108398438e-01
2.133131027221679688e-02
4.988336563110351562e-02
4.080486297607421875e-02
2.256941795349121094e-02
9.878706932067871094e-02
9.636640548706054688e-03
1.971461772918701172e-01
1.404113769531250000e-01
4.243087768554687500e-02
2.163243293762207031e-02
3.500771522521972656e-02
4.546475410461425781e-02
8.610844612121582031e-02
7.646799087524414062e-03
2.031526565551757812e-01
8.134269714355468750e-02
8.031055474281311035e+01
4.687564373016357422e-01
3.229334354400634766e-01
5.217504501342773438e-02
4.058408737182617188e-02
4.827117919921875000e-02
4.471564292907714844e-02
5.376660823822021484e-01
2.182364463806152344e-02
8.115386962890625000e-02
1.704120635986328125e-02
2.053165435791015625e-02
7.376432418823242188e-03
8.170104026794433594e-02
3.283194081783294678e+02
1.740813255310058594e-02
1.553795337677001953e-01
9.198403358459472656e-02
1.850112199783325195e+00
2.018623352050781250e-01
2.823185920715332031e-02
9.752273559570312500e-03
2.850890159606933594e-02
1.400828361511230469e-01
5.048036575317382812e-02
2.154179859161376953e+01
4.047250747680664062e-02
3.066849708557128906e-02
9.762461185455322266e-01
1.266980171203613281e-02
2.087985992431640625e+00
2.808659076690673828e+00
5.068709619045257568e+02
1.529433727264404297e-01
2.015950727462768555e+01
1.876006126403808594e-01
1.975083351135253906e-02
4.295780658721923828e+00
3.377580642700195312e-02
9.326648712158203125e-02
4.364132881164550781e-02
6.192755699157714844e-02
3.293633460998535156e-02
1.951098442077636719e-02
4.648208618164062500e-02
7.081537246704101562e-01
1.572871208190917969e-02
1.055836677551269531e-01
9.573221206665039062e-03
2.194387912750244141e-01
6.364104747772216797e-01
5.991244316101074219e-02
9.770035743713378906e-02
8.208498954772949219e-01
2.369904518127441406e-02
4.495310783386230469e-02
4.269456863403320312e-02
5.159246599674224854e+02
1.141085624694824219e-01
1.950049400329589844e-02
5.202383995056152344e-01
5.000349733829498291e+02
2.395987510681152344e-02
2.311730384826660156e-02
3.393459320068359375e-02
7.014853954315185547e+00
1.857508659362792969e+00
4.869341850280761719e-02
1.325468468666076660e+01
5.691742897033691406e-02
5.520963668823242188e-02
3.317032504081726074e+01
5.000226299762725830e+02
8.784103393554687500e-02
1.722526550292968750e-02
2.082791328430175781e-01
1.240701675415039062e-01
4.039072990417480469e-02
2.492707943916320801e+01
1.648545265197753906e-02
1.071109056472778320e+00
1.779303550720214844e-01
1.495981216430664062e-02
7.486939430236816406e-02
2.019381523132324219e-02
1.370568275451660156e+00
3.052020072937011719e-02
3.496479988098144531e-02
2.698206424713134766e+00
4.101943969726562500e-02
4.675745964050292969e-02
6.310272216796875000e-02
1.878881454467773438e-02
8.753490447998046875e-02
1.222634315490722656e-02
1.743907451629638672e+00
1.968169212341308594e-02
2.299962043762207031e-01
5.036160237789154053e+02
6.585240364074707031e-02
1.275835037231445312e-01
2.585387229919433594e-02
6.687712669372558594e-02
1.337771415710449219e-01
1.471021175384521484e-01
1.051908583641052246e+02
1.230344772338867188e-01
7.170891761779785156e-02
2.022199392318725586e+00
1.899273395538330078e-01
2.081441879272460938e-01
3.779935836791992188e-02
6.042657589912414551e+01
2.168028354644775391e-01
1.938319206237792969e-02
4.204034805297851562e-03
6.264209747314453125e-02
5.263376235961914062e-02
1.744985580444335938e-02
1.335706710815429688e-01
2.553296089172363281e-02
1.776335239410400391e-01
3.020668029785156250e-02
5.617070198059082031e-02
1.162457466125488281e-02
2.202596664428710938e-01
3.577899932861328125e-02
5.836415290832519531e-02
2.672815322875976562e-02
7.173180580139160156e-02
1.649069786071777344e-01
1.729593276977539062e-01
1.965451240539550781e-01
