3.997325897216796875e-02
1.574206352233886719e-02
4.583288097381591797e+01
3.145265579223632812e-02
9.256124496459960938e-03
3.330783843994140625e-01
8.879113197326660156e-02
6.371521949768066406e-02
3.463864326477050781e-02
5.476949214935302734e-01
4.527211189270019531e-02
1.688790321350097656e-02
2.846288681030273438e-02
1.413564682006835938e-01
8.181095123291015625e-02
2.535290718078613281e-01
4.563260078430175781e-02
1.972031593322753906e-02
5.063199996948242188e-02
2.408337593078613281e-02
1.115679740905761719e-02
1.231284141540527344e-01
2.224254608154296875e-02
1.365320682525634766e-01
2.207803726196289062e-02
2.838206291198730469e-02
1.872041463851928711e+00
2.945089340209960938e-02
3.280496597290039062e-02
8.918309211730957031e-02
1.422197818756103516e-01
1.327290534973144531e-01
7.343173027038574219e-02
9.961390495300292969e-02
9.891843795776367188e-02
2.295613288879394531e-02
2.785325050354003906e-02
1.090090274810791016e-01
4.467558860778808594e-02
6.359338760375976562e-03
1.816391944885253906e-02
1.105356216430664062e-02
3.163409233093261719e-02
1.313827037811279297e-01
5.017137360572814941e+02
2.786750841140747070e+01
5.495071411132812500e-03
2.446215152740478516e-01
2.090640068054199219e-01
4.776837825775146484e-01
1.698999404907226562e-01
1.653313636779785156e-02
5.442047119140625000e-02
4.235076904296875000e-02
6.194248199462890625e-01
9.805059432983398438e-02
1.058220863342285156e-02
2.875425815582275391e-01
1.637794971466064453e-01
4.755210876464843750e-02
2.513313293457031250e-02
2.879214286804199219e-02
4.999399185180664062e-02
8.685350418090820312e-02
9.216785430908203125e-03
1.768267154693603516e-01
1.064438819885253906e-01
8.187974858283996582e+01
4.460101127624511719e-01
3.878459930419921875e-01
1.017813682556152344e-01
4.395365715026855469e-02
5.060267448425292969e-02
2.894330024719238281e-02
5.592854022979736328e-01
2.325272560119628906e-02
1.026351451873779297e-01
1.820969581604003906e-02
2.305555343627929688e-02
7.979154586791992188e-03
7.704210281372070312e-02
3.412790729999542236e+02
1.819992065429687500e-02
3.153402805328369141e-01
1.086165904998779297e-01
6.989431381225585938e-02
2.039482593536376953e-01
3.106737136840820312e-02
1.074028015136718750e-02
3.285503387451171875e-02
1.506853103637695312e-01
5.790448188781738281e-02
1.593066072463989258e+01
4.620528221130371094e-02
3.482627868652343750e-02
1.014012098312377930e+00
1.280927658081054688e-02
2.668442487716674805e+00
2.948715686798095703e+00
5.000140957832336426e+02
1.369149684906005859e-01
2.113845086097717285e+01
1.978924274444580078e-01
2.146387100219726562e-02
4.487994909286499023e+00
3.627133369445800781e-02
5.573773384094238281e-02
4.670786857604980469e-02
6.310081481933593750e-02
2.635145187377929688e-02
2.077007293701171875e-02
5.165195465087890625e-02
7.538466453552246094e-01
1.643586158752441406e-02
1.536021232604980469e-01
9.678125381469726562e-03
2.001841068267822266e-01
6.785883903503417969e-01
6.576943397521972656e-02
1.926801204681396484e-01
8.623125553131103516e-01
3.468060493469238281e-02
4.904055595397949219e-02
4.695987701416015625e-02
5.144972884654998779e+02
8.339476585388183594e-02
1.839494705200195312e-02
5.391898155212402344e-01
5.000085442066192627e+02
2.585148811340332031e-02
2.338814735412597656e-02
3.611707687377929688e-02
7.509270668029785156e+00
1.860670089721679688e+00
4.511213302612304688e-02
2.137263178825378418e+01
5.710506439208984375e-02
3.730297088623046875e-02
2.799571347236633301e+02
5.000140330791473389e+02
1.304066181182861328e-01
2.356147766113281250e-02
3.930580615997314453e-01
1.917350292205810547e-01
5.764961242675781250e-02
3.858808493614196777e+01
3.872466087341308594e-02
2.586350679397583008e+00
3.772134780883789062e-01
3.878498077392578125e-02
1.739289760589599609e-01
4.786157608032226562e-02
2.732806205749511719e+00
9.243917465209960938e-02
8.420562744140625000e-02
7.112892389297485352e+00
9.345030784606933594e-02
1.458289623260498047e-01
1.584787368774414062e-01
4.896354675292968750e-02
2.059512138366699219e-01
2.989268302917480469e-02
4.967894315719604492e+00
4.584240913391113281e-02
4.238255023956298828e-01
5.000138871669769287e+02
6.915998458862304688e-02
1.174230575561523438e-01
2.572202682495117188e-02
7.704949378967285156e-02
1.433238983154296875e-01
5.561184883117675781e-02
1.183858177661895752e+02
4.595065116882324219e-01
7.187795639038085938e-02
2.192030668258666992e+00
1.913971900939941406e-01
2.095093727111816406e-01
3.805208206176757812e-02
7.459169483184814453e+01
1.530027389526367188e-01
1.952052116394042969e-02
4.272222518920898438e-03
3.677296638488769531e-02
5.825328826904296875e-02
1.775336265563964844e-02
1.374034881591796875e-01
2.447438240051269531e-02
2.618408203125000000e-02
3.636145591735839844e-02
1.004998683929443359e-01
1.101207733154296875e-02
1.905372142791748047e-01
6.927609443664550781e-02
6.473422050476074219e-02
3.132820129394531250e-02
3.174672126770019531e-01
2.081356048583984375e-01
2.005143165588378906e-01
7.578112125396728516e+00
