8.637034893035888672e-01
3.135196471214294434e+01
2.674945116043090820e+00
8.772199153900146484e+00
6.854305267333984375e-01
3.626914262771606445e+00
2.256689524650573730e+01
4.610755205154418945e+00
1.761788129806518555e+00
1.053212022781372070e+01
1.275449802875518799e+02
4.684832048416137695e+01
8.350245952606201172e+00
2.420455956459045410e+01
2.351532697677612305e+00
6.788725852966308594e-01
7.387166500091552734e+00
8.340735435485839844e-01
8.245478916168212891e+01
1.415959541797637939e+02
6.158671379089355469e-01
2.109556436538696289e+00
9.026267528533935547e-01
2.328541278839111328e-01
2.671098232269287109e+00
1.062043190002441406e+00
3.762705802917480469e+00
3.623468875885009766e-01
9.529687190055847168e+01
3.093513965606689453e+00
4.291989088058471680e+00
2.997386455535888672e-01
1.549257349967956543e+01
3.199281692504882812e-01
7.239501714706420898e+00
2.185091614723205566e+01
1.502131700515747070e+00
1.416841268539428711e+00
5.782270669937133789e+00
9.703209400177001953e-01
1.745235919952392578e-01
9.223221063613891602e+00
4.435250282287597656e+00
1.003581285476684570e+00
2.732039451599121094e+00
3.409879684448242188e+01
3.856463432312011719e-01
2.204028367996215820e+00
9.253194952011108398e+01
4.860124588012695312e-01
6.344763159751892090e+01
7.673795223236083984e-01
1.628929705619812012e+02
7.068648338317871094e-01
7.590668916702270508e+00
4.582078456878662109e-01
1.842925548553466797e-01
1.123335003852844238e+01
1.801807403564453125e+00
1.216162681579589844e+00
2.797437667846679688e+00
1.126307249069213867e+00
6.963398456573486328e-01
1.509440922737121582e+01
1.972217798233032227e+00
6.715177059173583984e+00
5.353899478912353516e+00
1.025149822235107422e+00
8.500194549560546875e-01
2.946277618408203125e+00
3.709051132202148438e+00
1.268385195732116699e+01
1.727920675277709961e+01
6.818714141845703125e-01
7.234203815460205078e-01
2.611657142639160156e+00
1.083362817764282227e+00
1.874647140502929688e-01
6.958811283111572266e-01
1.334165811538696289e+00
8.205356597900390625e-01
4.196297216415405273e+01
3.872498750686645508e+00
4.329744887351989746e+01
6.195315361022949219e+00
1.834916591644287109e+00
7.237245559692382812e+00
1.187720465660095215e+01
5.320763587951660156e-01
3.658478260040283203e-01
1.373312234878540039e+00
5.094645023345947266e-01
4.703302383422851562e-01
1.750532484054565430e+01
2.608888697624206543e+01
1.576390266418457031e+00
6.234524488449096680e+00
5.297486782073974609e-01
5.581729412078857422e+01
2.671966075897216797e+00
2.195728540420532227e+00
6.669835090637207031e+00
1.475660538673400879e+01
6.387863874435424805e+00
1.534111928939819336e+01
2.200976610183715820e+00
8.320851325988769531e-01
2.839534282684326172e-01
2.762827873229980469e-01
1.418146610260009766e+00
2.299242019653320312e-01
6.046266555786132812e-01
1.099127388000488281e+01
2.513852834701538086e+00
1.490983009338378906e+00
4.286421060562133789e+00
1.911975145339965820e+01
1.516383647918701172e+01
4.530410289764404297e+00
2.607805728912353516e-01
6.435403823852539062e-01
5.476999282836914062e-01
5.504834651947021484e-01
3.658936023712158203e-01
2.236113548278808594e-01
2.687585353851318359e-01
6.175168514251708984e+00
5.476565361022949219e-01
1.707832217216491699e+01
1.483010768890380859e+00
8.870248556137084961e+00
5.032088518142700195e+00
1.338290562629699707e+02
3.150038480758666992e+00
2.072449684143066406e+00
1.366403961181640625e+01
1.159694194793701172e+00
2.354867458343505859e-01
8.367386341094970703e+00
1.110592603683471680e+00
3.560815095901489258e+00
1.335643291473388672e+01
1.001295447349548340e+01
2.587301254272460938e+00
2.467133522033691406e+00
5.288172245025634766e+00
4.162123203277587891e-01
2.707995891571044922e+00
9.810144424438476562e+00
2.459145045280456543e+01
3.328383207321166992e+00
2.140231132507324219e-01
4.592477321624755859e+00
4.975141286849975586e+00
4.118325710296630859e-01
2.600677013397216797e-01
2.188367176055908203e+01
6.504451751708984375e+00
1.967346668243408203e-01
5.181060314178466797e+00
5.033483505249023438e-01
7.189238071441650391e-01
9.813220500946044922e-01
4.012455582618713379e+01
5.495453357696533203e+00
3.528366088867187500e-01
2.497215509414672852e+00
9.011891067028045654e+02
4.892178297042846680e+00
3.309915065765380859e-01
1.008994817733764648e+00
2.770885705947875977e+00
4.128448724746704102e+00
6.340220546722412109e+01
1.707608222961425781e+00
5.765484571456909180e+00
5.130372524261474609e+00
1.732802391052246094e-01
1.866898059844970703e+01
3.806898593902587891e-01
4.930857944488525391e+01
9.304528236389160156e-01
2.374837398529052734e-01
1.059761524200439453e+00
2.558980941772460938e+00
3.742225170135498047e-01
3.020767664909362793e+01
8.174599170684814453e+00
9.592080593109130859e+00
2.439795017242431641e+00
9.143810129165649414e+01
8.207476377487182617e+00
2.147563695907592773e+00
7.833544921875000000e+01
2.571129798889160156e-01
4.114786458015441895e+01
1.105039358139038086e+00
2.998183250427246094e+00
3.087793111801147461e+00
7.363076734542846680e+01
