1.013105154037475586e+00
3.375074362754821777e+01
2.432523012161254883e+00
9.549446821212768555e+00
7.009949684143066406e-01
3.864937067031860352e+00
2.441709566116333008e+01
4.922710895538330078e+00
1.960903167724609375e+00
1.155179214477539062e+01
8.990296125411987305e+01
5.222509646415710449e+01
9.044104576110839844e+00
2.624491238594055176e+01
2.548560380935668945e+00
7.636601924896240234e-01
8.000251293182373047e+00
9.249885082244873047e-01
8.818605279922485352e+01
1.592783615589141846e+02
6.731283664703369141e-01
2.297921895980834961e+00
1.018201112747192383e+00
2.681219577789306641e-01
2.790994882583618164e+00
1.272787094116210938e+00
4.219792604446411133e+00
3.767173290252685547e-01
1.007675027847290039e+02
3.299456357955932617e+00
4.840195894241333008e+00
2.694664001464843750e-01
1.726369881629943848e+01
3.532819747924804688e-01
7.843486785888671875e+00
2.374023628234863281e+01
1.678397178649902344e+00
1.568809509277343750e+00
6.358891487121582031e+00
1.060537576675415039e+00
1.982524394989013672e-01
9.935922861099243164e+00
4.884176254272460938e+00
1.061867237091064453e+00
2.993661403656005859e+00
3.782981562614440918e+01
3.945994377136230469e-01
2.257503986358642578e+00
1.023670201301574707e+02
6.827704906463623047e-01
7.052819585800170898e+01
8.652024269104003906e-01
1.804645922183990479e+02
7.792127132415771484e-01
8.596590995788574219e+00
5.134608745574951172e-01
2.182910442352294922e-01
1.232286000251770020e+01
1.912295103073120117e+00
1.385814666748046875e+00
3.056562900543212891e+00
1.333350181579589844e+00
8.521285057067871094e-01
1.692536711692810059e+01
2.235430955886840820e+00
7.319982528686523438e+00
5.953610420227050781e+00
1.287703752517700195e+00
9.274151325225830078e-01
3.314041614532470703e+00
4.136737823486328125e+00
1.423440027236938477e+01
1.891128230094909668e+01
7.957293987274169922e-01
8.251132965087890625e-01
2.799085855484008789e+00
1.210894584655761719e+00
2.011091709136962891e-01
7.949399948120117188e-01
1.431195020675659180e+00
8.673973083496093750e-01
4.593804025650024414e+01
4.455531358718872070e+00
4.713782429695129395e+01
6.957944154739379883e+00
2.047351360321044922e+00
8.012777805328369141e+00
1.326532936096191406e+01
6.480989456176757812e-01
4.428973197937011719e-01
1.523864984512329102e+00
5.680336952209472656e-01
5.538082122802734375e-01
1.921949648857116699e+01
2.877418875694274902e+01
1.908166885375976562e+00
5.734053134918212891e+00
6.915004253387451172e-01
6.263504552841186523e+01
2.982091188430786133e+00
2.627527713775634766e+00
7.416680812835693359e+00
1.670337843894958496e+01
7.412467718124389648e+00
1.715361356735229492e+01
2.584301948547363281e+00
9.522047042846679688e-01
3.576161861419677734e-01
3.065683841705322266e-01
1.621959924697875977e+00
2.584946155548095703e-01
7.149496078491210938e-01
1.144084763526916504e+01
2.817441225051879883e+00
1.709669828414916992e+00
4.865068435668945312e+00
2.106288671493530273e+01
1.717766690254211426e+01
5.303348779678344727e+00
2.648587226867675781e-01
7.671012878417968750e-01
6.156189441680908203e-01
5.991785526275634766e-01
4.034986495971679688e-01
2.451858520507812500e-01
3.409597873687744141e-01
6.508533954620361328e+00
5.566534996032714844e-01
1.908767294883728027e+01
1.647229671478271484e+00
9.872772216796875000e+00
5.599859237670898438e+00
8.986417477130889893e+02
4.295394706726074219e+01
4.341342210769653320e+00
1.535379028320312500e+01
1.118461608886718750e+00
3.061487674713134766e-01
1.321222281455993652e+01
1.455831050872802734e+00
4.065241098403930664e+00
1.501317477226257324e+01
1.141773700714111328e+01
8.539461374282836914e+00
2.756555557250976562e+00
5.835601806640625000e+00
4.396963119506835938e-01
2.776365041732788086e+00
1.124327135086059570e+01
2.603312063217163086e+01
3.443976879119873047e+00
3.051767349243164062e-01
4.825236558914184570e+00
5.621268749237060547e+00
4.541981220245361328e-01
3.050262928009033203e-01
2.529876041412353516e+01
7.404574871063232422e+00
2.258827686309814453e-01
5.851431369781494141e+00
5.075864791870117188e-01
6.616365909576416016e-01
1.145864725112915039e+00
4.568571639060974121e+01
6.189775705337524414e+00
3.615515232086181641e-01
2.608544111251831055e+00
5.404811880588531494e+02
4.813082027435302734e+01
3.598995923995971680e+00
7.246877431869506836e+00
3.122118234634399414e+00
4.667463302612304688e+00
7.008566045761108398e+01
1.929204940795898438e+00
6.458904504776000977e+00
5.622731447219848633e+00
4.875826835632324219e-01
1.977599883079528809e+01
4.089527130126953125e-01
5.529288959503173828e+01
3.801729917526245117e+00
3.331789970397949219e-01
1.115457296371459961e+00
2.948548555374145508e+00
4.636695384979248047e-01
3.331695175170898438e+01
9.145228624343872070e+00
1.191058135032653809e+01
2.747240304946899414e+00
1.012303528785705566e+02
9.334177017211914062e+00
2.427309989929199219e+00
8.787488937377929688e+01
3.197700977325439453e-01
4.665810489654541016e+01
1.174374341964721680e+00
3.316804885864257812e+00
3.494722843170166016e+00
8.081503939628601074e+01
