1.070116996765136719e+00
3.002430748939514160e+01
1.274117231369018555e+00
8.312850713729858398e+00
6.471676826477050781e-01
3.189779758453369141e+00
1.924393558502197266e+01
4.879441261291503906e+00
1.188347339630126953e-01
2.256237721443176270e+01
5.011382422447204590e+02
8.306663727760314941e+01
1.550769329071044922e+01
2.678639411926269531e+01
4.022289752960205078e+00
6.600790739059448242e+00
7.328946828842163086e+00
8.387486934661865234e-01
8.244594359397888184e+01
1.486294777393341064e+02
6.271138191223144531e-01
2.126931905746459961e+00
4.411777019500732422e+00
2.586386203765869141e-01
1.960582256317138672e+00
1.137817144393920898e+00
4.037597179412841797e+00
5.001995563507080078e-01
8.999001717567443848e+01
3.195621252059936523e+00
2.476689338684082031e+00
2.685782909393310547e-01
1.555201482772827148e+01
3.301293849945068359e-01
6.348340034484863281e+00
1.976898741722106934e+01
1.529943466186523438e+00
1.146382331848144531e+00
5.912539005279541016e+00
9.887793064117431641e-01
1.837470531463623047e-01
9.222908020019531250e+00
5.205677986145019531e+00
1.064850807189941406e+00
2.753155946731567383e+00
3.479560780525207520e+01
3.623716831207275391e-01
2.560913562774658203e-01
9.510144352912902832e+01
5.159463882446289062e-01
6.380732059478759766e+01
7.922120094299316406e-01
1.571902039051055908e+02
7.292866706848144531e-01
7.948841333389282227e+00
5.070576667785644531e-01
1.969592571258544922e-01
1.166463637351989746e+01
1.304043531417846680e+00
1.544546127319335938e+00
2.865991592407226562e+00
1.500440359115600586e+00
6.909427642822265625e-01
1.533021283149719238e+01
2.053608417510986328e+00
4.497106075286865234e+00
5.490704774856567383e+00
1.130045652389526367e+00
8.655681610107421875e-01
2.681965827941894531e+00
2.107522964477539062e+00
1.295281338691711426e+01
1.755967092514038086e+01
6.991379261016845703e-01
8.263151645660400391e-01
2.524822235107421875e+00
1.042861700057983398e+00
1.660587787628173828e-01
7.222840785980224609e-01
1.775779485702514648e+00
7.985022068023681641e-01
4.313933253288269043e+01
4.208361864089965820e+00
2.267354989051818848e+01
6.745592832565307617e+00
2.981994152069091797e-01
7.461946010589599609e+00
1.205800843238830566e+01
5.753936767578125000e-01
3.894972801208496094e-01
2.008960247039794922e-01
6.230897903442382812e-01
4.864044189453125000e-01
1.736116743087768555e+01
2.740340614318847656e+01
1.557979106903076172e+00
5.205743074417114258e+00
5.839836597442626953e-01
5.914182281494140625e+01
2.797581195831298828e+00
2.153255224227905273e+00
1.495572090148925781e+00
1.528323578834533691e+01
6.879632949829101562e+00
1.564661622047424316e+01
1.199892759323120117e+00
1.180434226989746094e-01
1.013999462127685547e+00
2.947747707366943359e-01
1.474115848541259766e+00
2.604584693908691406e-01
6.376724243164062500e-01
1.043915748596191406e+01
3.128800392150878906e-01
8.637089729309082031e-01
4.333151578903198242e+00
1.972609472274780273e+01
1.583680653572082520e+01
4.589268445968627930e+00
2.764024734497070312e-01
6.665587425231933594e-01
3.530542850494384766e-01
5.567378997802734375e-01
3.886466026306152344e-01
2.359349727630615234e-01
2.950501441955566406e-01
5.993942499160766602e+00
5.199058055877685547e-01
1.800422406196594238e+01
1.535557746887207031e+00
8.759474754333496094e+00
8.976204395294189453e+00
8.553409099578857422e+00
2.772631645202636719e-01
1.967934608459472656e+00
1.403445625305175781e+01
9.401826858520507812e-01
2.403469085693359375e-01
3.530002593994140625e+00
1.121609926223754883e+00
3.656076431274414062e+00
1.320438385009765625e+01
1.002351737022399902e+01
2.485862016677856445e+00
2.515913486480712891e+00
5.533408403396606445e+00
4.118270874023437500e-01
2.905533075332641602e+00
1.000156426429748535e+01
2.472628569602966309e+01
3.430687427520751953e+00
2.394397258758544922e-01
4.588847160339355469e+00
3.498768329620361328e+00
4.079318046569824219e-01
2.889933586120605469e-01
2.260936236381530762e+01
6.502241373062133789e+00
1.823587417602539062e-01
3.479282140731811523e+00
4.265527725219726562e-01
5.369689464569091797e-01
1.256410837173461914e+00
3.990066885948181152e+01
5.572241544723510742e+00
3.707337379455566406e-01
1.825449943542480469e+00
3.403691339492797852e+01
4.746246576309204102e+00
2.844364643096923828e-01
1.144510030746459961e+00
2.977309226989746094e+00
4.085621118545532227e+00
7.170283842086791992e+01
1.811856985092163086e+00
5.958563566207885742e+00
5.405317783355712891e+00
1.824359893798828125e-01
1.866548037528991699e+01
3.837018013000488281e-01
1.127107779979705811e+02
7.236886024475097656e-01
2.354705333709716797e-01
1.796579360961914062e-01
2.564064979553222656e+00
3.989868164062500000e-01
3.097526359558105469e+01
6.223283529281616211e+00
9.688536882400512695e+00
2.509425401687622070e+00
7.894999337196350098e+01
8.424134731292724609e+00
2.090592145919799805e+00
8.096905350685119629e+01
2.893822193145751953e-01
4.309056973457336426e+01
1.128332376480102539e+00
3.067871093750000000e+00
3.249416828155517578e+00
7.508143901824951172e+01
