970.4577922821045
30252.426385879517
994.117259979248
718.8527584075928
1163.7170314788818
106433.62021446228
1521.0366249084473
4909.651756286621
2037.1127128601074
4038.7282371520996
267734.8303794861
6195.4100131988525
9762.946367263794
1811.2332820892334
3151.153802871704
49125.02193450928
4619.1534996032715
535.1943969726562
558.7897300720215
4614.463567733765
514.9650573730469
580.2531242370605
9845.127820968628
630.1572322845459
1650.4006385803223
4287.2419357299805
653.2061100006104
297.5473403930664
43837.80527114868
4590.43025970459
4457.162380218506
4861.152172088623
19037.453174591064
264.9540901184082
2595.334053039551
22723.534107208252
914.3452644348145
55.10830879211426
32460.90030670166
143.11671257019043
167.17934608459473
817.0127868652344
590541.3403511047
1549.0155220031738
110.55588722229004
47669.96359825134
42551.472663879395
1076.4427185058594
182153.60403060913
607.7737808227539
2222.4905490875244
1140.0339603424072
11291.240453720093
145.90716361999512
6133.017778396606
494.7624206542969
872.5383281707764
8856.079578399658
1464.440107345581
1738.950252532959
3145.867347717285
2233.2262992858887
5415.896892547607
5486.682891845703
881.0431957244873
3806.2784671783447
1674.2315292358398
902.6901721954346
1115.5109405517578
2714.559555053711
1373.6717700958252
31911.128520965576
20475.114107131958
747.6191520690918
7775.774717330933
1904.4804573059082
62263.4551525116
318073.52805137634
958.2288265228271
110815.71555137634
1979.0287017822266
40795.24374008179
24050.183534622192
1091.2256240844727
6962.0983600616455
3119.7173595428467
165.9376621246338
19008.504152297974
4827.643394470215
97.77402877807617
1477.4072170257568
451.45130157470703
393.5983180999756
1721.3802337646484
14348.913192749023
938.4651184082031
3423.4938621520996
467.6651954650879
52762.52460479736
363.6033535003662
245.15748023986816
1166.896104812622
118.4089183807373
1987.0967864990234
18241.139888763428
1323.4999179840088
78.05681228637695
245.73731422424316
230.82780838012695
2441.3490295410156
226.3350486755371
1118.8976764678955
9516.838788986206
198.11272621154785
962.8219604492188
389.7054195404053
23033.734560012817
1425.2896308898926
4308.291673660278
199.74136352539062
157.44280815124512
265.9327983856201
674.4558811187744
470.2737331390381
13102.20456123352
219.68317031860352
10367.774963378906
406.41331672668457
19100.611686706543
2652.7626514434814
81.12835884094238
8596.219062805176
180865.27395248413
390.32435417175293
2746.8371391296387
446582.80205726624
987.3824119567871
6979.959011077881
8805.6058883667
4402.259588241577
213.69075775146484
32716.48359298706
12117.19012260437
3511.317491531372
3124.0222454071045
4060.875415802002
6628.432989120483
2318.624496459961
2134.221076965332
38658.85376930237
671.6146469116211
184.2811107635498
5491.027355194092
56261.74545288086
643.343448638916
5137.428760528564
46113.30771446228
154.1433334350586
1640.4805183410645
7002.288579940796
7408.996105194092
9286.484241485596
8763.331174850464
44099.63274002075
6279.971361160278
294.3544387817383
1881.117582321167
3394.5658206939697
5246.469736099243
601.3524532318115
2233.7589263916016
144.25182342529297
509.5400810241699
7286.144495010376
231.36544227600098
5574.36990737915
6570.283651351929
1243.4558868408203
25512.237548828125
962.9433155059814
328.9506435394287
24703.977346420288
31665.205001831055
182.51943588256836
2563.5037422180176
995.0735569000244
38648.50831031799
1328.7413120269775
1125.4985332489014
1928.4255504608154
83921.91219329834
19189.966201782227
1808.483362197876
68839.75505828857
1556.6434860229492
45257.75194168091
933.5672855377197
12388.822793960571
1845.2379703521729
71634.44590568542
