1.491891769717681004e+00
1.090407842307508313e+00
1.454504346908478629e+00
1.405792307817320008e+00
1.508820367695011377e+00
2.404044636225648457e+00
1.399944075025588930e+00
1.611172004015364756e+00
1.434860743050807574e+00
1.775696010909133093e+00
3.752531151712399371e+00
1.960764421375557731e+00
3.336049851759876006e+00
1.169547975789480443e+00
1.310165542582857556e+00
1.403013050393836725e+00
4.266741582736838900e+00
1.043628736497051790e+00
4.327807657353607951e+00
2.393280016653130726e+00
1.072956598392533101e+00
5.124524729245882426e+00
8.201660940447027315e+00
2.039889359249853040e+00
2.003052715486681290e+00
1.149180867351989210e+00
1.189141161677455427e+00
1.114932877779237863e+01
4.878659025591789877e+00
2.025468776190381792e+00
4.440414612823521345e+00
1.870890651811283556e+00
2.105823332539864978e+00
1.010941281276489301e+00
1.806633476457932597e+00
2.032276136091913710e+00
1.943292807745000017e+00
3.693003207565944734e+01
9.457566919778031433e+00
6.700262166507017447e+00
2.122561901651594862e+00
4.632446849538928824e+00
1.321627577409448975e+02
1.103713192121582365e+00
1.440505907850896605e+01
2.454426553187929905e+00
6.249389353823970872e+00
1.178506298363850791e+00
1.055898123820660928e+01
1.805352593845569675e+00
1.475566449539694069e+00
1.094804347203234718e+00
5.341174579808653178e+00
8.485372681088730218e+00
3.388473427853897491e+00
2.149376386864971789e+00
1.950337826882105663e+00
1.598269662666048196e+00
1.480758273193862662e+00
1.192660369530577524e+00
1.156097599010028620e+00
1.508014568002195022e+00
2.867850914231550252e+00
7.215354922775940594e+00
1.384245360469323227e+00
2.695220757726525918e+00
1.564575633259754905e+00
1.649016405817297137e+00
1.530196163454156544e+00
2.833780888849045443e+00
2.163997527768776408e+00
2.168834435381425507e+00
3.542945725660845202e+00
2.302342720797820874e+00
3.147304235269677619e+00
5.377788155305202267e+00
1.350475353308438287e+01
1.058580895446463188e+02
1.193700783483279793e+00
6.516797053456801159e+00
2.215891912656244411e+00
1.556288538172645008e+00
9.069420534750465279e+00
1.728584552272133479e+00
1.676421127450516524e+00
1.251686129029675021e+00
1.001264175932803902e+01
1.213264659713781413e+01
5.120502774918167965e+00
1.519222484601091416e+01
1.204266564856895094e+00
1.088927793891178553e+00
3.790186818957992365e+00
1.317311249304633947e+00
1.180484181827085033e+00
1.321471239324751190e+00
1.648409362822680579e+00
6.169886992296829575e+00
2.416683448973122150e+00
1.608384912623281870e+00
5.032015956976071180e+00
1.117735133731767805e+00
1.066014086137127004e+00
1.147168092296650954e+00
2.505536473288917598e+00
1.401393769914109022e+00
1.295355032855933342e+00
1.051494435319012322e+00
4.742695871145531150e+00
4.212833538286053781e+00
1.280473421690303981e+00
1.182563326590662545e+00
2.109321662775420325e+00
1.532300231663948908e+00
3.406241882445612656e+00
5.402473102267729033e+00
3.548876145854319653e+00
2.496755857665765355e+00
2.761371712328156036e+00
3.096488149576975157e+00
8.965054771390885691e+00
1.713843896779908338e+00
1.577516394691454771e+00
2.445895910256728811e+00
1.172989504435619112e+00
2.424431560920233597e+00
1.135698644148867675e+00
1.756427461588235817e+00
2.610156853705969837e+00
2.661251889036781115e+00
5.383169838690243836e+01
1.199897972579369476e+00
3.507859708055278691e+00
1.045135387383229642e+00
2.623897668137156636e+00
2.687587395258268543e+02
1.346878513501048591e+00
4.673975263228665966e+00
3.528236240227947462e+00
1.181271849864860668e+00
6.069792092684908269e+00
3.676024518317480272e+01
1.191545930210539561e+00
2.113183028353740944e+00
1.108170807082899501e+00
3.232380598564863039e+00
2.023740360397712212e+00
1.219059168440246754e+00
1.295759112778853250e+00
1.949547996845722508e+01
1.421323122439661191e+00
2.466461570308345674e+00
1.015734385649603055e+00
6.839071118465138710e+00
3.634729094292941998e+00
1.709758977868343743e+00
2.224709635965222088e+00
1.385031099232201690e+01
1.277208161874839654e+00
1.334184324617242901e+00
9.827927709929937805e+00
1.381116730129530623e+00
1.580212647623556066e+00
9.140219845625789929e+00
3.736562938353478636e+00
3.232552490985022065e+00
2.109948618736778858e+00
1.013531543519962774e+00
2.425158726488209293e+00
4.068252892748750682e+00
1.232117916581634942e+00
9.081774958184306001e+01
1.041412277754746318e+00
3.799874108244098991e+00
1.215266822407274461e+00
3.103628312612341400e+00
4.441271284135612341e+00
2.665022479441779613e+00
1.283948166534088609e+00
1.868139659613303305e+00
5.344837898151725497e+00
5.113401223857788835e+00
1.433046629982559317e+01
5.921970724009916864e+00
1.067226347580044088e+00
1.677068623774780720e+00
4.274292118620421022e+00
1.375641414813360885e+00
1.234247108734053855e+00
1.590501039080273404e+00
4.530622817273544989e+00
5.500124768498870331e+00
1.052980913023021214e+00
1.933774188796634652e+00
4.848132557394384534e+00
1.285446111288185556e+01
1.269384169083345171e+00
1.331173556014392023e+00
3.309910931344185681e+00
4.276751657962695852e+00
