7.128646971006856070e+00
1.295402462664020371e+00
2.685804924368561331e+00
1.050614166708551123e+00
2.348006003592222335e+00
1.055602701217443062e+01
1.109888815607679602e+00
1.775351426002167443e+00
1.453599614748162239e+00
1.826397151671061536e+00
1.067923606663162062e+01
3.965290163449831873e+00
3.539836111757240555e+00
1.170425454747826111e+00
1.319022433544503548e+00
1.010585354205693731e+00
1.076418948052075608e+00
1.423693301651706822e+00
1.326929625454602579e+00
1.925355118945498711e+00
1.157502803438626771e+00
2.840600970549201243e+00
1.075775071849068887e+01
2.628447250936605251e+00
7.200232647650001816e+00
1.943353292803240961e+01
1.473905602963638373e+00
2.430495251190419204e+00
1.010785048099239081e+00
6.862736005716847387e+00
1.406007449145334398e+01
3.211189628863705625e+00
2.833414599271259160e+00
2.706981774906246141e+00
3.242620619778787905e+00
1.820336640008536788e+00
2.409969665384187110e+00
3.361112886467747529e+00
1.118442381603726998e+00
1.434009627199553272e+00
1.185546209106979498e+00
1.479633788672862549e+00
1.614941794376525630e+00
2.535331082932611668e+00
2.945399377437046606e+00
1.141169700525777486e+00
5.440352191250154235e+00
1.827559944289241400e+00
3.356473455552444918e+00
3.336232058189754657e+00
3.217174160706119501e+00
3.108429294165427237e+00
1.700328316028501652e+00
7.159243879756678197e+00
1.381029323947112974e+00
1.720215345412760666e+00
2.393595740422507223e+00
7.833417750602957419e+00
2.468414079485031110e+00
2.861511553507991579e+00
1.106344427944427977e+01
1.589349136477006486e+00
1.420803676004703364e+00
1.231192149937415214e+00
1.555435917042474081e+00
2.250936975737735768e+00
2.905026459178173592e+00
3.528540172437918443e+01
3.026279863571291973e+00
3.586260290832843367e+00
2.386788196600039935e+00
1.441875668054519055e+00
1.548280655664295580e+01
2.924927046409981468e+00
3.197467288016049736e+00
1.076547007962384894e+00
5.170707273518315716e+00
2.137857925438279239e+00
3.917302390437194415e+00
1.719992220017374152e+01
1.083399042669517032e+00
1.927590598796246946e+00
5.010786222293280190e+00
9.566604670625048712e+00
3.073709377960260003e+00
3.118110643296574391e+00
4.122555695325565317e+00
1.208364313732840367e+00
2.607119141295377140e+00
3.189702172827323157e+00
5.231900413092540170e+00
9.910535276338494626e+00
9.791602469919215679e+00
3.308057843586819313e+00
2.688918260714754815e+00
6.548660547685580369e+00
3.098549639074748185e+01
2.957753540484246990e+00
3.129342154406217880e+00
3.153138550040052390e+00
3.057507954264881977e+00
1.253761230022669260e+00
1.840043394104111663e+00
4.414980305912545866e+00
2.120639053181412770e+00
1.727696863308037400e+00
6.428347425461540254e+00
5.525115465479673027e+00
9.291822040668462179e+00
1.623768672160404769e+00
1.563942859664243512e+00
1.740390049485019075e+00
1.577945952798826923e+01
1.104400445513459506e+00
1.587332600496017321e+00
2.332215231257617205e+00
4.799733216497572563e+00
3.666445085219051325e+00
2.307772626358692847e+00
7.194379567010154020e+00
5.997825899938105110e+00
2.686413152493378309e+00
3.091747699670441829e+00
7.447454883829879080e+00
1.387370065809530484e+00
2.738995859797854759e+00
1.521522717906431010e+00
2.966505986658729199e+01
2.067497141781057035e+00
9.917507740916271075e+00
5.427921364679222371e+00
4.612823933970679136e+00
9.897998356935170605e+00
1.110981524926551556e+00
1.863194521701036166e+00
1.424022033243033780e+00
5.189139198180547474e+00
1.445562776378367165e+00
1.627355250918213425e+00
4.058913275915701391e+00
1.961613457430663843e+00
1.719598116430057555e+00
1.232859306897194918e+00
1.093116419274175577e+00
2.234283529827703951e+00
1.811997390103315286e+00
3.640588782058456818e+00
2.122289340786024603e+00
5.947788683607293514e+00
1.054882081646806968e+00
1.240749337479958969e+00
2.560300905314406794e+00
1.802614451246268290e+00
8.989173427830742469e+00
1.882985297152047544e+00
1.569885474929396674e+00
4.868440191813512286e+00
1.904110535249535330e+00
1.351679624332747132e+00
2.027406493654758002e+00
6.001905934707466805e+00
5.655106603357608464e+01
6.618394004999390745e+01
6.440144921145164680e+00
3.978810935527378412e+00
3.489585273236843754e+00
1.056670914022644681e+01
1.710683349281661769e+00
1.775284790210901020e+00
1.086903130684994334e+00
4.199100568346310070e+00
2.104457498240714486e+00
2.757946133555322366e+00
1.147664837894530887e+00
2.062540011284342167e+00
1.701566121322592551e+00
1.331429226084260620e+00
1.852571119667121735e+00
4.903558136434988945e+00
3.069740806499164698e+00
2.909117029298152968e+00
1.222946954722078816e+00
2.949933029005232132e+00
2.140906921120332207e+00
4.057081434028154021e+00
1.939405328957505725e+00
2.478355231689956195e+00
9.287359286067067288e+00
2.369408814989918177e+00
2.552227168862605922e+00
1.881876736514668380e+01
3.457337169263471566e+00
3.902040953371085141e+00
3.456603889648867778e+00
8.079406937029183666e+00
1.288230378819868793e+00
1.477662269144613072e+00
2.939530965192453049e+00
3.569208707950105808e+00
3.534862130244339262e+00
1.222695063725518061e+00
1.380630790186934354e+00
3.932489619301233308e+00
2.501611957505070816e+00
1.260279199547285289e+00
2.072509690460024423e+00
2.577881250570456473e+00
1.447616213538492014e+00
1.305881045060165446e+00
3.161164723835569124e+00
1.333134841396622638e+00
1.993193122833642583e+00
1.849614943413509405e+00
1.141136192372594671e+00
4.773533235450818424e+00
2.423120459435563312e+00
1.843242428162763957e+00
2.281743380643159735e+00
2.465466148711970451e+00
2.182353331888450487e+00
1.379240233158456563e+00
3.073327548800546261e+00
1.029239490225817910e+01
2.717776365999878152e+00
3.214655697740959273e+00
2.119419490882785695e+00
1.587589413495789525e+00
3.339417413549931712e+00
7.784463333880920821e+00
3.465454207122873775e+00
3.419180327895064764e+00
1.425376337981691277e+00
2.230200851368800752e+00
2.643398105795033093e+00
1.784838118702796406e+00
2.025736712196325673e+00
1.455546221667863849e+00
1.082962675170605849e+00
2.524597407933805382e+00
1.377788492120148423e+00
1.413359775954628361e+00
5.774559212802319763e+00
1.908264395126688839e+01
1.825218146234173666e+00
7.329416808417430040e+00
1.062482822352571521e+00
1.597980314572114757e+00
1.288746606570801756e+00
2.634276291887287957e+00
1.068867093048640582e+00
2.171926346339854152e+00
5.784415841463190766e+00
1.361922257982196571e+00
1.272540408721126282e+00
6.035713889018683886e+00
8.853757365779863164e+00
1.464998082952628788e+00
2.940327663316514961e+00
7.896836415642733975e+00
1.712602792451667799e+00
2.893549065618636895e+00
1.252957017328444778e+00
4.451858941977556050e+00
2.098576395326447575e+00
5.746463207348980973e+00
4.655706104310320725e+00
1.859940348793699982e+01
4.476366798589101137e+00
1.609245566544057260e+00
1.822926630514721591e+00
2.393055024961475485e+00
1.035894326290435208e+00
2.181369075956736125e+00
3.382822778162343891e+00
1.140135692738875495e+00
2.128766158254739693e+00
6.166393607681358802e+00
1.711440259824199561e+00
1.345297551797496105e+00
2.007541643835942136e+00
1.684851829183226180e+00
2.762493803430882799e+00
6.579897714198009062e+00
2.098556217309540628e+01
2.554837188561306593e+00
1.015851989803442823e+00
2.124456236628132544e+00
4.012507742853234305e+00
2.907393318444920549e+00
1.019861756393921182e+00
3.448550723788297745e+00
2.477751738953294591e+00
1.038270663042563768e+00
1.796398784038059082e+00
3.500535794903455233e+00
2.487615605066022084e+00
4.353818185924144046e+00
7.099857176793287650e+00
1.589654834519933058e+00
5.276365535198199730e+00
1.121635171661213404e+00
1.131471542687256138e+00
4.335205153239756193e+00
9.234758566174154026e+00
1.276697892290106662e+00
3.977024180784777929e+00
7.063236953482793901e+00
2.995391033811375170e+00
2.945991287995144869e+00
2.923544104282425504e+00
1.246737403151410239e+00
4.337511282658406131e+00
2.355908890724254245e+00
2.203485183648084433e+00
1.050801221592303270e+00
1.796887246853970721e+00
1.923633959564478024e+00
1.708435782401088288e+00
1.432006901743708305e+01
1.282778539023833098e+00
5.161546867762273116e+00
1.590934731492470888e+00
5.200174454497616949e+00
5.306361887019338752e+00
2.230032077616199260e+00
5.456302938254021129e+00
1.004466993108684036e+00
1.129318527321564680e+00
1.369879473609136422e+00
2.486284779368005182e+00
5.245447980642809149e+00
1.146458727907748942e+00
4.818031139880862845e+00
1.308148224550910399e+00
1.830260077816482811e+00
4.214760801923529243e+01
1.325707266369121839e+00
2.559949219186592906e+00
2.928708853806322843e+00
1.937164375072483846e+00
2.066567449934094469e+01
4.404879643689618263e+00
5.179982878281399472e+00
1.232737824763542545e+00
4.206879738457150353e+00
3.166420857928040622e+00
1.143686166811339433e+01
1.385992177844146633e+00
1.007013648889503177e+00
1.056282201423949907e+00
1.683335194684327796e+00
4.363038296841660113e+00
1.002366275882952351e+01
9.652986256287887201e+00
1.921976734055288905e+00
1.717746317007009971e+00
1.590792184533338149e+00
2.066207304371053155e+00
1.588675491913393856e+00
8.916415836359215419e+00
1.924531218560953771e+00
3.116838582078198527e+00
5.789514572480572774e+00
2.916360062396884612e+00
1.312695095546698276e+00
2.421013597745619084e+00
6.903897000961560337e+00
3.899520045598584783e+00
3.854769224381436210e+00
1.154005712955793905e+00
6.815981558127969464e+00
5.497339593761650711e+00
1.285110416778959985e+00
2.676901362049970423e+00
5.952749256182658932e+00
1.082521414348022848e+00
4.592640115241286480e+01
1.337515909070689402e+00
1.271135940328756098e+00
1.449742960057514907e+00
1.766298432616681957e+00
1.449092173341728573e+00
3.609492680386908070e+00
3.348211355688567092e+00
3.719613479150508439e+00
1.665785935887764246e+00
3.400285342508319264e+00
1.039484803153206371e+01
1.206043323136783085e+00
2.701114978971634439e+00
3.456939522415133581e+00
1.133016389179335892e+00
1.169562255753946234e+00
1.669994355690861187e+00
3.426480735058934357e+00
1.381112196338590392e+00
1.013871222674045391e+01
1.706726915598418381e+00
1.676797830218398344e+00
2.402206700781054582e+00
1.041303021968447373e+00
7.363958499738231467e+00
2.344139025315762126e+00
1.716523409057580718e+00
3.237988831336350071e+00
6.250527487329501142e+00
1.373358937346886854e+00
2.942029225908372680e+00
1.446153643728108174e+00
9.694063427771540731e+00
1.642421192422108822e+00
3.779120365138013415e+00
5.221775115625574948e+00
1.108443412240452952e+00
1.059663944371768141e+00
1.171878792390324664e+00
6.461252762003700134e+00
1.746629376975652903e+00
1.514490426947021362e+01
4.362630339990609230e+00
2.813252916089195477e+00
3.380277165448635213e+00
1.112011594312782847e+00
1.501494967932087921e+00
1.286023389288795116e+00
1.439267833708388400e+00
1.574904716929669712e+00
3.105983267870297659e+00
1.539129637279447405e+00
2.800867457184138765e+00
1.121166161071113887e+00
2.285241428091348670e+00
1.908292820554270408e+00
1.019301152449479719e+00
2.748345834753048944e+00
1.543995736872778579e+01
2.068232331480054143e+00
2.902505947640483974e+00
2.456694258214610738e+00
1.241428714376782816e+00
3.236701988547245890e+00
1.647655659522307747e+00
1.604072421733423015e+00
2.020327975132015119e+00
2.470524316999346048e+00
1.251029820596554654e+00
4.629182740998469825e+00
3.606447986805392958e+01
2.320969887562664979e+00
1.743247039759342698e+00
3.186718925213686937e+00
7.967421571410170600e+01
2.523183755199088552e+00
2.909649843567452265e+00
2.501101908402759921e+00
1.441967226545595171e+00
2.083990947776169111e+00
1.123853856706068521e+00
4.362925720125916840e+00
4.022136090860621849e+00
5.157768653559928751e+00
3.521442916915454191e+00
3.553472919391480023e+00
3.633780907859087961e+01
3.713389637657726450e+00
1.639753391371814528e+00
2.897739723025175707e+01
3.050715529252021163e+00
1.522378247119247874e+01
1.063886261537164479e+00
2.234919257867294728e+00
4.248679520367532270e+00
2.871928390427965105e+00
1.450326077578613981e+00
2.658599828290226341e+01
4.154792981123808460e+00
2.645830715473983741e+00
1.606331883856254361e+00
3.743167603759996354e+00
1.646362539054998075e+00
2.866347815818571565e+00
5.917134712984410783e+01
1.674540994154422258e+00
3.141926310375923848e+00
5.163256693096460737e+00
1.385942723020259892e+00
2.755723468488145311e+00
9.992218977902359356e+00
1.016566727053300845e+01
1.438828908840502185e+00
1.001995470894492080e+01
2.982905139201995848e+00
1.140303305169366688e+01
2.477413773114093942e+00
5.723596286178311843e+00
1.165428269050633237e+00
7.667762027505698796e+00
8.291177995037458004e+00
2.260271772855641181e+00
1.623210944996293481e+00
1.660195164205119589e+00
3.169972447973047114e+00
1.574218701069868054e+00
2.688623996211206180e+00
3.132030290212700407e+00
4.742354085763337501e+00
1.668792172583670519e+00
1.230570121262858807e+00
1.059064062541550610e+00
1.857865239094014020e+00
1.467411864344087880e+00
3.135889408778321563e+00
1.286082257488965430e+00
1.558878724480440736e+00
1.157004712856289030e+00
1.397926229638366769e+00
6.459934475735293447e+00
1.217324966214816451e+00
1.775628751217438239e+00
3.052811177376692164e+00
2.664207330177605915e+00
1.783897201924039333e+00
3.676326113729816658e+00
2.670511650831966399e+00
8.063394969832904380e+00
1.249741282057040159e+00
1.326115361552723027e+00
1.918301256093068785e+00
1.116804591955876669e+00
9.854625664252065320e+00
1.467014648991762149e+00
4.208111508126902045e+00
3.099199622278015553e+01
2.269911059456693803e+00
1.781892689181202805e+00
2.507292006092451508e+00
1.129058336872564405e+00
1.087066948255528631e+00
1.614121830708153293e+00
3.977436119060782982e+00
1.952520898574642949e+00
2.403879324398519923e+00
1.937464255750817044e+00
2.506599629613338376e+00
8.993994281205990760e+00
5.403314547170765536e+00
1.379944386645452603e+00
2.276157283947170651e+00
2.457385293867066878e+01
1.148809566446649022e+01
1.091572570259833519e+01
1.300126755067944062e+00
2.241638500694747016e+00
1.948322937309191483e+00
5.486645056617659222e+00
5.721147166463347311e+00
4.422568636422490762e+00
1.878109012641073772e+00
1.402230254759826433e+00
7.079782567679158589e+00
1.922580080062185726e+00
1.908772148531372892e+00
4.108189947423453781e+00
1.006599695699035957e+00
2.092971450853545079e+00
1.483501874863732528e+00
2.688166826362989870e+00
2.263198131199081864e+00
1.138281268956353953e+00
7.251869684441378361e+00
1.169770757821441132e+00
3.356007536130731772e+00
4.057053702412252605e+00
5.015568982930967756e+00
2.057363000846103240e+00
4.206483520755149641e+00
1.715387666178902926e+00
1.258776069993424507e+01
1.417332422756041987e+00
1.628375368769440223e+00
1.300237766728517208e+01
1.361484222565005231e+00
2.104846666232670138e+00
1.973380062845043970e+00
3.383377039413238307e+00
1.648693253331309894e+00
9.077419328667676979e+00
5.079284674682433831e+00
4.359344163332314892e+00
1.206685944969647828e+01
1.552515773053070758e+00
1.387715231263049631e+01
3.638503926567257185e+00
1.329385040298438403e+00
4.127798786849663948e+00
1.456484298380427811e+00
1.940330752645044177e+00
1.793707944756716799e+00
3.645065722328819646e+00
1.554020098723924770e+00
4.515060834691371205e+00
2.286245391355221646e+00
1.419127603826820350e+00
2.032214596335609968e+00
6.993888617539941954e+00
4.713227999410575464e+00
2.271880031460724148e+00
2.140022783531412731e+00
1.620259356494495373e+00
4.062161872462557888e+00
3.276571963502437512e+00
1.610887888711725502e+00
4.828359374590982078e+00
2.686238629442015746e+00
1.533859816317281410e+00
1.066348376840818180e+00
1.459577804594123229e+00
1.417300812803851118e+00
6.733414775338248504e+00
1.823222881301285403e+00
1.665037653882352808e+00
2.988185165468759674e+00
2.605773893455494594e+00
1.921449941562122232e+00
2.655392772934684675e+00
3.156124385493015883e+00
2.612470950471637021e+00
1.175778553973675367e+00
1.557460182030397045e+00
4.221070735738053692e+00
3.082403819534015987e+00
2.947696750232664531e+00
1.035671948244721419e+00
3.242933373788321472e+00
2.837217491310644490e+00
1.164256176479530058e+00
1.990279679575576610e+00
2.298146461837221377e+00
1.272527692061540039e+00
2.130063153065069770e+01
5.546439532856372701e+00
1.191601801321521936e+00
1.827785062143624684e+00
1.456272921638347428e+00
1.387075992384828149e+00
2.783713747059788091e+01
4.658404656919261200e+00
1.681038404838094413e+00
3.830608356859754871e+00
2.412215667287797682e+00
6.127825671180199052e+00
1.185570719477497148e+00
1.315842547511491212e+00
2.309705688120642364e+00
1.077373887915175743e+01
2.729449711586876770e+00
1.464986895986739590e+00
5.767560164508271470e+00
4.073842342578999798e+00
2.245615531299929302e+00
2.038094502074548942e+01
1.048808823385805278e+00
1.394514128868791225e+01
1.340425297048632913e+01
1.269915249868925899e+00
1.171432508015880725e+00
1.328227917541799474e+00
1.740866613841000055e+00
4.790040329389679385e+00
1.626788206225509237e+00
5.642444333299989623e+00
1.965839982732392910e+00
3.651608377916173875e+00
1.827124589729234305e+00
1.366653087081860285e+00
1.166073013023772731e+01
1.742573856173069036e+00
1.593786150481159236e+00
1.349099182711234857e+00
1.107383460810306453e+01
1.431506880680059046e+00
2.039380846892794086e+00
4.252544868570786285e+00
3.421859810227995791e+00
4.311241637907465218e+01
5.393844934563845506e+00
2.003394589933996883e+00
2.897567739974836076e+00
1.703109783161084856e+00
1.358392905474225465e+01
4.714203425814394777e+00
1.620899699764757118e+00
7.172041464042803227e+01
1.205529508323124475e+02
6.501539360247000410e+00
1.350287866247119872e+01
3.545566597248260621e+00
1.119719612194929992e+00
1.190537006893150451e+00
1.367068396850791032e+02
1.032443201888023632e+00
2.950045606066322268e+00
1.831738547670304342e+02
1.062379805701895830e+00
1.930623039769808003e+01
1.352207261860517917e+01
1.551982951428389335e+01
2.399579070310548623e+00
1.300737183459601098e+00
1.003690602814480002e+02
1.076919830540237211e+00
1.997842566731995673e+00
1.364094604056747428e+00
1.780654751239723277e+00
6.673098206647846808e+00
1.354319050737483598e+00
5.124884085943808287e+00
4.552626813837256314e+00
2.128180190052883614e+00
4.347523567935283495e+00
1.684551608232188302e+00
2.767995652889184477e+00
6.612523294154895481e+00
1.529656471837059550e+00
6.158815321259954345e+01
1.650895643176489624e+00
4.549263897753956343e+00
3.596058584423867721e+00
2.255186284705386512e+00
5.180738881616757396e+01
4.604067725311006498e+00
3.337279908890332081e+01
4.333983126291172994e+00
1.616998208106239510e+00
1.067908156238793094e+00
2.780683983502547196e+00
2.929530534501603611e+01
1.065710166455175356e+00
2.194771876118306508e+01
4.619064764260611966e+00
4.806615732349573733e+00
4.344830845713122613e+00
3.066767651513894410e+00
2.323338034852660599e+02
3.437127688854207719e+00
8.342300878980029211e+01
4.553060635507522491e+00
4.263659178460805776e+00
1.336735383887761763e+01
1.438331665595806497e+00
9.562108039428590445e+00
2.570760355194402269e+00
4.523938657158812937e+00
2.645340766598641924e+00
4.247948018400848014e+00
2.095894037737890070e+00
4.110912600572069309e+00
5.374229798945335368e+00
6.572060503743672122e+00
1.568634777113290468e+01
9.191986359297780851e+00
1.006071147314839820e+00
1.748403724294607331e+00
2.018331684710829244e+00
1.083890539014503052e+00
1.016626537251740015e+00
1.730639901327011643e+01
1.220993673505429200e+01
1.751192759770524958e+02
1.547079749217938671e+00
1.838448462822373175e+00
9.329469675577742649e+00
4.224914485079847459e+00
4.260578233553792948e+00
2.964446753086238839e+00
2.748175518501146541e+01
2.478827748463334757e+00
1.247615817230175006e+00
1.343803951922863291e+02
9.511333790079889994e+00
1.551065779166381775e+00
1.680765042792830233e+00
4.036247792891175301e+00
2.416769589649147676e+01
2.577729643701080420e+01
1.762524494109036111e+00
4.017015577779725177e+00
2.765414399463142825e+00
1.770357354101635394e+01
1.674688280808304341e+01
3.282967988326688236e+00
1.310832415805471562e+01
2.333223197216228506e+00
3.249806844431208486e+00
2.636140496624665985e+00
2.842989583298787792e+01
1.611908863568729533e+00
4.325946740423664671e+00
1.491993807100830516e+01
1.556758893616524198e+01
1.722858783755194079e+00
1.591867414777791145e+00
1.444876649179204087e+01
2.685035237834575028e+01
1.093496640772291784e+01
4.592523785328424424e+00
2.054400726045910730e+00
1.446784483786024822e+01
2.370058009964471690e+00
8.115365324359995469e+00
3.340016732620208728e+01
3.423161835372561690e+00
3.462535227451076114e+00
1.824249408279179363e+01
2.134108681153930220e+01
1.803071473152685122e+00
1.373458607984640256e+00
2.038520933378756617e+00
1.409253138660878646e+00
1.261669625425832164e+00
3.235853915792057389e+00
1.109671690018667611e+00
7.614906221823406263e+00
2.409457500382641015e+01
1.572320733656961567e+00
7.713073176870781644e+00
3.006098421298510015e+00
1.292386923804264010e+00
1.066378157313814334e+01
4.176329439079787598e+00
3.839794195125055154e+00
2.129556835299208029e+00
9.419590799153267469e+00
3.996967142991105781e+00
7.141554696032393679e+00
3.655593038725118049e+01
3.475691078446096149e+00
1.780854823195155090e+00
4.163826938553945034e+00
3.403296924433857562e+00
1.447187997019355077e+00
4.700603910552811016e+00
2.469930669182474219e+02
1.363826177849511900e+01
2.232959130624360711e+01
2.249273612461159999e+01
1.578894607241482504e+02
1.366450523491302693e+00
4.526077095146007423e+01
1.204891615044394086e+02
3.097117426327617906e+01
1.036121792729570279e+00
1.627083682200787695e+00
7.540734934535680445e+00
9.258308209288748003e+01
1.206490281740305148e+00
9.773531850968765866e+00
1.428459772074168299e+00
4.501545886081339987e+00
1.331545539468254935e+00
1.713139447451955899e+00
7.208681054807936306e+00
2.231695334004134779e+00
1.459072778854838104e+00
1.994780661861820237e+00
1.387544528154190937e+00
2.196787055859453108e+00
5.698462553113677664e+00
1.205666589419062573e+00
3.519061703229211968e+00
1.013679124847797874e+00
3.571698398884051606e+00
1.481101015213056371e+00
1.124117056303221007e+00
2.441600526503642232e+00
1.175232432985122877e+01
1.977160259429447819e+01
1.513828466933382266e+01
1.088965098108436891e+00
2.727767095084332016e+00
2.096983876522974555e+01
1.323505317112332413e+01
1.171931861187198498e+00
4.262323298335327415e+00
4.843020121223099217e+00
1.312815784855029477e+00
3.329740383200774545e+01
4.777233036127875643e+00
1.036153176781144793e+02
1.116081714034619754e+00
3.938804932759266020e+00
1.726598617404822633e+01
1.030466380520137504e+00
1.860982871726105659e+00
1.789790491366637681e+01
1.070516494097285776e+00
3.336839811388383481e+00
5.788477702821258397e+00
4.534604804371665132e+00
3.449276442361730144e+00
1.792826336713505775e+00
1.249455037264417712e+01
6.555764693055697201e+00
6.355246523154520588e+01
8.213762998154294337e+00
4.317732652893650602e+00
5.084116314219154731e+01
4.672061568018461841e+00
7.222742207037473605e+00
2.530364062260171298e+00
4.382511701547699090e+00
3.110124181213441830e+01
1.303673960826347900e+00
2.264804031498145775e+01
3.626935921780294336e+01
9.047975266297230590e+00
7.849867022268744776e+00
4.153803927925581618e+00
2.239860750909653309e+00
1.980604958907017732e+01
8.652766212177462890e+00
2.498777485922992980e+00
1.409169439886774233e+00
2.355245541183616709e+01
2.309700242787940727e+00
1.020989287953684688e+01
4.433870511744041565e+00
8.124060316963758410e+00
4.188325038364209973e+01
3.869222804742158850e+00
8.679581543409085498e+00
6.518468543442098806e+00
3.781497895499896789e+00
7.370764954762067944e+00
3.013730958028734364e+00
1.558032845271953404e+00
1.334870934919121233e+00
1.865858540137533161e+00
2.087625618528820226e+00
6.682738029263496138e+00
3.703548828032515416e+01
4.776007627252337073e+00
2.266711510381383299e+00
2.101752898685970816e+00
4.107272063298843534e+00
3.367918065172119668e+00
3.818841125580548379e+01
4.608379634425851634e+00
3.305434736144519992e+00
2.242926043741162001e+00
8.739197229298824254e+00
2.014253317483806871e+00
6.583157316478171595e+01
1.616394042577557588e+00
2.219456951919503318e+00
2.679418230473689544e+00
2.795007504738017179e+00
1.452544206432816942e+01
2.179193297550134911e+00
1.138842435182871871e+00
1.541112419428676938e+00
1.876969256875909053e+01
2.649857266905089048e+00
1.506594944240425704e+01
2.905161375071684926e+00
3.477438485772488974e+01
1.056713539591974005e+00
2.120245337807121988e+00
1.134281151656958819e+01
5.111521303035007513e+00
2.983769540908568629e+01
5.275978780891598774e+00
1.190674250920681487e+01
4.152716047735887983e+00
1.731180575785894682e+00
3.272438198323014547e+01
3.742932360666195279e+01
1.690655837388170601e+00
1.858859636880574939e+01
2.898521570599621011e+00
7.630500160837522472e+00
1.373736812803385110e+00
1.604748824819839603e+00
2.156747537334319009e+00
1.095600566322596947e+00
3.760563951463193888e+00
1.230473612237669156e+00
1.529567629090959890e+00
3.996783673882883914e+00
1.115708678905143136e+00
1.236416148511268354e+01
2.522234042626462447e+00
2.211091111808484388e+00
9.402006187295699036e+00
4.145175234482581317e+01
2.112978101194799407e+01
2.009426602707057086e+00
2.936688968406745204e+00
2.640830844626619101e+00
4.299259549958483362e+00
1.694842231594829052e+00
6.291566343657885696e+00
1.241668058303055489e+00
1.433083145237465494e+00
2.169358206370205266e+00
1.304521027313371162e+00
9.672757801562440250e+00
1.895767100120252024e+01
7.893325733878612915e+00
4.211993716431762458e+00
6.097020324512463674e+00
9.155146508210332712e+00
2.325608927254554814e+00
2.180039145238172438e+01
4.657492500693575899e+00
1.349867001565229430e+00
4.944701795990039450e+00
3.268292692737556848e+00
5.316262734725840211e+00
3.877906260568993790e+00
2.711684867659626796e+00
4.998492708007598040e+00
4.673115643313849432e+00
2.320799519547456224e+00
2.417590383664117493e+00
1.480641899738060658e+02
1.566010494786429064e+00
4.297412896003935145e+01
1.072486868498350177e+00
2.203645326757424083e+00
1.947411754889405655e+00
2.989836094014496126e+01
1.380288007323781763e+00
5.042538038122966526e+00
1.366927043389234209e+00
1.504100678142931713e+01
3.703285898152644418e+00
3.013131544817442276e+00
7.242544244981811374e+00
2.345441602686137994e+00
3.640890282285224089e+01
1.128058037558135718e+00
1.228630847173822538e+00
2.284419368483079804e+00
2.206334088188552869e+02
4.597322122033522973e+00
3.805848631691327366e+00
3.265415203991008930e+00
1.150869645780991268e+00
1.510601099203053188e+00
1.164253217094234572e+01
1.599601259058834435e+00
1.012047724993136777e+00
7.622253574106286678e+00
1.288448826104953815e+00
1.231837995069256841e+00
4.092421673616806999e+01
1.310667212745501020e+00
1.119520643394999482e+01
6.325486614222670667e+00
3.717817075154216333e+00
2.452529556273455480e+00
9.993801821195473778e+00
1.814768794259387974e+01
2.812703519488369164e+00
4.980256899825956651e+00
2.836512296159768098e+01
1.334606438852097199e+02
3.141293686120829154e+00
2.838176750509203483e+00
9.485595480225988751e+01
3.053577922819371349e+00
1.439196494015381589e+01
6.385656251101758940e+00
8.373823088397807979e+00
2.053272932322812938e+00
8.339567681047004299e+00
1.870454945449428141e+00
8.729051618975732652e+01
1.493344343554895648e+00
2.066945727265396116e+01
1.035057606761678706e+01
2.144078102509543893e+00
5.108188255033399017e+00
1.405230217475027077e+00
2.196701375123924826e+00
9.659605299527615330e+01
1.970191516968405310e+01
4.596634639766219266e+01
1.522870705979392802e+01
2.306458792484726406e+00
1.248308988488051385e+00
2.129790425752825200e+01
1.902688670293720818e+01
5.208447158348323391e+00
2.752218526246241304e+00
1.893406514270402186e+00
2.792846434599647765e+00
2.831292274635261563e+00
1.051825972306797530e+00
1.910189589084917117e+01
7.524122360114085950e+01
1.101814550658304137e+00
2.942522298153670057e+00
3.731687048918260530e+00
2.054911569713353980e+00
2.427456623498696953e+00
3.079980022252441429e+01
1.452448057891777999e+00
2.701462471688553357e+00
1.799881118253337675e+01
1.598265429578108687e+00
7.966282325388131191e+00
2.486632855148797283e+00
1.894439561610154588e+00
2.240004725894725546e+00
1.709215384322992293e+01
2.719658429681836687e+00
6.019309137612370186e+00
4.941251023299293443e+00
2.735038026201037198e+00
1.346083135837334055e+01
1.173717689565956013e+00
1.410266305329719927e+01
9.712846127861105572e+00
2.255645030080021929e+00
5.332530992789887847e+00
1.749177775486074227e+00
4.081833659665238478e+00
3.604533215946003679e+02
8.836947012214979580e+00
2.803616038621839834e+00
1.764515477524522424e+00
1.657652724390708698e+01
2.710791990783915750e+01
2.324204324619288720e+00
4.412787165712485304e+00
4.157855258324980596e+00
1.168206006921598927e+00
1.594425066745418951e+00
2.483214666093988221e+00
2.444067090681010246e+00
2.076364071067887007e+00
2.236217854327283039e+00
4.566700744400730372e+00
1.387242260661559090e+00
3.678171681836169427e+01
8.909049112127705783e+00
4.022782027944498573e+00
2.521470021514472748e+00
6.494100047190755731e+00
1.616442139426007998e+02
1.811226354421351914e+01
2.097235555146285346e+00
1.046848314798330648e+01
1.799769309357197145e+00
1.623358614404602829e+00
8.586539655238539126e+00
9.978747032135217410e+00
1.713088100586915346e+02
1.267574536343251124e+00
1.695031635631516487e+00
7.079610058323830835e+00
3.118356724747761533e+01
5.250306048590823949e+00
3.406832569859636806e+01
1.411058631875094704e+01
1.745304747001416601e+01
1.131990709815282825e+00
3.064225173413143111e+01
3.527343763038568625e+01
1.068180711433743291e+01
1.983400079616683298e+00
5.449240308561434709e+00
1.790113719835496608e+00
1.107410959348089463e+01
6.560500837106743255e+00
1.899522841188915567e+00
5.768314063349116338e+00
1.131850737304981180e+01
2.383128509701611719e+00
1.363289759096052878e+00
2.336817036037643458e+00
1.477676559541498591e+01
2.582898963181865959e+00
3.308984250724063880e+00
2.882982302086189819e+01
1.642614745045386959e+00
6.589272477857403665e+00
6.091061511641284199e+01
1.198139318904487549e+00
1.586818466542434969e+01
1.456609098331124175e+00
4.877937151423508055e+01
2.466837257732624522e+01
1.143905292670879925e+00
1.220669335274670475e+00
4.942415336779285440e+01
8.956934133382610241e+00
8.071939231879197152e+00
5.156670637907939181e+01
1.941154138077959956e+01
1.106106011791770483e+00
4.884661568451042157e+00
3.451681651475997370e+00
1.654342865853510958e+01
4.407913901536881340e+00
1.199586172851930144e+01
1.037270337322298985e+01
2.940873737244955350e+02
1.208487110391799924e+01
1.186428400054877272e+02
2.152824305785177028e+00
7.738888054382121240e+00
2.141906470394760564e+00
1.079016377063859551e+02
5.078110941427500080e+00
8.098262249355390452e+01
1.086455923839425175e+01
6.869615889226794891e+00
2.508826778519081202e+00
2.485519560261033600e+00
2.392968179383063276e+00
6.233134812289781834e+00
1.826073820039338003e+01
9.811014433745592456e+00
2.636145166748260493e+00
4.274118678776274827e+00
1.062526129574049572e+00
7.544099075739386429e+00
1.401487411022751317e+01
2.563987126346778389e+00
1.944397008588375053e+00
3.481339910645832703e+00
1.726501434220282016e+00
1.804196472007873586e+00
5.253264366849390576e+00
3.678227336423016247e+00
1.225945933777460306e+00
1.450139574605917803e+00
1.805389710087777599e+00
1.982473285623482573e+00
5.971051221614848359e+00
3.926958582793860675e+00
2.091230968163301895e+01
2.180510378077564226e+01
9.169797943696943676e+00
1.775973990521103829e+00
3.708333780761024379e+00
1.644303681276736873e+00
9.349783354626419296e+00
8.573638100431365316e+00
1.594720830753625762e+02
7.658802750860142616e+00
1.055108017160934608e+00
3.322484814481823889e+01
2.768722274295752239e+00
1.931022917152243723e+00
1.664391362097038529e+00
1.469726314276006818e+01
9.389707953374317739e+00
2.366928192113974561e+01
2.384856111122797273e+00
1.226005207113028561e+01
8.601648602413601452e+01
2.877729401519870667e+00
3.125771807116661360e+00
8.782033299246213787e+00
2.592638245307174127e+00
6.114225232981570279e+00
2.837809778558552765e+00
2.502150824882210411e+00
1.427479195938766265e+00
1.267228517360434514e+00
1.093909305662589304e+02
3.255315021272453535e+00
1.063470141710854300e+00
5.073556243219711881e+00
5.531324846626245240e+00
1.654881300801771538e+00
4.018627438066806334e+00
1.850439669668547449e+00
1.895793575856456803e+00
2.111970441796991782e+00
1.123137987192165177e+01
1.288001462350830906e+00
4.451732615658343661e+00
2.404633827191600570e+00
2.643046569317310102e+01
1.347315734509375362e+00
4.396105210082053460e+00
1.127322094207745522e+02
1.402024422663378456e+00
5.316168024241497925e+00
1.296533211020510201e+01
1.311599803397593078e+00
5.478300877365350985e+00
1.873794124656735249e+01
2.816590996059412078e+01
4.074135894245318745e+00
1.184175592843750069e+00
3.321685889353972954e+01
1.974536001627831894e+01
6.599213732892401651e+00
1.363785449707430208e+00
1.685841549523228622e+01
4.257834849015459611e+00
1.674733741441376100e+00
1.209090465306498441e+00
5.373663682327521229e+00
9.333714687534531151e+00
1.648889447554966026e+01
1.479852804363305729e+01
6.582751215039512260e+01
6.081443717010045447e+01
1.644527413825010775e+00
3.499286436626769525e+00
1.009138975068677224e+00
2.374667636852639596e+00
1.182339785705686452e+01
7.399855362798626324e+00
4.553558076634705465e+00
1.041278310430352860e+01
1.019226383391308666e+00
1.768151396796302288e+00
3.221967941226933529e+00
1.025109100035103138e+00
6.159555387210962962e+00
3.764966712554444683e+01
4.635895131902862509e+00
2.996066583031741359e+01
1.936290502083306997e+00
3.156250141460293257e+00
4.273713941278260542e+00
1.498741545892450233e+00
3.604326448125954485e+00
1.272388092846686902e+01
2.105768137577753407e+01
1.551237584843417672e+00
5.256656619536268060e+00
1.341911277347932252e+00
1.245536730011304272e+00
3.361601737987324423e+00
1.721426262353535908e+00
1.188628357300019145e+00
3.815422725425371642e+00
5.391000699478624369e+00
1.666075489275953059e+00
8.934387129950943418e+00
7.628362127357815936e+00
2.492957615631736701e+01
1.089804498726607385e+01
3.365100205609492434e+01
2.733911810112559593e+01
1.937878169139240381e+00
5.051192044851624097e+00
1.435889438291087838e+00
5.446060542630445589e+00
3.733869441148863988e+00
3.668081531305900533e+00
5.846132215032598722e+00
3.637932274882636374e+00
8.419198941771069755e+00
1.332149848238349366e+00
1.730491889788804194e+00
2.240008814516906810e+01
2.271739954851707655e+00
1.024883412897363621e+00
3.514025348991367093e+00
2.223231090971951573e+02
9.576633961338606582e+01
3.234794495042427886e+00
4.070934194924188176e+00
4.972932249941863780e+00
1.172683559650313567e+00
5.717181282371327278e+00
1.041405250833770424e+01
5.764643082430794152e+00
1.175927823976924191e+00
4.803204791652128769e+00
4.912704031286165218e+01
2.125265956556440017e+01
1.368323607947469789e+01
3.636122874692845564e+00
3.810760636139541635e+00
1.405144535341164902e+00
5.649749660024916409e+00
1.607989378175908479e+00
1.381137064066194409e+00
4.283750559739556252e+01
6.147587248198080445e+00
3.693962001477687807e+01
4.214191674433806156e+00
3.553728262418176520e+00
1.404455647711294297e+01
2.486755506476773903e+00
2.015477988767596873e+00
2.601701498560394121e+00
6.289370953298299582e+01
1.008598203328193144e+01
1.083614315211215429e+00
6.480810582814050314e+00
3.305892699836667781e+00
2.141278464267582393e+00
6.652175236931429758e+00
1.480796006919961050e+00
1.250917849492480194e+00
2.881262563413836908e+00
2.317570770742903186e+00
4.622705250574663438e+01
7.381658504621864836e+01
8.477114661116260663e+01
1.778401095672135224e+00
1.167795674110031268e+00
1.446129229975160468e+00
1.003795355790499277e+00
1.032489238006924914e+01
3.737698429118867072e+00
1.453759396861341813e+00
4.689965116298790981e+00
1.499076438542225942e+00
3.739382986928487362e+00
1.579056017948023616e+01
2.182915892389776236e+00
2.135117002850904555e+01
2.524722146383782118e+00
6.723123264835058954e+00
6.453912099918291290e+00
2.044522354029551625e+00
1.057926226428387961e+00
7.133264419611450080e+00
1.309398510167102891e+01
4.164401279923490407e+00
3.424570698341625530e+02
3.471223626811113405e+00
2.312549126033726310e+00
3.518134161561124351e+00
6.875360745673074092e+00
2.690175683503810422e+00
5.175991519901923965e+00
8.416312596922784550e+00
3.466003208966794258e+00
3.177760628817531341e+01
4.138456320963769031e+00
2.651298373353732085e+00
2.755878481012658199e+00
1.031294944902233013e+01
1.429192870521215468e+02
4.613485627212266849e+00
3.580924443089104159e+01
3.816654592511877553e+00
6.798335666389500709e+00
1.456471270582914146e+00
1.135071484930696606e+01
1.919407955019249989e+00
9.710339859012536579e+01
3.460558554575199786e+00
7.658740172401136803e+00
1.899565062567695151e+01
1.977306768480929122e+00
8.871226468691995493e+00
1.885345141270099134e+01
2.649094232114971970e+00
1.911393079255122363e+00
5.350470957461310739e+00
1.629120182338242850e+00
1.479574418842604100e+00
2.766954511219488211e+00
2.654192532149247441e+00
1.230494583183915136e+00
2.394143593060894748e+00
4.427403890999537239e+00
1.569484355801553876e+00
7.148353619140649151e+00
2.179893860336341582e+00
1.681019079515898351e+00
4.265579252894476525e+01
2.168864302445018488e+00
5.829600420418849183e+01
7.149654273012026273e+00
2.717505000210894650e+01
5.250875253105198759e+00
4.534587139245975784e+00
1.284416575584535813e+01
5.659536515653234900e+00
2.223285800232333465e+00
9.897715732900730146e+00
2.852420416089754163e+00
1.560561605032837251e+00
3.632000322620172028e+00
4.129847305596761053e+00
2.777149703465146047e+01
1.365894116150532467e+00
3.771222258705607899e+00
2.569878696938262763e+00
1.928358939390612203e+00
1.267476603857664585e+00
3.021250752129921224e+01
5.420582596046016555e+00
1.303799236327427113e+00
2.151592284258050114e+01
4.437591225348418433e+00
1.358918287059023511e+00
1.452945863943644333e+00
1.024974495221737003e+00
7.091474488191669145e+00
1.370039395822354455e+00
5.777063914611259676e+00
1.672745976490960018e+00
1.675477565033211880e+00
3.197849313713409192e+00
9.149905797461144630e+00
1.815721606432843060e+01
1.772167807115658800e+00
5.953761048089006636e+00
2.331085540040296422e+01
2.358423151694670139e+01
2.262622843335121647e+00
9.233380546073608741e+01
1.255171219066018118e+01
3.079061935461874011e+00
9.376056814138073037e+01
1.654728471497044140e+01
1.573923476276194666e+00
5.544890932867587274e+00
1.946508394727778324e+01
1.571834137153629296e+00
1.669892897334659398e+00
7.419186852562090095e+00
2.440611386908437375e+00
5.397957327213569911e+00
1.085553024974387881e+00
2.298847270464445458e+01
1.402994980316712770e+00
1.110953317352186076e+02
2.213410459133249830e+01
7.134965197844218565e+00
1.697303293383187750e+00
5.227978614511838096e+00
1.388394268769939188e+01
1.023971579707757229e+01
6.030417978123671219e+01
1.881468684077899800e+00
7.164935634527918928e+00
3.883985323876510520e+00
3.554573940810857380e+01
2.549748738562339412e+00
1.427645843710339335e+01
5.112535265956954511e+00
2.620164871469032875e+00
4.200289010265075618e+00
4.086644853616971496e+00
8.252551939300683870e+00
1.070178818645147301e+00
5.407648754814590397e+00
2.153655494231724177e+01
2.062620936362711266e+00
1.748554444789402806e+00
5.110168311903021277e+01
1.365016252911219086e+00
1.621424067336060038e+00
5.863526245203285470e+00
7.416125441797550621e+00
7.674215629512151793e+01
7.738379080315496594e+00
6.801553435132650094e+00
1.324756302009616959e+01
4.228424939430097140e+01
1.268810399590630800e+00
1.984211787662873316e+00
4.316001354299142001e+00
6.076247719748999465e+00
3.636604543758700459e+01
3.237718643474043034e+00
1.852356795432031022e+00
2.864123143929801607e+00
1.328957363853353080e+01
2.888412140216735757e+00
2.015411323365871610e+01
1.514709406244225853e+01
3.782935919202616759e+01
2.799806413299596386e+01
1.443536451206917803e+01
1.584972512204401518e+01
6.603802218970067806e+00
3.137719768860067315e+00
2.037915539462689551e+01
5.078682285134437535e+01
2.701713219656202369e+00
3.128639747014255512e+00
2.811684211039912284e+00
1.134776530609244549e+00
2.209262380960336003e+01
1.301445349546069830e+00
4.006888066623562672e+00
1.313012329604813067e+00
1.004592281836065970e+00
6.314814670838405419e+01
3.041904022292775522e+01
1.031065621339618765e+01
1.397761234339881309e+00
2.324652499979881881e+00
4.592964265209752206e+00
1.604732322890220431e+01
1.625421479030354055e+00
8.504175277624918650e+00
2.869339367696925880e+00
1.535387683718034690e+00
5.961578502937855006e+01
8.905082129036433258e+00
2.485365263831089688e+00
1.033579307249558212e+02
3.352242380126271826e+01
9.275826858003481945e+00
2.096487753961284728e+00
7.028302125211129692e+01
1.127618428492730018e+01
2.452425877411663624e+00
4.450447841057268761e+00
1.815682279645897879e+01
1.634411880047143129e+01
3.621722919985770783e+00
3.644160641467923512e+00
4.287933722166823891e+00
2.268826169963710004e+00
1.905991608786185454e+00
3.593147921772630315e+00
1.655366782079568999e+00
1.552964516263292571e+00
1.358089554460474080e+00
1.605037465734190860e+01
3.147938959422911864e+01
3.102970391023102348e+00
3.836005187363985325e+00
1.389402145835096913e+00
4.251319366204715067e+00
1.293871043690363765e+00
5.503269005794520830e+00
3.159918437140687431e+00
8.160812462669644773e+00
2.056103711848936655e+01
1.498778224710604734e+00
2.329964206722125564e+00
3.698925930773322879e+00
1.716389707661771524e+01
1.630390260765854293e+01
9.172139158510040247e+00
1.574640456851346793e+00
1.510341529767850632e+00
4.317289097500667694e+00
9.732583920305430070e+00
1.616261708963345090e+00
1.588293096466622423e+00
1.018075742496197256e+00
4.656705707865747002e+00
4.320087096797888826e+00
6.366227867303150489e+00
4.517350811999214066e+00
1.300602289322507543e+00
8.720389776080290645e+00
3.980943434281961402e+00
2.021235281778384518e+00
1.892453979982277046e+00
2.022797080677269932e+00
1.176615201669024735e+01
3.826633275021065828e+01
9.292446668610219618e+00
2.651565825556044143e+00
4.503009400877751034e+01
2.487626679475191782e+00
3.659495847567353799e+00
3.871616947626915550e+00
2.874834760671963707e+01
9.949319066851940008e+00
2.670791919201557452e+00
4.402052030305920738e+01
9.285965767307329699e+00
3.304433889598352270e+00
6.651970082576598386e+00
1.289064806021614329e+00
3.773578878401505854e+00
1.074607032590603195e+00
1.034043101195612024e+01
8.315842188336135621e+01
2.723773164206153563e+00
2.225731730699785249e+00
1.678042127149506957e+00
2.164096861383750348e+00
1.343350816237075529e+00
5.021394086588425232e+00
3.699472645883613353e+00
4.893930152173343231e+02
1.400020565585798460e+00
4.064701350617540676e+00
1.609818961101345849e+02
1.025720174340405633e+00
9.869582873625422081e+00
1.437935607597270904e+00
1.649109399561972467e+01
5.356219307472975366e+00
1.859247047172394529e+00
3.136109786910412112e+01
3.386859539828702470e+00
5.190094120591245641e+00
3.434097698980582702e+00
4.523723572690080630e+00
7.740147759220038282e+00
1.577980244529303100e+01
9.433040345687366823e+00
4.245326331151313859e+00
1.033552348810351305e+02
1.753179334490495345e+00
1.235006374544358909e+00
9.097993607451456910e+00
3.138452710920962829e+01
2.807595527558397208e+01
1.427355067715116110e+00
1.998779981708969311e+00
1.275592533923021632e+00
1.223915220026283279e+00
6.066049755741731531e+01
5.376549564077298982e+01
5.241871944161198371e+01
1.687506057589912416e+02
1.199975802336717123e+01
2.370914368305506947e+00
1.025873531393865168e+00
2.736888673958479234e+00
2.232397580359289435e+01
3.542787600729112540e+01
2.243504782797680619e+01
1.573407104806329215e+01
3.245240040433679241e+01
1.119598839887345854e+01
1.771146289117885964e+00
2.824172118088746686e+00
3.234416285364677890e+01
3.617928365603529528e+01
1.680599349456536329e+00
8.746240639333542788e+00
1.926594542767145768e+01
5.467878867555370448e+00
2.730081400394628233e+01
3.174026398280216767e+02
1.512074845230534947e+01
7.701091326249727587e+00
1.777413829003106471e+01
3.144296298440810489e+00
2.548179917614043610e+00
2.013730182819802295e+01
3.663023272799343033e+00
2.168438110036912292e+01
3.945305463849419425e+01
2.720055649844572088e+01
1.281845242344883617e+00
2.541347115236838761e+00
1.930876649161168856e+01
6.015173772823216858e+00
1.334690466267203224e+00
2.858004429988550044e+01
2.898641607876270427e+02
3.545482587031587229e+01
2.092657724011653286e+00
1.828294718697335952e+02
2.394001780634513743e+00
1.073601132128874092e+01
6.548045181846602780e+00
2.015187672116262618e+01
2.751094627088069178e+00
4.868309962631207632e+00
1.524321716138457683e+00
4.293794642546963303e+00
1.312689960942505074e+01
3.555221506733921899e+00
1.435649674274053877e+00
5.294103491743850753e+00
1.236756377184869962e+02
7.087203705586789582e+00
6.199377873246842086e+00
1.122901254729018472e+00
5.222171507331044182e+00
5.246099218358597227e+01
4.292928123334041501e+00
1.811261916050861620e+00
3.878221717382175360e+00
1.312381021736634956e+01
2.014102301427178787e+01
5.343333457441307388e+00
2.699398781521173518e+01
3.415497522337077374e+00
4.361346794560899909e+00
5.480337617337666778e+00
2.993758184646809983e+00
1.671485332391515977e+00
2.430245014133646020e+00
1.835161058931696942e+01
1.804025142839589035e+00
1.807506809849062090e+00
2.241135921029050682e+00
1.003341530105895352e+01
2.804504574966403929e+00
6.435730329957085871e+01
1.009657778854215593e+00
1.021465771084727914e+00
1.663218092711744811e+00
3.591309256264707539e+00
1.409262780486733924e+01
2.315258878100068074e+01
1.695238613788444315e+00
2.687244473927890898e+00
3.061283687472954984e+00
3.721565027074917964e+01
1.149061207497612092e+00
9.527630902292887782e+00
3.919319750424393956e+00
3.357789153116326641e+00
1.858481805635689987e+00
9.958530985054771634e+00
3.201379864712268208e+00
8.324023266405371047e+00
5.300111608302915833e+00
1.272958713589631419e+00
4.942673604216688332e+00
1.397566012915397060e+00
