1.246473813056945801e+01
4.430801391601562500e+00
6.828629255294799805e+00
5.448483228683471680e+00
4.076643390655517578e+02
6.979701519012451172e-01
2.312133789062500000e+01
3.228542089462280273e+00
2.220904941558837891e+02
2.148731446266174316e+01
2.948200955390930176e+02
1.067864656448364258e+01
1.131250905990600586e+01
1.800340652465820312e+00
4.432726144790649414e+00
3.381191253662109375e+00
6.105580329895019531e+00
1.424235033988952637e+01
6.454391717910766602e+00
1.019022703170776367e+00
1.261567957401275635e+02
8.099500179290771484e+00
1.135421347618103027e+01
1.656088805198669434e+02
8.918064548969268799e+02
1.224353551864624023e+01
1.075342774391174316e+01
5.275245189666748047e+00
3.702501749992370605e+01
7.946334662437438965e+02
8.488814353942871094e+00
9.540906667709350586e+00
4.925259828567504883e+00
2.243443775177001953e+01
4.136409235000610352e+01
2.234722304344177246e+01
4.291765308380126953e+01
4.597156071662902832e+01
2.728836297988891602e+00
6.803152799606323242e+00
4.029271602630615234e-01
8.876169443130493164e+00
2.165162086486816406e+00
4.347832369804382324e+01
1.611381537914276123e+02
1.284680604934692383e+00
6.897724628448486328e+00
2.912860631942749023e+00
3.455323934555053711e+00
3.164664745330810547e+00
8.113053083419799805e+00
3.659399151802062988e+01
3.584100363254547119e+02
1.649098038673400879e+01
8.865629196166992188e+00
7.926892304420471191e+02
2.824563884735107422e+01
7.433314943313598633e+01
1.840489864349365234e+00
4.832845528125762939e+02
2.632847189903259277e+01
1.205727815628051758e+01
9.852258443832397461e+00
1.058840048313140869e+02
1.643820524215698242e+00
8.832411193847656250e+01
6.456654548645019531e+00
1.355927467346191406e+00
2.987814188003540039e+00
2.567120113372802734e+02
3.827649593353271484e+00
5.313845515251159668e+01
1.090300083160400391e+00
8.237569046020507812e+01
5.764323573112487793e+02
1.209960222244262695e+00
9.223897457122802734e-01
4.272398948669433594e+00
1.748577570915222168e+01
5.582081079483032227e+00
4.483742713928222656e-01
1.857189416885375977e+00
7.422635555267333984e-01
6.732415437698364258e+00
5.052038431167602539e+00
6.158974170684814453e+00
1.120470213890075684e+01
9.490698277950286865e+02
2.821159887313842773e+01
3.622237229347229004e+01
1.284949064254760742e+00
3.290381431579589844e+00
4.738351821899414062e+00
1.729436159133911133e+00
4.796234040260314941e+02
1.066835641860961914e+01
4.868049764633178711e+01
1.461721682548522949e+01
4.266489267349243164e+00
6.284172296524047852e+00
2.743842124938964844e+00
2.890524864196777344e+00
2.604103088378906250e+00
1.901297569274902344e+00
1.343287849426269531e+01
4.627840757369995117e+00
1.554244709014892578e+01
3.193150997161865234e+00
1.114216804504394531e+01
5.754058074951171875e+01
8.514539146423339844e+01
1.183340597152709961e+01
1.375579738616943359e+01
1.123594236373901367e+01
1.223077886104583740e+02
4.114352891445159912e+02
4.134626054763793945e+01
5.177950859069824219e-01
6.921435117721557617e+00
1.414592313766479492e+01
1.041904687881469727e+00
5.725392820119857788e+03
5.000127000808715820e+02
5.293472766876220703e+00
1.051828384399414062e+00
3.356279336214065552e+03
6.615731835365295410e+01
1.074396498203277588e+02
5.972047567367553711e+00
1.073066473007202148e+00
2.525849080085754395e+01
2.532859563827514648e+00
5.583430290222167969e+00
7.408885240554809570e+00
7.316844940185546875e+00
1.689855289459228516e+01
4.641723394393920898e+00
5.367186069488525391e-01
5.227071523666381836e+00
1.028039932250976562e+00
5.421991348266601562e-01
9.314670324325561523e+00
2.811933302879333496e+01
1.416485762596130371e+01
5.159695148468017578e-01
1.178405976295471191e+01
9.243949651718139648e+00
6.021300315856933594e+00
6.789503812789916992e+00
1.356491327285766602e+01
5.458026885986328125e+01
7.965402603149414062e-01
1.387803435325622559e+01
1.673376297950744629e+01
7.708976268768310547e-01
2.340068364143371582e+01
2.925130128860473633e+00
5.329620838165283203e+00
5.447187423706054688e+00
5.457947492599487305e+00
1.272257804870605469e+01
1.277684426307678223e+01
1.047156572341918945e+01
1.563010501861572266e+01
2.932603597640991211e+00
1.000594544410705566e+01
1.249805402755737305e+01
1.480773735046386719e+01
1.955970313549041748e+02
9.833235740661621094e-01
1.505948066711425781e+00
7.426290512084960938e-01
6.982972621917724609e+00
1.646268534660339355e+01
6.140868663787841797e-01
1.745567870140075684e+01
1.239723682403564453e+00
7.743770527839660645e+01
1.576596760749816895e+01
3.991820049285888672e+01
1.513465666770935059e+01
2.726955175399780273e+00
7.836051940917968750e+00
3.231520652770996094e+00
1.027059793472290039e+00
4.650661468505859375e+00
1.315681314468383789e+01
2.117024183273315430e+00
2.631058454513549805e+00
5.979701757431030273e+00
5.078926086425781250e-01
2.715310811996459961e+00
1.616192817687988281e+00
6.326727867126464844e-01
2.211086907386779785e+02
8.432498931884765625e+00
7.113281250000000000e+01
9.874693870544433594e+00
2.261620044708251953e+00
3.085146374702453613e+02
