1.475551795959472656e+01
4.129360914230346680e+00
2.179827690124511719e+00
6.004254341125488281e+00
1.204743916988372803e+02
2.282800674438476562e-01
1.271274852752685547e+01
2.777422428131103516e+00
2.212580409049987793e+02
2.209502243995666504e+01
3.881911516189575195e+00
1.240004348754882812e+01
1.123972654342651367e+01
1.284849166870117188e+00
3.521089315414428711e+00
3.819960355758666992e+00
6.246507406234741211e+00
1.438177609443664551e+01
8.911841392517089844e+00
1.206653118133544922e+00
1.346289048194885254e+02
1.792672634124755859e+00
1.127841258049011230e+01
9.753910636901855469e+01
2.084981102943420410e+02
1.434227228164672852e+00
4.861445426940917969e-01
3.121011018753051758e+00
2.946935772895812988e+01
8.254205918312072754e+01
3.027103662490844727e+00
1.005515336990356445e+00
2.916346073150634766e+00
1.842694520950317383e+00
3.428159666061401367e+01
2.288825464248657227e+01
3.175481319427490234e+00
8.208356404304504395e+01
3.951044082641601562e-01
3.967890739440917969e+00
3.762929439544677734e-01
9.246140480041503906e+00
2.258080959320068359e+00
4.882281613349914551e+01
1.812955462932586670e+02
1.426845312118530273e+00
6.928462266921997070e+00
1.520447731018066406e+00
2.277580022811889648e+00
1.140865802764892578e+00
8.216411828994750977e+00
6.821130967140197754e+01
3.818165538311004639e+02
9.327873468399047852e+00
2.475294589996337891e+00
2.959691796302795410e+02
1.814609789848327637e+01
3.895784854888916016e+00
1.035413503646850586e+00
2.884773480892181396e+02
1.091127443313598633e+01
8.100643396377563477e+00
5.014940977096557617e+00
1.024659504890441895e+02
1.325755834579467773e+00
7.271131491661071777e+01
4.969010353088378906e-01
1.049455404281616211e+00
9.843556880950927734e-01
9.927897453308105469e-01
4.706981182098388672e-01
5.292532277107238770e+01
1.058133602142333984e+00
6.173406314849853516e+01
4.658395628929138184e+02
9.860520362854003906e-01
3.777489662170410156e-01
4.271860122680664062e+00
1.129412126541137695e+01
1.314713716506958008e+00
3.743922710418701172e-01
1.422204732894897461e+00
7.379171848297119141e-01
5.599977970123291016e+00
6.266957998275756836e+00
5.492300510406494141e+00
9.790639877319335938e+00
9.514361326694488525e+02
2.695408487319946289e+01
3.975582051277160645e+01
9.452285766601562500e-01
1.468436050415039062e+01
8.001878261566162109e-01
1.594241142272949219e+00
4.752322990894317627e+02
1.007474255561828613e+01
5.019439196586608887e+01
1.490825819969177246e+01
6.533924102783203125e+00
6.837469100952148438e+00
2.674052953720092773e+00
2.380207300186157227e+00
2.009804487228393555e+00
1.954852342605590820e+00
1.508798122406005859e+01
4.767981290817260742e+00
1.460021018981933594e+01
3.782937526702880859e+00
9.962981462478637695e+00
5.662023162841796875e+01
6.401089048385620117e+01
1.678154301643371582e+01
2.252784681320190430e+01
1.520040016174316406e+02
1.327697193384170532e+03
2.487794637680053711e+00
3.651251769065856934e+01
1.055038213729858398e+00
4.886525869369506836e+00
1.217613196372985840e+01
2.032394409179687500e-01
1.609150083303451538e+03
5.016344113349914551e+02
4.227943420410156250e-01
7.812297344207763672e-01
6.085059714317321777e+01
5.849769926071166992e+01
2.046397242546081543e+02
3.261693239212036133e+00
5.089628696441650391e-01
2.544976139068603516e+01
9.797565937042236328e-01
3.771069049835205078e+00
7.098695278167724609e+00
7.364579200744628906e+00
2.199079036712646484e+00
5.616977214813232422e-01
2.174746990203857422e-01
2.049910948276519775e+02
1.410129070281982422e+00
5.287535190582275391e-01
9.677945137023925781e+00
5.709911346435546875e+00
1.009680104255676270e+01
3.861198425292968750e-01
1.209106421470642090e+01
1.080459332466125488e+01
6.535553455352783203e+00
1.615522623062133789e+00
1.358127546310424805e+01
5.586380171775817871e+01
5.918450355529785156e-01
1.054680919647216797e+01
1.661392211914062500e+01
8.945176601409912109e-01
2.052867960929870605e+01
1.154230594635009766e+00
5.300273180007934570e+00
5.506694316864013672e+00
5.258883953094482422e+00
1.251885890960693359e+01
1.024960756301879883e+00
1.011207962036132812e+01
1.399398779869079590e+01
1.068375825881958008e+00
9.018783330917358398e+00
1.261717176437377930e+01
8.048284769058227539e+00
5.804957628250122070e+01
6.966388225555419922e-01
1.472760438919067383e+00
6.818141937255859375e-01
6.493699550628662109e+00
1.744515371322631836e+01
5.978901386260986328e-01
7.659106254577636719e-01
1.278760910034179688e+00
2.036995227336883545e+02
9.715557241439819336e+01
1.525749325752258301e+01
9.171996116638183594e-01
5.974531173706054688e-01
2.213545799255371094e+00
6.482210159301757812e-01
7.126891613006591797e-01
6.290218830108642578e+00
1.577265238761901855e+01
9.286835193634033203e-01
2.835684061050415039e+00
5.826542139053344727e+00
5.164465904235839844e-01
1.503416538238525391e+00
1.587400674819946289e+00
2.064998149871826172e-01
2.460303473472595215e+02
8.064246416091918945e+00
6.123725652694702148e+01
1.358787536621093750e+01
1.072829723358154297e+00
1.875928401947021484e+01
