4.590466022491455078e-01
1.197399139404296875e+00
1.254498958587646484e+00
3.308176755905151367e+00
8.253026008605957031e-01
1.309797763824462891e+00
5.871922969818115234e-01
5.133716344833374023e+00
2.414194345474243164e+00
7.467384338378906250e-01
2.663822412490844727e+00
8.524847745895385742e+00
6.793861389160156250e-01
8.475387096405029297e-01
1.751896619796752930e+00
4.378829002380371094e-01
2.148688077926635742e+00
4.455037117004394531e-01
7.283694744110107422e-01
1.062987327575683594e+00
3.784785270690917969e-01
1.534008979797363281e+00
4.452950954437255859e-01
3.705182075500488281e-01
1.071110725402832031e+00
1.483397006988525391e+00
5.899014472961425781e-01
5.789878368377685547e-01
4.794649839401245117e+00
1.542234659194946289e+00
1.644517898559570312e+00
1.106306076049804688e+00
1.522455453872680664e+00
1.873854398727416992e+00
1.047278881072998047e+00
1.821597099304199219e+00
6.010653972625732422e-01
6.253447532653808594e-01
1.437158107757568359e+00
1.805205821990966797e+00
7.204055786132812500e-01
6.532933712005615234e-01
1.542839288711547852e+00
1.309706211090087891e+00
5.080299377441406250e-01
1.083304405212402344e+00
9.871065616607666016e+00
1.389066696166992188e+00
4.390444755554199219e-01
4.599735736846923828e-01
7.705819606781005859e-01
2.876006126403808594e+00
1.397977590560913086e+00
3.051087379455566406e+00
6.282756328582763672e-01
1.336607933044433594e+00
1.106650829315185547e+00
4.810509681701660156e-01
2.130637407302856445e+00
1.760687828063964844e+00
6.451926469802856445e+00
4.989240169525146484e-01
9.922549724578857422e-01
9.062967300415039062e-01
4.541831016540527344e-01
1.325927495956420898e+00
1.298099756240844727e+00
7.326111793518066406e-01
7.135902404785156250e+00
1.035497665405273438e+00
5.680739879608154297e-01
2.655275821685791016e+00
3.301293849945068359e-01
4.223718643188476562e-01
5.621318817138671875e-01
4.662187576293945312e+00
9.977788925170898438e-01
9.752717256546020508e+00
2.496947765350341797e+00
1.309912681579589844e+00
5.522320270538330078e-01
7.009723186492919922e-01
4.340980052947998047e-01
4.454727172851562500e-01
5.946071147918701172e-01
2.333607673645019531e-01
5.079004764556884766e-01
6.190752983093261719e-01
4.709861278533935547e-01
1.076715469360351562e+00
3.934669494628906250e+00
1.563305139541625977e+00
1.117639541625976562e+00
2.880941629409790039e+00
3.225894451141357422e+00
9.203107357025146484e-01
3.374058008193969727e+00
1.105328559875488281e+00
1.276679277420043945e+00
1.910952329635620117e+00
1.074508666992187500e+00
1.123498439788818359e+00
5.422890186309814453e-01
1.052198171615600586e+00
4.726324081420898438e-01
1.262990713119506836e+00
9.430830478668212891e-01
3.397023916244506836e+00
9.923685073852539062e+00
9.772582054138183594e-01
1.310028791427612305e+00
6.377310752868652344e-01
9.623098373413085938e-01
7.895894050598144531e-01
4.398910999298095703e-01
1.591143846511840820e+00
2.280589818954467773e+00
9.260747194290161133e+00
1.053988456726074219e+00
5.103485584259033203e-01
2.581084251403808594e+00
9.506525993347167969e-01
5.113461017608642578e-01
7.408552169799804688e-01
3.953619003295898438e-01
1.493534564971923828e+00
7.737444639205932617e+00
1.006441211700439453e+01
1.055446624755859375e+00
9.228165149688720703e-01
1.571321725845336914e+00
6.912577152252197266e-01
2.456121444702148438e-01
3.133432388305664062e+00
2.074278831481933594e+00
3.401353359222412109e+00
2.512309074401855469e+00
3.264060497283935547e+00
1.536903381347656250e+00
1.746591806411743164e+00
1.631625652313232422e+00
1.637231111526489258e+00
9.876782417297363281e+00
1.427304983139038086e+00
1.192840814590454102e+00
1.192294836044311523e+00
4.951624870300292969e-01
1.357000350952148438e+00
1.137440443038940430e+00
4.199838638305664062e-01
4.089232683181762695e+00
1.065114021301269531e+00
1.080217123031616211e+00
2.551250696182250977e+00
6.559391021728515625e-01
9.903600215911865234e-01
1.187173366546630859e+00
3.301029443740844727e+00
2.736385583877563477e+00
1.886757135391235352e+00
1.118220806121826172e+00
1.248450279235839844e+00
1.251397371292114258e+00
5.153715610504150391e-01
1.614809036254882812e-01
4.527326583862304688e+00
2.815511226654052734e-01
6.138181686401367188e-01
1.676332950592041016e-01
8.357597112655639648e+00
1.516124486923217773e+00
1.555829524993896484e+00
6.819689035415649414e+00
4.213171005249023438e-01
1.512813568115234375e+00
1.274622201919555664e+00
1.509332418441772461e+00
3.716878890991210938e-01
3.259064197540283203e+00
3.343510627746582031e-01
1.952862977981567383e+00
9.865958690643310547e-01
1.201081275939941406e+00
9.044787883758544922e-01
1.063299655914306641e+00
8.109928369522094727e+00
2.085354328155517578e+00
5.853834152221679688e-01
3.570426225662231445e+00
2.123045444488525391e+00
4.343965053558349609e-01
1.202693700790405273e+00
1.102185249328613281e+00
2.110364437103271484e+00
9.348399400711059570e+00
1.200319766998291016e+00
1.021963357925415039e+00
8.634443283081054688e-01
9.000267982482910156e-01
2.958543539047241211e+00
