3.802201747894287109e-01
1.102356195449829102e+00
1.167140960693359375e+00
3.076695442199707031e+00
6.682364940643310547e-01
1.189055919647216797e+00
5.355842113494873047e-01
4.334377288818359375e+00
2.199817895889282227e+00
5.923719406127929688e-01
2.359004735946655273e+00
7.485760927200317383e+00
6.745445728302001953e-01
7.466444969177246094e-01
1.505656719207763672e+00
4.038224220275878906e-01
1.895381927490234375e+00
3.899493217468261719e-01
6.590251922607421875e-01
8.457775115966796875e-01
3.131301403045654297e-01
1.411125183105468750e+00
4.138417243957519531e-01
3.406071662902832031e-01
1.006448507308959961e+00
1.285967588424682617e+00
5.460991859436035156e-01
5.332379341125488281e-01
4.145133256912231445e+00
1.389441967010498047e+00
1.633572340011596680e+00
1.063270807266235352e+00
1.397257804870605469e+00
1.692493677139282227e+00
9.320132732391357422e-01
1.592138051986694336e+00
5.183591842651367188e-01
5.748193264007568359e-01
1.131440639495849609e+00
1.625153779983520508e+00
7.140188217163085938e-01
5.159504413604736328e-01
1.440526723861694336e+00
1.254754066467285156e+00
4.661679267883300781e-01
9.536399841308593750e-01
8.831441402435302734e+00
1.260468006134033203e+00
3.679921627044677734e-01
4.422357082366943359e-01
7.337045669555664062e-01
2.640127182006835938e+00
1.196384906768798828e+00
2.693048715591430664e+00
5.464534759521484375e-01
1.266331911087036133e+00
1.033777952194213867e+00
4.450573921203613281e-01
1.912622690200805664e+00
1.566550254821777344e+00
5.663761377334594727e+00
4.451711177825927734e-01
8.401429653167724609e-01
9.977369308471679688e-01
3.728122711181640625e-01
1.167804956436157227e+00
1.140645980834960938e+00
6.596834659576416016e-01
6.120335102081298828e+00
1.125155448913574219e+00
4.744255542755126953e-01
2.332233667373657227e+00
3.117773532867431641e-01
3.585765361785888672e-01
4.920818805694580078e-01
4.122674465179443359e+00
9.839041233062744141e-01
8.753218650817871094e+00
2.323353290557861328e+00
1.228461980819702148e+00
5.043749809265136719e-01
6.871578693389892578e-01
4.399757385253906250e-01
4.156715869903564453e-01
5.636489391326904297e-01
2.120583057403564453e-01
4.475307464599609375e-01
5.602052211761474609e-01
4.210793972015380859e-01
9.703254699707031250e-01
3.594259977340698242e+00
1.418067216873168945e+00
9.869172573089599609e-01
2.591981649398803711e+00
2.929845809936523438e+00
8.730416297912597656e-01
2.972670555114746094e+00
1.047985315322875977e+00
1.170404434204101562e+00
1.704969167709350586e+00
9.370830059051513672e-01
1.076219081878662109e+00
4.934494495391845703e-01
9.443404674530029297e-01
4.187207221984863281e-01
1.119006156921386719e+00
9.661448001861572266e-01
2.971062421798706055e+00
8.703122854232788086e+00
8.239192962646484375e-01
1.227799177169799805e+00
5.702097415924072266e-01
8.418784141540527344e-01
7.173874378204345703e-01
4.300379753112792969e-01
1.548414230346679688e+00
2.141821622848510742e+00
8.197824478149414062e+00
1.036746978759765625e+00
4.954147338867187500e-01
2.602920055389404297e+00
8.121726512908935547e-01
3.960320949554443359e-01
7.624464035034179688e-01
3.639247417449951172e-01
1.332200288772583008e+00
7.047121286392211914e+00
8.712904214859008789e+00
9.557893276214599609e-01
8.533852100372314453e-01
1.428601741790771484e+00
6.896405220031738281e-01
2.309999465942382812e-01
2.690581798553466797e+00
1.874604701995849609e+00
3.204347133636474609e+00
2.288158416748046875e+00
2.952612876892089844e+00
1.396143436431884766e+00
1.630106210708618164e+00
1.451353788375854492e+00
1.448575735092163086e+00
8.656639814376831055e+00
1.134310007095336914e+00
1.097610235214233398e+00
1.252961397171020508e+00
5.150961875915527344e-01
1.549772500991821289e+00
1.152980566024780273e+00
4.253625869750976562e-01
4.017249107360839844e+00
9.510324001312255859e-01
1.126512050628662109e+00
2.745921134948730469e+00
5.792813301086425781e-01
1.006906986236572266e+00
1.110397815704345703e+00
3.168704748153686523e+00
2.713139295578002930e+00
1.832572221755981445e+00
1.103393077850341797e+00
1.145736217498779297e+00
1.251928329467773438e+00
4.884469509124755859e-01
1.492323875427246094e-01
4.334874153137207031e+00
2.815265655517578125e-01
5.659275054931640625e-01
1.496303081512451172e-01
8.121608018875122070e+00
1.449336767196655273e+00
1.495892763137817383e+00
6.659690141677856445e+00
4.396541118621826172e-01
1.467820644378662109e+00
1.228878974914550781e+00
1.404548406600952148e+00
3.580479621887207031e-01
3.091254949569702148e+00
3.271207809448242188e-01
2.005646467208862305e+00
8.757159709930419922e-01
1.087329626083374023e+00
8.195869922637939453e-01
1.066314458847045898e+00
7.855675697326660156e+00
1.917338848114013672e+00
5.475685596466064453e-01
3.509209156036376953e+00
2.010740280151367188e+00
3.507816791534423828e-01
1.185696840286254883e+00
1.107419013977050781e+00
1.977082729339599609e+00
9.091956138610839844e+00
1.030758142471313477e+00
9.752740859985351562e-01
8.085196018218994141e-01
8.471362590789794922e-01
2.842644453048706055e+00
