4.670855998992919922e-01
1.317430257797241211e+00
1.291073322296142578e+00
3.524737119674682617e+00
7.568502426147460938e-01
1.297174930572509766e+00
6.381468772888183594e-01
4.925991535186767578e+00
2.461834907531738281e+00
7.117545604705810547e-01
2.773030757904052734e+00
8.451295852661132812e+00
6.578562259674072266e-01
8.593695163726806641e-01
1.724566936492919922e+00
4.073305130004882812e-01
2.219107151031494141e+00
4.648835659027099609e-01
7.321858406066894531e-01
9.807538986206054688e-01
3.537793159484863281e-01
1.512211322784423828e+00
4.404928684234619141e-01
3.754861354827880859e-01
1.141822099685668945e+00
1.383100748062133789e+00
6.315958499908447266e-01
6.451976299285888672e-01
5.020132303237915039e+00
1.608368635177612305e+00
1.725424528121948242e+00
1.119504451751708984e+00
1.524747133255004883e+00
1.894493103027343750e+00
1.042984962463378906e+00
1.767475843429565430e+00
5.865337848663330078e-01
6.030633449554443359e-01
1.209312438964843750e+00
1.761841535568237305e+00
8.731925487518310547e-01
5.854701995849609375e-01
1.628080368041992188e+00
1.220724344253540039e+00
5.101852416992187500e-01
1.144202709197998047e+00
9.627909183502197266e+00
1.441117763519287109e+00
4.391417503356933594e-01
4.884517192840576172e-01
1.456548690795898438e+00
2.276958465576171875e+00
1.399435281753540039e+00
2.881180524826049805e+00
1.327112197875976562e+00
1.257804155349731445e+00
1.052582502365112305e+00
4.739422798156738281e-01
2.199812173843383789e+00
1.745641708374023438e+00
6.288599252700805664e+00
5.208036899566650391e-01
9.756488800048828125e-01
1.002562522888183594e+00
4.068305492401123047e-01
1.433831691741943359e+00
1.285486936569213867e+00
7.364530563354492188e-01
6.845535516738891602e+00
1.127682685852050781e+00
5.448553562164306641e-01
2.686366796493530273e+00
3.348369598388671875e-01
4.170958995819091797e-01
5.639266967773437500e-01
4.511950254440307617e+00
1.000701189041137695e+00
9.515936613082885742e+00
2.445236682891845703e+00
1.276819467544555664e+00
6.020617485046386719e-01
7.258267402648925781e-01
4.592533111572265625e-01
4.912345409393310547e-01
6.290607452392578125e-01
2.586853504180908203e-01
5.024592876434326172e-01
5.970268249511718750e-01
4.901320934295654297e-01
1.124993085861206055e+00
4.037546157836914062e+00
1.776537418365478516e+00
1.192635059356689453e+00
2.946242094039916992e+00
3.301059007644653320e+00
9.324793815612792969e-01
3.278227329254150391e+00
1.187735080718994141e+00
1.305040836334228516e+00
1.954075574874877930e+00
1.062869548797607422e+00
1.252742767333984375e+00
5.615115165710449219e-01
1.030417680740356445e+00
4.615654945373535156e-01
1.248701095581054688e+00
1.066648244857788086e+00
3.278133153915405273e+00
9.691340684890747070e+00
9.671976566314697266e-01
1.510662078857421875e+00
6.842739582061767578e-01
9.615836143493652344e-01
7.936589717864990234e-01
4.927942752838134766e-01
1.763582468032836914e+00
2.307121753692626953e+00
9.422693729400634766e+00
1.038203716278076172e+00
5.529232025146484375e-01
2.807337760925292969e+00
9.573886394500732422e-01
4.743323326110839844e-01
8.896160125732421875e-01
4.247784614562988281e-01
1.490303277969360352e+00
7.816143512725830078e+00
9.507465839385986328e+00
1.106973648071289062e+00
9.299945831298828125e-01
1.572542905807495117e+00
7.855288982391357422e-01
2.671196460723876953e-01
2.886537790298461914e+00
2.101387023925781250e+00
3.477609634399414062e+00
2.544867753982543945e+00
3.236323595046997070e+00
1.540371179580688477e+00
1.776161670684814453e+00
1.640843868255615234e+00
1.618646860122680664e+00
9.636152029037475586e+00
1.257375478744506836e+00
1.321012735366821289e+00
1.469868183135986328e+00
5.662257671356201172e-01
1.575474023818969727e+00
1.327771902084350586e+00
4.598524570465087891e-01
4.414907693862915039e+00
1.056204795837402344e+00
1.140657663345336914e+00
2.723604202270507812e+00
6.402554512023925781e-01
1.122336626052856445e+00
1.316134929656982422e+00
3.485595464706420898e+00
2.919772863388061523e+00
1.980966806411743164e+00
1.114382982254028320e+00
1.356606483459472656e+00
1.370767116546630859e+00
5.646307468414306641e-01
1.820771694183349609e-01
4.899192333221435547e+00
3.053767681121826172e-01
6.653287410736083984e-01
1.764202117919921875e-01
8.866851091384887695e+00
1.484376430511474609e+00
1.587720870971679688e+00
7.045176029205322266e+00
4.406781196594238281e-01
1.598349094390869141e+00
1.291160345077514648e+00
1.648306846618652344e+00
3.896541595458984375e-01
3.448987245559692383e+00
3.787846565246582031e-01
2.139416933059692383e+00
1.076786518096923828e+00
1.263279438018798828e+00
9.520628452301025391e-01
1.154275178909301758e+00
8.975395917892456055e+00
2.149681568145751953e+00
6.034741401672363281e-01
3.787312984466552734e+00
2.246799945831298828e+00
4.009234905242919922e-01
1.300705194473266602e+00
1.279945373535156250e+00
2.425773143768310547e+00
1.039010167121887207e+01
1.142501831054687500e+00
1.103578567504882812e+00
9.952178001403808594e-01
8.981478214263916016e-01
3.249891996383666992e+00
