454.70499992370605
1951.8678188323975
2857.7959537506104
6513.423442840576
1196.5932846069336
2224.761486053467
649.7414112091064
8518.294334411621
3651.1380672454834
1367.807149887085
6393.030405044556
9995.808601379395
927.2680282592773
1570.2269077301025
2194.929361343384
449.831485748291
3230.602025985718
367.0642375946045
1800.0996112823486
2015.9246921539307
425.1372814178467
2767.4710750579834
412.2118949890137
420.8109378814697
2258.79168510437
2790.3294563293457
733.7024211883545
463.51122856140137
8077.44574546814
1250.9500980377197
3512.484550476074
2025.599479675293
2472.137928009033
1737.4119758605957
1207.6187133789062
2286.1855030059814
498.7354278564453
1213.3691310882568
2759.9732875823975
2747.804880142212
1030.252456665039
398.13923835754395
2687.6049041748047
2220.8504676818848
476.3600826263428
1968.2188034057617
11757.352828979492
1909.778356552124
328.8748264312744
330.1875591278076
1127.899169921875
3873.3670711517334
1257.2417259216309
3757.1487426757812
1073.8945007324219
2143.864393234253
2270.132303237915
468.40858459472656
3000.373601913452
1688.0056858062744
9333.034038543701
1040.7190322875977
1997.675895690918
1776.672124862671
477.5402545928955
2825.610876083374
2290.6858921051025
1157.2518348693848
6629.650831222534
3597.8524684906006
321.1181163787842
3789.6807193756104
1722.5916385650635
522.8698253631592
999.6569156646729
5407.161474227905
2003.0343532562256
11080.398559570312
4378.065347671509
1223.0615615844727
1026.7901420593262
1159.8021984100342
383.52465629577637
437.410831451416
1703.6476135253906
400.3002643585205
1219.15602684021
1036.9961261749268
339.4899368286133
2493.9470291137695
4833.889484405518
3025.0611305236816
1387.2365951538086
3667.1934127807617
5048.649311065674
1692.413330078125
3774.1024494171143
1965.4531478881836
2771.9242572784424
1762.7768516540527
1380.385160446167
2286.6201400756836
1991.9047355651855
2224.6787548065186
455.61814308166504
1920.839548110962
1551.7184734344482
4863.757371902466
12190.118551254272
1670.7098484039307
2053.217887878418
771.8865871429443
1236.5646362304688
1427.3121356964111
327.2123336791992
1983.3533763885498
2670.85599899292
9606.709480285645
2143.768787384033
462.3100757598877
5549.219608306885
1578.1488418579102
335.9107971191406
601.553201675415
443.45569610595703
2856.4815521240234
8593.42098236084
12844.09213066101
1701.1346817016602
1597.4392890930176
2777.121067047119
663.1174087524414
1050.4980087280273
3733.3168983459473
2973.5240936279297
4502.581834793091
3507.335424423218
5700.490713119507
3325.3514766693115
1727.5776863098145
2625.8673667907715
3043.7870025634766
10500.496864318848
3026.292324066162
1574.329137802124
1839.733600616455
425.5697727203369
2532.3541164398193
2747.351884841919
411.23294830322266
4969.98405456543
1695.6253051757812
2381.155014038086
4119.831323623657
2129.721164703369
2337.7773761749268
2491.774797439575
7473.371505737305
6917.407035827637
3213.097333908081
2089.198350906372
2685.506582260132
2600.912094116211
447.2074508666992
437.24536895751953
7627.788543701172
359.0850830078125
570.5220699310303
430.6180477142334
11029.813051223755
3674.117088317871
2942.568778991699
10624.482154846191
963.7763500213623
3412.7197265625
2037.3525619506836
2792.914628982544
428.9677143096924
4422.545671463013
475.9039878845215
2810.885190963745
1797.4421977996826
983.217716217041
2128.5650730133057
1873.521089553833
9669.1575050354
3672.959566116333
667.0541763305664
4439.087629318237
3261.6333961486816
328.08542251586914
1030.8115482330322
2127.3715496063232
3142.2953605651855
11424.798488616943
1889.6276950836182
1545.518159866333
1784.1801643371582
1150.3405570983887
5864.5148277282715
