9.040260314941406250e-02
6.404876708984375000e-02
6.294155120849609375e-02
6.279373168945312500e-02
8.491992950439453125e-02
9.232091903686523438e-02
8.577728271484375000e-02
9.561824798583984375e-02
7.637119293212890625e-02
7.662725448608398438e-02
7.081508636474609375e-02
6.807112693786621094e-02
6.739616394042968750e-02
6.948208808898925781e-02
6.770563125610351562e-02
8.744573593139648438e-02
7.705736160278320312e-02
7.763743400573730469e-02
6.745314598083496094e-02
1.143109798431396484e-01
8.837962150573730469e-02
7.989859580993652344e-02
7.575345039367675781e-02
7.443952560424804688e-02
8.802819252014160156e-02
8.336019515991210938e-02
8.395957946777343750e-02
1.237072944641113281e-01
6.988215446472167969e-02
7.411813735961914062e-02
8.642458915710449219e-02
7.245779037475585938e-02
7.752704620361328125e-02
7.381129264831542969e-02
7.633328437805175781e-02
8.949565887451171875e-02
6.584358215332031250e-02
7.509469985961914062e-02
9.053897857666015625e-02
8.172392845153808594e-02
7.763338088989257812e-02
6.770443916320800781e-02
8.779168128967285156e-02
7.388949394226074219e-02
9.161210060119628906e-02
9.039616584777832031e-02
6.596446037292480469e-02
7.727241516113281250e-02
6.388783454895019531e-02
1.492762565612792969e-01
7.375836372375488281e-02
7.994556427001953125e-02
7.214617729187011719e-02
8.441543579101562500e-02
7.271671295166015625e-02
7.637906074523925781e-02
7.720327377319335938e-02
7.027196884155273438e-02
7.408595085144042969e-02
8.865809440612792969e-02
6.904840469360351562e-02
7.122659683227539062e-02
7.098054885864257812e-02
7.567119598388671875e-02
5.908966064453125000e-02
6.665849685668945312e-02
7.102179527282714844e-02
7.454848289489746094e-02
6.208252906799316406e-02
7.113742828369140625e-02
7.017731666564941406e-02
8.581757545471191406e-02
7.156324386596679688e-02
8.497476577758789062e-02
6.340146064758300781e-02
6.406831741333007812e-02
1.061418056488037109e-01
8.037281036376953125e-02
1.326086521148681641e-01
6.345200538635253906e-02
6.673312187194824219e-02
6.227445602416992188e-02
6.735110282897949219e-02
6.140017509460449219e-02
7.633805274963378906e-02
6.539964675903320312e-02
6.586837768554687500e-02
6.842780113220214844e-02
7.572531700134277344e-02
1.251058578491210938e-01
9.834623336791992188e-02
7.857346534729003906e-02
8.355855941772460938e-02
1.038942337036132812e-01
6.780791282653808594e-02
7.758808135986328125e-02
7.412576675415039062e-02
6.223177909851074219e-02
7.101655006408691406e-02
7.970428466796875000e-02
7.160472869873046875e-02
1.042258739471435547e-01
8.960008621215820312e-02
7.243156433105468750e-02
7.384300231933593750e-02
6.956601142883300781e-02
1.026685237884521484e-01
7.499527931213378906e-02
7.529487609863281250e-01
7.880711555480957031e-02
8.184576034545898438e-02
7.280397415161132812e-02
8.029961585998535156e-02
7.079458236694335938e-02
6.497669219970703125e-02
6.181573867797851562e-02
6.856775283813476562e-02
8.426761627197265625e-02
5.703616142272949219e-02
6.705069541931152344e-02
7.955241203308105469e-02
7.012581825256347656e-02
2.027587890625000000e-01
8.381509780883789062e-02
6.819343566894531250e-02
7.526826858520507812e-02
7.598328590393066406e-02
7.269883155822753906e-02
7.523608207702636719e-02
7.321047782897949219e-02
6.832408905029296875e-02
7.416725158691406250e-02
7.229733467102050781e-02
7.845306396484375000e-02
6.550502777099609375e-02
7.380485534667968750e-02
7.596325874328613281e-02
7.218503952026367188e-02
7.088255882263183594e-02
6.781005859375000000e-02
7.941777706146240234e-01
7.154035568237304688e-02
7.099437713623046875e-02
6.277251243591308594e-02
7.430529594421386719e-02
7.675242424011230469e-02
1.753776073455810547e-01
7.521843910217285156e-02
8.736968040466308594e-02
6.770706176757812500e-02
8.403658866882324219e-02
1.069018840789794922e-01
7.139921188354492188e-02
6.789326667785644531e-02
5.148983001708984375e-02
7.730078697204589844e-02
7.325601577758789062e-02
7.259035110473632812e-02
6.971001625061035156e-02
7.559776306152343750e-02
1.158020496368408203e-01
7.434988021850585938e-02
6.771612167358398438e-02
8.327770233154296875e-02
7.684707641601562500e-02
7.900810241699218750e-02
8.267855644226074219e-02
7.564616203308105469e-02
8.533382415771484375e-02
7.260584831237792969e-02
8.909606933593750000e-02
7.283473014831542969e-02
9.334778785705566406e-02
6.347179412841796875e-02
6.530857086181640625e-02
7.092881202697753906e-02
7.538676261901855469e-02
8.968496322631835938e-02
6.913256645202636719e-02
6.493330001831054688e-02
7.954120635986328125e-02
7.052254676818847656e-02
6.579995155334472656e-02
8.022689819335937500e-02
6.940531730651855469e-02
7.531332969665527344e-02
8.397054672241210938e-02
7.803869247436523438e-02
1.302080154418945312e-01
6.822299957275390625e-02
6.961917877197265625e-02
6.687831878662109375e-02
7.651066780090332031e-02
6.814646720886230469e-02
6.111717224121093750e-02
7.879781723022460938e-02
1.233241558074951172e-01
7.436418533325195312e-02
6.662201881408691406e-02
7.869648933410644531e-02
