9.542274475097656250e-02
6.155061721801757812e-02
6.028485298156738281e-02
6.043004989624023438e-02
7.141804695129394531e-02
6.279277801513671875e-02
5.948042869567871094e-02
6.659555435180664062e-02
6.528162956237792969e-02
6.754350662231445312e-02
7.020092010498046875e-02
6.515431404113769531e-02
6.175875663757324219e-02
7.107186317443847656e-02
6.586599349975585938e-02
6.883144378662109375e-02
6.045126914978027344e-02
5.856347084045410156e-02
6.308841705322265625e-02
1.155004501342773438e-01
6.709933280944824219e-02
6.403565406799316406e-02
6.125426292419433594e-02
5.922317504882812500e-02
5.891299247741699219e-02
5.827140808105468750e-02
6.251335144042968750e-02
9.719753265380859375e-02
8.439397811889648438e-02
6.255984306335449219e-02
8.721590042114257812e-02
8.055615425109863281e-02
6.927466392517089844e-02
6.003332138061523438e-02
6.535696983337402344e-02
8.188152313232421875e-02
6.161499023437500000e-02
6.047129631042480469e-02
6.022834777832031250e-02
7.220077514648437500e-02
5.967330932617187500e-02
5.922555923461914062e-02
6.416487693786621094e-02
5.565834045410156250e-02
7.561254501342773438e-02
5.883312225341796875e-02
5.916786193847656250e-02
6.364393234252929688e-02
6.138658523559570312e-02
1.492340564727783203e-01
6.435728073120117188e-02
6.807899475097656250e-02
6.482934951782226562e-02
7.301807403564453125e-02
5.827736854553222656e-02
7.283735275268554688e-02
6.357812881469726562e-02
6.237125396728515625e-02
5.926609039306640625e-02
7.885050773620605469e-02
6.058645248413085938e-02
6.505441665649414062e-02
6.794691085815429688e-02
6.479930877685546875e-02
7.210159301757812500e-02
7.715415954589843750e-02
6.518840789794921875e-02
6.794023513793945312e-02
6.427860260009765625e-02
6.633067131042480469e-02
6.639027595520019531e-02
7.708215713500976562e-02
7.120609283447265625e-02
6.788539886474609375e-02
6.810927391052246094e-02
6.123471260070800781e-02
9.259295463562011719e-02
8.030080795288085938e-02
9.428405761718750000e-02
6.187844276428222656e-02
7.919406890869140625e-02
6.125450134277343750e-02
6.512188911437988281e-02
6.658506393432617188e-02
6.112861633300781250e-02
6.376099586486816406e-02
6.652331352233886719e-02
6.598782539367675781e-02
7.172608375549316406e-02
1.307368278503417969e-01
7.202911376953125000e-02
6.471562385559082031e-02
6.383180618286132812e-02
7.862353324890136719e-02
6.241679191589355469e-02
6.681442260742187500e-02
6.606912612915039062e-02
6.803631782531738281e-02
6.026291847229003906e-02
6.085252761840820312e-02
5.810737609863281250e-02
7.875442504882812500e-02
6.598615646362304688e-02
6.722664833068847656e-02
6.086921691894531250e-02
6.332421302795410156e-02
8.783769607543945312e-02
6.937289237976074219e-02
6.984176635742187500e-01
6.999897956848144531e-02
8.484792709350585938e-02
6.290173530578613281e-02
6.100821495056152344e-02
6.818795204162597656e-02
5.923271179199218750e-02
5.993056297302246094e-02
5.945992469787597656e-02
7.617425918579101562e-02
5.249071121215820312e-02
6.680727005004882812e-02
6.516075134277343750e-02
5.772829055786132812e-02
1.889934539794921875e-01
6.362915039062500000e-02
5.752205848693847656e-02
5.778932571411132812e-02
6.251192092895507812e-02
5.735135078430175781e-02
6.387472152709960938e-02
6.090831756591796875e-02
5.974483489990234375e-02
8.917713165283203125e-02
6.677865982055664062e-02
8.425712585449218750e-02
6.362056732177734375e-02
7.431125640869140625e-02
6.079864501953125000e-02
6.620955467224121094e-02
6.075191497802734375e-02
5.799245834350585938e-02
7.054350376129150391e-01
7.552886009216308594e-02
6.753635406494140625e-02
6.631278991699218750e-02
6.821632385253906250e-02
7.256221771240234375e-02
1.431524753570556641e-01
6.147003173828125000e-02
8.224916458129882812e-02
5.817103385925292969e-02
6.800436973571777344e-02
1.098310947418212891e-01
6.079220771789550781e-02
6.104183197021484375e-02
4.454493522644042969e-02
6.752371788024902344e-02
7.000088691711425781e-02
6.647348403930664062e-02
6.590795516967773438e-02
7.259845733642578125e-02
9.173798561096191406e-02
7.090973854064941406e-02
6.221795082092285156e-02
8.369922637939453125e-02
6.239533424377441406e-02
5.981159210205078125e-02
6.255507469177246094e-02
5.738162994384765625e-02
6.403374671936035156e-02
6.033897399902343750e-02
6.395721435546875000e-02
6.132578849792480469e-02
7.008719444274902344e-02
5.840682983398437500e-02
6.138586997985839844e-02
6.180477142333984375e-02
6.214928627014160156e-02
6.672000885009765625e-02
6.085038185119628906e-02
6.794261932373046875e-02
7.302331924438476562e-02
7.856321334838867188e-02
7.064223289489746094e-02
7.260775566101074219e-02
5.718922615051269531e-02
7.818531990051269531e-02
7.556962966918945312e-02
6.455636024475097656e-02
1.183714866638183594e-01
7.301235198974609375e-02
6.386876106262207031e-02
6.387662887573242188e-02
6.325149536132812500e-02
6.765556335449218750e-02
5.845046043395996094e-02
6.364941596984863281e-02
1.061582565307617188e-01
7.008576393127441406e-02
6.908035278320312500e-02
7.268071174621582031e-02
