1.691937446594238281e-01
1.362018585205078125e-01
1.195948123931884766e-01
6.632375717163085938e-02
7.810449600219726562e-02
7.202863693237304688e-02
4.401874542236328125e-02
6.443786621093750000e-02
1.509764194488525391e-01
1.338229179382324219e-01
2.579450607299804688e-02
8.908677101135253906e-02
7.979226112365722656e-02
7.810401916503906250e-02
1.150319576263427734e-01
6.869626045227050781e-02
5.667209625244140625e-02
1.191372871398925781e-01
3.845643997192382812e-02
4.737873077392578125e-01
9.544038772583007812e-02
6.960248947143554688e-02
1.361763477325439453e-01
6.254291534423828125e-02
5.703902244567871094e-02
1.932506561279296875e-01
6.181359291076660156e-02
4.087216854095458984e-01
7.820820808410644531e-02
4.449629783630371094e-02
8.311891555786132812e-02
1.190114021301269531e-01
1.123652458190917969e-01
4.689025878906250000e-02
6.000971794128417969e-02
1.851139068603515625e-01
4.728960990905761719e-01
5.718302726745605469e-02
5.654025077819824219e-02
1.265561580657958984e-01
1.446094512939453125e-01
5.436110496520996094e-02
6.491684913635253906e-02
4.944801330566406250e-02
1.371884346008300781e-01
6.646776199340820312e-02
6.068754196166992188e-02
1.002335548400878906e-01
2.683281898498535156e-02
7.637524604797363281e-02
5.591773986816406250e-02
6.350541114807128906e-02
6.843686103820800781e-02
5.912590026855468750e-02
1.726510524749755859e-01
2.038123607635498047e-01
1.078848838806152344e-01
1.248824596405029297e-01
3.886294364929199219e-02
7.902646064758300781e-02
1.805613040924072266e-01
3.389644622802734375e-02
1.128468513488769531e-01
9.506487846374511719e-02
6.143999099731445312e-02
4.787111282348632812e-02
6.796360015869140625e-02
6.011104583740234375e-02
9.475493431091308594e-02
6.595540046691894531e-02
2.353501319885253906e-02
6.917381286621093750e-02
6.678366661071777344e-02
6.619834899902343750e-02
5.677914619445800781e-02
2.588951587677001953e-01
8.901882171630859375e-02
3.215606212615966797e-01
1.097152233123779297e-01
4.700303077697753906e-02
4.187626838684082031e-01
2.209913730621337891e-01
6.616902351379394531e-02
8.716773986816406250e-02
5.076599121093750000e-02
1.157786846160888672e-01
1.463460922241210938e-01
8.225703239440917969e-02
1.600286960601806641e-01
2.010915279388427734e-01
8.478522300720214844e-02
2.411174774169921875e-02
6.282973289489746094e-02
7.643532752990722656e-02
1.286685466766357422e-01
6.711554527282714844e-02
5.392313003540039062e-02
4.992532730102539062e-02
1.796672344207763672e-01
2.507162094116210938e-02
4.838109016418457031e-02
9.889554977416992188e-02
6.655478477478027344e-02
1.453888416290283203e-01
3.468227386474609375e-02
2.645111083984375000e-02
9.696650505065917969e-02
5.580353736877441406e-02
1.038458347320556641e-01
1.240577697753906250e-01
6.983494758605957031e-02
5.810070037841796875e-02
8.069276809692382812e-02
6.594181060791015625e-02
1.433033943176269531e-01
1.114478111267089844e-01
7.729840278625488281e-02
1.927123069763183594e-01
8.062386512756347656e-02
9.395742416381835938e-02
6.534051895141601562e-02
6.244468688964843750e-02
5.679869651794433594e-02
5.878376960754394531e-02
4.812431335449218750e-02
6.838703155517578125e-02
2.731609344482421875e-02
5.595302581787109375e-02
6.175684928894042969e-02
1.927094459533691406e-01
3.596997261047363281e-02
7.002615928649902344e-02
6.211137771606445312e-02
3.260235786437988281e-01
5.584669113159179688e-02
2.739953994750976562e-02
5.607628822326660156e-02
4.824924468994140625e-02
6.440353393554687500e-02
9.333682060241699219e-02
7.093596458435058594e-02
5.807828903198242188e-02
6.685304641723632812e-02
2.419710159301757812e-02
7.147884368896484375e-02
8.647465705871582031e-02
1.438043117523193359e-01
2.319586277008056641e-01
1.194167137145996094e-01
6.275057792663574219e-02
1.077380180358886719e-01
9.288883209228515625e-02
5.877280235290527344e-02
5.856609344482421875e-02
9.677767753601074219e-02
3.632855415344238281e-02
2.616024017333984375e-02
7.252240180969238281e-02
5.835270881652832031e-02
5.334806442260742188e-02
8.588433265686035156e-02
1.489381790161132812e-01
3.933975696563720703e-01
7.594394683837890625e-02
5.861949920654296875e-02
5.736088752746582031e-02
1.593046188354492188e-01
6.231880187988281250e-02
1.032860279083251953e-01
5.822610855102539062e-02
1.340084075927734375e-01
2.922105789184570312e-01
7.160329818725585938e-02
4.421925544738769531e-02
5.713510513305664062e-02
1.466803550720214844e-01
6.267309188842773438e-02
4.111051559448242188e-01
2.593147754669189453e-01
6.820273399353027344e-02
2.364153861999511719e-01
7.248616218566894531e-02
5.762600898742675781e-02
2.116117477416992188e-01
6.570100784301757812e-02
7.430505752563476562e-02
7.664060592651367188e-02
7.205510139465332031e-02
8.879566192626953125e-02
1.200554370880126953e-01
6.095290184020996094e-02
1.042757034301757812e-01
1.680018901824951172e-01
4.269480705261230469e-02
5.381798744201660156e-02
1.377763748168945312e-01
1.058568954467773438e-01
3.095879554748535156e-01
1.668696403503417969e-01
7.030534744262695312e-02
