92.75627136230469
101.40395164489746
96.48370742797852
154.44540977478027
395.51830291748047
163.87510299682617
25.68817138671875
174.90053176879883
133.47578048706055
101.12142562866211
17.138957977294922
19.597768783569336
72.11637496948242
117.1567440032959
94.55323219299316
54.57592010498047
54.666996002197266
93.63460540771484
23.90432357788086
418.0910587310791
67.49343872070312
162.45007514953613
127.58016586303711
32.08327293395996
115.97108840942383
161.0574722290039
214.0648365020752
379.61626052856445
233.33001136779785
32.23609924316406
233.24871063232422
102.48279571533203
101.74775123596191
25.32649040222168
147.94278144836426
136.9924545288086
397.1853256225586
152.66704559326172
332.09919929504395
108.67547988891602
118.79873275756836
35.587310791015625
23.99921417236328
33.202409744262695
114.46213722229004
35.60900688171387
109.70091819763184
82.47804641723633
19.597768783569336
126.17707252502441
47.8515625
38.15960884094238
55.09066581726074
46.32139205932617
104.81405258178711
166.0172939300537
85.63971519470215
114.27426338195801
24.019241333007812
26.136159896850586
156.8603515625
22.637128829956055
94.09403800964355
80.81459999084473
48.89655113220215
34.735918045043945
52.74510383605957
123.14319610595703
76.38311386108398
140.86413383483887
20.233869552612305
275.9418487548828
186.9359016418457
299.6790409088135
49.17097091674805
225.8901596069336
21.20661735534668
274.71470832824707
22.748708724975586
37.20664978027344
363.76190185546875
187.72482872009277
32.94062614440918
66.81203842163086
37.66965866088867
97.0151424407959
137.47310638427734
142.26078987121582
100.69632530212402
180.9062957763672
64.76950645446777
13.539791107177734
220.11494636535645
20.768165588378906
102.77891159057617
132.74788856506348
43.720245361328125
36.85808181762695
158.97774696350098
13.544321060180664
36.87739372253418
63.77077102661133
97.34845161437988
130.93829154968262
24.101972579956055
16.08729362487793
18.175363540649414
41.90945625305176
564.854621887207
99.85494613647461
226.02438926696777
26.625633239746094
55.64522743225098
49.73864555358887
98.56915473937988
92.59557723999023
48.52867126464844
172.27506637573242
43.692588806152344
54.7184944152832
49.041748046875
23.03171157836914
159.29579734802246
51.262617111206055
39.407968521118164
56.30922317504883
17.847776412963867
90.14105796813965
176.96285247802734
171.4181900024414
23.23770523071289
268.8298225402832
45.58587074279785
283.6732864379883
39.13521766662598
16.574382781982422
43.58482360839844
39.53695297241211
65.03987312316895
81.8936824798584
363.98792266845703
85.23750305175781
51.22661590576172
13.27204704284668
14.607667922973633
67.82960891723633
29.884815216064453
203.14955711364746
107.94711112976074
48.468589782714844
88.58561515808105
16.324281692504883
26.179075241088867
190.18173217773438
35.627126693725586
19.259214401245117
15.43426513671875
175.97317695617676
52.916765213012695
40.178775787353516
600.0955104827881
121.76680564880371
341.0303592681885
276.106595993042
61.41400337219238
60.26124954223633
132.31587409973145
52.388906478881836
79.45370674133301
92.55599975585938
118.61109733581543
275.4082679748535
26.536226272583008
34.56878662109375
42.31715202331543
89.71333503723145
121.62137031555176
363.1875514984131
166.53871536254883
53.27868461608887
208.45794677734375
303.8063049316406
124.5579719543457
182.8141212463379
54.31246757507324
183.8977336883545
291.05305671691895
158.3230495452881
1062.2389316558838
73.43482971191406
156.48412704467773
81.61067962646484
142.81344413757324
28.41019630432129
39.39986228942871
111.87362670898438
21.097183227539062
274.8744487762451
141.5235996246338
187.61324882507324
