1.011366844177246094e-01
8.151435852050781250e-02
7.323479652404785156e-02
1.260306835174560547e-01
2.297911643981933594e-01
9.096360206604003906e-02
2.595057487487792969e-01
5.026512145996093750e-01
4.336500167846679688e-02
7.369136810302734375e-02
4.361885499954223633e+01
7.613778114318847656e-02
1.590352058410644531e-01
8.761501312255859375e-02
2.310032844543457031e-01
4.148862361907958984e-01
4.050779342651367188e-02
8.232617378234863281e-02
5.920028686523437500e-02
1.034774780273437500e-01
9.947276115417480469e-02
1.735208034515380859e-01
5.151386451721191406e+01
7.896391630172729492e+00
1.233031749725341797e-01
2.387013912200927734e+00
1.128690242767333984e-01
5.551910400390625000e-02
4.512476921081542969e-02
8.944344520568847656e-02
1.081025600433349609e-01
8.319650483131408691e+01
9.017777442932128906e-02
1.181123256683349609e-01
9.266996383666992188e-02
5.671167373657226562e-02
4.433562755584716797e-01
6.918828487396240234e-01
1.065073013305664062e-01
1.785397529602050781e-01
3.053824901580810547e-01
1.649301052093505859e-01
6.397342681884765625e-02
7.595705986022949219e-02
5.417424678802490234e+00
2.713820934295654297e-01
6.085824966430664062e-02
4.590654373168945312e-02
7.491493225097656250e-02
1.439144611358642578e-01
5.098009109497070312e-02
4.373598098754882812e-02
3.964281082153320312e-02
2.420520782470703125e-01
2.397887706756591797e-01
7.916069030761718750e-02
4.120612144470214844e-02
5.476188659667968750e-02
1.069765090942382812e-01
5.293798446655273438e-02
1.338915824890136719e-01
4.080343246459960938e-02
1.305336952209472656e-01
8.799147605895996094e-02
1.126296520233154297e-01
4.856085777282714844e-02
2.408028578758239746e+01
5.768704414367675781e-02
5.747604370117187500e-02
4.951287257671356201e+02
1.227750778198242188e-01
9.674429893493652344e-02
2.819740772247314453e-01
8.682131767272949219e-02
3.952765464782714844e-02
9.648323059082031250e-02
1.938977956771850586e+00
1.142108440399169922e-01
4.992008209228515625e-02
3.222441673278808594e-02
5.544209480285644531e-02
7.245969772338867188e-02
9.670233726501464844e-02
6.442952156066894531e-02
1.937862157821655273e+00
1.242516040802001953e-01
3.270211219787597656e-01
9.718058109283447266e-01
5.201601982116699219e-02
6.630659103393554688e-02
6.926274299621582031e-02
8.388853073120117188e-02
9.923577308654785156e-02
8.690595626831054688e-02
6.085729598999023438e-02
4.212665557861328125e-02
7.419800758361816406e-02
7.620739936828613281e-02
3.959631919860839844e-02
8.812999725341796875e-02
1.268639564514160156e-01
1.411948204040527344e-01
9.859895706176757812e-02
1.010315418243408203e-01
1.550736427307128906e-01
4.584670066833496094e-02
7.554268836975097656e-02
1.462950706481933594e-01
1.548044681549072266e-01
4.109668731689453125e-02
3.998792171478271484e-01
9.850358963012695312e-02
8.234024047851562500e-02
4.464054107666015625e-02
1.034409999847412109e-01
3.111324310302734375e-01
5.053830146789550781e-02
9.597778320312500000e-02
5.376331806182861328e-01
1.168546676635742188e-01
8.049440383911132812e-02
3.669214248657226562e-02
4.096484184265136719e-02
5.015611648559570312e-02
1.155488491058349609e-01
2.274735927581787109e+00
1.152775287628173828e-01
5.014324188232421875e-02
9.660863876342773438e-02
5.710268020629882812e-02
6.913185119628906250e-02
5.789041519165039062e-02
3.871345520019531250e-02
6.894950628280639648e+00
4.746842384338378906e-02
5.841255187988281250e-02
6.164240837097167969e-02
1.858172416687011719e-01
1.022148132324218750e-01
7.045197486877441406e-02
2.290906906127929688e-01
5.480122566223144531e-02
7.589364051818847656e-02
2.175006866455078125e-01
1.855874061584472656e-01
7.988381385803222656e-02
9.291601181030273438e-02
4.852628707885742188e-02
6.444454193115234375e-02
6.713199615478515625e-02
3.000798225402832031e-01
8.023130893707275391e+00
6.121301651000976562e-02
4.138708114624023438e-02
4.858827590942382812e-02
6.352448463439941406e-02
7.367515563964843750e-02
6.968927383422851562e-02
1.283910274505615234e-01
3.297948837280273438e-02
8.605170249938964844e-02
8.303833007812500000e-02
7.589901471138000488e+01
9.192172288894653320e+00
3.801465461254119873e+02
5.596995353698730469e-02
4.741978645324707031e-02
1.223130226135253906e-01
1.039185523986816406e-01
4.731321334838867188e-02
5.130577087402343750e-02
2.560510635375976562e+00
6.368732452392578125e-02
8.549618721008300781e-02
4.655790328979492188e-02
3.656401634216308594e-01
1.411387920379638672e-01
2.182917594909667969e-01
5.987405776977539062e-02
6.899023056030273438e-02
6.709480285644531250e-02
1.501028537750244141e-01
5.938339233398437500e-02
5.668377876281738281e-02
8.555817604064941406e-02
1.186212334632873535e+02
1.318609881401062012e+01
4.338793754577636719e-01
6.739234924316406250e-02
1.618857383728027344e-01
1.554965972900390625e-01
5.233025550842285156e-02
1.390013694763183594e-01
4.635453224182128906e-02
8.227705955505371094e-02
9.222984313964843750e-02
6.491899490356445312e-02
7.329368591308593750e-02
8.126902580261230469e-02
7.783794403076171875e-01
