8.867383003234863281e-02
7.712173461914062500e-02
8.748745918273925781e-02
1.349120140075683594e-01
2.187700271606445312e-01
9.920692443847656250e-02
2.525644302368164062e-01
5.088694095611572266e-01
4.170417785644531250e-02
7.001161575317382812e-02
4.292188668251037598e+01
8.020329475402832031e-02
1.585376262664794922e-01
8.776092529296875000e-02
2.364528179168701172e-01
3.930177688598632812e-01
4.323124885559082031e-02
7.841014862060546875e-02
6.071138381958007812e-02
9.930729866027832031e-02
1.135509014129638672e-01
2.053112983703613281e-01
5.372210264205932617e+01
8.199034214019775391e+00
1.183762550354003906e-01
2.517797231674194336e+00
1.040835380554199219e-01
5.522894859313964844e-02
4.572892189025878906e-02
9.218573570251464844e-02
1.189780235290527344e-01
8.511946773529052734e+01
7.340097427368164062e-02
1.101787090301513672e-01
9.588932991027832031e-02
5.785393714904785156e-02
4.620790481567382812e-01
7.603182792663574219e-01
9.851455688476562500e-02
2.271759510040283203e-01
3.200163841247558594e-01
1.769614219665527344e-01
6.920599937438964844e-02
6.955289840698242188e-02
5.568263053894042969e+00
2.748301029205322266e-01
7.287216186523437500e-02
5.712819099426269531e-02
8.301639556884765625e-02
1.545627117156982422e-01
5.469918251037597656e-02
4.986691474914550781e-02
5.317759513854980469e-02
2.829411029815673828e-01
2.473671436309814453e-01
8.232927322387695312e-02
4.373884201049804688e-02
5.668020248413085938e-02
1.107654571533203125e-01
5.996036529541015625e-02
1.340022087097167969e-01
4.161643981933593750e-02
1.170251369476318359e-01
9.574651718139648438e-02
1.179170608520507812e-01
5.390715599060058594e-02
2.502233624458312988e+01
6.919956207275390625e-02
5.796742439270019531e-02
4.959523637294769287e+02
1.533012390136718750e-01
1.153616905212402344e-01
2.600731849670410156e-01
8.672833442687988281e-02
4.810857772827148438e-02
1.077549457550048828e-01
1.991073608398437500e+00
1.108462810516357422e-01
4.357552528381347656e-02
2.989649772644042969e-02
5.445218086242675781e-02
6.778526306152343750e-02
9.504318237304687500e-02
7.517075538635253906e-02
1.939427852630615234e+00
1.238250732421875000e-01
3.259820938110351562e-01
9.447064399719238281e-01
6.407260894775390625e-02
6.924438476562500000e-02
8.073663711547851562e-02
7.749938964843750000e-02
1.100282669067382812e-01
7.909011840820312500e-02
5.986022949218750000e-02
4.233551025390625000e-02
8.080220222473144531e-02
7.078385353088378906e-02
4.088234901428222656e-02
1.012310981750488281e-01
1.355094909667968750e-01
1.450657844543457031e-01
9.631085395812988281e-02
1.413936614990234375e-01
1.257562637329101562e-01
6.015229225158691406e-02
6.787729263305664062e-02
1.990931034088134766e-01
1.159522533416748047e-01
4.829931259155273438e-02
3.775784969329833984e-01
1.112396717071533203e-01
8.544039726257324219e-02
5.692267417907714844e-02
1.002213954925537109e-01
2.464463710784912109e-01
5.685162544250488281e-02
8.972263336181640625e-02
4.570310115814208984e-01
1.571710109710693359e-01
1.000046730041503906e-01
4.673480987548828125e-02
4.689884185791015625e-02
5.776619911193847656e-02
1.122674942016601562e-01
2.461387634277343750e+00
9.129786491394042969e-02
5.346870422363281250e-02
8.829569816589355469e-02
6.056928634643554688e-02
8.339047431945800781e-02
6.715774536132812500e-02
3.839564323425292969e-02
7.004149436950683594e+00
5.165004730224609375e-02
6.163716316223144531e-02
5.700564384460449219e-02
1.999742984771728516e-01
1.034605503082275391e-01
6.946539878845214844e-02
2.261445522308349609e-01
6.598186492919921875e-02
7.104301452636718750e-02
2.241449356079101562e-01
1.793777942657470703e-01
1.019866466522216797e-01
9.732174873352050781e-02
5.235052108764648438e-02
6.530952453613281250e-02
6.475949287414550781e-02
2.422063350677490234e-01
8.671809196472167969e+00
6.245398521423339844e-02
4.682374000549316406e-02
5.407166481018066406e-02
6.342601776123046875e-02
6.912922859191894531e-02
7.617878913879394531e-02
1.232752799987792969e-01
3.412961959838867188e-02
9.014177322387695312e-02
9.209871292114257812e-02
7.763999652862548828e+01
9.086112976074218750e+00
3.861341302394866943e+02
5.491685867309570312e-02
3.993964195251464844e-02
1.481423377990722656e-01
9.535574913024902344e-02
4.873609542846679688e-02
6.019663810729980469e-02
2.530952215194702148e+00
5.670976638793945312e-02
8.138346672058105469e-02
4.861855506896972656e-02
3.403649330139160156e-01
1.411111354827880859e-01
1.971373558044433594e-01
5.361938476562500000e-02
6.965208053588867188e-02
6.150770187377929688e-02
1.892292499542236328e-01
6.759190559387207031e-02
6.393146514892578125e-02
6.868124008178710938e-02
1.221795516014099121e+02
1.327768325805664062e+01
5.266833305358886719e-02
5.759000778198242188e-02
1.481373310089111328e-01
1.457145214080810547e-01
5.995774269104003906e-02
1.259391307830810547e-01
5.156207084655761719e-02
7.371330261230468750e-02
9.479904174804687500e-02
7.066798210144042969e-02
5.843520164489746094e-02
8.079171180725097656e-02
8.021998405456542969e-01
