0.07426118850708008
0.06283760070800781
0.07788348197937012
0.029105186462402344
0.21281909942626953
0.10266542434692383
0.20921683311462402
0.4790840148925781
0.024036407470703125
0.1406078338623047
40.378567695617676
0.07478904724121094
0.15537142753601074
0.031819820404052734
0.2987062931060791
0.16953444480895996
0.025035381317138672
0.06257891654968262
0.03780102729797363
0.06077980995178223
0.21309924125671387
0.12905049324035645
39.41351294517517
9.27910590171814
0.08531951904296875
6.744051933288574
0.08648943901062012
0.0318760871887207
0.02605462074279785
0.0978536605834961
0.08789491653442383
64.38399505615234
0.057347774505615234
0.03490638732910156
0.07800102233886719
0.02940654754638672
0.3660426139831543
0.642951250076294
0.03374743461608887
0.16496706008911133
0.4933199882507324
0.168076753616333
0.025206327438354492
0.09269881248474121
4.993079900741577
0.28322339057922363
0.038608551025390625
0.023623228073120117
0.05708050727844238
0.13157296180725098
0.036409616470336914
0.029189348220825195
0.025530576705932617
0.15533947944641113
4.435102701187134
0.0469822883605957
0.024197816848754883
0.07049369812011719
0.09897279739379883
0.024424314498901367
0.11520791053771973
0.022703886032104492
0.04432272911071777
0.06516861915588379
0.07796311378479004
0.03395724296569824
22.11154556274414
0.3269782066345215
0.025713205337524414
452.35071444511414
0.034758806228637695
0.02737259864807129
0.41370153427124023
0.09872674942016602
0.03570556640625
0.07410907745361328
2.7465996742248535
0.08228325843811035
0.02391219139099121
0.01781940460205078
0.03936433792114258
0.05253124237060547
0.07049775123596191
0.10330343246459961
1.4876301288604736
0.11286163330078125
0.4000275135040283
1.9285647869110107
0.031929731369018555
0.06140017509460449
0.05627918243408203
0.05531716346740723
0.07460761070251465
0.05287766456604004
0.017093181610107422
0.02489948272705078
0.055852651596069336
0.1329483985900879
0.022320270538330078
0.06290841102600098
0.0596013069152832
0.14147114753723145
0.11498284339904785
0.05855393409729004
0.07571840286254883
0.025555849075317383
0.33474040031433105
0.11763191223144531
0.12069416046142578
0.025696516036987305
0.22607207298278809
0.0767970085144043
0.07179045677185059
0.04604697227478027
0.3085775375366211
0.32233762741088867
0.021448612213134766
0.05947589874267578
0.7248973846435547
0.05837655067443848
0.17705845832824707
0.02389073371887207
0.025943994522094727
0.037421226501464844
0.07619690895080566
2.2358338832855225
0.0917050838470459
0.02555561065673828
0.15822672843933105
0.022549867630004883
0.05192279815673828
0.042392730712890625
0.023479700088500977
42.51306653022766
0.023883819580078125
0.037012577056884766
0.010200023651123047
0.1659388542175293
0.07861971855163574
0.04874420166015625
0.19589447975158691
0.03648209571838379
0.05335569381713867
0.17093396186828613
0.133406400680542
0.034356117248535156
0.08738160133361816
0.03527545928955078
0.055951595306396484
0.048737525939941406
0.2533411979675293
27.026560306549072
0.03156852722167969
0.02420973777770996
0.05536341667175293
0.03530097007751465
0.05632734298706055
0.05061006546020508
0.05088400840759277
0.008928537368774414
0.20102834701538086
0.06895041465759277
63.41401815414429
33.90869760513306
287.0148379802704
0.03177642822265625
0.029346466064453125
0.08529877662658691
0.08441329002380371
0.02868938446044922
0.020207881927490234
1.900453805923462
0.03811144828796387
0.03302454948425293
0.030483484268188477
0.2931201457977295
0.12510251998901367
0.1423501968383789
0.0667564868927002
0.07472825050354004
0.04167795181274414
0.5467774868011475
0.03303217887878418
0.05460023880004883
0.0525820255279541
101.64645075798035
73.80061841011047
0.032828569412231445
0.0381929874420166
0.21509790420532227
0.1295640468597412
0.030620098114013672
0.09366250038146973
0.025453805923461914
0.052814483642578125
0.1448531150817871
0.050272464752197266
0.04822111129760742
0.05804014205932617
0.5784673690795898
