9.415500164031982422e-01
3.126483917236328125e+01
1.557614326477050781e+00
9.304579734802246094e+00
7.467615604400634766e-01
3.777895927429199219e+00
2.331663370132446289e+01
4.873902082443237305e+00
1.836987972259521484e+00
1.149124026298522949e+01
8.329699053764343262e+02
8.727699947357177734e+01
1.528035044670104980e+01
2.407424092292785645e+01
3.590355873107910156e+00
5.966217517852783203e+00
7.409009933471679688e+00
8.639407157897949219e-01
8.211493253707885742e+01
1.436339030265808105e+02
6.733129024505615234e-01
2.220203638076782227e+00
4.272574186325073242e+00
2.393925189971923828e-01
2.628389358520507812e+00
1.145005702972412109e+00
3.947890520095825195e+00
3.085334300994873047e-01
9.522317981719970703e+01
3.154735088348388672e+00
4.515204668045043945e+00
2.560043334960937500e-01
1.525688910484313965e+01
3.298547267913818359e-01
7.323405027389526367e+00
2.176130318641662598e+01
1.596945047378540039e+00
1.441149234771728516e+00
5.734037637710571289e+00
9.082989692687988281e-01
2.957401275634765625e-01
9.155912876129150391e+00
4.638034820556640625e+00
1.014386892318725586e+00
2.826074838638305664e+00
3.476195693016052246e+01
4.236211776733398438e-01
2.204224109649658203e+00
9.264456272125244141e+01
5.302197933197021484e-01
6.502964305877685547e+01
8.018233776092529297e-01
1.677284564971923828e+02
7.453579902648925781e-01
8.102140903472900391e+00
4.656448364257812500e-01
2.176394462585449219e-01
1.170938777923583984e+01
1.784567356109619141e+00
1.394865989685058594e+00
2.865603208541870117e+00
1.143509626388549805e+00
6.693737506866455078e-01
1.549399685859680176e+01
2.059822082519531250e+00
6.744707107543945312e+00
5.492389917373657227e+00
1.149985790252685547e+00
1.046478509902954102e+00
3.013985395431518555e+00
3.778739452362060547e+00
1.315349817276000977e+01
1.815562438964843750e+01
6.960878372192382812e-01
6.746826171875000000e-01
2.700922727584838867e+00
1.111991643905639648e+00
1.791126728057861328e-01
7.420520782470703125e-01
1.404773712158203125e+00
1.170215845108032227e+00
4.188909268379211426e+01
4.068041801452636719e+00
4.444159674644470215e+01
6.395407676696777344e+00
1.903404712677001953e+00
7.364604711532592773e+00
1.223042750358581543e+01
4.964761734008789062e-01
4.292953014373779297e-01
1.320433855056762695e+00
5.361094474792480469e-01
4.741587638854980469e-01
1.750473546981811523e+01
2.685870361328125000e+01
1.628601551055908203e+00
5.203202486038208008e+00
5.535190105438232422e-01
5.741906404495239258e+01
2.790891408920288086e+00
2.279384136199951172e+00
6.859396696090698242e+00
1.525590896606445312e+01
6.741546869277954102e+00
1.574598002433776855e+01
2.006224155426025391e+00
8.844020366668701172e-01
2.566044330596923828e-01
2.691819667816162109e-01
1.540086746215820312e+00
2.489883899688720703e-01
6.367428302764892578e-01
1.111565065383911133e+01
2.639240741729736328e+00
1.510532617568969727e+00
4.351548671722412109e+00
1.950853276252746582e+01
1.562011742591857910e+01
4.548333883285522461e+00
2.308897972106933594e-01
7.018063068389892578e-01
5.840351581573486328e-01
5.624949932098388672e-01
3.469445705413818359e-01
2.032077312469482422e-01
3.185391426086425781e-01
6.051249027252197266e+00
5.118284225463867188e-01
1.751000857353210449e+01
1.487104415893554688e+00
9.548976182937622070e+00
5.134052515029907227e+00
5.004263806343078613e+01
3.199751138687133789e+00
2.113365411758422852e+00
1.449489736557006836e+01
1.041165828704833984e+00
2.643411159515380859e-01
8.475916147232055664e+00
1.043766260147094727e+00
3.724668502807617188e+00
1.401594591140747070e+01
1.045336818695068359e+01
2.505142688751220703e+00
2.710622310638427734e+00
5.696804046630859375e+00
4.009654521942138672e-01
2.613613128662109375e+00
1.059727478027343750e+01
2.549680280685424805e+01
3.320354700088500977e+00
2.263641357421875000e-01
4.537155866622924805e+00
5.284454584121704102e+00
4.005777835845947266e-01
2.403588294982910156e-01
2.299761676788330078e+01
6.476864337921142578e+00
2.009408473968505859e-01
5.446479082107543945e+00
4.727168083190917969e-01
5.138201713562011719e-01
1.081302881240844727e+00
4.053222942352294922e+01
5.445502996444702148e+00
3.793799877166748047e-01
2.418176651000976562e+00
8.694224619865417480e+01
3.988284206390380859e+01
2.733898401260375977e+00
6.831906795501708984e+00
3.076535940170288086e+00
4.437138795852661133e+00
6.468066883087158203e+01
1.722914218902587891e+00
5.798931837081909180e+00
5.287776231765747070e+00
4.455902576446533203e-01
1.901891732215881348e+01
3.683898448944091797e-01
4.975177860260009766e+01
4.006724119186401367e+00
3.011403083801269531e-01
1.027865171432495117e+00
2.576296091079711914e+00
4.674904346466064453e-01
3.161299300193786621e+01
8.226292848587036133e+00
1.111051034927368164e+01
2.656432628631591797e+00
9.255899000167846680e+01
8.129122972488403320e+00
2.013862609863281250e+00
7.754780220985412598e+01
2.656304836273193359e-01
4.148275136947631836e+01
1.092282533645629883e+00
2.948578834533691406e+00
3.117032289505004883e+00
7.440697431564331055e+01
