9.797954559326171875e-02
5.362708568572998047e-01
6.282424926757812500e-02
1.268277168273925781e-01
2.290313243865966797e-01
9.579181671142578125e-02
3.086092472076416016e-01
8.831801414489746094e-01
4.135441780090332031e-02
6.933212280273437500e-02
4.524365687370300293e+01
4.373481273651123047e-01
1.626145839691162109e-01
8.764219284057617188e-02
2.443706989288330078e-01
3.502655029296875000e-01
5.182099342346191406e-02
3.297252655029296875e-01
5.432057380676269531e-02
8.014345169067382812e-02
1.197738647460937500e-01
1.767339706420898438e-01
5.130887460708618164e+01
8.108090639114379883e+00
1.184372901916503906e-01
2.448024988174438477e+00
9.877872467041015625e-02
5.610179901123046875e-02
4.567289352416992188e-02
8.519959449768066406e-02
1.181359291076660156e-01
1.104057660102844238e+02
1.430475711822509766e-01
3.539514541625976562e-01
9.675407409667968750e-02
6.969618797302246094e-02
4.206283092498779297e-01
9.786105155944824219e-01
9.539628028869628906e-02
2.049491405487060547e-01
3.190684318542480469e-01
6.037867069244384766e-01
6.812500953674316406e-02
7.062816619873046875e-02
5.371151685714721680e+00
2.765355110168457031e-01
6.154417991638183594e-02
4.668784141540527344e-02
7.839179039001464844e-02
1.830832958221435547e-01
5.248022079467773438e-02
4.019284248352050781e-02
5.154013633728027344e-02
2.488801479339599609e-01
2.346904277801513672e-01
7.161450386047363281e-02
4.001188278198242188e-02
4.813146591186523438e-02
1.368474960327148438e-01
5.765724182128906250e-02
1.254138946533203125e-01
5.001044273376464844e-02
1.090030670166015625e-01
5.406920909881591797e-01
1.033010482788085938e-01
5.784749984741210938e-02
2.698679065704345703e+01
1.480238437652587891e-01
5.957746505737304688e-02
5.171978321075439453e+02
1.900725364685058594e-01
1.428477764129638672e-01
3.054134845733642578e-01
1.032350063323974609e-01
4.844641685485839844e-02
1.139397621154785156e-01
2.309421777725219727e+00
3.113594055175781250e-01
4.284238815307617188e-02
3.358292579650878906e-02
6.016016006469726562e-02
6.664252281188964844e-02
9.136295318603515625e-02
7.133412361145019531e-02
2.216715097427368164e+00
1.358709335327148438e-01
3.232951164245605469e-01
1.316488265991210938e+00
6.255841255187988281e-02
7.655453681945800781e-02
7.939553260803222656e-02
7.778382301330566406e-02
1.122219562530517578e-01
8.746242523193359375e-02
5.798554420471191406e-02
5.068993568420410156e-02
8.345842361450195312e-02
8.803129196166992188e-02
4.968833923339843750e-02
9.870052337646484375e-02
1.407384872436523438e-01
1.461069583892822266e-01
1.432046890258789062e-01
1.098968982696533203e-01
1.301922798156738281e-01
6.099033355712890625e-02
7.861304283142089844e-02
1.560633182525634766e-01
1.636264324188232422e-01
5.381321907043457031e-02
5.133404731750488281e-01
1.126518249511718750e-01
1.031568050384521484e-01
5.259251594543457031e-02
3.548457622528076172e-01
3.678495883941650391e-01
7.052493095397949219e-02
9.696269035339355469e-02
7.596678733825683594e-01
1.615099906921386719e-01
9.404850006103515625e-02
4.969835281372070312e-02
5.557346343994140625e-02
5.897736549377441406e-02
1.361589431762695312e-01
3.196404218673706055e+00
1.101548671722412109e-01
5.268716812133789062e-02
1.051797866821289062e-01
5.327844619750976562e-02
1.079120635986328125e-01
5.657267570495605469e-02
4.610824584960937500e-02
7.099742650985717773e+00
8.314013481140136719e-02
6.503629684448242188e-02
6.308865547180175781e-02
2.352561950683593750e-01
1.151103973388671875e-01
7.055020332336425781e-02
5.779554843902587891e-01
5.585718154907226562e-02
8.424329757690429688e-02
2.288892269134521484e-01
2.014107704162597656e-01
3.173515796661376953e-01
1.201152801513671875e-01
5.104589462280273438e-02
7.258677482604980469e-02
7.126832008361816406e-02
2.736651897430419922e-01
2.109978795051574707e+01
9.916186332702636719e-02
5.108785629272460938e-02
5.875301361083984375e-02
5.860543251037597656e-02
7.059550285339355469e-02
7.901215553283691406e-02
4.284720420837402344e-01
3.676247596740722656e-02
9.060072898864746094e-02
1.083757877349853516e-01
8.131349873542785645e+01
9.521624803543090820e+00
3.937337214946746826e+02
6.933808326721191406e-02
4.215693473815917969e-02
1.141321659088134766e-01
1.118760108947753906e-01
4.297661781311035156e-02
5.218839645385742188e-02
3.159807682037353516e+00
5.405187606811523438e-02
8.250260353088378906e-02
4.315400123596191406e-02
3.887550830841064453e-01
1.502525806427001953e-01
1.911242008209228516e-01
5.118608474731445312e-02
1.566450595855712891e-01
6.302905082702636719e-02
1.436088085174560547e-01
5.770182609558105469e-02
5.663442611694335938e-02
8.762407302856445312e-02
1.304398679733276367e+02
1.341434931755065918e+01
5.606174468994140625e-02
5.090618133544921875e-02
1.500811576843261719e-01
1.293041706085205078e-01
4.777884483337402344e-02
1.189100742340087891e-01
4.329895973205566406e-02
6.972551345825195312e-02
9.012508392333984375e-02
6.329965591430664062e-02
5.883383750915527344e-02
7.457375526428222656e-02
9.027087688446044922e-01
