9.571981430053710938e-02
7.909536361694335938e-02
6.429910659790039062e-02
1.259741783142089844e-01
2.324595451354980469e-01
9.862351417541503906e-02
2.986633777618408203e-01
4.787960052490234375e-01
4.094982147216796875e-02
6.584572792053222656e-02
4.314042520523071289e+01
5.975961685180664062e-02
1.643555164337158203e-01
8.246445655822753906e-02
2.918181419372558594e-01
3.656799793243408203e-01
4.307246208190917969e-02
7.191944122314453125e-02
5.444359779357910156e-02
8.456015586853027344e-02
8.604788780212402344e-02
1.791005134582519531e-01
5.027038598060607910e+01
7.905009984970092773e+00
1.187491416931152344e-01
2.286776304244995117e+00
1.019794940948486328e-01
4.531335830688476562e-02
4.940605163574218750e-02
8.313155174255371094e-02
1.187229156494140625e-01
8.656137442588806152e+01
8.740901947021484375e-02
9.956955909729003906e-02
1.044585704803466797e-01
5.782246589660644531e-02
4.730679988861083984e-01
7.840652465820312500e-01
8.770823478698730469e-02
1.944608688354492188e-01
3.104379177093505859e-01
1.684882640838623047e-01
6.985759735107421875e-02
6.752753257751464844e-02
5.421545982360839844e+00
3.148880004882812500e-01
6.003713607788085938e-02
5.676865577697753906e-02
7.976007461547851562e-02
1.390471458435058594e-01
5.161476135253906250e-02
4.035067558288574219e-02
5.182862281799316406e-02
2.439885139465332031e-01
2.446172237396240234e-01
6.676435470581054688e-02
5.164527893066406250e-02
5.612301826477050781e-02
1.245360374450683594e-01
5.198884010314941406e-02
1.388530731201171875e-01
4.311180114746093750e-02
1.050209999084472656e-01
8.615994453430175781e-02
9.810113906860351562e-02
5.889153480529785156e-02
2.430553793907165527e+01
7.017993927001953125e-02
4.872083663940429688e-02
5.134265923500061035e+02
1.539585590362548828e-01
3.049955368041992188e-01
2.952353954315185547e-01
9.264802932739257812e-02
4.569458961486816406e-02
1.246144771575927734e-01
2.250334262847900391e+00
1.006567478179931641e-01
5.194711685180664062e-02
3.264188766479492188e-02
6.842207908630371094e-02
6.152582168579101562e-02
1.071205139160156250e-01
5.895495414733886719e-02
1.925060272216796875e+00
1.405463218688964844e-01
3.436200618743896484e-01
9.686064720153808594e-01
6.289482116699218750e-02
6.516098976135253906e-02
8.001255989074707031e-02
8.490610122680664062e-02
1.119725704193115234e-01
7.499861717224121094e-02
6.496572494506835938e-02
4.616451263427734375e-02
7.145929336547851562e-02
6.598758697509765625e-02
4.863667488098144531e-02
8.291363716125488281e-02
1.685841083526611328e-01
1.208071708679199219e-01
9.338116645812988281e-02
1.403315067291259766e-01
1.206741333007812500e-01
6.214046478271484375e-02
7.802319526672363281e-02
1.546359062194824219e-01
1.476259231567382812e-01
4.246807098388671875e-02
4.460611343383789062e-01
9.269571304321289062e-02
1.070122718811035156e-01
4.507970809936523438e-02
1.676239967346191406e-01
2.416238784790039062e-01
5.780649185180664062e-02
7.603383064270019531e-02
6.379692554473876953e-01
1.305973529815673828e-01
8.390021324157714844e-02
4.513335227966308594e-02
4.536724090576171875e-02
5.884647369384765625e-02
1.249179840087890625e-01
2.309492588043212891e+00
1.012384891510009766e-01
4.630804061889648438e-02
1.064505577087402344e-01
6.052637100219726562e-02
1.082735061645507812e-01
5.869913101196289062e-02
3.994989395141601562e-02
6.921985864639282227e+00
4.541063308715820312e-02
5.698490142822265625e-02
5.176544189453125000e-02
1.913797855377197266e-01
1.015861034393310547e-01
6.945061683654785156e-02
2.364382743835449219e-01
5.793762207031250000e-02
7.250547409057617188e-02
2.250549793243408203e-01
1.688079833984375000e-01
8.259463310241699219e-02
9.300684928894042969e-02
4.781937599182128906e-02
6.788420677185058594e-02
7.576537132263183594e-02
2.643146514892578125e-01
9.028343915939331055e+00
5.340480804443359375e-02
4.607534408569335938e-02
5.058884620666503906e-02
5.820107460021972656e-02
6.352782249450683594e-02
6.931138038635253906e-02
1.640467643737792969e-01
3.520679473876953125e-02
7.937049865722656250e-02
8.383369445800781250e-02
7.904014801979064941e+01
9.215201616287231445e+00
3.925623238086700439e+02
5.729317665100097656e-02
7.995843887329101562e-02
1.106925010681152344e-01
9.777903556823730469e-02
4.084372520446777344e-02
6.063771247863769531e-02
2.724537134170532227e+00
5.266833305358886719e-02
7.755661010742187500e-02
4.391980171203613281e-02
4.154059886932373047e-01
1.747181415557861328e-01
1.860716342926025391e-01
4.875469207763671875e-02
6.211972236633300781e-02
6.110596656799316406e-02
1.318981647491455078e-01
5.882954597473144531e-02
5.533623695373535156e-02
7.210206985473632812e-02
1.259034271240234375e+02
1.438766074180603027e+01
4.476952552795410156e-02
5.606818199157714844e-02
1.499509811401367188e-01
1.540117263793945312e-01
4.809141159057617188e-02
2.653491497039794922e-01
4.452824592590332031e-02
6.972670555114746094e-02
9.274840354919433594e-02
6.592440605163574219e-02
6.398344039916992188e-02
1.224186420440673828e-01
8.428044319152832031e-01
