0.07843375205993652
0.05014634132385254
0.020308971405029297
0.11744332313537598
4.396402597427368
0.025835275650024414
0.058305978775024414
0.04674816131591797
0.07774591445922852
24.450185537338257
0.02052474021911621
0.036356449127197266
0.13377094268798828
0.09816455841064453
0.10941028594970703
0.08080077171325684
0.07134222984313965
0.0662531852722168
0.036721229553222656
0.0763096809387207
0.009447097778320312
0.27700281143188477
0.07945370674133301
0.05148053169250488
0.05289411544799805
0.042292118072509766
0.10067486763000488
0.026057958602905273
0.052980661392211914
0.06101679801940918
0.05222439765930176
0.0518033504486084
0.027089595794677734
0.030565261840820312
0.12777066230773926
0.02099156379699707
0.04859638214111328
0.09560680389404297
0.03125596046447754
0.10688948631286621
0.021508216857910156
0.01763010025024414
0.032761335372924805
0.11960482597351074
0.03780794143676758
0.029780864715576172
2.2544403076171875
224.92165160179138
0.2444314956665039
0.013841390609741211
0.08552050590515137
0.16698980331420898
0.06025338172912598
0.02614283561706543
0.07216072082519531
0.03987550735473633
0.10912466049194336
0.022729873657226562
0.10384988784790039
0.07791495323181152
0.8250250816345215
1.808454990386963
0.06989431381225586
0.03194069862365723
0.04422807693481445
0.055863380432128906
0.35940051078796387
0.206740140914917
0.02415609359741211
0.15732717514038086
0.06714153289794922
0.029772043228149414
0.0846865177154541
0.029430389404296875
0.024318695068359375
0.19733262062072754
0.028925180435180664
0.06716203689575195
0.11442041397094727
271.80181884765625
0.553769588470459
0.5988647937774658
0.05535769462585449
0.33473634719848633
0.03397083282470703
0.032784461975097656
0.1270771026611328
0.11031484603881836
0.09581375122070312
0.02387523651123047
0.22093915939331055
0.08501911163330078
0.06292247772216797
0.06019997596740723
0.030053377151489258
0.322037935256958
0.03408646583557129
0.0849761962890625
0.07812952995300293
0.02669978141784668
0.055455923080444336
0.05511164665222168
0.610457181930542
0.017420291900634766
0.10993361473083496
0.09002041816711426
0.22588753700256348
0.08429479598999023
0.23122167587280273
0.1674060821533203
0.0875246524810791
0.032593488693237305
0.10156464576721191
0.034558773040771484
3.6439380645751953
0.04555344581604004
2.9420905113220215
1.5391016006469727
0.7050585746765137
2.611100196838379
0.047638654708862305
0.03623843193054199
0.05206871032714844
1.237792730331421
0.17355966567993164
0.08102655410766602
0.15142250061035156
0.21729302406311035
0.03650403022766113
0.058068275451660156
0.37240028381347656
0.053971290588378906
0.024108171463012695
0.10411810874938965
0.05313396453857422
0.13085174560546875
5.524355411529541
0.5241210460662842
0.0471806526184082
0.020975589752197266
0.06170320510864258
0.039443016052246094
0.26107215881347656
0.06305336952209473
0.13632726669311523
0.1364152431488037
0.13260269165039062
2.081977605819702
0.05446314811706543
0.09855914115905762
3.1836063861846924
0.03801608085632324
0.14606690406799316
0.04058337211608887
0.07114911079406738
1.8495407104492188
32.098450660705566
0.12080836296081543
0.11803174018859863
0.04296374320983887
0.07095551490783691
2.068418025970459
0.5331854820251465
0.07520723342895508
0.025478124618530273
0.019634723663330078
0.09783482551574707
0.03710746765136719
0.051271915435791016
0.059427499771118164
0.050339698791503906
0.008148670196533203
0.031844377517700195
0.07578253746032715
0.019431591033935547
0.024512529373168945
0.12675213813781738
0.04988980293273926
84.72015190124512
0.022059202194213867
0.0888969898223877
0.10895633697509766
0.2377007007598877
0.06876945495605469
0.05411505699157715
140.11918139457703
0.21863889694213867
0.0290377140045166
0.2525918483734131
0.05397343635559082
0.03764533996582031
0.06814742088317871
0.15957093238830566
0.1772441864013672
0.09754657745361328
0.051761627197265625
0.1486818790435791
65.76564073562622
0.3220040798187256
0.07863497734069824
