6.397955417633056641e-01
7.336413860321044922e-01
3.585906028747558594e-01
2.393851518630981445e+00
5.452558994293212891e-01
3.602711677551269531e+00
7.642517089843750000e-01
1.161536216735839844e+00
3.176682472229003906e+00
5.874550342559814453e-01
7.861459255218505859e-01
1.179148674011230469e+00
3.479495048522949219e-01
1.679411172866821289e+00
5.635743141174316406e-01
5.274889469146728516e-01
1.088396310806274414e+00
2.194165468215942383e+00
1.861190795898437500e-01
6.144351959228515625e-01
4.896168708801269531e-01
6.868317127227783203e-01
4.684907674789428711e+00
4.798128604888916016e-01
4.088832855224609375e+00
8.881540298461914062e-01
6.035492420196533203e-01
2.668998241424560547e+00
2.038040637969970703e+00
2.009296178817749023e+00
4.514963388442993164e+00
1.920886754989624023e+00
9.019505977630615234e-01
2.854381322860717773e+00
8.972680568695068359e-01
3.809046030044555664e+00
5.002899169921875000e-01
8.676152229309082031e-01
5.065081119537353516e-01
5.423903465270996094e-01
3.045659780502319336e+00
2.832686185836791992e+00
1.151401042938232422e+00
5.220305919647216797e-01
2.715908765792846680e+00
5.373642444610595703e-01
9.900021553039550781e-01
7.918572425842285156e-01
1.967996358871459961e+00
4.588618278503417969e-01
9.718706607818603516e-01
7.517187595367431641e-01
2.472035884857177734e-01
2.425111055374145508e+00
2.979027748107910156e+00
7.961649894714355469e-01
1.992858886718750000e+00
3.013620138168334961e+00
1.862489700317382812e+00
4.309655189514160156e+00
4.106369018554687500e-01
1.898146152496337891e+00
4.239635467529296875e-01
3.064455270767211914e+00
4.123723506927490234e-01
2.316440343856811523e+00
1.201411962509155273e+00
1.077456474304199219e+00
4.497156143188476562e-01
3.409605026245117188e-01
7.581052780151367188e-01
1.664579153060913086e+00
2.306310892105102539e+00
1.672295570373535156e+00
1.473576784133911133e+00
9.529817104339599609e-01
6.014833450317382812e-01
9.524080753326416016e-01
3.199247121810913086e+00
2.658599376678466797e+00
7.470412254333496094e-01
6.034083366394042969e-01
9.355125427246093750e-01
4.722156524658203125e-01
5.269412994384765625e-01
3.119163513183593750e-01
3.611035346984863281e-01
6.526608467102050781e-01
1.726623773574829102e+00
3.219903707504272461e+00
1.723576068878173828e+00
9.841933250427246094e-01
2.229442596435546875e-01
2.391695976257324219e+00
5.746791362762451172e-01
4.654663562774658203e+00
1.990465402603149414e+00
3.497789859771728516e+00
5.762178897857666016e-01
8.376793861389160156e-01
2.640522956848144531e+00
9.481499195098876953e-01
2.042698383331298828e+00
3.693771362304687500e+00
9.701681137084960938e-01
2.010578155517578125e+00
5.604043006896972656e-01
2.328696727752685547e+00
5.616664886474609375e-01
2.787830829620361328e+00
1.534160137176513672e+00
3.138163566589355469e+00
5.773901939392089844e-01
2.188300371170043945e+00
8.060271739959716797e-01
8.838701248168945312e-01
2.101573944091796875e+00
5.234863758087158203e-01
1.261020421981811523e+00
6.838192939758300781e-01
1.077643632888793945e+00
9.443650245666503906e-01
1.192167997360229492e+00
2.569917201995849609e+00
2.426804304122924805e+00
2.584391593933105469e+00
2.665998935699462891e-01
7.394175529479980469e-01
8.142364025115966797e-01
8.442289829254150391e-01
5.682759284973144531e-01
4.417154788970947266e-01
2.415972471237182617e+00
2.995271682739257812e-01
6.899003982543945312e-01
6.218256950378417969e-01
5.992956161499023438e-01
3.367855548858642578e+00
2.475346803665161133e+00
5.027747154235839844e-01
8.195374011993408203e-01
6.721959114074707031e-01
3.128452539443969727e+00
6.338667869567871094e-01
5.908327102661132812e-01
9.464995861053466797e-01
8.157646656036376953e-01
1.224160432815551758e+00
1.019691228866577148e+00
9.856338500976562500e-01
1.558891773223876953e+00
9.669375419616699219e-01
2.466797828674316406e+00
3.901686906814575195e+00
6.669304370880126953e-01
5.935375690460205078e-01
2.688619852066040039e+00
1.383652687072753906e-01
4.894555091857910156e+00
2.012627124786376953e-01
7.569415569305419922e-01
7.701959609985351562e-01
5.531494617462158203e-01
9.761188030242919922e-01
2.455670833587646484e+00
7.792859077453613281e-01
7.455532550811767578e-01
2.348720550537109375e+00
5.117022991180419922e-01
1.510937690734863281e+00
7.532944679260253906e-01
6.172554492950439453e-01
5.206754207611083984e-01
1.296631813049316406e+00
2.113606214523315430e+00
2.607505798339843750e+00
3.855984210968017578e-01
3.492376804351806641e-01
6.480948925018310547e-01
7.680273056030273438e-01
1.713280200958251953e+00
1.707209587097167969e+00
7.442533969879150391e-01
8.207342624664306641e-01
6.466066837310791016e-01
1.399090290069580078e+00
5.496120452880859375e-01
6.334712505340576172e-01
3.995886325836181641e+00
4.580366611480712891e-01
3.966810226440429688e+00
5.655975341796875000e-01
2.040952682495117188e+00
2.507054328918457031e+00
2.999570369720458984e-01
1.612154960632324219e+00
8.207511901855468750e-01
2.212901353836059570e+00
2.946244239807128906e+00
1.231394052505493164e+00
