6.333947181701660156e-01
7.875375747680664062e-01
3.771493434906005859e-01
3.613088130950927734e-01
4.371423721313476562e-01
4.515545368194580078e-01
7.436950206756591797e-01
6.644945144653320312e-01
2.925893545150756836e+00
7.129609584808349609e-01
2.731219053268432617e+00
1.105238676071166992e+00
3.336000442504882812e-01
1.523403167724609375e+00
6.952331066131591797e-01
4.371068477630615234e-01
8.484997749328613281e-01
1.876694679260253906e+00
1.650874614715576172e-01
5.226917266845703125e-01
4.689188003540039062e-01
8.325760364532470703e-01
4.172446489334106445e+00
1.971437931060791016e-01
1.026512861251831055e+00
7.868037223815917969e-01
4.792187213897705078e-01
2.166442394256591797e+00
9.814491271972656250e-01
6.553124666213989258e+00
4.693431854248046875e-01
3.821856975555419922e-01
7.827036380767822266e-01
2.638494968414306641e+00
7.651214599609375000e-01
8.447110652923583984e-01
4.715313911437988281e-01
7.304880619049072266e-01
2.595140933990478516e-01
6.407296657562255859e-01
2.629061698913574219e+00
2.463562250137329102e+00
1.016381263732910156e+00
4.320614337921142578e-01
4.673938751220703125e-01
5.004026889801025391e-01
2.860033512115478516e-01
6.563537120819091797e-01
5.999815464019775391e-01
3.976948261260986328e-01
1.741036891937255859e+00
5.040628910064697266e-01
2.190845012664794922e-01
2.063631057739257812e+00
8.302378654479980469e-01
3.409126996994018555e+00
5.501043796539306641e-01
2.586469173431396484e+00
1.258387565612792969e+00
9.077970981597900391e-01
3.208975791931152344e-01
1.088739395141601562e+00
1.867203712463378906e-01
4.336078166961669922e-01
3.808894157409667969e-01
9.890363216400146484e-01
1.132543087005615234e+00
9.426982402801513672e-01
3.650958538055419922e-01
3.116822242736816406e-01
7.084653377532958984e-01
1.484045028686523438e+00
2.060383796691894531e+00
1.423238754272460938e+00
1.348237514495849609e+00
7.220907211303710938e-01
5.187237262725830078e-01
8.427219390869140625e-01
2.934944152832031250e+00
2.446385622024536133e+00
1.459751129150390625e-01
3.769462108612060547e-01
8.471601009368896484e-01
5.735867023468017578e-01
4.813311100006103516e-01
7.586503028869628906e-01
3.722231388092041016e-01
4.845976829528808594e-01
5.351545810699462891e-01
2.750244140625000000e+00
1.633738994598388672e+00
5.064823627471923828e-01
1.815793514251708984e-01
9.306468963623046875e-01
5.210845470428466797e-01
4.368624687194824219e+00
5.122453212738037109e+00
5.905561447143554688e-01
5.094521045684814453e-01
6.912751197814941406e-01
2.369348049163818359e+00
8.330843448638916016e-01
6.827619075775146484e-01
5.605432987213134766e-01
8.008892536163330078e-01
1.017253637313842773e+00
4.136064052581787109e-01
2.092289924621582031e+00
4.997167587280273438e-01
2.428644418716430664e+00
1.330202817916870117e+00
2.607477188110351562e+00
3.884124755859375000e-01
9.674904346466064453e-01
8.380684852600097656e-01
7.715313434600830078e-01
5.434477329254150391e-01
8.650703430175781250e-01
1.186252832412719727e+00
6.548869609832763672e-01
9.021830558776855469e-01
1.030931472778320312e+00
1.014543294906616211e+00
2.297171354293823242e+00
2.003225088119506836e+00
2.227815628051757812e+00
2.534835338592529297e-01
3.943386077880859375e-01
7.118599414825439453e-01
7.031171321868896484e-01
3.727157115936279297e-01
4.132802486419677734e-01
2.037962675094604492e+00
3.466465473175048828e-01
6.862776279449462891e-01
4.374728202819824219e-01
2.024478912353515625e-01
3.015833854675292969e+00
1.137380361557006836e+00
1.902964115142822266e-01
7.439596652984619141e-01
6.193690299987792969e-01
6.094110012054443359e-01
5.137727260589599609e-01
3.190062046051025391e-01
7.542026042938232422e-01
9.111790657043457031e-01
1.038772106170654297e+00
9.567015171051025391e-01
8.069782257080078125e-01
1.078977108001708984e+00
7.300102710723876953e-01
1.099301576614379883e+00
3.494240760803222656e+00
6.298193931579589844e-01
6.224269866943359375e-01
2.289460182189941406e+00
1.559700965881347656e-01
2.847223281860351562e-01
1.233322620391845703e-01
7.522432804107666016e-01
7.518870830535888672e-01
6.132597923278808594e-01
8.087470531463623047e-01
1.931232452392578125e+00
6.891145706176757812e-01
8.606903553009033203e-01
2.112485170364379883e+00
4.086232185363769531e-01
1.352940320968627930e+00
6.623818874359130859e-01
8.348689079284667969e-01
6.017811298370361328e-01
1.252779960632324219e+00
8.441338539123535156e-01
2.029471158981323242e+00
1.843924522399902344e-01
1.639904975891113281e-01
6.793937683105468750e-01
7.420105934143066406e-01
3.564243316650390625e-01
9.648919105529785156e-01
7.093119621276855469e-01
7.793073654174804688e-01
1.394041061401367188e+00
1.271529197692871094e+00
5.902812480926513672e-01
3.600702285766601562e-01
4.153768539428710938e+00
4.319584369659423828e-01
4.325501918792724609e-01
4.759774208068847656e-01
7.482936382293701172e-01
1.155570507049560547e+00
2.560703754425048828e-01
8.634221553802490234e-01
9.247136116027832031e-01
1.980111598968505859e+00
2.715910196304321289e+00
1.121740818023681641e+00
