8.010048866271972656e-01
1.007682800292968750e+00
5.093986988067626953e-01
3.157644271850585938e+00
2.054466962814331055e+00
4.322954654693603516e+00
1.039941310882568359e+00
1.316545009613037109e+00
3.834941148757934570e+00
6.531665325164794922e-01
9.140160083770751953e-01
1.372873306274414062e+00
4.706530570983886719e-01
1.670308828353881836e+00
9.141001701354980469e-01
5.184481143951416016e-01
1.168732881546020508e+00
2.450915813446044922e+00
3.303637504577636719e-01
5.912251472473144531e-01
4.550406932830810547e-01
9.714665412902832031e-01
4.961516857147216797e+00
6.332542896270751953e-01
4.683357715606689453e+00
1.405483961105346680e+00
1.001223087310791016e+00
3.522991180419921875e+00
2.280576944351196289e+00
2.326915979385375977e+00
5.187601804733276367e+00
1.917370557785034180e+00
8.925626277923583984e-01
3.621757745742797852e+00
1.181097030639648438e+00
3.877048730850219727e+00
8.337213993072509766e-01
1.014620542526245117e+00
5.526771545410156250e-01
5.790081024169921875e-01
3.374703645706176758e+00
3.119716167449951172e+00
1.212410449981689453e+00
8.293607234954833984e-01
3.053270101547241211e+00
8.273599147796630859e-01
1.152649164199829102e+00
1.049661159515380859e+00
2.124398231506347656e+00
5.598611831665039062e-01
9.681994915008544922e-01
6.693425178527832031e-01
2.593183517456054688e-01
2.806170701980590820e+00
3.117433071136474609e+00
1.152521371841430664e+00
2.369854450225830078e+00
2.954482555389404297e+00
2.323063373565673828e+00
4.845707416534423828e+00
4.194347858428955078e-01
2.128068923950195312e+00
5.020425319671630859e-01
3.360674858093261719e+00
7.682583332061767578e-01
2.719991207122802734e+00
2.131045341491699219e+00
1.073712587356567383e+00
5.004210472106933594e-01
3.377349376678466797e-01
8.793296813964843750e-01
1.993181228637695312e+00
3.222609043121337891e+00
1.571917772293090820e+00
1.756492376327514648e+00
9.021980762481689453e-01
6.465601921081542969e-01
9.987180233001708984e-01
3.882140636444091797e+00
3.366634130477905273e+00
8.116841316223144531e-01
6.856379508972167969e-01
1.094331026077270508e+00
5.625169277191162109e-01
5.582611560821533203e-01
3.646478652954101562e-01
5.142927169799804688e-01
9.642703533172607422e-01
2.289906024932861328e+00
3.906802415847778320e+00
1.957699060440063477e+00
9.976818561553955078e-01
1.030921697616577148e+00
2.637596607208251953e+00
6.709940433502197266e-01
5.052957057952880859e+00
2.335466623306274414e+00
3.792176723480224609e+00
5.753941535949707031e-01
9.724731445312500000e-01
3.009710311889648438e+00
1.449486017227172852e+00
2.434085369110107422e+00
3.873983621597290039e+00
9.262120723724365234e-01
2.238836526870727539e+00
5.985610485076904297e-01
2.678266286849975586e+00
6.809961795806884766e-01
2.781140804290771484e+00
1.526005506515502930e+00
4.036537647247314453e+00
5.628523826599121094e-01
2.258472919464111328e+00
7.948045730590820312e-01
1.030897378921508789e+00
2.025812149047851562e+00
5.567886829376220703e-01
2.032041311264038086e+00
7.421159744262695312e-01
1.146240949630737305e+00
1.562016248703002930e+00
1.104277133941650391e+00
3.325929880142211914e+00
2.607233762741088867e+00
2.783558368682861328e+00
3.054785728454589844e-01
7.591300010681152344e-01
1.062202453613281250e+00
1.211519479751586914e+00
7.171568870544433594e-01
6.659886837005615234e-01
3.665624618530273438e+00
4.323363304138183594e-01
8.535869121551513672e-01
8.033378124237060547e-01
7.356822490692138672e-01
3.738035440444946289e+00
3.157815933227539062e+00
5.729689598083496094e-01
9.366888999938964844e-01
7.646672725677490234e-01
3.588817119598388672e+00
7.342112064361572266e-01
8.167896270751953125e-01
1.084848880767822266e+00
9.112639427185058594e-01
1.096896648406982422e+00
1.091668844223022461e+00
1.221756696701049805e+00
1.529737710952758789e+00
9.262814521789550781e-01
2.647606849670410156e+00
4.159834384918212891e+00
7.097747325897216797e-01
8.205027580261230469e-01
3.184340000152587891e+00
1.371016502380371094e-01
4.907572269439697266e+00
1.433055400848388672e-01
1.038597583770751953e+00
1.025543451309204102e+00
6.817545890808105469e-01
7.997345924377441406e-01
2.444598436355590820e+00
8.176796436309814453e-01
8.058362007141113281e-01
2.650475978851318359e+00
7.856240272521972656e-01
1.612989187240600586e+00
9.822890758514404297e-01
5.715148448944091797e-01
6.217522621154785156e-01
1.612049579620361328e+00
2.706065177917480469e+00
2.922571659088134766e+00
4.642033576965332031e-01
5.152220726013183594e-01
1.443065404891967773e+00
1.162140846252441406e+00
1.839635372161865234e+00
1.768635749816894531e+00
8.257043361663818359e-01
8.931450843811035156e-01
6.988294124603271484e-01
1.471717834472656250e+00
6.992669105529785156e-01
6.621861457824707031e-01
5.101416110992431641e+00
1.752228498458862305e+00
4.247683048248291016e+00
9.583973884582519531e-01
2.171860218048095703e+00
2.952710866928100586e+00
3.370902538299560547e-01
1.622519731521606445e+00
8.330044746398925781e-01
2.977745532989501953e+00
2.913847208023071289e+00
2.204679727554321289e+00
