1633.0840587615967
1087.183952331543
990.1185035705566
1323.8725662231445
1440.7999515533447
1198.0016231536865
552.8197288513184
536.5755558013916
614.4070625305176
450.35529136657715
2200.7896900177
547.4627017974854
1378.7343502044678
234.60745811462402
1251.6365051269531
308.746337890625
968.1921005249023
452.33631134033203
512.6204490661621
536.928653717041
668.4579849243164
230.3295135498047
397.13001251220703
353.3000946044922
1338.4222984313965
654.695987701416
1184.2195987701416
946.35009765625
744.5652484893799
1500.7517337799072
1051.1994361877441
312.99614906311035
1346.7543125152588
426.99670791625977
1000.831127166748
297.8484630584717
249.58372116088867
676.1195659637451
482.37133026123047
694.0796375274658
1123.2917308807373
683.234453201294
1547.4300384521484
1054.640769958496
371.23894691467285
1475.17991065979
329.836368560791
843.2364463806152
946.6133117675781
1005.4841041564941
345.3483581542969
1156.9185256958008
616.0597801208496
390.28120040893555
672.4674701690674
1186.8722438812256
921.9651222229004
1086.4720344543457
923.0747222900391
765.3555870056152
2013.8418674468994
795.6092357635498
920.5482006072998
307.88588523864746
463.7627601623535
936.6321563720703
829.6082019805908
554.2469024658203
673.0248928070068
1420.2702045440674
966.0887718200684
1379.544973373413
591.4328098297119
251.4634132385254
1644.554853439331
635.7076168060303
438.6725425720215
1245.8200454711914
1170.872449874878
691.5674209594727
379.69422340393066
908.2846641540527
532.5231552124023
1318.0320262908936
1097.0652103424072
628.8456916809082
990.9520149230957
341.2466049194336
653.7296772003174
489.1963005065918
291.68033599853516
318.4652328491211
925.1890182495117
759.5150470733643
677.3049831390381
377.7766227722168
1240.8368587493896
968.2149887084961
957.7722549438477
1324.4237899780273
799.5414733886719
471.8914031982422
375.9796619415283
1057.6882362365723
1710.026502609253
592.4313068389893
1035.5854034423828
503.9503574371338
776.1657238006592
828.2551765441895
465.5742645263672
506.2751770019531
1257.0900917053223
1571.7482566833496
646.5582847595215
386.5079879760742
636.5854740142822
1356.100082397461
408.4291458129883
1876.7123222351074
1794.9953079223633
965.7833576202393
576.2810707092285
667.6473617553711
1056.0054779052734
1283.2715511322021
594.3129062652588
663.5169982910156
733.1528663635254
461.8041515350342
1381.4246654510498
145.39623260498047
1729.1440963745117
236.40823364257812
941.4141178131104
1529.252052307129
801.9506931304932
623.3131885528564
1250.065803527832
566.1649703979492
575.2620697021484
616.5854930877686
1881.760835647583
400.3899097442627
978.47580909729
379.12654876708984
1371.5672492980957
627.2737979888916
720.4020023345947
955.1880359649658
424.6349334716797
217.85545349121094
1378.5960674285889
327.71849632263184
461.8368148803711
1113.4343147277832
535.4673862457275
934.779167175293
521.2514400482178
1391.4375305175781
2085.153818130493
866.6317462921143
342.07940101623535
1049.0646362304688
429.02135848999023
354.4909954071045
935.5859756469727
717.9262638092041
867.6950931549072
651.0846614837646
898.3604907989502
287.6772880554199
3895.939826965332
780.9121608734131
436.2320899963379
1766.4587497711182
508.4099769592285
774.1310596466064
646.8133926391602
1153.7704467773438
343.2576656341553
2223.982095718384
692.8162574768066
511.4469528198242
654.2999744415283
690.04225730896
1070.392370223999
523.8988399505615
1292.0572757720947
744.5826530456543
591.1705493927002
536.3011360168457
675.0092506408691
577.2318840026855
1544.7640419006348
564.384937286377
913.9552116394043
565.6497478485107
995.4688549041748
1203.639268875122
