7.717299461364746094e-02
7.096028327941894531e-02
7.145071029663085938e-02
7.458376884460449219e-02
8.108234405517578125e-02
7.395458221435546875e-02
6.707954406738281250e-02
7.284688949584960938e-02
7.045292854309082031e-02
8.116579055786132812e-02
7.273912429809570312e-02
6.675386428833007812e-02
7.097554206848144531e-02
6.783699989318847656e-02
7.396650314331054688e-02
6.824111938476562500e-02
6.774234771728515625e-02
6.658101081848144531e-02
6.762051582336425781e-02
1.147396564483642578e-01
7.213544845581054688e-02
7.447433471679687500e-02
7.060313224792480469e-02
8.490395545959472656e-02
7.287430763244628906e-02
7.089090347290039062e-02
8.027625083923339844e-02
1.062364578247070312e-01
7.695770263671875000e-02
8.096599578857421875e-02
7.418107986450195312e-02
6.753873825073242188e-02
6.497478485107421875e-02
6.293845176696777344e-02
7.838773727416992188e-02
7.589292526245117188e-02
7.351136207580566406e-02
9.132122993469238281e-02
7.295417785644531250e-02
8.296561241149902344e-02
8.105444908142089844e-02
7.405972480773925781e-02
8.160138130187988281e-02
6.685757637023925781e-02
6.990718841552734375e-02
7.017445564270019531e-02
6.999611854553222656e-02
7.659173011779785156e-02
7.238936424255371094e-02
1.554958820343017578e-01
6.723070144653320312e-02
6.954312324523925781e-02
8.245539665222167969e-02
7.727193832397460938e-02
7.040882110595703125e-02
7.453370094299316406e-02
7.760930061340332031e-02
6.694626808166503906e-02
7.406735420227050781e-02
8.659958839416503906e-02
7.179331779479980469e-02
9.134125709533691406e-02
7.061767578125000000e-02
7.271885871887207031e-02
6.985783576965332031e-02
7.015752792358398438e-02
7.038640975952148438e-02
6.828904151916503906e-02
6.934094429016113281e-02
7.411789894104003906e-02
7.262945175170898438e-02
8.300065994262695312e-02
9.213829040527343750e-02
8.549165725708007812e-02
6.894969940185546875e-02
7.273197174072265625e-02
1.007380485534667969e-01
8.734655380249023438e-02
1.007914543151855469e-01
7.321095466613769531e-02
7.347369194030761719e-02
6.544303894042968750e-02
7.380032539367675781e-02
6.550002098083496094e-02
7.036685943603515625e-02
6.185269355773925781e-02
6.963968276977539062e-02
6.939983367919921875e-02
1.161100864410400391e-01
1.271731853485107422e-01
8.445501327514648438e-02
8.593535423278808594e-02
7.818055152893066406e-02
1.164028644561767578e-01
7.718920707702636719e-02
6.627345085144042969e-02
6.557989120483398438e-02
7.377433776855468750e-02
7.798171043395996094e-02
6.766271591186523438e-02
6.298446655273437500e-02
8.440852165222167969e-02
7.195091247558593750e-02
7.660722732543945312e-02
6.516623497009277344e-02
7.067394256591796875e-02
9.825038909912109375e-02
7.443594932556152344e-02
7.955999374389648438e-01
1.303534507751464844e-01
7.653236389160156250e-02
7.139515876770019531e-02
7.444024085998535156e-02
7.352828979492187500e-02
7.209348678588867188e-02
6.391119956970214844e-02
6.972956657409667969e-02
7.767844200134277344e-02
6.519770622253417969e-02
7.597756385803222656e-02
8.426141738891601562e-02
6.965494155883789062e-02
2.127351760864257812e-01
7.255697250366210938e-02
7.456731796264648438e-02
6.940937042236328125e-02
6.604933738708496094e-02
6.749653816223144531e-02
7.523298263549804688e-02
7.700371742248535156e-02
7.659864425659179688e-02
7.565283775329589844e-02
6.961345672607421875e-02
8.148574829101562500e-02
6.364345550537109375e-02
6.190156936645507812e-02
8.945775032043457031e-02
7.514977455139160156e-02
7.771348953247070312e-02
6.537127494812011719e-02
8.000741004943847656e-01
7.734036445617675781e-02
6.696248054504394531e-02
6.988310813903808594e-02
8.390212059020996094e-02
6.573677062988281250e-02
1.506698131561279297e-01
8.056282997131347656e-02
1.125178337097167969e-01
6.286287307739257812e-02
7.841396331787109375e-02
1.225545406341552734e-01
7.481622695922851562e-02
8.464670181274414062e-02
4.852557182312011719e-02
7.153320312500000000e-02
7.323455810546875000e-02
7.971358299255371094e-02
7.197666168212890625e-02
7.172060012817382812e-02
9.951901435852050781e-02
7.196402549743652344e-02
7.064819335937500000e-02
8.892703056335449219e-02
7.907700538635253906e-02
6.937718391418457031e-02
8.188152313232421875e-02
7.454752922058105469e-02
8.234786987304687500e-02
6.981801986694335938e-02
6.982994079589843750e-02
7.284712791442871094e-02
1.231403350830078125e-01
6.558871269226074219e-02
7.253432273864746094e-02
6.171965599060058594e-02
7.157492637634277344e-02
6.609368324279785156e-02
6.767702102661132812e-02
7.348585128784179688e-02
7.236409187316894531e-02
8.043980598449707031e-02
6.464672088623046875e-02
8.781909942626953125e-02
1.109669208526611328e-01
8.283782005310058594e-02
7.323598861694335938e-02
7.951974868774414062e-02
1.056494712829589844e-01
6.350922584533691406e-02
7.865142822265625000e-02
7.042813301086425781e-02
7.364964485168457031e-02
7.234621047973632812e-02
6.109499931335449219e-02
6.995654106140136719e-02
1.083524227142333984e-01
7.494187355041503906e-02
6.967997550964355469e-02
8.092784881591796875e-02
