6.946372985839843750e-02
6.568789482116699219e-02
7.130408287048339844e-02
5.976605415344238281e-02
7.020735740661621094e-02
6.364774703979492188e-02
5.959677696228027344e-02
6.977605819702148438e-02
6.447696685791015625e-02
6.728363037109375000e-02
6.136727333068847656e-02
5.845451354980468750e-02
5.663919448852539062e-02
7.215976715087890625e-02
6.479501724243164062e-02
6.614756584167480469e-02
7.544660568237304688e-02
6.117272377014160156e-02
7.740187644958496094e-02
1.115736961364746094e-01
8.363008499145507812e-02
6.503534317016601562e-02
7.207870483398437500e-02
6.695938110351562500e-02
6.107449531555175781e-02
5.858445167541503906e-02
6.795120239257812500e-02
1.094279289245605469e-01
6.449079513549804688e-02
6.935954093933105469e-02
7.583284378051757812e-02
6.347680091857910156e-02
7.346153259277343750e-02
6.496453285217285156e-02
6.123852729797363281e-02
6.656455993652343750e-02
7.932806015014648438e-02
7.272911071777343750e-02
8.246231079101562500e-02
8.499550819396972656e-02
6.803154945373535156e-02
6.819629669189453125e-02
7.430052757263183594e-02
6.433153152465820312e-02
7.825589179992675781e-02
6.729030609130859375e-02
6.002759933471679688e-02
6.997632980346679688e-02
7.202124595642089844e-02
1.551737785339355469e-01
5.869483947753906250e-02
6.840920448303222656e-02
6.410765647888183594e-02
8.255004882812500000e-02
6.899309158325195312e-02
6.922435760498046875e-02
7.132601737976074219e-02
6.945657730102539062e-02
6.860899925231933594e-02
7.813239097595214844e-02
6.504583358764648438e-02
6.770944595336914062e-02
7.450580596923828125e-02
6.492805480957031250e-02
5.952191352844238281e-02
6.599378585815429688e-02
6.969833374023437500e-02
6.804656982421875000e-02
7.025098800659179688e-02
6.211662292480468750e-02
6.763625144958496094e-02
7.472777366638183594e-02
6.471824645996093750e-02
6.851267814636230469e-02
6.920886039733886719e-02
7.144522666931152344e-02
1.068427562713623047e-01
7.425713539123535156e-02
9.260702133178710938e-02
6.399655342102050781e-02
6.229901313781738281e-02
6.433939933776855469e-02
7.408475875854492188e-02
5.932998657226562500e-02
6.816148757934570312e-02
5.898475646972656250e-02
6.972765922546386719e-02
6.678891181945800781e-02
6.971526145935058594e-02
1.447610855102539062e-01
7.925891876220703125e-02
6.561207771301269531e-02
6.511974334716796875e-02
9.617972373962402344e-02
7.381963729858398438e-02
6.465148925781250000e-02
6.011557579040527344e-02
6.799769401550292969e-02
6.588029861450195312e-02
6.139540672302246094e-02
6.309485435485839844e-02
7.613921165466308594e-02
7.233357429504394531e-02
6.248497962951660156e-02
6.598210334777832031e-02
6.210350990295410156e-02
9.744572639465332031e-02
6.865048408508300781e-02
7.216317653656005859e-01
8.462333679199218750e-02
7.336187362670898438e-02
6.802821159362792969e-02
6.827282905578613281e-02
7.696294784545898438e-02
6.382012367248535156e-02
7.498168945312500000e-02
6.701993942260742188e-02
8.011817932128906250e-02
6.537652015686035156e-02
6.952381134033203125e-02
7.668614387512207031e-02
6.847310066223144531e-02
1.730070114135742188e-01
6.164312362670898438e-02
6.604075431823730469e-02
6.622505187988281250e-02
7.277536392211914062e-02
5.836677551269531250e-02
6.636118888854980469e-02
6.914234161376953125e-02
6.487512588500976562e-02
7.514524459838867188e-02
6.915783882141113281e-02
8.897066116333007812e-02
7.004094123840332031e-02
6.876254081726074219e-02
6.060624122619628906e-02
6.745362281799316406e-02
6.846404075622558594e-02
7.240176200866699219e-02
7.145404815673828125e-01
6.430721282958984375e-02
7.803702354431152344e-02
7.512497901916503906e-02
7.332634925842285156e-02
6.361484527587890625e-02
1.389007568359375000e-01
7.798457145690917969e-02
8.521032333374023438e-02
6.190586090087890625e-02
6.506752967834472656e-02
9.741377830505371094e-02
6.169891357421875000e-02
7.004904747009277344e-02
5.005216598510742188e-02
5.865073204040527344e-02
5.966544151306152344e-02
6.796574592590332031e-02
5.755352973937988281e-02
6.646704673767089844e-02
1.017410755157470703e-01
6.094002723693847656e-02
6.285953521728515625e-02
8.566522598266601562e-02
6.635665893554687500e-02
5.949068069458007812e-02
7.977914810180664062e-02
6.250882148742675781e-02
6.703162193298339844e-02
6.160831451416015625e-02
6.905388832092285156e-02
6.882643699645996094e-02
7.106375694274902344e-02
5.884385108947753906e-02
6.346654891967773438e-02
6.065583229064941406e-02
7.298874855041503906e-02
6.458115577697753906e-02
6.106305122375488281e-02
6.505322456359863281e-02
6.170940399169921875e-02
7.432556152343750000e-02
6.836104393005371094e-02
7.313179969787597656e-02
5.890369415283203125e-02
6.877994537353515625e-02
7.587838172912597656e-02
6.247782707214355469e-02
8.826518058776855469e-02
6.391000747680664062e-02
7.127165794372558594e-02
6.750202178955078125e-02
5.972146987915039062e-02
6.025886535644531250e-02
6.009888648986816406e-02
6.700086593627929688e-02
9.524345397949218750e-02
6.855273246765136719e-02
7.055950164794921875e-02
7.801890373229980469e-02
