1.303906440734863281e-01
1.736793518066406250e-01
1.255140304565429688e-01
6.584835052490234375e-02
7.627058029174804688e-02
7.204270362854003906e-02
4.505586624145507812e-02
6.452345848083496094e-02
2.138197422027587891e-01
1.757965087890625000e-01
2.933764457702636719e-02
3.391599655151367188e-02
8.324694633483886719e-02
6.601524353027343750e-02
1.555900573730468750e-01
6.555724143981933594e-02
6.284880638122558594e-02
1.529531478881835938e-01
3.558540344238281250e-02
4.824233055114746094e-01
8.193492889404296875e-02
7.144975662231445312e-02
1.967456340789794922e-01
6.161022186279296875e-02
6.601405143737792969e-02
2.583565711975097656e-01
6.296038627624511719e-02
4.221956729888916016e-01
7.237768173217773438e-02
4.640674591064453125e-02
8.663439750671386719e-02
1.345453262329101562e-01
1.133995056152343750e-01
4.718017578125000000e-02
6.615853309631347656e-02
1.656968593597412109e-01
4.918947219848632812e-01
6.275153160095214844e-02
6.620311737060546875e-02
1.315143108367919922e-01
1.682343482971191406e-01
5.978274345397949219e-02
7.058072090148925781e-02
4.774594306945800781e-02
1.422600746154785156e-01
5.660009384155273438e-02
5.717539787292480469e-02
1.042318344116210938e-01
2.708125114440917969e-02
6.958031654357910156e-02
5.812525749206542969e-02
5.075097084045410156e-02
6.789493560791015625e-02
5.991339683532714844e-02
1.299233436584472656e-01
2.030584812164306641e-01
1.110677719116210938e-01
1.279757022857666016e-01
3.414297103881835938e-02
7.718133926391601562e-02
1.825644969940185547e-01
3.301525115966796875e-02
1.350688934326171875e-01
9.856605529785156250e-02
6.291961669921875000e-02
6.083369255065917969e-02
6.917810440063476562e-02
6.231665611267089844e-02
9.880018234252929688e-02
6.088447570800781250e-02
2.297067642211914062e-02
6.735157966613769531e-02
5.880975723266601562e-02
7.127213478088378906e-02
6.374788284301757812e-02
2.885074615478515625e-01
9.531402587890625000e-02
3.278379440307617188e-01
9.465289115905761719e-02
5.148243904113769531e-02
5.056164264678955078e-01
2.389512062072753906e-01
6.551289558410644531e-02
8.990931510925292969e-02
5.132484436035156250e-02
1.241226196289062500e-01
1.486463546752929688e-01
6.379032135009765625e-02
1.297447681427001953e-01
2.107677459716796875e-01
8.679842948913574219e-02
2.365255355834960938e-02
6.125378608703613281e-02
7.375621795654296875e-02
1.258330345153808594e-01
5.923247337341308594e-02
5.332708358764648438e-02
4.929971694946289062e-02
1.872029304504394531e-01
2.604937553405761719e-02
4.912590980529785156e-02
7.309889793395996094e-02
6.454825401306152344e-02
1.374547481536865234e-01
3.849649429321289062e-02
2.646613121032714844e-02
8.436512947082519531e-02
7.030630111694335938e-02
9.256410598754882812e-02
1.367127895355224609e-01
7.199454307556152344e-02
5.796194076538085938e-02
6.978368759155273438e-02
7.297301292419433594e-02
1.155030727386474609e-01
1.166076660156250000e-01
5.978441238403320312e-02
1.989128589630126953e-01
7.926750183105468750e-02
7.245850563049316406e-02
6.344461441040039062e-02
5.753970146179199219e-02
6.294560432434082031e-02
5.681562423706054688e-02
4.928278923034667969e-02
6.981134414672851562e-02
2.628636360168457031e-02
6.138014793395996094e-02
6.746435165405273438e-02
1.933155059814453125e-01
3.572702407836914062e-02
6.525611877441406250e-02
6.203079223632812500e-02
4.297511577606201172e-01
5.589151382446289062e-02
2.694487571716308594e-02
5.838942527770996094e-02
4.812979698181152344e-02
5.828547477722167969e-02
1.030073165893554688e-01
9.040093421936035156e-02
7.080769538879394531e-02
6.225728988647460938e-02
2.132058143615722656e-02
7.381582260131835938e-02
8.799815177917480469e-02
1.367647647857666016e-01
2.340121269226074219e-01
1.222434043884277344e-01
5.624866485595703125e-02
1.090409755706787109e-01
9.195423126220703125e-02
5.664777755737304688e-02
6.575226783752441406e-02
9.600067138671875000e-02
2.927541732788085938e-02
2.696704864501953125e-02
6.787753105163574219e-02
6.200242042541503906e-02
4.996514320373535156e-02
8.410143852233886719e-02
1.463584899902343750e-01
4.012889862060546875e-01
7.321429252624511719e-02
6.216716766357421875e-02
6.459474563598632812e-02
1.652567386627197266e-01
7.551193237304687500e-02
1.020476818084716797e-01
6.731200218200683594e-02
1.386511325836181641e-01
2.854015827178955078e-01
7.118105888366699219e-02
4.362893104553222656e-02
5.708765983581542969e-02
1.026294231414794922e-01
6.214475631713867188e-02
4.226319789886474609e-01
2.035896778106689453e-01
6.024098396301269531e-02
2.293589115142822266e-01
8.483052253723144531e-02
6.166028976440429688e-02
1.967470645904541016e-01
6.722402572631835938e-02
6.865286827087402344e-02
6.612372398376464844e-02
7.241487503051757812e-02
1.060714721679687500e-01
9.323740005493164062e-02
6.127309799194335938e-02
1.065111160278320312e-01
1.669759750366210938e-01
4.982495307922363281e-02
5.009126663208007812e-02
1.335411071777343750e-01
9.272313117980957031e-02
3.127863407135009766e-01
1.717438697814941406e-01
6.625127792358398438e-02
