163.94567489624023
169.08574104309082
160.71248054504395
517.6653861999512
39.32499885559082
215.8660888671875
495.20230293273926
39.92509841918945
238.54994773864746
88.4237289428711
25.921106338500977
82.2904109954834
23.7276554107666
69.69594955444336
88.26255798339844
79.52547073364258
129.24671173095703
253.77964973449707
141.9515609741211
223.4172821044922
89.70236778259277
96.33970260620117
21.14248275756836
101.04656219482422
247.56121635437012
26.329517364501953
391.1752700805664
25.377511978149414
19.068479537963867
49.2403507232666
232.0694923400879
59.40961837768555
145.40672302246094
60.06884574890137
119.00711059570312
86.01093292236328
66.30706787109375
179.59332466125488
38.81192207336426
25.506019592285156
389.8632526397705
124.01366233825684
14.425277709960938
50.047874450683594
46.76651954650879
88.38224411010742
80.1539421081543
139.6479606628418
58.70509147644043
59.174537658691406
60.17279624938965
49.53598976135254
502.8352737426758
80.26123046875
48.94566535949707
14.293670654296875
35.71891784667969
29.17170524597168
158.33449363708496
12.172698974609375
556.5304756164551
46.67806625366211
223.6473560333252
71.98071479797363
312.5174045562744
33.19191932678223
175.67801475524902
195.73593139648438
89.33210372924805
94.8331356048584
366.1935329437256
79.58340644836426
60.09650230407715
220.54409980773926
21.254301071166992
79.55241203308105
24.971961975097656
50.29749870300293
158.37979316711426
15.744447708129883
16.896486282348633
114.66073989868164
24.01566505432129
97.10121154785156
13.504743576049805
24.53446388244629
130.55038452148438
45.3646183013916
240.8161163330078
130.52058219909668
75.09493827819824
390.2261257171631
76.72333717346191
34.67130661010742
62.555789947509766
115.5247688293457
73.4553337097168
101.04227066040039
141.0818099975586
51.49245262145996
171.28920555114746
64.06426429748535
103.91020774841309
51.892995834350586
183.14504623413086
500.82921981811523
70.91379165649414
71.22921943664551
20.99323272705078
175.69828033447266
18.894672393798828
86.33971214294434
89.89739418029785
35.376787185668945
97.69940376281738
576.4665603637695
266.3276195526123
23.186445236206055
374.1412162780762
147.6435661315918
109.32254791259766
73.60434532165527
30.263185501098633
126.57308578491211
14.862537384033203
39.675235748291016
119.5535659790039
84.81478691101074
47.658681869506836
62.43181228637695
39.45326805114746
211.5621566772461
210.50310134887695
192.37303733825684
42.188405990600586
52.797555923461914
201.56550407409668
45.08185386657715
155.9593677520752
150.0389575958252
46.34571075439453
447.39580154418945
27.425050735473633
170.4111099243164
94.7418212890625
97.21803665161133
336.3206386566162
373.69561195373535
58.223724365234375
149.38807487487793
116.95528030395508
42.098283767700195
57.43217468261719
20.57027816772461
17.450332641601562
69.08202171325684
39.6573543548584
215.9135341644287
28.018474578857422
272.62306213378906
73.69351387023926
99.41625595092773
19.984006881713867
207.3526382446289
94.91610527038574
118.39127540588379
182.16586112976074
37.2622013092041
83.08172225952148
68.44663619995117
160.45713424682617
438.97461891174316
1037.8680229187012
55.27925491333008
62.49642372131348
142.00735092163086
538.5494232177734
45.56727409362793
51.65886878967285
18.872976303100586
93.47200393676758
62.33930587768555
352.3235321044922
93.27864646911621
59.949636459350586
95.07417678833008
272.7186679840088
20.96843719482422
29.814958572387695
62.2096061706543
29.674291610717773
270.6940174102783
80.33132553100586
23.885011672973633
14.256477355957031
66.07389450073242
16.830921173095703
27.82273292541504
92.83781051635742
92.74840354919434
