8.013653755187988281e-02
7.770586013793945312e-02
1.004920005798339844e-01
7.737135887145996094e-02
8.437538146972656250e-02
7.122516632080078125e-02
6.838703155517578125e-02
7.148361206054687500e-02
8.628487586975097656e-02
7.696104049682617188e-02
6.830143928527832031e-02
6.913614273071289062e-02
6.632685661315917969e-02
7.203745841979980469e-02
8.253049850463867188e-02
8.522343635559082031e-02
8.828330039978027344e-02
7.799887657165527344e-02
7.157611846923828125e-02
1.171762943267822266e-01
8.907556533813476562e-02
7.572865486145019531e-02
7.599616050720214844e-02
7.661461830139160156e-02
6.650114059448242188e-02
6.937885284423828125e-02
6.937479972839355469e-02
1.296150684356689453e-01
8.722448348999023438e-02
7.645511627197265625e-02
9.807419776916503906e-02
8.392667770385742188e-02
8.231043815612792969e-02
7.448363304138183594e-02
8.237624168395996094e-02
9.167551994323730469e-02
6.986808776855468750e-02
8.969545364379882812e-02
7.469201087951660156e-02
8.651995658874511719e-02
6.495094299316406250e-02
6.992864608764648438e-02
8.805346488952636719e-02
6.931972503662109375e-02
8.159208297729492188e-02
6.919169425964355469e-02
7.924222946166992188e-02
7.108783721923828125e-02
6.449675559997558594e-02
1.567282676696777344e-01
7.336544990539550781e-02
7.916164398193359375e-02
6.614613533020019531e-02
6.890797615051269531e-02
7.407045364379882812e-02
7.050323486328125000e-02
7.448005676269531250e-02
7.389068603515625000e-02
7.180237770080566406e-02
7.878661155700683594e-02
7.167243957519531250e-02
8.370661735534667969e-02
6.776094436645507812e-02
8.908224105834960938e-02
6.832838058471679688e-02
7.838439941406250000e-02
7.585740089416503906e-02
8.398485183715820312e-02
8.378601074218750000e-02
7.785701751708984375e-02
6.893348693847656250e-02
9.172344207763671875e-02
7.823586463928222656e-02
8.062291145324707031e-02
7.021307945251464844e-02
7.581257820129394531e-02
9.664368629455566406e-02
8.343482017517089844e-02
1.417737007141113281e-01
8.186244964599609375e-02
8.249020576477050781e-02
8.489465713500976562e-02
8.333849906921386719e-02
7.253909111022949219e-02
6.675386428833007812e-02
7.444143295288085938e-02
7.493400573730468750e-02
8.472228050231933594e-02
7.278442382812500000e-02
1.395845413208007812e-01
7.789015769958496094e-02
7.123470306396484375e-02
7.947850227355957031e-02
9.936237335205078125e-02
7.279276847839355469e-02
7.611656188964843750e-02
7.634949684143066406e-02
6.896328926086425781e-02
6.997776031494140625e-02
6.704163551330566406e-02
6.540393829345703125e-02
9.114027023315429688e-02
8.543324470520019531e-02
7.964682579040527344e-02
7.836365699768066406e-02
7.938861846923828125e-02
1.017563343048095703e-01
6.920480728149414062e-02
8.243460655212402344e-01
6.953072547912597656e-02
7.792401313781738281e-02
6.599688529968261719e-02
7.352852821350097656e-02
7.390213012695312500e-02
6.877899169921875000e-02
6.731915473937988281e-02
6.770086288452148438e-02
7.645773887634277344e-02
6.686878204345703125e-02
6.949305534362792969e-02
7.504034042358398438e-02
6.832170486450195312e-02
1.980473995208740234e-01
6.712222099304199219e-02
6.750059127807617188e-02
6.832361221313476562e-02
7.676386833190917969e-02
6.544780731201171875e-02
7.154393196105957031e-02
6.708407402038574219e-02
6.627058982849121094e-02
9.644293785095214844e-02
7.550406455993652344e-02
9.524536132812500000e-02
6.825184822082519531e-02
7.807707786560058594e-02
7.712054252624511719e-02
8.458995819091796875e-02
6.858754158020019531e-02
6.603121757507324219e-02
7.882852554321289062e-01
6.360888481140136719e-02
7.086133956909179688e-02
6.543374061584472656e-02
7.666516304016113281e-02
6.380319595336914062e-02
1.564195156097412109e-01
7.331252098083496094e-02
8.154058456420898438e-02
7.347679138183593750e-02
6.780219078063964844e-02
9.718489646911621094e-02
7.821249961853027344e-02
7.076716423034667969e-02
4.735326766967773438e-02
7.981681823730468750e-02
6.699180603027343750e-02
7.115888595581054688e-02
6.729531288146972656e-02
8.787679672241210938e-02
1.116786003112792969e-01
6.436991691589355469e-02
6.243610382080078125e-02
8.705615997314453125e-02
7.337141036987304688e-02
7.576417922973632812e-02
6.707644462585449219e-02
7.407617568969726562e-02
7.983756065368652344e-02
7.173395156860351562e-02
8.590841293334960938e-02
7.966303825378417969e-02
7.942152023315429688e-02
7.392168045043945312e-02
7.420825958251953125e-02
6.902432441711425781e-02
9.887361526489257812e-02
8.629298210144042969e-02
7.933330535888671875e-02
9.032773971557617188e-02
7.572412490844726562e-02
8.984827995300292969e-02
7.849097251892089844e-02
8.070802688598632812e-02
6.939888000488281250e-02
7.376718521118164062e-02
7.941198348999023438e-02
7.321333885192871094e-02
1.010222434997558594e-01
7.380199432373046875e-02
8.755898475646972656e-02
8.023738861083984375e-02
6.500482559204101562e-02
7.275581359863281250e-02
7.379865646362304688e-02
6.726694107055664062e-02
1.149010658264160156e-01
1.532387733459472656e-01
6.997394561767578125e-02
7.566881179809570312e-02
