8.309292793273925781e-02
6.909823417663574219e-02
6.078481674194335938e-02
6.496334075927734375e-02
8.181190490722656250e-02
6.929183006286621094e-02
6.034088134765625000e-02
6.926989555358886719e-02
7.178759574890136719e-02
7.036495208740234375e-02
6.103301048278808594e-02
6.295108795166015625e-02
6.016016006469726562e-02
6.095981597900390625e-02
6.861305236816406250e-02
8.116221427917480469e-02
7.567954063415527344e-02
6.003642082214355469e-02
6.082105636596679688e-02
1.045837402343750000e-01
7.587671279907226562e-02
6.894016265869140625e-02
5.869960784912109375e-02
6.321787834167480469e-02
6.245851516723632812e-02
6.997942924499511719e-02
6.204271316528320312e-02
9.208607673645019531e-02
6.250429153442382812e-02
6.275916099548339844e-02
7.023692131042480469e-02
6.509017944335937500e-02
6.972694396972656250e-02
6.467080116271972656e-02
6.463861465454101562e-02
7.138657569885253906e-02
5.968761444091796875e-02
6.331920623779296875e-02
5.949139595031738281e-02
7.626700401306152344e-02
5.679011344909667969e-02
6.178307533264160156e-02
6.486821174621582031e-02
6.470632553100585938e-02
6.480193138122558594e-02
7.478308677673339844e-02
5.871701240539550781e-02
6.834769248962402344e-02
6.271266937255859375e-02
7.644796371459960938e-02
5.846071243286132812e-02
5.994796752929687500e-02
5.657196044921875000e-02
6.501364707946777344e-02
5.594921112060546875e-02
6.433677673339843750e-02
6.301951408386230469e-02
5.997729301452636719e-02
5.817198753356933594e-02
7.303023338317871094e-02
6.165742874145507812e-02
6.193184852600097656e-02
6.188559532165527344e-02
6.981801986694335938e-02
5.702710151672363281e-02
6.408810615539550781e-02
6.460499763488769531e-02
5.995655059814453125e-02
6.357860565185546875e-02
5.991673469543457031e-02
5.501723289489746094e-02
7.528090476989746094e-02
6.101441383361816406e-02
7.553100585937500000e-02
5.810213088989257812e-02
5.797529220581054688e-02
8.856773376464843750e-02
7.259869575500488281e-02
8.946108818054199219e-02
6.594944000244140625e-02
7.072067260742187500e-02
5.827498435974121094e-02
6.191778182983398438e-02
5.921006202697753906e-02
6.453633308410644531e-02
5.784463882446289062e-02
5.985045433044433594e-02
6.358075141906738281e-02
6.647443771362304688e-02
1.164548397064208984e-01
7.755613327026367188e-02
6.255817413330078125e-02
6.920266151428222656e-02
7.964205741882324219e-02
6.122303009033203125e-02
6.041669845581054688e-02
5.949544906616210938e-02
6.998705863952636719e-02
5.997657775878906250e-02
6.054663658142089844e-02
5.718541145324707031e-02
6.583237648010253906e-02
6.502437591552734375e-02
5.859661102294921875e-02
5.808210372924804688e-02
5.917906761169433594e-02
8.766865730285644531e-02
7.240080833435058594e-02
9.132289886474609375e-02
6.390619277954101562e-02
7.003402709960937500e-02
6.297779083251953125e-02
6.120467185974121094e-02
6.660437583923339844e-02
5.554676055908203125e-02
5.890274047851562500e-02
5.700945854187011719e-02
6.395339965820312500e-02
7.406687736511230469e-02
6.508874893188476562e-02
6.907916069030761719e-02
6.360435485839843750e-02
5.847835540771484375e-02
5.819249153137207031e-02
5.609941482543945312e-02
7.055354118347167969e-02
6.151533126831054688e-02
6.076383590698242188e-02
6.307339668273925781e-02
6.142807006835937500e-02
5.600786209106445312e-02
6.748056411743164062e-02
6.117510795593261719e-02
7.171225547790527344e-02
5.572843551635742188e-02
6.154108047485351562e-02
6.156802177429199219e-02
6.376004219055175781e-02
6.580018997192382812e-02
5.892848968505859375e-02
7.625746726989746094e-02
6.235003471374511719e-02
6.446671485900878906e-02
6.073832511901855469e-02
6.961202621459960938e-02
6.663680076599121094e-02
1.308455467224121094e-01
7.039666175842285156e-02
8.049774169921875000e-02
6.467890739440917969e-02
6.090688705444335938e-02
9.391999244689941406e-02
6.520676612854003906e-02
6.473231315612792969e-02
2.190043926239013672e-01
6.000661849975585938e-02
6.196451187133789062e-02
7.868647575378417969e-02
5.704450607299804688e-02
6.657361984252929688e-02
8.725595474243164062e-02
6.679511070251464844e-02
5.793523788452148438e-02
7.430028915405273438e-02
6.362009048461914062e-02
6.727910041809082031e-02
6.316542625427246094e-02
7.271480560302734375e-02
6.227779388427734375e-02
6.336903572082519531e-02
7.126235961914062500e-02
6.982278823852539062e-02
7.781553268432617188e-02
7.255649566650390625e-02
5.806207656860351562e-02
5.567789077758789062e-02
6.079483032226562500e-02
5.708909034729003906e-02
6.480503082275390625e-02
6.371641159057617188e-02
5.994915962219238281e-02
7.175540924072265625e-02
5.753040313720703125e-02
7.008314132690429688e-02
5.348563194274902344e-02
7.143449783325195312e-02
6.649184226989746094e-02
6.115531921386718750e-02
8.324408531188964844e-02
5.616331100463867188e-02
6.807422637939453125e-02
6.366109848022460938e-02
5.415630340576171875e-02
5.717754364013671875e-02
5.475473403930664062e-02
6.407117843627929688e-02
9.120297431945800781e-02
7.250523567199707031e-02
6.758260726928710938e-02
7.038331031799316406e-02
