7.941627502441406250e-02
6.448006629943847656e-02
6.210017204284667969e-02
6.102895736694335938e-02
7.015228271484375000e-02
6.686210632324218750e-02
6.142306327819824219e-02
6.723666191101074219e-02
6.663250923156738281e-02
6.825208663940429688e-02
6.247758865356445312e-02
6.696414947509765625e-02
6.501221656799316406e-02
6.527161598205566406e-02
7.441449165344238281e-02
6.763529777526855469e-02
6.186127662658691406e-02
6.004023551940917969e-02
6.247115135192871094e-02
1.159327030181884766e-01
7.124829292297363281e-02
7.363033294677734375e-02
6.195998191833496094e-02
6.227803230285644531e-02
7.477807998657226562e-02
5.890727043151855469e-02
6.198000907897949219e-02
9.725570678710937500e-02
6.616473197937011719e-02
6.043815612792968750e-02
7.526040077209472656e-02
6.259989738464355469e-02
6.642723083496093750e-02
5.793619155883789062e-02
6.298160552978515625e-02
7.171344757080078125e-02
6.668686866760253906e-02
6.450128555297851562e-02
6.475400924682617188e-02
7.657551765441894531e-02
6.432962417602539062e-02
6.171107292175292969e-02
6.698274612426757812e-02
5.986213684082031250e-02
6.804585456848144531e-02
5.993270874023437500e-02
6.074595451354980469e-02
6.500387191772460938e-02
6.681990623474121094e-02
1.792201995849609375e-01
6.045579910278320312e-02
6.290793418884277344e-02
6.223130226135253906e-02
6.664323806762695312e-02
6.073975563049316406e-02
6.498503684997558594e-02
6.717348098754882812e-02
6.303286552429199219e-02
6.404757499694824219e-02
7.910919189453125000e-02
6.687736511230468750e-02
6.382012367248535156e-02
6.819248199462890625e-02
7.116246223449707031e-02
6.554985046386718750e-02
6.903576850891113281e-02
7.367968559265136719e-02
6.231117248535156250e-02
6.970691680908203125e-02
6.551289558410644531e-02
7.168579101562500000e-02
7.246756553649902344e-02
6.339526176452636719e-02
6.661391258239746094e-02
7.118892669677734375e-02
7.146477699279785156e-02
9.436535835266113281e-02
8.246564865112304688e-02
9.485745429992675781e-02
6.287264823913574219e-02
6.529641151428222656e-02
5.699062347412109375e-02
6.049537658691406250e-02
6.867980957031250000e-02
6.146812438964843750e-02
6.213879585266113281e-02
7.012271881103515625e-02
6.578922271728515625e-02
6.040906906127929688e-02
1.297688484191894531e-01
8.333516120910644531e-02
7.256531715393066406e-02
6.600522994995117188e-02
8.422851562500000000e-02
6.442379951477050781e-02
6.368088722229003906e-02
6.625342369079589844e-02
6.623172760009765625e-02
6.414055824279785156e-02
6.036972999572753906e-02
6.814980506896972656e-02
6.874465942382812500e-02
6.377840042114257812e-02
6.387019157409667969e-02
6.946158409118652344e-02
6.028795242309570312e-02
9.769272804260253906e-02
9.724497795104980469e-02
6.869437694549560547e-01
7.248568534851074219e-02
8.283400535583496094e-02
6.530523300170898438e-02
6.943678855895996094e-02
6.699180603027343750e-02
6.075930595397949219e-02
5.960917472839355469e-02
6.327533721923828125e-02
6.821036338806152344e-02
5.525159835815429688e-02
6.750702857971191406e-02
6.674456596374511719e-02
8.373355865478515625e-02
1.873435974121093750e-01
6.097292900085449219e-02
6.611132621765136719e-02
5.893182754516601562e-02
6.420588493347167969e-02
5.746722221374511719e-02
6.416058540344238281e-02
6.048607826232910156e-02
5.975627899169921875e-02
6.618666648864746094e-02
5.793690681457519531e-02
7.006597518920898438e-02
5.623841285705566406e-02
5.836915969848632812e-02
5.796241760253906250e-02
7.373023033142089844e-02
6.177592277526855469e-02
6.510496139526367188e-02
7.218980789184570312e-01
6.393098831176757812e-02
6.651115417480468750e-02
6.187176704406738281e-02
7.016444206237792969e-02
7.455945014953613281e-02
1.430871486663818359e-01
6.120920181274414062e-02
9.951925277709960938e-02
7.100939750671386719e-02
6.998682022094726562e-02
9.705162048339843750e-02
6.369161605834960938e-02
6.345653533935546875e-02
5.249857902526855469e-02
6.465959548950195312e-02
5.876851081848144531e-02
7.679224014282226562e-02
6.107592582702636719e-02
6.858634948730468750e-02
9.568452835083007812e-02
5.858755111694335938e-02
6.106066703796386719e-02
7.343077659606933594e-02
6.863498687744140625e-02
6.071925163269042969e-02
6.072211265563964844e-02
6.033301353454589844e-02
6.583476066589355469e-02
6.043696403503417969e-02
6.708979606628417969e-02
6.594181060791015625e-02
7.048892974853515625e-02
6.408023834228515625e-02
6.145954132080078125e-02
5.951571464538574219e-02
5.875945091247558594e-02
5.946516990661621094e-02
5.832982063293457031e-02
5.933451652526855469e-02
6.214165687561035156e-02
7.595777511596679688e-02
6.022810935974121094e-02
7.319426536560058594e-02
6.770110130310058594e-02
7.797074317932128906e-02
7.549858093261718750e-02
6.618928909301757812e-02
1.248319149017333984e-01
6.148195266723632812e-02
6.498312950134277344e-02
6.987881660461425781e-02
6.035566329956054688e-02
6.973171234130859375e-02
5.959844589233398438e-02
6.758570671081542969e-02
9.526944160461425781e-02
6.978464126586914062e-02
6.681966781616210938e-02
7.490253448486328125e-02
