9.232201576232910156e-01
3.158734416961669922e+01
1.476460218429565430e+00
8.721824169158935547e+00
6.849658489227294922e-01
3.504073619842529297e+00
2.173886752128601074e+01
4.539743900299072266e+00
1.759203910827636719e+00
1.072909379005432129e+01
4.388357257843017578e+01
4.772781848907470703e+01
8.163847684860229492e+00
2.419098091125488281e+01
2.260050058364868164e+00
7.145721912384033203e-01
7.293063879013061523e+00
8.252058029174804688e-01
8.363120508193969727e+01
1.421536946296691895e+02
6.699957847595214844e-01
2.033967018127441406e+00
1.039391994476318359e+00
2.573528289794921875e-01
2.574675559997558594e+00
1.154284238815307617e+00
3.957082033157348633e+00
3.438630104064941406e-01
9.422422170639038086e+01
3.102231264114379883e+00
4.347515344619750977e+00
2.859489917755126953e-01
1.556697773933410645e+01
3.374638557434082031e-01
7.329672336578369141e+00
2.168828582763671875e+01
1.493196249008178711e+00
1.464982271194458008e+00
5.679598569869995117e+00
9.652042388916015625e-01
1.809036731719970703e-01
9.013297319412231445e+00
4.643938064575195312e+00
1.050065040588378906e+00
2.789510965347290039e+00
3.478282475471496582e+01
3.839468955993652344e-01
2.050206422805786133e+00
9.040946865081787109e+01
4.965295791625976562e-01
6.636290907859802246e+01
8.085365295410156250e-01
1.642468969821929932e+02
6.965279579162597656e-01
7.694339275360107422e+00
4.465849399566650391e-01
1.821472644805908203e-01
1.159826469421386719e+01
1.784960746765136719e+00
1.266585826873779297e+00
2.839839935302734375e+00
1.170537948608398438e+00
6.847298145294189453e-01
1.539036345481872559e+01
1.974993705749511719e+00
6.742583751678466797e+00
5.599755048751831055e+00
1.175941467285156250e+00
8.692672252655029297e-01
3.036644220352172852e+00
3.730717420578002930e+00
1.318243455886840820e+01
1.779689383506774902e+01
7.270884513854980469e-01
6.968138217926025391e-01
2.630999326705932617e+00
1.109938621520996094e+00
1.615471839904785156e-01
6.818490028381347656e-01
1.439431428909301758e+00
8.312697410583496094e-01
4.225329923629760742e+01
4.105762481689453125e+00
4.304939174652099609e+01
6.512174129486083984e+00
1.947264194488525391e+00
7.289933443069458008e+00
1.242834496498107910e+01
5.443999767303466797e-01
4.063827991485595703e-01
1.465574502944946289e+00
4.772069454193115234e-01
5.112357139587402344e-01
1.743666744232177734e+01
2.668970084190368652e+01
1.749936103820800781e+00
4.401606321334838867e+00
6.708667278289794922e-01
5.751363158226013184e+01
2.580410957336425781e+00
2.306318044662475586e+00
7.075884342193603516e+00
1.477918052673339844e+01
6.342377662658691406e+00
1.542855834960937500e+01
2.139498472213745117e+00
1.005628585815429688e+00
3.141000270843505859e-01
2.940070629119873047e-01
1.438070774078369141e+00
2.442886829376220703e-01
6.747303009033203125e-01
1.054168343544006348e+01
2.635293960571289062e+00
1.562077522277832031e+00
4.352208614349365234e+00
1.892986464500427246e+01
1.621187663078308105e+01
4.790595531463623047e+00
2.930581569671630859e-01
6.563761234283447266e-01
5.941760540008544922e-01
5.486576557159423828e-01
3.829686641693115234e-01
2.695114612579345703e-01
2.785265445709228516e-01
5.984125852584838867e+00
5.020201206207275391e-01
1.765637612342834473e+01
1.566354751586914062e+00
9.130250930786132812e+00
5.144566297531127930e+00
1.318696882724761963e+02
3.138099670410156250e+00
2.042288541793823242e+00
1.408042955398559570e+01
9.435088634490966797e-01
2.421257495880126953e-01
9.434454679489135742e+00
1.092292547225952148e+00
3.820310115814208984e+00
1.357865810394287109e+01
1.029115343093872070e+01
2.501392126083374023e+00
2.529638528823852539e+00
5.472893476486206055e+00
4.160618782043457031e-01
2.462522506713867188e+00
1.019446897506713867e+01
2.510056567192077637e+01
3.536933422088623047e+00
1.992926597595214844e-01
4.576742410659790039e+00
5.215814352035522461e+00
4.279949665069580078e-01
2.401053905487060547e-01
2.253439211845397949e+01
6.865009546279907227e+00
2.235095500946044922e-01
5.384901285171508789e+00
4.721200466156005859e-01
5.595936775207519531e-01
1.063059329986572266e+00
4.127819252014160156e+01
5.542403221130371094e+00
3.488125801086425781e-01
2.740822553634643555e+00
1.847576272487640381e+02
4.920454740524291992e+00
3.036832809448242188e-01
1.037705898284912109e+00
3.051113605499267578e+00
4.444536685943603516e+00
6.577450776100158691e+01
1.753576278686523438e+00
6.213188648223876953e+00
5.227799654006958008e+00
1.610639095306396484e-01
1.969747018814086914e+01
3.193099498748779297e-01
4.955242013931274414e+01
9.870593547821044922e-01
2.215304374694824219e-01
1.062652349472045898e+00
2.551611900329589844e+00
3.743021488189697266e-01
3.144752621650695801e+01
8.102395772933959961e+00
1.018620252609252930e+01
2.695873975753784180e+00
9.279551672935485840e+01
8.536124706268310547e+00
2.173034191131591797e+00
7.954718494415283203e+01
2.606315612792968750e-01
4.116327905654907227e+01
9.990484714508056641e-01
2.962821960449218750e+00
3.278112411499023438e+00
7.250356888771057129e+01
