9.828846454620361328e-01
3.352257061004638672e+01
2.103143692016601562e+00
9.534988403320312500e+00
7.041096687316894531e-01
3.816182613372802734e+00
2.318076109886169434e+01
4.949347496032714844e+00
1.927909374237060547e+00
1.156032896041870117e+01
7.874612760543823242e+01
5.092865276336669922e+01
8.733198642730712891e+00
2.594946026802062988e+01
2.666555166244506836e+00
7.150220870971679688e-01
8.056923866271972656e+00
9.039168357849121094e-01
9.032366895675659180e+01
1.165797920227050781e+03
2.425457930564880371e+01
3.265219688415527344e+00
9.417703628540039062e+00
3.158357143402099609e-01
3.607678413391113281e+00
1.316928148269653320e+00
4.822463989257812500e+00
3.522090911865234375e-01
1.035374004840850830e+02
3.580248117446899414e+00
7.562051057815551758e+00
3.120377063751220703e-01
1.751313734054565430e+01
3.837480545043945312e-01
7.844321250915527344e+00
2.405859065055847168e+01
1.713336944580078125e+00
1.630247116088867188e+00
6.635530948638916016e+00
1.108409643173217773e+00
3.497629165649414062e-01
1.014697051048278809e+01
4.868020057678222656e+00
1.368367910385131836e+00
3.058561086654663086e+00
3.922498607635498047e+01
4.579379558563232422e-01
2.318301677703857422e+00
9.702216076850891113e+01
4.881334304809570312e-01
7.218070864677429199e+01
9.109139442443847656e-01
1.819114770889282227e+02
8.166110515594482422e-01
8.659425020217895508e+00
4.807031154632568359e-01
2.331926822662353516e-01
1.280199217796325684e+01
2.022825717926025391e+00
1.388591051101684570e+00
3.168902158737182617e+00
1.290849924087524414e+00
8.248181343078613281e-01
1.731589198112487793e+01
2.266922473907470703e+00
7.287417650222778320e+00
6.082373857498168945e+00
1.328432559967041016e+00
9.715001583099365234e-01
3.299473524093627930e+00
4.055420875549316406e+00
1.417850184440612793e+01
1.941724658012390137e+01
7.903103828430175781e-01
7.709031105041503906e-01
2.987071514129638672e+00
1.222471952438354492e+00
1.858017444610595703e-01
8.038773536682128906e-01
1.525408029556274414e+00
1.490324497222900391e+00
4.550050520896911621e+01
4.341427564620971680e+00
4.700432872772216797e+01
7.131436109542846680e+00
2.169559001922607422e+00
8.320931196212768555e+00
1.376382660865783691e+01
6.122708320617675781e-01
4.083967208862304688e-01
1.652473449707031250e+00
5.698025226593017578e-01
6.212344169616699219e-01
1.995113420486450195e+01
2.931808686256408691e+01
1.824664354324340820e+00
5.756997346878051758e+00
6.762702465057373047e-01
6.561485099792480469e+01
3.017118692398071289e+00
2.571181774139404297e+00
7.583653688430786133e+00
1.715538430213928223e+01
7.563505887985229492e+00
1.739251804351806641e+01
2.505086183547973633e+00
1.039726495742797852e+00
3.338623046875000000e-01
3.184068202972412109e-01
1.611986875534057617e+00
2.914450168609619141e-01
7.723810672760009766e-01
1.221597385406494141e+01
3.032063245773315430e+00
1.663174867630004883e+00
4.864879369735717773e+00
2.096907210350036621e+01
1.651562547683715820e+01
5.163163423538208008e+00
2.438402175903320312e-01
7.692055702209472656e-01
5.643522739410400391e-01
6.658506393432617188e-01
3.734993934631347656e-01
2.366361618041992188e-01
3.357324600219726562e-01
6.514650106430053711e+00
5.291831493377685547e-01
1.939778685569763184e+01
1.602147102355957031e+00
1.004392766952514648e+01
5.720782756805419922e+00
1.204812321662902832e+02
4.130105566978454590e+01
3.837352514266967773e+00
1.584863162040710449e+01
1.090693235397338867e+00
2.486531734466552734e-01
1.231784915924072266e+01
1.203599452972412109e+00
4.134784460067749023e+00
1.451935386657714844e+01
1.108148479461669922e+01
7.987277984619140625e+00
2.752678871154785156e+00
5.878893613815307617e+00
4.572677612304687500e-01
2.728589057922363281e+00
1.175149321556091309e+01
2.776910591125488281e+01
3.807740926742553711e+00
2.454881668090820312e-01
5.143058776855468750e+00
5.803452730178833008e+00
4.632492065429687500e-01
2.895600795745849609e-01
2.430742979049682617e+01
7.080991983413696289e+00
2.082519531250000000e-01
5.823549985885620117e+00
4.721934795379638672e-01
5.459039211273193359e-01
1.195503473281860352e+00
4.534652280807495117e+01
6.159906148910522461e+00
4.157364368438720703e-01
2.824635505676269531e+00
1.191662198305130005e+03
4.646729660034179688e+01
2.755927562713623047e+00
6.985671520233154297e+00
3.420900106430053711e+00
4.433077335357666016e+00
6.938664603233337402e+01
1.903674840927124023e+00
6.387189388275146484e+00
5.620138883590698242e+00
4.674918651580810547e-01
2.039569520950317383e+01
3.885626792907714844e-01
5.464868879318237305e+01
4.319571971893310547e+00
3.301486968994140625e-01
1.105168342590332031e+00
2.861588478088378906e+00
4.553744792938232422e-01
3.279271173477172852e+01
8.861596345901489258e+00
1.151280570030212402e+01
2.706176757812500000e+00
1.001558940410614014e+02
9.410532951354980469e+00
2.363940954208374023e+00
8.565802145004272461e+01
2.837097644805908203e-01
4.637874317169189453e+01
1.182374238967895508e+00
3.182150363922119141e+00
3.325077056884765625e+00
8.061519837379455566e+01
