1.018960714340209961e+00
3.409216666221618652e+01
2.264954566955566406e+00
9.489386796951293945e+00
6.985576152801513672e-01
3.805835008621215820e+00
2.112293171882629395e+01
4.879489660263061523e+00
1.879631280899047852e+00
1.152728629112243652e+01
3.361711261272430420e+02
9.249389624595642090e+01
1.678520965576171875e+01
2.656228208541870117e+01
3.714214563369750977e+00
6.319211006164550781e+00
7.985451221466064453e+00
9.560720920562744141e-01
9.018480420112609863e+01
5.939744181632995605e+02
2.381091809272766113e+01
3.197368144989013672e+00
8.890658617019653320e+00
2.686138153076171875e-01
3.332768678665161133e+00
1.246172666549682617e+00
5.020308494567871094e+00
3.553371429443359375e-01
1.016922178268432617e+02
3.457739591598510742e+00
8.017184019088745117e+00
2.853107452392578125e-01
1.637190246582031250e+01
3.662476539611816406e-01
8.021551132202148438e+00
2.419003510475158691e+01
1.718763589859008789e+00
1.507736682891845703e+00
6.532805919647216797e+00
1.027373313903808594e+00
3.549661636352539062e-01
1.023579597473144531e+01
4.830441713333129883e+00
1.210322380065917969e+00
2.897213935852050781e+00
3.870279979705810547e+01
4.387638568878173828e-01
2.328136920928955078e+00
1.000275545120239258e+02
6.018533706665039062e-01
7.355095696449279785e+01
9.280939102172851562e-01
1.906187224388122559e+02
7.779805660247802734e-01
8.686689853668212891e+00
5.554220676422119141e-01
2.111365795135498047e-01
1.342754983901977539e+01
2.027850151062011719e+00
1.448639392852783203e+00
3.236215829849243164e+00
1.243815660476684570e+00
7.947986125946044922e-01
1.811318039894104004e+01
2.231988668441772461e+00
7.657860279083251953e+00
6.473325252532958984e+00
1.294457912445068359e+00
1.105084896087646484e+00
3.340703725814819336e+00
4.331092119216918945e+00
1.482143282890319824e+01
1.994147729873657227e+01
8.206593990325927734e-01
7.802298069000244141e-01
3.087009429931640625e+00
1.256085634231567383e+00
2.017843723297119141e-01
8.289844989776611328e-01
1.737749099731445312e+00
1.193192720413208008e+00
4.673717474937438965e+01
4.741889715194702148e+00
4.781622099876403809e+01
7.390107393264770508e+00
1.987681627273559570e+00
8.428132534027099609e+00
1.429026126861572266e+01
6.894309520721435547e-01
4.517157077789306641e-01
1.598505973815917969e+00
5.881953239440917969e-01
5.346438884735107422e-01
2.023489761352539062e+01
3.098348927497863770e+01
1.340308213233947754e+01
8.901680469512939453e+00
3.708917856216430664e+00
7.804734206199645996e+01
2.935304164886474609e+00
2.481048822402954102e+00
7.436285018920898438e+00
1.721363496780395508e+01
7.624596595764160156e+00
1.736082720756530762e+01
2.325773000717163086e+00
1.152565479278564453e+00
3.794014453887939453e-01
3.088748455047607422e-01
1.643978595733642578e+00
4.927189350128173828e-01
7.500079870223999023e+00
1.184893608093261719e+01
2.589668512344360352e+00
1.569765329360961914e+00
4.436607122421264648e+00
2.108090353012084961e+01
1.669561052322387695e+01
9.440655946731567383e+00
2.660317420959472656e-01
7.186243534088134766e-01
6.265447139739990234e-01
6.037101745605468750e-01
5.055847167968750000e-01
2.758946418762207031e-01
2.824864387512207031e-01
6.177859544754028320e+00
6.143996715545654297e-01
1.887744140625000000e+01
1.752753496170043945e+00
9.866541624069213867e+00
5.740439653396606445e+00
7.991965723037719727e+02
4.322537708282470703e+01
3.955067396163940430e+00
1.583311319351196289e+01
1.053116559982299805e+00
2.643761634826660156e-01
1.404250693321228027e+01
1.393761873245239258e+00
3.920918941497802734e+00
1.539763760566711426e+01
1.206838011741638184e+01
7.933215141296386719e+00
2.777534246444702148e+00
6.198262214660644531e+00
4.746949672698974609e-01
2.827826976776123047e+00
1.154510045051574707e+01
2.705816221237182617e+01
3.714295625686645508e+00
2.447299957275390625e-01
5.145129919052124023e+00
6.024265050888061523e+00
4.836022853851318359e-01
2.819244861602783203e-01
2.478229546546936035e+01
7.160551548004150391e+00
2.138319015502929688e-01
5.678877830505371094e+00
5.903272628784179688e-01
6.024847030639648438e-01
1.357453584671020508e+00
4.404135346412658691e+01
6.179741621017456055e+00
3.926153182983398438e-01
2.939393520355224609e+00
1.278193247318267822e+02
4.749642658233642578e+01
2.759314775466918945e+00
7.110426425933837891e+00
3.457834482192993164e+00
4.570504665374755859e+00
6.946488904953002930e+01
1.854589462280273438e+00
6.273049354553222656e+00
5.857838153839111328e+00
4.474229812622070312e-01
2.002596449851989746e+01
3.736188411712646484e-01
5.299408888816833496e+01
5.145443439483642578e+00
3.034257888793945312e-01
1.026201486587524414e+00
2.494226455688476562e+00
4.102714061737060547e-01
3.211646246910095215e+01
8.830300331115722656e+00
1.126553559303283691e+01
2.630460500717163086e+00
9.486530995368957520e+01
8.470560789108276367e+00
2.257033824920654297e+00
8.416739296913146973e+01
2.875001430511474609e-01
4.433088922500610352e+01
1.215705394744873047e+00
3.216822147369384766e+00
3.390675544738769531e+00
8.066968894004821777e+01
