8.751556873321533203e-01
3.023063921928405762e+01
1.382094860076904297e+00
8.386026144027709961e+00
6.747066974639892578e-01
3.448338270187377930e+00
2.259169054031372070e+01
4.300682544708251953e+00
1.149337291717529297e-01
1.083079171180725098e+01
3.019470555067062378e+03
1.060315415859222412e+02
3.412596559524536133e+01
4.843089079856872559e+01
4.855424642562866211e+00
2.246507358551025391e+01
2.236019420623779297e+01
4.974827289581298828e+00
1.344493620395660400e+02
3.925724498033523560e+03
2.378673315048217773e+01
2.278365373611450195e+00
8.775924205780029297e+00
3.121633529663085938e-01
2.489527225494384766e+00
1.146736860275268555e+00
4.810149908065795898e+00
7.376477718353271484e-01
9.048495316505432129e+01
3.223796606063842773e+00
1.550580310821533203e+01
8.526165485382080078e-01
1.533794784545898438e+01
3.865170478820800781e-01
7.781652927398681641e+00
1.917454552650451660e+01
1.193637609481811523e+00
1.481937646865844727e+00
5.887573957443237305e+00
9.748988151550292969e-01
1.839964389801025391e-01
9.594007492065429688e+00
4.310192346572875977e+00
1.198907136917114258e+00
2.858674287796020508e+00
3.574642992019653320e+01
4.273719787597656250e-01
2.467358112335205078e-01
1.147408142089843750e+02
4.196777105331420898e+00
6.758662891387939453e+01
9.260253906250000000e-01
2.301109466552734375e+02
2.103416681289672852e+00
9.374055385589599609e+00
7.107415199279785156e-01
1.452624320983886719e+00
1.267098140716552734e+01
2.536067485809326172e+00
1.436787605285644531e+00
3.038926124572753906e+00
1.525264739990234375e+00
8.273959159851074219e-01
1.559439468383789062e+01
2.077222824096679688e+00
1.002846837043762207e+01
6.452872514724731445e+00
1.184584617614746094e+00
1.249693870544433594e+00
4.943672418594360352e+00
2.223869323730468750e+00
1.401931858062744141e+01
1.819708228111267090e+01
2.244068861007690430e+00
2.172769546508789062e+00
2.717635869979858398e+00
1.173432111740112305e+00
3.265409469604492188e-01
7.360401153564453125e-01
2.091650485992431641e+00
2.234316825866699219e+00
4.422877526283264160e+01
1.896301150321960449e+01
4.836530709266662598e+01
1.866114592552185059e+01
1.867867708206176758e+00
7.768727779388427734e+00
1.455827331542968750e+01
2.195125818252563477e+00
2.066678047180175781e+00
6.015881776809692383e+00
1.982479524612426758e+01
1.183580875396728516e+00
2.888483166694641113e+01
3.837953114509582520e+01
5.764368057250976562e+00
1.209652805328369141e+01
2.256313562393188477e+00
7.607941389083862305e+01
3.249945402145385742e+00
2.662045955657958984e+00
7.426059007644653320e+00
1.959692049026489258e+01
8.116509675979614258e+00
1.804860711097717285e+01
2.427914381027221680e+00
2.052748203277587891e+00
3.171222209930419922e-01
5.432226657867431641e-01
1.968919992446899414e+00
5.470194816589355469e-01
5.432961702346801758e+00
1.278847646713256836e+01
5.270335674285888672e-01
1.831016302108764648e+00
4.691835880279541016e+00
2.351330065727233887e+01
1.760264611244201660e+01
4.904411077499389648e+00
2.498512268066406250e-01
7.546675205230712891e-01
4.037852287292480469e-01
9.008846282958984375e-01
4.409182071685791016e-01
2.246532440185546875e-01
2.937910556793212891e-01
7.288954019546508789e+00
5.288989543914794922e-01
2.038573908805847168e+01
3.421549797058105469e+00
1.044949460029602051e+01
5.603517055511474609e+00
2.476857072830200195e+03
2.491917061805725098e+01
3.881526947021484375e+00
2.559993052482604980e+01
9.375174045562744141e-01
2.330441474914550781e-01
3.619777679443359375e+00
1.112173557281494141e+00
3.800752401351928711e+00
1.376740407943725586e+01
1.050525975227355957e+01
6.593392848968505859e+00
2.729444980621337891e+00
5.614786148071289062e+00
4.386484622955322266e-01
3.506596803665161133e+00
1.086124300956726074e+01
2.588048124313354492e+01
3.586742162704467773e+00
2.317316532135009766e-01
4.817836523056030273e+00
3.842554092407226562e+00
4.408783912658691406e-01
2.910051345825195312e-01
2.433099293708801270e+01
6.832355499267578125e+00
2.377822399139404297e-01
3.929078578948974609e+00
5.116200447082519531e-01
5.949404239654541016e-01
4.302461147308349609e+00
4.260261201858520508e+01
6.023968935012817383e+00
3.872721195220947266e-01
2.128867149353027344e+00
1.790836319923400879e+02
4.408541321754455566e+01
3.067589521408081055e+00
7.937052965164184570e+00
3.358880281448364258e+00
4.416149854660034180e+00
6.704037189483642578e+01
1.816533327102661133e+00
6.125599622726440430e+00
5.588816404342651367e+00
2.786650657653808594e-01
2.066224336624145508e+01
3.949813842773437500e-01
1.130190951824188232e+02
2.880577802658081055e+00
2.543003559112548828e-01
1.899211406707763672e-01
2.735962390899658203e+00
4.373703002929687500e-01
3.436428213119506836e+01
8.807128190994262695e+00
9.167121171951293945e+00
2.676484107971191406e+00
8.107377743721008301e+01
8.769058942794799805e+00
2.324962377548217773e+00
8.640619444847106934e+01
2.955834865570068359e-01
4.515529203414916992e+01
1.044620275497436523e+00
3.061292409896850586e+00
3.273400068283081055e+00
7.771357631683349609e+01
