2410.745143890381
6499.034881591797
5581.38370513916
6756.6163539886475
4376.518964767456
281174.3104457855
152.03380584716797
867.7206039428711
7698.147535324097
85877.88534164429
245.55325508117676
23138.98205757141
147.5534439086914
6291.527271270752
592.435359954834
9771.073818206787
384.34839248657227
262.9854679107666
4042.0618057250977
21774.617671966553
358.22105407714844
2074.4874477386475
144.29521560668945
20794.05689239502
7860.57186126709
9064.261436462402
1260.4126930236816
4454.023599624634
380.0621032714844
663.8872623443604
29235.209703445435
1212.8968238830566
4119.182348251343
8715.62933921814
22591.03298187256
101.95732116699219
1675.452470779419
4715.929269790649
1937.0722770690918
6683.0596923828125
1505.4733753204346
1150.3543853759766
10536.856412887573
11823.773384094238
250.2751350402832
168.03288459777832
3023.41890335083
200.6218433380127
11773.980140686035
1637.7394199371338
2343.5990810394287
1262.516975402832
7667.110919952393
162.08910942077637
1045.0263023376465
10392.308950424194
3723.4013080596924
5505.650520324707
19557.941675186157
353.8799285888672
1858.299732208252
16636.81197166443
1207.9386711120605
42955.7466506958
95681.4284324646
221.9710350036621
8676.205158233643
224517.35949516296
13607.563257217407
1946.1054801940918
1063.2908344268799
6101.776361465454
261.3677978515625
10227.475881576538
9014.56904411316
6101.897478103638
225.30078887939453
2334.4361782073975
9183.861255645752
918.6301231384277
874.6936321258545
5349.169492721558
21708.738565444946
99.87616539001465
2742.6702976226807
479.4785976409912
153.43546867370605
6428.04741859436
6449.223279953003
815.422534942627
14826.039791107178
44.71158981323242
1343.4739112854004
220.8714485168457
3979.6712398529053
92.14067459106445
817.246675491333
959.4056606292725
310.2991580963135
988.4552955627441
81.97999000549316
5249.696731567383
2418.177604675293
261.40546798706055
85.80660820007324
1969.3937301635742
586.5058898925781
8751.143455505371
1432.9309463500977
9071.59948348999
492.5537109375
152.17828750610352
3445.847511291504
264.9953365325928
3336.909055709839
6821.8231201171875
83743.6854839325
236.74726486206055
142.5008773803711
144.5317268371582
189.29409980773926
1381.6733360290527
2774.827241897583
187.88433074951172
441.36762619018555
16196.170091629028
2970.719337463379
289.25251960754395
15054.179906845093
18506.553411483765
2109.6749305725098
6355.830430984497
3065.666675567627
2864.2642498016357
43771.27909660339
36105.81874847412
11431.906461715698
55186.15126609802
3166.4419174194336
12980.030536651611
212.9499912261963
1259.5431804656982
30114.56871032715
7138.694524765015
458.15491676330566
35784.321784973145
1071.7887878417969
6153.199195861816
40300.49538612366
306552.90150642395
1035.785436630249
4362.996578216553
10545.795202255249
437611.64832115173
4386.943101882935
28029.07109260559
125073.44150543213
2524.3661403656006
14487.853527069092
281.2941074371338
1067.1350955963135
14020.685195922852
9644.781112670898
1184.5338344573975
3064.4190311431885
6241.93811416626
166846.5337753296
5422.558069229126
24776.79133415222
79453.78041267395
3060.964345932007
204.83875274658203
6854.443073272705
13220.421552658081
1948.8472938537598
6191.4963722229
8051.042079925537
13398.138761520386
138.71431350708008
888.6909484863281
506.58106803894043
574.275016784668
4296.384334564209
501.847505569458
957.7949047088623
226.59587860107422
23061.310291290283
80.39546012878418
693.1371688842773
5247.285842895508
955.7456970214844
7868.252277374268
691.6670799255371
15719.299793243408
183.02536010742188
58564.316511154175
910.5522632598877
8397.675037384033
105.26752471923828
197.06177711486816
