3.643344902992248535e+01
4.769436836242675781e+00
1.062242984771728516e+00
3.260009288787841797e+00
2.147428250312805176e+01
1.404634952545166016e+01
1.389789819717407227e+00
1.419887065887451172e+01
2.983270168304443359e+00
1.156901836395263672e+00
7.002592086791992188e-01
1.312523961067199707e+01
8.712370395660400391e-01
6.252504825592041016e+00
7.214803934097290039e+00
5.753643035888671875e+00
4.205387115478515625e+00
3.325061321258544922e+00
8.906848430633544922e-01
2.182277679443359375e+00
3.447593927383422852e+00
1.470045328140258789e+00
5.900372982025146484e+00
5.531407833099365234e+00
1.850396323204040527e+01
3.226615190505981445e+00
3.330744266510009766e+00
8.026316165924072266e+00
4.198450326919555664e+00
9.307746887207031250e-01
2.536370968818664551e+01
7.661197185516357422e-01
2.476768255233764648e+00
1.260898327827453613e+01
2.369262218475341797e+00
1.689573526382446289e+00
1.236819028854370117e+00
4.448413848876953125e-01
2.439299178123474121e+01
3.469421386718750000e+00
1.559153795242309570e+00
1.323431015014648438e+00
1.917340946197509766e+01
3.196240401268005371e+01
2.768900156021118164e+00
1.286435294151306152e+01
1.730194568634033203e+00
3.393334627151489258e+00
4.633411884307861328e+00
8.898799419403076172e-01
1.365477085113525391e+00
4.132607936859130859e+00
2.594125509262084961e+00
2.217141151428222656e+00
3.206575155258178711e+00
4.893529415130615234e-01
1.701118946075439453e+00
1.430889368057250977e+00
8.127207756042480469e-01
1.324378561973571777e+01
2.481296777725219727e+00
1.185882329940795898e+00
1.808942556381225586e+00
1.626707792282104492e+00
4.775522947311401367e+00
1.833740067481994629e+01
4.947595596313476562e-01
2.220164394378662109e+01
4.546448230743408203e+00
6.049798965454101562e+00
5.985050678253173828e+00
4.836931228637695312e-01
1.297626948356628418e+01
8.722221136093139648e+00
6.799139976501464844e-01
3.632927179336547852e+00
1.483019828796386719e+00
7.790998220443725586e+00
6.575124263763427734e-01
1.120227098464965820e+00
1.357789278030395508e+00
9.063933134078979492e+00
3.705232858657836914e+00
5.423269271850585938e-01
3.857819557189941406e+00
8.554570674896240234e-01
2.558308124542236328e+00
5.000046491622924805e+00
8.386552333831787109e-01
8.882391452789306641e-01
2.304466009140014648e+00
2.879743099212646484e+00
7.633347511291503906e-01
7.929625511169433594e-01
9.768394947052001953e+00
1.272398209571838379e+01
1.350684618949890137e+01
2.287041425704956055e+00
2.664603471755981445e+00
1.011851549148559570e+01
8.239116668701171875e-01
6.093301773071289062e-01
8.217515945434570312e+00
5.487298250198364258e+00
6.035108566284179688e-01
2.611486673355102539e+00
1.849179983139038086e+00
9.131624698638916016e-01
1.405117034912109375e+00
4.701130390167236328e-01
9.835827350616455078e-01
5.843074321746826172e-01
1.079797029495239258e+00
1.858730554580688477e+00
8.377947258949279785e+01
3.011313915252685547e+00
2.849751710891723633e+00
5.843601226806640625e-01
2.181354761123657227e+00
2.732631921768188477e+00
4.042585849761962891e+00
7.887812900543212891e+01
1.158936381340026855e+01
2.307478666305541992e+00
1.320625305175781250e+00
7.232401371002197266e-01
1.204935789108276367e+00
1.462301731109619141e+00
6.142124176025390625e+00
9.637751579284667969e-01
5.916872024536132812e+00
9.120609760284423828e-01
1.019854545593261719e+00
2.693278551101684570e+00
9.714493751525878906e-01
6.046464920043945312e+00
1.159224748611450195e+00
6.160738468170166016e-01
2.459003925323486328e+00
8.514928817749023438e-01
7.625113010406494141e+00
1.690820074081420898e+01
8.734672069549560547e-01
1.973356723785400391e+00
3.142431354522705078e+01
3.975215435028076172e+00
3.111208200454711914e+00
6.449825763702392578e-01
4.595478534698486328e+00
7.405705451965332031e-01
1.729034662246704102e+00
1.037223434448242188e+01
2.981936931610107422e+00
2.618608951568603516e+00
2.982360601425170898e+00
8.599174022674560547e-01
2.384689569473266602e+00
6.986866235733032227e+00
5.394904613494873047e-01
4.573712348937988281e-01
1.184850859642028809e+01
9.355725765228271484e+00
1.690123701095581055e+01
1.244425368309020996e+01
9.972071647644042969e-01
1.723304986953735352e+01
1.822692871093750000e+00
3.252716779708862305e+00
3.475914859771728516e+01
5.763149261474609375e-01
8.532001972198486328e-01
5.786531686782836914e+00
1.781144881248474121e+01
3.877968788146972656e+00
2.307199716567993164e+00
5.630201339721679688e+00
3.509670257568359375e+00
4.669757366180419922e+00
8.984472751617431641e-01
7.327435970306396484e+00
1.013030290603637695e+00
8.317170143127441406e-01
3.297922372817993164e+00
1.467185735702514648e+00
1.505307674407958984e+00
4.824960470199584961e+00
1.266321420669555664e+00
1.474716043472290039e+01
2.189972877502441406e+00
1.514157295227050781e+00
1.792331933975219727e+01
1.216725587844848633e+00
4.574513435363769531e-01
1.405689716339111328e+00
1.137558937072753906e+00
6.469326019287109375e-01
8.816425800323486328e-01
1.398511886596679688e+00
6.998460292816162109e-01
2.044087886810302734e+00
