5.834960937500000000e-02
5.756068229675292969e-02
9.883141517639160156e-02
1.147724390029907227e+00
2.806568145751953125e-02
5.445599555969238281e-02
3.935348987579345703e-01
2.975006103515625000e-01
8.007287979125976562e-02
7.465076446533203125e-02
1.483740806579589844e-01
9.741687774658203125e-02
3.212807178497314453e-01
4.574990272521972656e-02
8.594536781311035156e-02
1.970887184143066406e-02
9.414911270141601562e-03
4.820488929748535156e+00
4.001512527465820312e-01
1.012153625488281250e-01
1.469469070434570312e-02
5.964279174804687500e-02
1.889636516571044922e-01
3.828287124633789062e-02
6.387019157409667969e-02
1.677775382995605469e-01
5.014894773960113525e+02
1.044561862945556641e-01
3.641510009765625000e-02
5.831956863403320312e-03
8.473272037506103516e+01
3.855919837951660156e-02
5.012272341251373291e+02
1.694202423095703125e-02
5.440449714660644531e-02
1.606440544128417969e-02
4.796957969665527344e-02
5.367517471313476562e-02
6.059956550598144531e-02
4.590783119201660156e-01
6.605458259582519531e-02
5.998826026916503906e-02
5.308079719543457031e-02
3.246140480041503906e-02
9.925329208374023438e+00
1.031369686126708984e+00
1.411135196685791016e-01
1.726472377777099609e-01
5.011316299438476562e+02
2.326822280883789062e-02
1.049941961765289307e+02
2.330029010772705078e-01
8.118033409118652344e-02
1.845767498016357422e-01
3.509449958801269531e-02
4.157328605651855469e-02
4.447317123413085938e-02
1.762924194335937500e-01
2.119786739349365234e-01
2.683018617630004883e+02
7.260251045227050781e-02
7.041072845458984375e-02
5.002927470207214355e+02
3.957152366638183594e-02
2.817440032958984375e-02
1.226115226745605469e-01
6.485605239868164062e-02
1.903629302978515625e-02
3.844785690307617188e-02
2.249710559844970703e-01
2.435231208801269531e-02
1.355233192443847656e-01
9.415459632873535156e-02
3.898310661315917969e-02
6.202816963195800781e-02
3.379511833190917969e-01
1.540327072143554688e-02
3.477668762207031250e-02
9.832787513732910156e-02
6.489443778991699219e-02
6.140565872192382812e-02
9.279489517211914062e-03
6.585669517517089844e-02
5.643534660339355469e-02
1.927065849304199219e-01
7.235383987426757812e-02
5.706930160522460938e-02
1.663150787353515625e-01
4.823303222656250000e-02
1.682741641998291016e-01
5.285859107971191406e-02
1.612949371337890625e-02
1.924467086791992188e-01
5.650448799133300781e-02
2.907217741012573242e+00
5.587220191955566406e-02
6.050038337707519531e-02
4.335045814514160156e-02
4.950404167175292969e-02
5.587053298950195312e-02
5.017038698196411133e+02
3.631830215454101562e-03
1.448069334030151367e+00
3.311839342117309570e+00
1.555562019348144531e-02
2.296271324157714844e-01
1.136310100555419922e-01
3.630995750427246094e-02
7.069945335388183594e-02
6.454730033874511719e-02
4.824304580688476562e-02
2.855777740478515625e-02
2.551956176757812500e-01
8.927989006042480469e-02
3.708565235137939453e-01
3.612232208251953125e-02
1.034953594207763672e-01
3.342225551605224609e-01
1.841616630554199219e-02
9.062576293945312500e-02
1.629900932312011719e-02
2.541017532348632812e-01
3.221867084503173828e-01
5.260825157165527344e-02
9.042184352874755859e-01
3.162307739257812500e-01
1.734549999237060547e-01
1.048176479339599609e+01
6.227874755859375000e-02
1.583600044250488281e-02
1.830015182495117188e-01
1.322660446166992188e-01
1.560600256919860840e+01
5.003868319988250732e+02
1.084091761112213135e+02
7.778167724609375000e-02
7.731175422668457031e-02
4.124810695648193359e-01
6.364703178405761719e-02
1.637792587280273438e-02
3.010106086730957031e-02
1.873445510864257812e-02
1.647305488586425781e-02
7.773113250732421875e-02
8.852815628051757812e-02
2.849435806274414062e-02
2.425395727157592773e+00
9.403419494628906250e-02
2.819538116455078125e-01
1.149432659149169922e-01
6.574320793151855469e-02
1.278796195983886719e-01
5.039711368083953857e+02
2.260298728942871094e-01
3.943891525268554688e-01
3.665256500244140625e-02
1.507544517517089844e-02
5.295276641845703125e-02
6.206321716308593750e-02
8.215081691741943359e-01
6.949319839477539062e-01
5.199384689331054688e-02
7.951259613037109375e-02
7.775797843933105469e-01
1.461482048034667969e-02
5.409208536148071289e+00
4.066107273101806641e-01
5.448889732360839844e-02
3.423547744750976562e-02
3.732204437255859375e-02
5.038945674896240234e-01
6.023770618438720703e+01
3.732635974884033203e-01
2.094714641571044922e-01
4.148554801940917969e-02
7.254147529602050781e-02
8.899927139282226562e-02
7.876253128051757812e-02
1.156232357025146484e+00
3.058981895446777344e-02
3.125197887420654297e-01
5.853726863861083984e-01
5.189275741577148438e-02
2.311010360717773438e-01
1.355358839035034180e+00
5.170798301696777344e-02
2.893946170806884766e-01
2.738047838211059570e+00
1.064629554748535156e-01
7.373685836791992188e-01
8.275461196899414062e-02
4.743218421936035156e-02
3.328204154968261719e-02
4.532957077026367188e-02
2.838110923767089844e-02
1.393432722091674805e+02
8.157110214233398438e-02
1.424382305145263672e+01
4.113268852233886719e-02
2.892732620239257812e-02
