1.992528438568115234e-01
6.863355636596679688e-02
1.696686744689941406e-01
2.605442523956298828e+00
2.480363845825195312e-02
6.950449943542480469e-02
1.104639530181884766e+00
3.255784511566162109e-01
8.797168731689453125e-02
1.219768524169921875e-01
2.029194831848144531e-01
1.440632343292236328e-01
4.268953800201416016e-01
8.236026763916015625e-02
2.484066486358642578e-01
2.313756942749023438e-02
1.351284980773925781e-02
6.459469556808471680e+00
8.446350097656250000e-01
1.055760383605957031e-01
2.083492279052734375e-02
8.877444267272949219e-02
2.432913780212402344e-01
3.811621665954589844e-02
9.546160697937011719e-02
2.034456729888916016e-01
5.024150333404541016e+02
3.536295890808105469e-02
3.915691375732421875e-02
5.637884140014648438e-03
1.355790309906005859e+02
5.150532722473144531e-02
5.041323974132537842e+02
1.609063148498535156e-02
4.839897155761718750e-02
1.508498191833496094e-02
2.309274673461914062e-02
4.033279418945312500e-02
4.334282875061035156e-02
8.398225307464599609e-01
7.730388641357421875e-02
2.395892143249511719e-02
2.481126785278320312e-02
2.489519119262695312e-02
8.822366952896118164e+00
2.157473564147949219e-02
2.789847850799560547e-01
1.278755664825439453e-01
5.064607369899749756e+02
1.064260005950927734e-01
1.045488266944885254e+02
2.538518905639648438e-01
8.470559120178222656e-02
2.153906822204589844e-01
3.045225143432617188e-02
1.473450660705566406e-02
4.235029220581054688e-02
6.958723068237304688e-02
5.239534378051757812e-02
2.608679494857788086e+02
8.658170700073242188e-02
6.300568580627441406e-02
5.023718836307525635e+02
7.197594642639160156e-02
3.017592430114746094e-02
5.394716262817382812e-01
5.642962455749511719e-02
1.835417747497558594e-02
6.202220916748046875e-02
1.482477188110351562e-01
2.930784225463867188e-02
5.855138301849365234e-01
9.285783767700195312e-02
3.888225555419921875e-02
9.906363487243652344e-02
3.364174365997314453e-01
1.472139358520507812e-02
2.361655235290527344e-02
2.814123630523681641e-01
8.817648887634277344e-02
5.534458160400390625e-02
4.405736923217773438e-03
5.681443214416503906e-02
7.845234870910644531e-02
1.299672126770019531e-01
5.997562408447265625e-02
7.153058052062988281e-02
2.587118148803710938e-01
5.462718009948730469e-02
9.593224525451660156e-02
3.457379341125488281e-02
1.173448562622070312e-02
6.547210216522216797e-01
4.078340530395507812e-02
2.648243427276611328e+00
2.403013706207275391e-01
1.082806587219238281e-01
4.029536247253417969e-02
4.584527015686035156e-02
6.570982933044433594e-02
5.000042908191680908e+02
3.503084182739257812e-03
1.438997268676757812e+00
3.151238441467285156e+00
1.530528068542480469e-02
1.680428981781005859e-01
4.014005661010742188e-01
2.648758888244628906e-02
8.202886581420898438e-02
1.108322143554687500e-01
4.833412170410156250e-02
2.109408378601074219e-02
2.656772136688232422e-01
1.920955181121826172e-01
4.017724990844726562e-01
6.690859794616699219e-02
4.749608039855957031e-02
3.312666416168212891e-01
1.288843154907226562e-02
8.752417564392089844e-02
1.479363441467285156e-02
2.477991580963134766e-01
2.961101531982421875e-01
6.005120277404785156e-02
8.423602581024169922e-01
2.447104454040527344e-01
4.672410488128662109e-01
5.092055559158325195e+00
8.971834182739257812e-02
1.261520385742187500e-02
4.086256027221679688e-02
2.715697288513183594e-01
1.189881992340087891e+01
5.030429360866546631e+02
8.965183997154235840e+01
6.240439414978027344e-02
7.636713981628417969e-02
3.627858161926269531e-01
5.360269546508789062e-02
1.547002792358398438e-02
2.044701576232910156e-02
2.591514587402343750e-02
1.386713981628417969e-02
5.030989646911621094e-02
1.051421165466308594e-01
2.412939071655273438e-02
3.309512853622436523e+00
7.128262519836425781e-02
6.304855346679687500e-01
1.742539405822753906e-01
9.036946296691894531e-02
1.751651763916015625e-01
5.056203036308288574e+02
3.628211021423339844e-01
2.102502584457397461e+00
1.820325851440429688e-02
1.055822372436523438e-01
5.410552024841308594e-02
8.335828781127929688e-02
9.419701099395751953e-01
4.383881092071533203e-01
9.585642814636230469e-02
6.761717796325683594e-02
1.158765554428100586e+00
1.473474502563476562e-02
5.890164375305175781e+00
8.320736885070800781e-01
4.327630996704101562e-02
4.006290435791015625e-02
3.834486007690429688e-02
9.723756313323974609e-01
5.592253661155700684e+01
3.483395576477050781e-01
2.972090244293212891e-01
2.837634086608886719e-02
6.855964660644531250e-02
1.240384578704833984e-01
1.076707839965820312e-01
1.851258993148803711e+00
2.617168426513671875e-02
2.929024696350097656e-01
8.556070327758789062e-01
5.131602287292480469e-02
1.286761760711669922e-01
2.245492458343505859e+00
6.309247016906738281e-02
2.377891540527343750e-01
1.907219648361206055e+00
1.135802268981933594e-01
1.320259571075439453e+00
2.335739135742187500e-02
1.444902420043945312e-01
1.948451995849609375e-02
4.052996635437011719e-02
2.896070480346679688e-02
1.078092076778411865e+02
2.965927124023437500e-02
4.686156034469604492e+00
3.187036514282226562e-02
2.689576148986816406e-02
