6.407165527343750000e-02
5.983138084411621094e-02
7.787871360778808594e-02
1.088909864425659180e+00
2.105188369750976562e-02
9.015727043151855469e-02
4.620823860168457031e-01
2.666282653808593750e-01
8.312225341796875000e-02
2.107889652252197266e-01
2.727131843566894531e-01
1.319327354431152344e-01
2.393089056015014648e+00
4.742741584777832031e-02
4.033579826354980469e-01
7.491278648376464844e-02
9.545326232910156250e-03
1.438931965827941895e+01
1.095371484756469727e+00
1.773133277893066406e-01
1.498174667358398438e-02
7.564926147460937500e-02
1.488795280456542969e-01
3.149819374084472656e-02
1.218411922454833984e-01
2.432315349578857422e-01
5.000140619277954102e+02
3.714084625244140625e-02
3.815364837646484375e-02
5.878686904907226562e-03
1.070667681694030762e+02
6.331801414489746094e-02
5.000021634101867676e+02
1.164724826812744141e-01
4.946398735046386719e-02
1.245138645172119141e-01
2.363681793212890625e-02
5.862998962402343750e-02
4.392647743225097656e-02
3.653659820556640625e-01
3.136477470397949219e-01
2.561807632446289062e-02
2.397298812866210938e-02
4.743647575378417969e-02
4.488722591400146484e+02
2.487039566040039062e-02
9.893693685531616211e+00
2.072100639343261719e-01
5.000023200511932373e+02
1.101193428039550781e-01
3.882919335365295410e+02
2.628052234649658203e-01
1.129958629608154297e-01
5.927600860595703125e-01
6.798481941223144531e-02
1.474022865295410156e-02
4.530811309814453125e-02
4.896616935729980469e-02
2.986176013946533203e-01
4.584514062404632568e+02
2.027862071990966797e-01
6.332206726074218750e-02
5.000027794837951660e+02
6.617021560668945312e-02
2.886033058166503906e-02
1.707932233810424805e+00
7.149553298950195312e-02
2.187967300415039062e-02
6.114912033081054688e-02
2.815568447113037109e-01
2.834630012512207031e-02
3.901298046112060547e-01
2.619476318359375000e-01
4.506802558898925781e-02
1.702682971954345703e-01
1.579468250274658203e-01
2.366566658020019531e-02
1.388180255889892578e-01
2.269172668457031250e-02
1.362223625183105469e-01
7.953262329101562500e-02
4.841351509094238281e-02
5.593895912170410156e-02
1.364243030548095703e-01
7.730312347412109375e-01
4.632444381713867188e-01
2.672076225280761719e-02
2.068579196929931641e-01
5.490803718566894531e-02
1.023972034454345703e-01
3.341913223266601562e-02
1.502275466918945312e-02
6.724154949188232422e-01
4.114532470703125000e-02
1.656493782997131348e+01
2.384853363037109375e-01
1.075950860977172852e+00
6.528091430664062500e-02
1.763558387756347656e-02
1.294157505035400391e-01
5.000020997524261475e+02
3.384113311767578125e-03
4.010289907455444336e+00
2.069511222839355469e+01
1.502394676208496094e-02
3.976755142211914062e-01
4.100027084350585938e-01
5.851697921752929688e-02
1.622707843780517578e-01
2.390501499176025391e-01
4.434728622436523438e-02
2.010059356689453125e-02
1.651418209075927734e-01
1.509730815887451172e-01
2.756731510162353516e-01
6.531882286071777344e-02
4.762625694274902344e-02
2.064566612243652344e-01
1.224446296691894531e-02
1.480050086975097656e-01
1.478719711303710938e-02
2.119345664978027344e-01
1.377639293670654297e+00
2.577924728393554688e-02
5.872933149337768555e+01
3.047389984130859375e-01
1.732246875762939453e-01
4.339275121688842773e+00
5.167651176452636719e-02
1.158332824707031250e-02
2.152996063232421875e-01
8.540391921997070312e-02
5.000025820732116699e+02
5.000020968914031982e+02
1.598028025627136230e+02
3.841114044189453125e-02
1.233098506927490234e-01
5.003550052642822266e-01
5.061101913452148438e-02
2.525196075439453125e-01
2.082395553588867188e-02
2.465510368347167969e-02
1.405644416809082031e-02
4.803562164306640625e-02
1.061410903930664062e-01
3.844738006591796875e-02
8.181676387786865234e+00
1.284961700439453125e-01
4.038287401199340820e+00
1.146285533905029297e-01
7.340121269226074219e-02
1.659929752349853516e-01
5.000021617412567139e+02
5.039192199707031250e+00
1.001845836639404297e+00
1.519608497619628906e-02
9.526062011718750000e-02
1.455163955688476562e-01
1.280231475830078125e-01
2.009192466735839844e+00
5.025892257690429688e-01
3.066539764404296875e-02
6.735587120056152344e-02
5.707046937942504883e+01
1.534056663513183594e-02
6.555624961853027344e+00
4.298088550567626953e-01
3.985714912414550781e-02
2.986907958984375000e-02
4.664802551269531250e-02
1.637132406234741211e+00
3.865349657535552979e+02
2.932679653167724609e-01
6.555414199829101562e-02
2.649903297424316406e-02
9.328031539916992188e-02
4.466364383697509766e-01
4.694805145263671875e-01
3.120766401290893555e+00
3.676471710205078125e-01
1.628413200378417969e+00
7.427969694137573242e+00
5.408859252929687500e-02
1.333258152008056641e-01
6.350476026535034180e+00
7.340788841247558594e-02
1.485609769821166992e+00
1.725909233093261719e+00
1.850485801696777344e-01
7.357317924499511719e+00
2.245187759399414062e-02
2.662682533264160156e-02
2.003049850463867188e-02
3.465771675109863281e-02
2.031304836273193359e-01
1.082905690670013428e+02
1.622488498687744141e-01
3.344345331192016602e+00
3.667664527893066406e-02
2.654170989990234375e-02
