7.309842109680175781e-02
9.242868423461914062e-02
9.861969947814941406e-02
1.254978895187377930e+00
1.058790683746337891e-01
7.689380645751953125e-02
3.663063049316406250e-01
2.887265682220458984e-01
8.643603324890136719e-02
3.171818256378173828e-01
1.821413040161132812e-01
2.499325275421142578e-01
2.676301002502441406e-01
5.850934982299804688e-02
2.807698249816894531e-01
2.626681327819824219e-02
1.200342178344726562e-02
5.628641366958618164e+00
4.101486206054687500e-01
2.035634517669677734e-01
1.559782028198242188e-02
6.686282157897949219e-02
5.070140361785888672e-01
4.239892959594726562e-02
1.328644752502441406e-01
2.773270606994628906e-01
5.001551525592803955e+02
1.111502647399902344e-01
1.872897148132324219e-02
5.795001983642578125e-03
1.765280601978302002e+02
8.974242210388183594e-02
5.003890175819396973e+02
1.598072052001953125e-02
4.342222213745117188e-02
2.105975151062011719e-02
1.557579040527343750e-01
8.354258537292480469e-02
3.873825073242187500e-02
7.479207515716552734e-01
1.372489929199218750e-01
8.699226379394531250e-02
3.289890289306640625e-02
5.771946907043457031e-02
1.866817164421081543e+01
1.081501483917236328e+00
1.204757690429687500e-01
1.073975563049316406e-01
5.003460731506347656e+02
7.470941543579101562e-02
1.079675815105438232e+02
5.729281902313232422e-01
1.334669589996337891e-01
1.856236457824707031e-01
2.563643455505371094e-02
3.638505935668945312e-02
4.049229621887207031e-02
2.229845523834228516e-01
4.446387290954589844e-02
1.785678472518920898e+02
1.501419544219970703e-01
5.508780479431152344e-02
5.004936013221740723e+02
1.975321769714355469e-02
2.299523353576660156e-02
3.287234306335449219e-01
1.182565689086914062e-01
1.308870315551757812e-02
4.976367950439453125e-02
1.581571102142333984e-01
1.834177970886230469e-02
4.605329036712646484e-01
2.372555732727050781e-01
8.480215072631835938e-02
4.843759536743164062e-02
2.229073047637939453e-01
2.620339393615722656e-02
6.775832176208496094e-02
1.297559738159179688e-01
9.471297264099121094e-02
2.196984291076660156e-01
4.361391067504882812e-03
6.630182266235351562e-02
1.341040134429931641e-01
2.194850444793701172e-01
1.524136066436767578e-01
2.469325065612792969e-02
2.665903568267822266e-01
3.783798217773437500e-02
1.156384944915771484e-01
4.903411865234375000e-02
1.499152183532714844e-02
2.092838287353515625e-01
8.482098579406738281e-02
2.680177927017211914e+00
4.859566688537597656e-02
5.685734748840332031e-02
3.922033309936523438e-02
1.678180694580078125e-02
1.302371025085449219e-01
4.096189429759979248e+02
5.097866058349609375e-03
4.050958633422851562e+00
9.985573530197143555e+00
1.304383277893066406e-01
1.605339050292968750e-01
1.265101432800292969e-01
2.097535133361816406e-02
1.648826599121093750e-01
1.468675136566162109e-01
3.915405273437500000e-02
9.602570533752441406e-02
1.741998195648193359e-01
1.305928230285644531e-01
2.789318561553955078e-01
8.551883697509765625e-02
1.766483783721923828e-01
2.660918235778808594e-01
1.731777191162109375e-02
1.329371929168701172e-01
1.644134521484375000e-02
1.974928379058837891e-01
3.209581375122070312e-01
4.160857200622558594e-02
1.122364282608032227e+00
2.845852375030517578e-01
1.324470043182373047e-01
1.274755597114562988e+01
5.913782119750976562e-02
1.261949539184570312e-02
5.113744735717773438e-02
1.020121574401855469e-01
3.997024059295654297e+00
5.003654544353485107e+02
9.786275601387023926e+01
5.969452857971191406e-02
2.606430053710937500e-01
3.583042621612548828e-01
3.760623931884765625e-02
1.488947868347167969e-02
5.702638626098632812e-02
1.416707038879394531e-02
1.395964622497558594e-02
6.554412841796875000e-02
7.418251037597656250e-02
3.600358963012695312e-02
2.042397737503051758e+00
1.075270175933837891e-01
2.498979568481445312e-01
1.434547901153564453e-01
7.057690620422363281e-02
1.248698234558105469e-01
5.014370093345642090e+02
1.543626785278320312e-01
4.542527198791503906e-01
4.377532005310058594e-02
1.531100273132324219e-02
4.070186614990234375e-02
8.636093139648437500e-02
7.784047126770019531e-01
5.925796031951904297e-01
4.500746726989746094e-02
1.016254425048828125e-01
9.975702762603759766e-01
4.825401306152343750e-02
1.137754154205322266e+01
3.233397006988525391e-01
4.506349563598632812e-02
3.972411155700683594e-02
8.910465240478515625e-02
5.875821113586425781e-01
4.770613098144531250e+01
2.446486949920654297e-01
6.046557426452636719e-02
2.418971061706542969e-02
1.158258914947509766e-01
1.419432163238525391e-01
5.656552314758300781e-02
9.727039337158203125e-01
3.629946708679199219e-02
2.609581947326660156e-01
3.606374263763427734e-01
4.742145538330078125e-02
2.083141803741455078e-01
1.477731466293334961e+00
2.913951873779296875e-02
1.396083831787109375e-01
6.726617813110351562e+00
2.200293540954589844e-01
6.670045852661132812e-01
9.810900688171386719e-02
7.894396781921386719e-02
2.120327949523925781e-02
4.329776763916015625e-02
2.620100975036621094e-02
1.207915909290313721e+02
3.000903129577636719e-02
1.359892153739929199e+01
2.774333953857421875e-02
2.860212326049804688e-02
