1.003108024597167969e-01
7.789397239685058594e-02
1.689126491546630859e-01
3.058699202537536621e+01
9.205436706542968750e-02
6.403899192810058594e-02
2.716054916381835938e-01
6.112716197967529297e-01
7.898807525634765625e-02
1.584308147430419922e-01
3.551938533782958984e-01
1.617481708526611328e-01
4.271502494812011719e-01
4.814195632934570312e-02
2.265317440032958984e-01
1.781582832336425781e-02
9.368896484375000000e-03
4.634459257125854492e+00
2.763953208923339844e-01
1.673071384429931641e-01
1.451587677001953125e-02
5.678987503051757812e-02
4.535868167877197266e-01
2.952098846435546875e-02
1.090331077575683594e-01
2.412526607513427734e-01
5.000010685920715332e+02
3.387570381164550781e-02
1.972866058349609375e-02
5.360841751098632812e-03
1.124726581573486328e+02
5.441188812255859375e-02
5.084504292011260986e+02
1.599669456481933594e-02
4.295706748962402344e-02
5.913877487182617188e-02
1.252510547637939453e-01
8.133482933044433594e-02
2.736115455627441406e-02
1.025495290756225586e+00
3.932428359985351562e-01
2.368497848510742188e-02
7.356572151184082031e-02
2.068805694580078125e-02
1.826185035705566406e+01
1.799011230468750000e-02
4.124257564544677734e-01
1.954348087310791016e-01
5.088165874481201172e+02
1.095983982086181641e-01
1.113977873325347900e+02
2.943909168243408203e-01
1.290614604949951172e-01
2.508792877197265625e-01
2.225112915039062500e-02
1.448416709899902344e-02
4.038166999816894531e-02
7.045269012451171875e-02
4.295086860656738281e-02
4.270736722946166992e+02
1.527903079986572266e-01
5.467629432678222656e-02
5.058211407661437988e+02
1.970386505126953125e-02
2.847719192504882812e-02
6.222860813140869141e-01
1.042261123657226562e-01
1.271104812622070312e-02
3.859567642211914062e-02
1.931836605072021484e-01
2.967047691345214844e-02
1.007482767105102539e+00
2.522897720336914062e-01
2.671051025390625000e-02
1.142054796218872070e+00
4.244811534881591797e-01
1.549267768859863281e-02
6.987619400024414062e-02
2.433471679687500000e-01
2.009339332580566406e-01
2.156074047088623047e-01
5.210638046264648438e-03
8.131241798400878906e-02
1.352376937866210938e-01
1.396169662475585938e-01
1.413681507110595703e-01
8.491921424865722656e-02
6.454577445983886719e-01
3.046178817749023438e-02
2.332501411437988281e-01
3.371977806091308594e-02
1.276230812072753906e-02
2.924473285675048828e-01
4.091525077819824219e-02
2.583492994308471680e+00
2.385241985321044922e-01
9.129381179809570312e-02
3.806900978088378906e-02
6.358051300048828125e-02
1.271860599517822266e-01
5.000021703243255615e+02
3.507614135742187500e-03
1.368350505828857422e+00
9.819423675537109375e+00
1.292984485626220703e-01
2.430405616760253906e-01
3.926768302917480469e-01
2.210950851440429688e-02
1.254215240478515625e-01
1.413180828094482422e-01
2.763009071350097656e-02
9.317660331726074219e-02
2.707772254943847656e-01
1.282682418823242188e-01
8.255608081817626953e-01
4.587221145629882812e-02
9.400463104248046875e-02
4.291248321533203125e-01
1.332092285156250000e-02
1.590452194213867188e-01
1.430463790893554688e-02
9.704089164733886719e-02
5.163502693176269531e-01
2.813911437988281250e-02
1.874644517898559570e+00
2.361242771148681641e-01
1.310923099517822266e-01
2.742693424224853516e+00
1.843624114990234375e-01
1.213836669921875000e-02
1.281814575195312500e-01
4.207873344421386719e-01
2.999605178833007812e+00
5.000018794536590576e+02
9.133688139915466309e+01
2.579648494720458984e-01
1.804609298706054688e-01
8.831827640533447266e-01
2.945089340209960938e-02
1.044735908508300781e-01
5.898261070251464844e-02
2.401614189147949219e-02
9.526705741882324219e-02
3.009223937988281250e-02
3.088283538818359375e-02
2.030587196350097656e-02
1.236923439502716064e+02
1.915137767791748047e-01
2.023334240913391113e+01
4.856724739074707031e-01
5.543065071105957031e-02
2.189588546752929688e-01
5.000060622692108154e+02
2.968585491180419922e-01
3.265931391716003418e+01
1.477408409118652344e-02
6.568074226379394531e-02
4.246616363525390625e-02
8.710980415344238281e-02
7.753612995147705078e-01
5.624928474426269531e-01
4.330277442932128906e-02
4.983043670654296875e-02
1.563903808593750000e+00
4.559230804443359375e-02
3.858961343765258789e+00
2.541990280151367188e-01
5.377650260925292969e-02
3.043031692504882812e-02
8.647227287292480469e-02
1.841222786903381348e+01
9.361389660835266113e+01
6.068906784057617188e-01
2.771642208099365234e-01
2.801084518432617188e-02
1.205732822418212891e-01
8.172559738159179688e-02
5.791831016540527344e-02
3.225753736495971680e+01
3.857994079589843750e-02
2.807183265686035156e-01
7.542829513549804688e-01
4.831004142761230469e-02
2.137265205383300781e-01
1.363979601860046387e+01
2.767562866210937500e-02
3.605885505676269531e-01
1.839196681976318359e+00
2.115068435668945312e-01
2.017632269859313965e+01
2.138996124267578125e-02
2.829817295074462891e+00
2.406167984008789062e-02
3.925490379333496094e-02
1.144962310791015625e-01
1.163225867748260498e+02
8.659172058105468750e-02
3.524976730346679688e+00
1.949667930603027344e-02
6.885385513305664062e-02
