735.001802444458
871.0792064666748
489.08066749572754
307.1475028991699
1126.1334419250488
317.6124095916748
1091.9828414916992
954.7832012176514
717.9262638092041
628.8456916809082
714.1287326812744
601.2547016143799
1876.788854598999
930.6070804595947
352.0693778991699
698.904275894165
1220.6363677978516
431.9756031036377
746.2005615234375
627.4590492248535
401.111364364624
1173.694372177124
561.2242221832275
254.74119186401367
678.6365509033203
563.1191730499268
965.7833576202393
535.0470542907715
1235.1937294006348
1055.3514957427979
2475.2509593963623
720.940351486206
823.1325149536133
394.1941261291504
618.8042163848877
685.889720916748
674.1330623626709
394.15788650512695
405.167818069458
871.9460964202881
1500.3011226654053
425.22597312927246
1529.5062065124512
182.32345581054688
2200.7896900177
641.7973041534424
840.3239250183105
354.4909954071045
488.7237548828125
485.95213890075684
608.8495254516602
556.0400485992432
960.1743221282959
538.2189750671387
689.1827583312988
717.7910804748535
387.50529289245605
389.6944522857666
424.788236618042
972.9604721069336
268.9971923828125
575.2620697021484
892.9672241210938
1035.6943607330322
226.87125205993652
644.0303325653076
631.3302516937256
278.2628536224365
1518.476963043213
651.0846614837646
901.928186416626
429.58855628967285
474.08318519592285
320.3883171081543
733.590841293335
1129.1611194610596
979.7263145446777
1219.679832458496
666.8002605438232
1347.6295471191406
592.1280384063721
1067.946434020996
993.7987327575684
670.4626083374023
831.5727710723877
323.73809814453125
1508.979320526123
712.8207683563232
669.6386337280273
276.7009735107422
329.97822761535645
321.97093963623047
1322.709083557129
1009.5405578613281
409.62767601013184
352.80466079711914
926.9266128540039
485.28385162353516
621.8478679656982
613.6202812194824
696.4852809906006
1678.5187721252441
445.4834461212158
1196.8398094177246
379.12654876708984
574.9845504760742
625.762939453125
1393.5565948486328
1794.9953079223633
644.3822383880615
691.7011737823486
823.016881942749
674.3135452270508
649.6760845184326
349.34473037719727
702.662467956543
547.3644733428955
443.0654048919678
394.61731910705566
381.96516036987305
195.01566886901855
1294.487714767456
1780.9669971466064
577.7606964111328
796.3871955871582
616.574764251709
538.1696224212646
671.3747978210449
1956.190824508667
758.1076622009277
925.1890182495117
1607.2354316711426
245.41950225830078
594.9523448944092
584.5139026641846
867.9852485656738
1018.7501907348633
572.4048614501953
1788.435459136963
911.3798141479492
765.571117401123
345.06893157958984
774.8558521270752
876.2342929840088
789.0987396240234
1583.5342407226562
504.9149990081787
569.1325664520264
298.0973720550537
887.143611907959
849.6541976928711
1014.4031047821045
472.3324775695801
1049.8898029327393
554.7642707824707
592.2069549560547
827.8303146362305
230.63230514526367
1279.1545391082764
657.975435256958
328.37986946105957
525.7112979888916
188.89617919921875
386.1584663391113
1030.8637619018555
359.5461845397949
715.695858001709
298.0787754058838
816.7893886566162
583.4376811981201
1098.6881256103516
579.1001319885254
586.4706039428711
616.2838935852051
766.6749954223633
198.53615760803223
838.045597076416
461.8368148803711
926.074743270874
1107.8002452850342
369.94028091430664
160.61639785766602
609.2483997344971
425.0774383544922
1425.2986907958984
1247.1237182617188
631.9494247436523
244.50945854187012
370.54944038391113
306.04004859924316
403.231143951416
505.875825881958
1090.5086994171143
1182.8761100769043
1461.3471031188965
1507.8010559082031
461.86208724975586
470.56031227111816
782.1898460388184
611.0751628875732
441.49303436279297
669.7149276733398
682.2052001953125
354.0186882019043
929.7459125518799
929.3944835662842
481.1403751373291
2122.6022243499756
659.1017246246338
549.5269298553467
271.8021869659424
1191.843032836914
240.7848834991455
1051.1994361877441
578.8905620574951
491.6534423828125
871.2673187255859
355.67450523376465
893.0068016052246
1078.493595123291
529.9177169799805
1612.647533416748
492.4921989440918
600.8844375610352
671.6868877410889
4024.507761001587
561.6133213043213
157.21964836120605
201.25794410705566
549.3688583374023
450.0558376312256
859.9827289581299
1301.5754222869873
1182.1215152740479
880.2852630615234
301.64384841918945
868.5452938079834
644.8891162872314
610.7680797576904
882.2684288024902
625.7822513580322
906.4536094665527
934.779167175293
1021.334171295166
1461.6820812225342
1066.2195682525635
1345.5233573913574
613.145112991333
868.2215213775635
1289.2093658447266
662.9073619842529
359.20190811157227
348.5438823699951
2192.1989917755127
577.2318840026855
848.0930328369141
385.73360443115234
669.0099239349365
438.71498107910156
835.221529006958
599.738359451294
459.4757556915283
627.0897388458252
440.07253646850586
221.50945663452148
1274.9531269073486
248.79765510559082
572.237491607666
392.40550994873047
1429.7490119934082
685.8870983123779
1810.4033470153809
1740.0774955749512
482.31029510498047
435.4386329650879
618.0834770202637
750.2021789550781
727.2055149078369
397.9017734527588
694.0796375274658
738.4641170501709
476.5324592590332
1089.670181274414
1163.6629104614258
391.0233974456787
413.82861137390137
560.6203079223633
543.1466102600098
1168.604850769043
452.6708126068115
490.2305603027344
545.2456474304199
1090.8148288726807
291.68033599853516
659.3759059906006
468.9188003540039
586.9481563568115
696.3191032409668
757.7996253967285
554.2469024658203
1122.6317882537842
521.8937397003174
1825.5186080932617
576.6370296478271
299.35336112976074
1433.1481456756592
377.7766227722168
1313.0319118499756
891.9634819030762
1337.2716903686523
491.84179306030273
1006.2637329101562
1010.1838111877441
928.64990234375
503.5409927368164
400.7220268249512
1798.1839179992676
723.6175537109375
760.8301639556885
438.08960914611816
293.98059844970703
1144.8886394500732
1108.4063053131104
470.56007385253906
1220.4604148864746
1714.3945693969727
488.0373477935791
1097.3119735717773
578.9973735809326
2262.460947036743
313.6465549468994
508.716344833374
726.689338684082
1038.0308628082275
1007.5440406799316
512.6204490661621
457.72480964660645
668.4906482696533
791.4929389953613
973.3633995056152
260.2574825286865
825.5071640014648
632.9400539398193
686.5899562835693
414.384126663208
790.4331684112549
956.2244415283203
310.8236789703369
908.9677333831787
1112.8954887390137
476.4242172241211
355.30805587768555
580.2106857299805
3015.6586170196533
268.1107521057129
676.016092300415
1992.1982288360596
844.5959091186523
615.0393486022949
1367.5305843353271
397.8593349456787
475.3403663635254
611.3810539245605
655.6501388549805
637.7882957458496
909.9991321563721
1007.2896480560303
921.9651222229004
327.9237747192383
1411.0662937164307
722.6183414459229
145.39623260498047
382.55953788757324
1441.0884380340576
707.0770263671875
674.687385559082
589.5998477935791
337.69965171813965
1731.3807010650635
291.4590835571289
2088.650941848755
841.9034481048584
2862.5762462615967
1531.3682556152344
1086.4720344543457
473.2556343078613
371.8581199645996
501.88565254211426
363.8782501220703
683.3255290985107
611.5524768829346
1810.32395362854
615.0929927825928
536.8373394012451
803.9076328277588
1378.5288333892822
851.1083126068115
474.3342399597168
931.8671226501465
305.36890029907227
319.31090354919434
544.7196960449219
569.7298049926758
148.14400672912598
945.9733963012695
1226.5641689300537
1099.4043350219727
958.9440822601318
619.0595626831055
484.56478118896484
1449.601411819458
430.6762218475342
716.5286540985107
475.95834732055664
1095.2236652374268
654.695987701416
1977.1087169647217
773.3578681945801
711.8611335754395
1591.2847518920898
412.9774570465088
1085.2034091949463
298.05922508239746
567.6178932189941
1178.1706809997559
732.2132587432861
632.678747177124
1535.0158214569092
444.58651542663574
716.1417007446289
1903.8798809051514
445.1472759246826
530.498743057251
1210.836410522461
783.1630706787109
370.87225914001465
436.72990798950195
565.8421516418457
559.6563816070557
201.45225524902344
827.0890712738037
511.3663673400879
363.45720291137695
678.0853271484375
1008.7897777557373
196.52223587036133
1073.87113571167
450.35529136657715
589.977502822876
506.3588619232178
349.05362129211426
1473.5562801361084
1197.549819946289
419.0940856933594
513.9498710632324
1411.529779434204
216.566801071167
698.2934474945068
921.4608669281006
1083.219051361084
437.50691413879395
868.1600093841553
582.3233127593994
300.33421516418457
1572.7949142456055
652.2698402404785
1233.177661895752
419.42858695983887
1159.58571434021
745.3720569610596
763.5078430175781
900.8538722991943
761.8734836578369
426.3606071472168
1015.1329040527344
574.8848915100098
1745.8140850067139
285.4928970336914
1028.6903381347656
871.7832565307617
765.3555870056152
233.14857482910156
388.8671398162842
874.248743057251
442.71063804626465
1226.609706878662
493.23463439941406
732.8305244445801
448.2593536376953
611.6912364959717
408.3883762359619
1107.6326370239258
656.4478874206543
871.2184429168701
637.3825073242188
2033.4818363189697
1047.6112365722656
782.8054428100586
456.2268257141113
473.27327728271484
399.1215229034424
352.7190685272217
2486.767530441284
822.2944736480713
703.6025524139404
293.45250129699707
540.3475761413574
307.4014186859131
757.8372955322266
767.9035663604736
366.9421672821045
426.3339042663574
1068.2978630065918
1068.9868927001953
695.1074600219727
591.9182300567627
921.2605953216553
453.1996250152588
597.2201824188232
510.4186534881592
644.7598934173584
1322.5557804107666
544.7201728820801
508.6088180541992
1125.540018081665
758.528470993042
329.09369468688965
899.362325668335
2599.6220111846924
257.82179832458496
614.4113540649414
498.57640266418457
284.03329849243164
979.2780876159668
855.1530838012695
586.8711471557617
1428.2886981964111
1063.00950050354
1521.4221477508545
750.0157356262207
671.1239814758301
562.4570846557617
1671.114444732666
377.5978088378906
1178.288459777832
1337.2905254364014
468.106746673584
651.5476703643799
262.42637634277344
1269.0796852111816
930.673360824585
598.1059074401855
300.62389373779297
735.4154586791992
463.41919898986816
919.6138381958008
530.0672054290771
478.0304431915283
278.5534858703613
536.6995334625244
1610.5098724365234
553.6227226257324
1186.9900226593018
358.3230972290039
991.5332794189453
374.88746643066406
442.78788566589355
756.0958862304688
749.0160465240479
607.4035167694092
1588.8066291809082
340.2571678161621
1010.7123851776123
307.6329231262207
597.9421138763428
1106.9209575653076
914.747953414917
540.8346652984619
719.8309898376465
792.8738594055176
640.0599479675293
1692.1238899230957
306.4837455749512
953.1271457672119
264.2512321472168
1063.5168552398682
386.6596221923828
272.9511260986328
290.5302047729492
307.97672271728516
558.5477352142334
577.9037475585938
455.85131645202637
818.6264038085938
420.1951026916504
374.63831901550293
695.4197883605957
1577.9390335083008
184.95702743530273
667.3288345336914
580.9197425842285
205.3511142730713
365.6625747680664
413.2113456726074
652.3592472076416
623.4025955200195
1806.9846630096436
926.8898963928223
1420.2702045440674
793.5545444488525
298.8617420196533
435.49299240112305
441.8039321899414
718.8186645507812
1753.4630298614502
475.76093673706055
389.4624710083008
417.5102710723877
1212.960958480835
346.2028503417969
344.03300285339355
461.8041515350342
594.813346862793
1142.9791450500488
138.7004852294922
1137.6068592071533
1407.3004722595215
210.88647842407227
469.3906307220459
744.3599700927734
1681.0178756713867
433.3462715148926
803.5309314727783
1169.2156791687012
450.6673812866211
540.6143665313721
901.3035297393799
1252.511739730835
986.3021373748779
673.4344959259033
609.600305557251
865.990400314331
512.0999813079834
1886.4314556121826
1033.4274768829346
996.5324401855469
442.3260688781738
747.5624084472656
1054.6739101409912
287.6772880554199
543.818473815918
918.7197685241699
446.3076591491699
733.1528663635254
751.3253688812256
513.0336284637451
1456.1374187469482
776.5960693359375
1139.3873691558838
678.619384765625
477.4799346923828
375.80323219299316
516.937255859375
149.22094345092773
424.4682788848877
596.4438915252686
452.5926113128662
244.28558349609375
532.0224761962891
798.3622550964355
768.4555053710938
1181.8337440490723
618.7522411346436
532.6418876647949
484.5578670501709
397.6564407348633
523.6508846282959
675.6443977355957
494.63415145874023
1024.899959564209
651.526927947998
368.2107925415039
280.75289726257324
488.39759826660156
331.4664363861084
327.69083976745605
509.6123218536377
1231.950283050537
1071.711778640747
1146.533727645874
563.15016746521
1459.3346118927002
513.2789611816406
1140.3663158416748
594.5384502410889
369.34399604797363
1381.4246654510498
1305.1648139953613
1066.1251544952393
558.976411819458
858.2353591918945
414.16215896606445
508.6190700531006
827.9023170471191
874.7215270996094
294.0707206726074
1039.954662322998
411.5257263183594
671.3886260986328
1327.4586200714111
463.75250816345215
445.5990791320801
381.96301460266113
1262.610912322998
1315.9606456756592
835.869312286377
907.1545600891113
457.07058906555176
944.8816776275635
374.6023178100586
2074.4175910949707
975.5115509033203
181.49518966674805
1012.1111869812012
1504.0273666381836
220.69478034973145
894.3064212799072
264.9979591369629
634.0839862823486
651.5884399414062
853.5537719726562
505.1124095916748
1054.9938678741455
624.8977184295654
824.5923519134521
527.0123481750488
416.78690910339355
289.4582748413086
579.7328948974609
566.6971206665039
484.8759174346924
442.8060054779053
1087.4230861663818
372.53618240356445
530.5700302124023
415.71593284606934
337.7797603607178
963.5200500488281
1531.2044620513916
1446.7434883117676
738.7828826904297
601.0959148406982
419.94786262512207
1550.7581233978271
350.67033767700195
971.6565608978271
581.9876194000244
328.7320137023926
1509.4058513641357
2260.457992553711
1232.3780059814453
659.963846206665
468.930721282959
1399.3642330169678
1039.2205715179443
954.2875289916992
446.0139274597168
876.6078948974609
976.8393039703369
423.3872890472412
913.9163494110107
1119.0967559814453
439.22924995422363
698.6744403839111
434.59081649780273
1810.4054927825928
545.4211235046387
479.9494743347168
1185.0285530090332
1069.6630477905273
505.0640106201172
2525.677442550659
591.794490814209
552.6866912841797
368.36838722229004
1228.3997535705566
939.5112991333008
960.5889320373535
747.5597858428955
1336.8239402770996
1019.8185443878174
982.2800159454346
252.69722938537598
613.7192249298096
780.8380126953125
1024.9497890472412
595.0653553009033
940.474271774292
386.25025749206543
1708.3549499511719
296.48733139038086
1085.524559020996
321.6831684112549
1815.3021335601807
680.1526546478271
669.9554920196533
581.1257362365723
669.3997383117676
703.7715911865234
228.3940315246582
646.3086605072021
274.3549346923828
406.780481338501
409.5602035522461
473.4337329864502
483.27088356018066
280.4117202758789
755.5480003356934
484.9581718444824
843.0027961730957
608.9327335357666
1497.2054958343506
278.15961837768555
2724.480390548706
349.42173957824707
1304.5928478240967
1755.796194076538
319.5204734802246
524.4712829589844
705.6164741516113
730.0655841827393
330.2111625671387
504.99534606933594
777.3466110229492
585.9191417694092
802.9589653015137
1366.5540218353271
855.5397987365723
352.05602645874023
310.9560012817383
1047.4376678466797
651.2084007263184
1714.695930480957
1061.6106986999512
478.02019119262695
537.7070903778076
291.67866706848145
392.3759460449219
668.3785915374756
270.1377868652344
858.6163520812988
1352.2930145263672
839.8873805999756
333.63795280456543
742.7859306335449
521.2879180908203
684.9849224090576
445.78027725219727
234.59243774414062
2261.371612548828
677.1392822265625
1869.2336082458496
681.6134452819824
685.3330135345459
884.8166465759277
1069.04935836792
348.53315353393555
202.99124717712402
530.3945541381836
730.3943634033203
554.4819831848145
371.42109870910645
370.52464485168457
661.6084575653076
554.2213916778564
705.0952911376953
1123.9650249481201
393.796443939209
471.8914031982422
811.6579055786133
271.26073837280273
1066.014289855957
304.80408668518066
749.7289180755615
479.97307777404785
320.432186126709
1096.3034629821777
1795.4134941101074
569.6890354156494
751.6264915466309
595.9770679473877
717.1745300292969
660.6380939483643
535.6740951538086
795.6335544586182
486.3927364349365
458.4479331970215
1283.1220626831055
864.8624420166016
286.84425354003906
377.5372505187988
2044.1625118255615
824.3389129638672
440.4001235961914
640.5916213989258
622.2131252288818
780.9121608734131
1192.8620338439941
392.12679862976074
621.330738067627
873.2795715332031
459.7165584564209
213.80281448364258
898.3604907989502
635.4451179504395
702.1934986114502
1251.6365051269531
642.045259475708
828.0010223388672
1305.351734161377
641.0272121429443
240.82183837890625
1860.0506782531738
422.96886444091797
484.1742515563965
621.1612224578857
1078.5255432128906
768.2151794433594
634.9344253540039
2099.853038787842
388.4849548339844
236.11831665039062
386.7781162261963
1037.043809890747
1201.981544494629
374.88603591918945
572.939395904541
423.48194122314453
589.9715423583984
1607.780933380127
323.38857650756836
1901.5836715698242
673.0163097381592
1069.05198097229
273.557186126709
631.9625377655029
1081.7177295684814
436.1298084259033
664.1261577606201
426.22852325439453
616.0597801208496
1417.4387454986572
1110.612392425537
678.6770820617676
562.1335506439209
1048.910140991211
388.81373405456543
331.70557022094727
1598.6003875732422
260.8664035797119
972.9595184326172
2013.8418674468994
1138.8533115386963
309.2806339263916
320.70398330688477
360.767126083374
281.6188335418701
597.7742671966553
569.5719718933105
232.72013664245605
921.3848114013672
462.2199535369873
653.2349586486816
594.3129062652588
1639.9409770965576
690.6487941741943
350.2509593963623
1946.1555480957031
252.37584114074707
1785.832405090332
1225.7635593414307
649.0354537963867
536.928653717041
429.642915725708
1051.5828132629395
657.3169231414795
1091.7644500732422
688.9948844909668
623.7967014312744
588.7689590454102
1118.894338607788
1101.6242504119873
802.7338981628418
876.9731521606445
658.34641456604
1071.9120502471924
441.9987201690674
517.9252624511719
767.9286003112793
1280.2188396453857
206.04252815246582
377.4244785308838
763.2555961608887
385.4670524597168
811.1910820007324
685.4462623596191
595.1497554779053
482.37133026123047
1173.9544868469238
600.0170707702637
1119.3716526031494
1695.0979232788086
255.75518608093262
400.7599353790283
484.0264320373535
328.95898818969727
892.2784328460693
796.236515045166
1113.4343147277832
457.05175399780273
340.11268615722656
520.3640460968018
328.23944091796875
578.4578323364258
492.1565055847168
839.1602039337158
654.9127101898193
1070.3325271606445
336.92216873168945
412.4577045440674
363.4204864501953
1264.7700309753418
401.89576148986816
507.5259208679199
1129.5020580291748
1578.0017375946045
1792.9668426513672
786.6930961608887
987.1871471405029
390.02466201782227
786.6003513336182
453.83381843566895
1360.039234161377
1499.20654296875
1406.6884517669678
1106.931447982788
156.3863754272461
233.2286834716797
1157.7043533325195
1547.4300384521484
430.8493137359619
759.7203254699707
235.88848114013672
347.02324867248535
811.1793994903564
594.9966907501221
1062.3111724853516
143.16248893737793
606.764554977417
309.7352981567383
574.5038986206055
456.83860778808594
300.39095878601074
1712.672233581543
609.2638969421387
587.719202041626
590.9557342529297
253.81755828857422
939.8789405822754
926.7098903656006
1049.0431785583496
181.61416053771973
882.4889659881592
515.852689743042
543.1604385375977
1203.639268875122
434.8926544189453
566.1649703979492
415.8945083618164
1041.7280197143555
306.0874938964844
446.34485244750977
872.9338645935059
148.44012260437012
995.7873821258545
1524.8253345489502
567.8377151489258
771.6064453125
871.5076446533203
670.1767444610596
759.1967582702637
710.8285427093506
946.8591213226318
482.8171730041504
451.479434967041
1244.0886497497559
397.65453338623047
707.1278095245361
382.7633857727051
723.4899997711182
781.0368537902832
1271.425485610962
1186.0949993133545
481.2312126159668
446.55919075012207
902.597188949585
258.4552764892578
430.53317070007324
559.3328475952148
623.7695217132568
315.0060176849365
504.9757957458496
337.5570774078369
152.0686149597168
986.9048595428467
301.48983001708984
1168.5986518859863
784.3163013458252
585.5979919433594
783.4374904632568
1410.8421802520752
501.09243392944336
654.3042659759521
480.1962375640869
552.8969764709473
519.7334289550781
637.4433040618896
669.0163612365723
293.20645332336426
484.10725593566895
1143.8031196594238
760.5676651000977
2654.641628265381
583.1589698791504
955.1880359649658
1388.1251811981201
354.9315929412842
608.6616516113281
960.0942134857178
1355.4606437683105
540.7216548919678
1148.803472518921
692.1167373657227
510.64109802246094
401.6251564025879
646.0423469543457
418.8575744628906
492.6562309265137
490.436315536499
465.9140110015869
419.1443920135498
660.8543395996094
1404.6375751495361
614.4070625305176
486.4013195037842
263.5488510131836
353.45935821533203
510.12492179870605
759.1252326965332
863.0094528198242
294.1925525665283
1449.6829509735107
489.5133972167969
672.56760597229
636.5854740142822
216.6154384613037
823.1537342071533
429.2151927947998
1400.1755714416504
177.09803581237793
400.6493091583252
630.3544044494629
610.727071762085
422.99628257751465
484.93051528930664
1386.9075775146484
667.8483486175537
1663.2635593414307
286.85832023620605
419.9352264404297
196.33007049560547
593.3594703674316
443.9229965209961
299.77941513061523
616.750955581665
1809.964656829834
1356.100082397461
519.1311836242676
619.3034648895264
1457.7538967132568
867.6326274871826
508.1181526184082
1557.910680770874
1275.0632762908936
989.8233413696289
430.65595626831055
596.2183475494385
612.2622489929199
651.9796848297119
640.8309936523438
745.9464073181152
293.2157516479492
338.7103080749512
1744.6300983428955
443.0882930755615
464.5693302154541
800.1868724822998
336.1520767211914
586.6830348968506
510.13875007629395
623.5537528991699
798.8462448120117
661.0677242279053
446.272611618042
1371.9899654388428
170.12596130371094
1055.7703971862793
810.8501434326172
894.7205543518066
1002.7217864990234
1299.6647357940674
1488.4405136108398
585.9730243682861
290.877103805542
550.3706932067871
1414.5362377166748
313.7540817260742
1152.1844863891602
470.1542854309082
751.420259475708
896.3754177093506
308.746337890625
324.7368335723877
885.4763507843018
1604.0284633636475
275.6350040435791
725.7516384124756
996.3929653167725
570.6636905670166
1135.7026100158691
593.5721397399902
1380.7835578918457
248.2767105102539
693.5811042785645
1941.6658878326416
860.7842922210693
1607.4931621551514
1440.7999515533447
800.3334999084473
1648.056983947754
1432.4064254760742
695.688009262085
580.9781551361084
1144.622564315796
1118.5667514801025
546.2863445281982
762.0363235473633
590.184211730957
930.5422306060791
320.48964500427246
481.39405250549316
429.80003356933594
292.25754737854004
743.2401180267334
1070.852279663086
634.5300674438477
439.4955635070801
976.860523223877
211.57193183898926
1447.3168849945068
711.8093967437744
493.2270050048828
1481.078863143921
433.7165355682373
589.3194675445557
324.8913288116455
900.7372856140137
556.8890571594238
267.8053379058838
528.7015438079834
431.83159828186035
798.6626625061035
899.6720314025879
530.224084854126
549.9923229217529
515.4478549957275
587.7878665924072
460.54649353027344
377.5174617767334
541.8307781219482
1909.9335670471191
1938.9865398406982
1439.3019676208496
1122.4541664123535
1516.345500946045
734.8136901855469
1150.9020328521729
755.3584575653076
725.24094581604
804.7282695770264
255.47337532043457
400.9122848510742
528.3355712890625
2108.851432800293
137.79711723327637
398.0522155761719
1095.266342163086
318.4652328491211
774.4688987731934
654.2634963989258
1248.5783100128174
878.427267074585
729.7074794769287
535.4673862457275
2554.8930168151855
364.66121673583984
520.7791328430176
549.778938293457
352.3573875427246
658.0862998962402
265.89441299438477
440.3054714202881
991.5952682495117
372.8349208831787
585.5669975280762
501.9080638885498
628.0026435852051
366.11485481262207
828.3681869506836
1338.973045349121
374.22728538513184
1213.3517265319824
295.76587677001953
1268.9998149871826
806.6272735595703
504.230260848999
593.5919284820557
1072.6697444915771
587.0723724365234
833.9834213256836
811.8510246276855
873.5702037811279
303.6808967590332
691.5674209594727
565.5097961425781
482.9554557800293
1119.0309524536133
754.5261383056641
700.3881931304932
307.4946403503418
1504.4715404510498
450.9847164154053
376.1250972747803
792.8063869476318
744.2138195037842
425.17685890197754
1393.476963043213
233.76202583312988
2614.6275997161865
552.8197288513184
540.1279926300049
701.329231262207
658.2903861999512
568.3948993682861
1301.7354011535645
621.6871738433838
383.14342498779297
675.1677989959717
641.8948173522949
477.9489040374756
1006.8013668060303
728.9688587188721
564.384937286377
517.1387195587158
623.0268478393555
2286.0772609710693
1805.4344654083252
330.5020332336426
386.9621753692627
694.4406032562256
646.9688415527344
820.5246925354004
308.0182075500488
618.1032657623291
312.99614906311035
1533.3428382873535
246.91128730773926
934.6394538879395
1459.949016571045
256.1187744140625
301.17249488830566
635.9500885009766
1613.1386756896973
895.8821296691895
1335.7312679290771
1298.781394958496
524.2226123809814
1239.6044731140137
363.62695693969727
1209.8844051361084
746.6897964477539
470.41773796081543
853.1837463378906
236.02938652038574
1186.2735748291016
682.3070049285889
704.2953968048096
525.5601406097412
752.8011798858643
2263.730049133301
314.2557144165039
522.3817825317383
1463.627576828003
925.0080585479736
1670.4175472259521
975.776195526123
619.1730499267578
665.715217590332
689.9189949035645
955.6307792663574
601.0291576385498
453.77659797668457
968.2149887084961
474.163293838501
718.1861400604248
340.78049659729004
818.8180923461914
675.8804321289062
163.82861137390137
746.84739112854
1232.9931259155273
461.44747734069824
2333.9357376098633
1079.0481567382812
569.4935321807861
843.8234329223633
1057.410717010498
477.217435836792
1012.7143859863281
723.2189178466797
643.7234878540039
557.2865009307861
429.11458015441895
692.4519538879395
1025.9308815002441
462.79239654541016
392.9624557495117
823.1916427612305
703.345537185669
565.0076866149902
864.9442195892334
343.2576656341553
759.5150470733643
702.5449275970459
1325.2756595611572
590.9287929534912
792.4594879150391
772.2885608673096
920.5482006072998
518.4683799743652
466.5384292602539
395.62034606933594
1130.2659511566162
252.89273262023926
1280.8427810668945
1069.145679473877
1041.0254001617432
380.8605670928955
654.543399810791
454.7698497772217
812.1047019958496
608.0749034881592
1508.9800357818604
1691.899299621582
253.92818450927734
339.916467666626
242.0206069946289
1035.5854034423828
717.8635597229004
1110.9583377838135
339.2972946166992
504.99439239501953
652.2500514984131
677.3049831390381
352.5724411010742
580.7199478149414
1250.065803527832
271.0123062133789
645.0188159942627
474.257230758667
1675.1186847686768
791.6936874389648
704.448938369751
378.2799243927002
530.7536125183105
387.56418228149414
358.9010238647461
1027.1506309509277
552.2480010986328
582.3986530303955
1876.7123222351074
222.54395484924316
1292.0572757720947
515.9509181976318
1321.2974071502686
602.963924407959
900.5520343780518
1066.188097000122
354.4645309448242
606.2362194061279
212.13293075561523
509.6156597137451
945.1601505279541
383.50605964660645
257.8468322753906
686.5723133087158
831.1667442321777
359.1012954711914
422.01900482177734
445.18065452575684
652.3678302764893
288.041353225708
855.6137084960938
398.8344669342041
324.51438903808594
381.3621997833252
518.8889503479004
1015.2595043182373
369.39287185668945
550.5726337432861
895.007848739624
936.0237121582031
393.13364028930664
617.8231239318848
408.77485275268555
1298.6400127410889
514.9486064910889
1300.9190559387207
1245.8200454711914
611.621618270874
144.50502395629883
853.0442714691162
638.2474899291992
1342.1382904052734
332.78346061706543
955.5783271789551
226.67479515075684
1811.2187385559082
1111.6673946380615
887.3295783996582
1443.7956809997559
457.03625679016113
1115.5786514282227
427.39415168762207
624.5706081390381
491.88947677612305
1028.160572052002
1815.5977725982666
489.1963005065918
2755.6984424591064
895.2796459197998
510.662317276001
681.9581985473633
672.0352172851562
875.192403793335
868.9327239990234
699.8112201690674
759.4358921051025
665.7204627990723
1500.004529953003
857.4397563934326
1008.4731578826904
664.4783020019531
550.8725643157959
188.40384483337402
1054.4421672821045
373.49462509155273
343.3198928833008
585.3290557861328
838.5450839996338
574.2368698120117
447.59130477905273
1548.3698844909668
607.1631908416748
653.0263423919678
418.78414154052734
666.9216156005859
1029.6745300292969
437.0572566986084
542.8640842437744
379.4989585876465
1284.5227718353271
644.9384689331055
271.24762535095215
483.6888313293457
513.6120319366455
431.7922592163086
704.5958042144775
987.3230457305908
459.0158462524414
326.5712261199951
293.4432029724121
516.7405605316162
430.42826652526855
1019.9563503265381
458.38046073913574
360.35728454589844
1031.6119194030762
1317.941665649414
1766.4587497711182
610.4023456573486
188.7969970703125
522.089958190918
496.23608589172363
1277.3141860961914
540.42649269104
939.5244121551514
598.2210636138916
2190.8717155456543
382.58886337280273
401.4391899108887
163.22827339172363
1021.9323635101318
995.1479434967041
2741.76287651062
685.0016117095947
1217.3550128936768
386.5079879760742
458.9827060699463
469.0074920654297
930.9346675872803
878.5340785980225
463.7627601623535
1165.041446685791
653.2785892486572
621.5050220489502
815.8309459686279
831.8369388580322
475.92616081237793
358.72888565063477
956.1822414398193
787.3899936676025
1054.8272132873535
1136.1970901489258
809.4213008880615
1192.6307678222656
929.6221733093262
683.8383674621582
354.6621799468994
1026.0298252105713
1323.591947555542
920.4134941101074
1061.2378120422363
902.5788307189941
1306.4258098602295
753.5886764526367
1116.4233684539795
349.1501808166504
1256.488561630249
973.4766483306885
1035.050392150879
921.7212200164795
320.5690383911133
378.36599349975586
1079.8349380493164
511.98458671569824
500.2570152282715
600.7440090179443
344.6085453033447
543.3852672576904
379.47583198547363
365.7400608062744
576.1878490447998
590.0940895080566
523.6263275146484
823.5483169555664
756.4311027526855
740.7732009887695
397.7231979370117
1131.3297748565674
285.6614589691162
570.3737735748291
227.16045379638672
711.6410732269287
400.09307861328125
337.18228340148926
900.0277519226074
1563.9989376068115
570.3623294830322
794.6271896362305
1530.3881168365479
372.78223037719727
312.9148483276367
419.62480545043945
649.9462127685547
1640.1941776275635
963.7641906738281
605.2167415618896
905.3301811218262
557.1401119232178
360.5208396911621
774.9130725860596
381.46376609802246
403.78355979919434
725.6133556365967
588.5350704193115
1056.0054779052734
474.9760627746582
296.9834804534912
379.60052490234375
544.9092388153076
547.8801727294922
867.8116798400879
640.1340961456299
567.0137405395508
1367.6042556762695
329.836368560791
476.75466537475586
512.7432346343994
1049.5710372924805
389.5251750946045
1011.9266510009766
2943.718671798706
1187.002420425415
413.61498832702637
916.6684150695801
730.7431697845459
759.1342926025391
1044.7607040405273
389.69993591308594
604.6080589294434
693.2759284973145
1181.3957691192627
1272.233247756958
721.8585014343262
1064.1076564788818
935.3463649749756
511.0127925872803
931.5876960754395
3008.173942565918
757.7674388885498
392.5929069519043
805.7906627655029
944.6802139282227
437.8924369812012
261.89589500427246
574.7034549713135
332.0963382720947
376.24263763427734
602.8666496276855
384.65261459350586
678.9143085479736
765.3088569641113
673.5897064208984
365.15045166015625
1043.5824394226074
328.05466651916504
397.6013660430908
901.007890701294
1671.992301940918
810.2293014526367
1021.9969749450684
1171.614646911621
355.5457592010498
976.7024517059326
571.8400478363037
1302.0248413085938
706.0823440551758
899.289608001709
537.8806591033936
765.5289173126221
365.07344245910645
586.1845016479492
850.1071929931641
511.2571716308594
539.4198894500732
670.6216335296631
516.9553756713867
232.8932285308838
353.62792015075684
1119.596004486084
853.5425662994385
313.8232231140137
735.8684539794922
711.5955352783203
356.1286926269531
1868.3297634124756
724.0617275238037
1950.605869293213
675.8487224578857
252.14028358459473
1617.220163345337
1373.9755153656006
805.7920932769775
364.1071319580078
2127.7027130126953
534.8634719848633
398.8943099975586
999.7553825378418
532.1390628814697
823.5681056976318
474.91455078125
527.9240608215332
1651.2792110443115
1087.183952331543
722.8853702545166
515.7346725463867
360.6412410736084
692.518949508667
876.4870166778564
1960.2837562561035
575.2739906311035
461.54332160949707
389.8627758026123
1280.3926467895508
830.5675983428955
1414.1125679016113
998.8000392913818
1174.9448776245117
299.1371154785156
842.6754474639893
1084.392786026001
835.7443809509277
636.9776725769043
895.6596851348877
532.5231552124023
1265.913486480713
784.3966484069824
259.09948348999023
1061.8693828582764
384.33170318603516
441.8461322784424
483.06798934936523
1681.1001300811768
1749.6075630187988
585.7176780700684
377.5784969329834
728.0287742614746
775.1233577728271
869.0605163574219
965.7764434814453
1555.5012226104736
1983.7381839752197
914.1860008239746
307.8351020812988
1458.0676555633545
1045.0756549835205
508.4099769592285
316.73359870910645
759.4268321990967
719.9902534484863
856.4586639404297
948.9812850952148
185.79387664794922
578.253984451294
909.1734886169434
746.0706233978271
691.9631958007812
848.6359119415283
1710.3981971740723
623.3999729156494
813.0819797515869
520.1189517974854
1309.5552921295166
1023.8139629364014
435.577392578125
324.54490661621094
1624.5620250701904
1462.6226425170898
999.3486404418945
339.5388126373291
427.4766445159912
1315.2868747711182
941.4141178131104
852.0972728729248
420.9761619567871
805.9420585632324
206.1166763305664
552.2241592407227
872.6241588592529
1155.625581741333
655.780553817749
825.9196281433105
549.5538711547852
593.0845737457275
1241.7898178100586
615.1118278503418
472.3937511444092
357.6326370239258
715.5213356018066
386.39092445373535
545.7806587219238
942.0859813690186
1008.3444118499756
329.1199207305908
676.2468814849854
180.35221099853516
394.26445960998535
643.9156532287598
728.2311916351318
1019.5066928863525
218.73712539672852
431.5922260284424
418.6537265777588
1057.6882362365723
508.638858795166
356.8289279937744
460.73389053344727
1800.3151416778564
898.5261917114258
761.1985206604004
680.5822849273682
582.8344821929932
638.176441192627
695.5995559692383
870.6400394439697
205.07073402404785
572.6292133331299
632.2999000549316
371.9205856323242
371.74296379089355
751.0852813720703
814.1133785247803
1461.5094661712646
517.2371864318848
412.28342056274414
1143.0726051330566
1254.6277046203613
788.485050201416
585.7951641082764
927.3848533630371
398.1161117553711
486.6304397583008
1571.1445808410645
222.92113304138184
690.3698444366455
549.7198104858398
420.1686382293701
893.8958644866943
1144.0422534942627
571.4612007141113
789.4597053527832
663.5169982910156
567.540168762207
1058.4783554077148
386.63339614868164
733.6828708648682
503.31830978393555
286.68999671936035
867.0730590820312
707.2627544403076
316.2541389465332
595.0756072998047
1130.0742626190186
1971.4758396148682
698.2898712158203
815.6449794769287
331.67457580566406
742.164134979248
907.6290130615234
1222.0532894134521
1468.738317489624
987.1566295623779
1171.0178852081299
1134.9818706512451
1210.3877067565918
320.0702667236328
711.1160755157471
1599.480152130127
518.4485912322998
643.683910369873
449.7995376586914
544.1629886627197
866.2724494934082
189.61238861083984
336.70520782470703
4379.390478134155
497.21503257751465
346.8348979949951
351.5298366546631
418.37501525878906
270.4646587371826
552.4044036865234
491.2850856781006
1019.4344520568848
729.6695709228516
557.6293468475342
2672.830581665039
1647.125482559204
632.7178478240967
574.1055011749268
442.61789321899414
643.1450843811035
995.4688549041748
773.4684944152832
1200.1688480377197
945.0268745422363
1733.3106994628906
1077.0246982574463
378.56173515319824
279.9859046936035
346.4326858520508
221.46344184875488
718.5311317443848
662.0290279388428
1649.0962505340576
766.9618129730225
702.6283740997314
442.10290908813477
1485.7401847839355
577.268123626709
1527.2612571716309
698.1894969940186
383.6939334869385
2007.1136951446533
591.1705493927002
719.717264175415
779.2387008666992
1211.228609085083
933.1574440002441
713.5603427886963
537.804365158081
662.4443531036377
620.0165748596191
1005.713939666748
2173.440933227539
822.333574295044
1161.494255065918
490.2799129486084
702.3277282714844
922.8053092956543
209.3963623046875
1588.3347988128662
1077.4815082550049
821.7363357543945
613.1527423858643
1416.5339469909668
806.7374229431152
1123.9047050476074
562.8042221069336
421.36597633361816
380.20920753479004
1024.057149887085
1573.1918811798096
224.3049144744873
422.29580879211426
629.3132305145264
430.0241470336914
1006.0892105102539
432.9264163970947
826.9522190093994
917.6449775695801
436.2320899963379
497.29204177856445
452.58092880249023
615.3926849365234
787.3995304107666
454.15496826171875
428.5273551940918
1589.0781879425049
1505.2587985992432
792.0222282409668
419.0692901611328
328.72557640075684
601.8178462982178
573.6675262451172
376.1758804321289
1260.0443363189697
2070.5008506774902
1157.4373245239258
937.5388622283936
327.3780345916748
520.6131935119629
1099.0080833435059
157.22250938415527
522.9606628417969
1226.8869876861572
636.3584995269775
1346.7543125152588
443.0360794067383
627.009391784668
1645.5848217010498
664.2417907714844
689.629077911377
951.284646987915
1493.1566715240479
517.338752746582
182.90162086486816
952.2113800048828
596.96364402771
849.0490913391113
521.0921764373779
1004.9045085906982
1232.316255569458
809.0324401855469
886.5101337432861
1053.6081790924072
457.11207389831543
840.2976989746094
1627.9354095458984
288.1152629852295
2357.4678897857666
1164.5419597625732
1329.6124935150146
3068.90869140625
582.7083587646484
771.6925144195557
500.9593963623047
881.5357685089111
1065.1969909667969
281.94642066955566
622.305154800415
1162.3573303222656
440.4308795928955
717.8518772125244
194.54646110534668
1068.7694549560547
1507.8277587890625
380.8145523071289
1092.9360389709473
1184.3538284301758
687.497615814209
374.1915225982666
1591.780424118042
1155.8728218078613
1342.1399593353271
1185.894250869751
527.456521987915
552.5660514831543
205.7631015777588
1737.8902435302734
621.7567920684814
1010.1132392883301
468.2474136352539
769.728422164917
330.17659187316895
1260.8861923217773
623.7597465515137
663.6037826538086
1322.1032619476318
547.9819774627686
549.8232841491699
482.09333419799805
587.8622531890869
1110.072374343872
408.61964225769043
447.30329513549805
467.59724617004395
517.441987991333
872.5733757019043
292.4461364746094
319.92053985595703
330.77311515808105
491.14203453063965
701.2472152709961
802.8018474578857
1014.2972469329834
957.282543182373
298.05731773376465
1678.5588264465332
630.8209896087646
1153.7704467773438
643.4626579284668
850.4469394683838
776.6826152801514
1531.2893390655518
595.7052707672119
1288.4325981140137
1367.4921989440918
1249.4962215423584
674.4601726531982
196.7933177947998
301.13840103149414
1257.8942775726318
259.8896026611328
801.4111518859863
332.6151371002197
1243.4730529785156
947.3230838775635
401.77035331726074
402.31847763061523
1338.4222984313965
364.83311653137207
901.4556407928467
1067.033290863037
1066.5407180786133
450.9596824645996
335.36338806152344
310.98270416259766
967.3523902893066
1474.8640060424805
925.5504608154297
1512.9826068878174
357.6228618621826
396.6817855834961
458.85705947875977
1093.684196472168
597.9106426239014
446.6884136199951
258.0411434173584
1450.3395557403564
732.2170734405518
630.9182643890381
1785.5734825134277
807.7330589294434
238.01326751708984
691.6496753692627
1939.6159648895264
251.97315216064453
680.4313659667969
521.9089984893799
372.42722511291504
561.4805221557617
1095.435380935669
793.9720153808594
256.4511299133301
538.9745235443115
428.5922050476074
476.4399528503418
688.7049674987793
759.5512866973877
1174.1976737976074
411.91768646240234
692.9576396942139
385.7746124267578
921.2286472320557
1335.8397483825684
1005.7375431060791
1607.4128150939941
733.0961227416992
351.75251960754395
327.77953147888184
673.0248928070068
855.0734519958496
1000.831127166748
1028.9392471313477
2242.3856258392334
968.9919948577881
1246.1962699890137
776.4718532562256
679.7025203704834
227.7827262878418
371.0470199584961
601.0277271270752
688.7562274932861
967.6523208618164
329.94604110717773
1104.1204929351807
369.1878318786621
456.06493949890137
298.1078624725342
1606.6687107086182
463.38915824890137
658.4844589233398
547.7852821350098
816.1389827728271
423.95615577697754
386.31534576416016
861.7379665374756
543.5137748718262
563.828706741333
756.3998699188232
414.81637954711914
606.5273284912109
1001.1463165283203
1168.6387062072754
359.4849109649658
472.86128997802734
613.5942935943604
775.9225368499756
1071.885108947754
820.0387954711914
153.5017490386963
555.6321144104004
498.7156391143799
459.31267738342285
1541.5124893188477
584.8062038421631
1334.207534790039
1090.9454822540283
286.2825393676758
387.61115074157715
230.14211654663086
980.6950092315674
567.7037239074707
197.7708339691162
238.74688148498535
839.90478515625
249.58372116088867
548.0484962463379
1733.694314956665
412.259578704834
631.3052177429199
467.7844047546387
593.6934947967529
777.5757312774658
651.8309116363525
704.9558162689209
1694.0512657165527
505.40852546691895
322.4973678588867
469.44713592529297
339.74552154541016
307.5368404388428
483.154296875
564.5983219146729
672.3864078521729
1157.4852466583252
1086.007833480835
941.7514801025391
642.6057815551758
525.1529216766357
848.3564853668213
747.398853302002
453.5210132598877
1039.9346351623535
534.1856479644775
1088.2034301757812
744.5652484893799
551.7778396606445
307.6822757720947
442.98768043518066
784.6076488494873
1163.3472442626953
519.101619720459
418.5323715209961
402.3427963256836
2062.777280807495
867.6950931549072
1015.1903629302979
1729.1440963745117
339.4460678100586
162.95671463012695
1026.91650390625
523.9675045013428
233.63804817199707
1126.9261837005615
1374.3736743927002
644.4265842437744
331.50625228881836
527.1251201629639
455.10149002075195
951.2996673583984
213.15717697143555
1644.554853439331
458.6813449859619
1061.3219738006592
356.51135444641113
549.870491027832
634.197473526001
1068.8116550445557
307.50250816345215
965.5144214630127
610.0223064422607
1015.3708457946777
1146.127462387085
808.2122802734375
1534.8169803619385
425.4767894744873
2349.9345779418945
553.0617237091064
1188.4303092956543
299.61585998535156
898.3943462371826
935.5533123016357
1160.7270240783691
1049.0646362304688
347.77069091796875
1413.6710166931152
355.47447204589844
662.0686054229736
1016.2923336029053
318.38202476501465
621.0367679595947
1158.6310863494873
379.6825408935547
1023.0846405029297
428.97963523864746
364.94922637939453
981.0647964477539
295.9284782409668
609.7476482391357
339.949369430542
240.10086059570312
819.9419975280762
500.7281303405762
1201.1799812316895
313.8716220855713
1499.3484020233154
1195.321798324585
663.0334854125977
1701.5483379364014
817.8331851959229
1158.1523418426514
743.3269023895264
547.5502014160156
159.0280532836914
381.2229633331299
595.8952903747559
269.76490020751953
496.98829650878906
1004.5454502105713
570.2154636383057
670.5508232116699
474.6706485748291
1270.582675933838
427.842378616333
521.8932628631592
726.203203201294
651.719331741333
797.5828647613525
857.6135635375977
555.743932723999
1245.4121112823486
214.36691284179688
609.0161800384521
504.31346893310547
287.20831871032715
677.1585941314697
994.3802356719971
571.5105533599854
200.9103298187256
511.4469528198242
831.6826820373535
798.8567352294922
524.8217582702637
549.3721961975098
1220.9386825561523
462.2468948364258
333.2095146179199
1233.520746231079
353.0139923095703
876.6124248504639
384.72461700439453
1078.9637565612793
687.6556873321533
562.6330375671387
642.672061920166
540.233850479126
437.943696975708
1311.0404014587402
528.8636684417725
958.2939147949219
662.1649265289307
1052.833080291748
751.274824142456
771.0049152374268
443.21370124816895
638.4503841400146
251.82533264160156
3438.4567737579346
816.7934417724609
799.5941638946533
1835.8066082000732
668.3118343353271
1046.748399734497
429.16178703308105
735.0153923034668
231.36091232299805
815.8578872680664
953.4103870391846
797.6584434509277
603.7454605102539
784.4722270965576
542.644739151001
720.4020023345947
286.96537017822266
1230.050802230835
363.250732421875
1287.21022605896
1994.6866035461426
1651.8216133117676
640.4545307159424
943.3140754699707
394.3777084350586
617.4812316894531
1758.2166194915771
708.798885345459
608.0176830291748
514.472246170044
438.9204978942871
522.8407382965088
325.8326053619385
541.5992736816406
1818.2437419891357
525.3810882568359
1238.0616664886475
266.07203483581543
476.58514976501465
657.874584197998
304.4614791870117
425.3816604614258
452.59976387023926
634.1462135314941
582.4465751647949
284.9087715148926
298.6629009246826
405.5335521697998
494.98581886291504
431.05506896972656
328.08494567871094
1068.5951709747314
833.204984664917
595.5498218536377
226.83477401733398
402.97913551330566
1023.1637954711914
1082.8540325164795
592.4704074859619
187.74127960205078
532.0806503295898
1446.0375308990479
424.6349334716797
546.7989444732666
1230.3016185760498
578.6926746368408
979.5937538146973
982.7954769134521
540.5833721160889
274.98674392700195
2227.849245071411
2083.9431285858154
1145.8158493041992
795.9170341491699
996.6621398925781
445.04499435424805
670.4521179199219
727.8797626495361
923.0747222900391
693.8481330871582
811.6919994354248
1470.402717590332
449.1405487060547
434.7233772277832
385.0438594818115
765.4247283935547
3295.8478927612305
602.2794246673584
681.4498901367188
1219.1808223724365
1188.753366470337
363.74354362487793
2823.928117752075
1966.0546779632568
308.1624507904053
377.8417110443115
438.75861167907715
452.33631134033203
877.3651123046875
946.2947845458984
498.1710910797119
490.647554397583
230.19170761108398
470.4475402832031
185.13035774230957
454.5300006866455
916.2089824676514
257.13443756103516
366.5595054626465
301.8620014190674
957.7722549438477
466.8567180633545
593.5006141662598
744.2710399627686
1237.4863624572754
518.4245109558105
321.3012218475342
1038.3100509643555
2687.9377365112305
2789.172887802124
1370.1508045196533
701.3683319091797
594.4766998291016
636.0013484954834
804.2619228363037
874.5551109313965
875.5755424499512
554.26025390625
637.1705532073975
556.9558143615723
647.8056907653809
285.0620746612549
709.5270156860352
194.64802742004395
486.3758087158203
524.1212844848633
1291.252851486206
1513.946533203125
314.2573833465576
1194.3433284759521
657.3553085327148
563.3676052093506
1722.9554653167725
1402.2552967071533
1437.2787475585938
446.685791015625
364.9733066558838
599.095344543457
1015.4049396514893
840.7623767852783
620.0385093688965
813.0340576171875
955.1992416381836
1034.9719524383545
342.5872325897217
1242.811679840088
623.3131885528564
951.3254165649414
1100.6033420562744
393.9168453216553
208.9707851409912
400.7227420806885
833.6620330810547
696.3303089141846
810.0986480712891
605.6938171386719
640.0415897369385
1150.7189273834229
682.1997165679932
927.0467758178711
1217.3488140106201
652.5344848632812
826.5306949615479
852.0739078521729
898.0271816253662
334.80215072631836
1090.5694961547852
2187.791109085083
443.72034072875977
1314.079999923706
811.901330947876
1500.7517337799072
443.2051181793213
380.24234771728516
554.440975189209
343.19424629211426
514.4071578979492
436.05613708496094
1482.879400253296
451.4610767364502
776.1657238006592
808.680534362793
268.76282691955566
921.3664531707764
592.968225479126
2596.9791412353516
748.6429214477539
927.731990814209
944.78440284729
1464.1246795654297
1021.2380886077881
368.83997917175293
190.83356857299805
830.8961391448975
576.8682956695557
353.0576229095459
1015.8419609069824
727.1416187286377
3300.631046295166
456.44426345825195
1176.5928268432617
795.5913543701172
356.8441867828369
398.9379405975342
374.0546703338623
1911.4038944244385
342.8459167480469
1068.0458545684814
442.2731399536133
600.367546081543
1105.3295135498047
393.01300048828125
745.5430030822754
771.5303897857666
634.6182823181152
414.7205352783203
553.1046390533447
1483.9026927947998
1043.217420578003
346.21238708496094
415.68636894226074
1047.6458072662354
644.9699401855469
297.8711128234863
553.9901256561279
509.80639457702637
249.82166290283203
617.7976131439209
423.9201545715332
270.94173431396484
311.8901252746582
1025.1085758209229
1475.17991065979
330.0600051879883
1727.4770736694336
470.0045585632324
294.86989974975586
1116.2285804748535
381.6256523132324
562.5174045562744
679.8770427703857
565.5395984649658
942.2845840454102
326.46799087524414
360.5673313140869
379.26173210144043
937.8244876861572
668.4579849243164
1224.3058681488037
598.0920791625977
231.3673496246338
365.43846130371094
426.99670791625977
440.89508056640625
381.1819553375244
1008.6545944213867
464.9968147277832
1923.3267307281494
317.9452419281006
230.38649559020996
990.1185035705566
501.59502029418945
614.825963973999
512.2663974761963
1643.052339553833
1108.0267429351807
1959.2492580413818
469.7284698486328
1371.5672492980957
488.87014389038086
367.79212951660156
942.5196647644043
737.248420715332
828.2551765441895
1571.7482566833496
459.86032485961914
353.5168170928955
126.98030471801758
1344.1286087036133
267.8639888763428
484.07983779907227
1312.180995941162
2568.6724185943604
220.62063217163086
325.64520835876465
980.1485538482666
901.5371799468994
211.01617813110352
672.4674701690674
443.1791305541992
534.8556041717529
293.5206890106201
670.0260639190674
247.18737602233887
442.3561096191406
2210.3335857391357
843.794584274292
658.5860252380371
310.9877109527588
585.2251052856445
1903.616189956665
432.936429977417
1182.3129653930664
756.6244602203369
183.6526393890381
562.9475116729736
375.091552734375
933.6104393005371
346.4837074279785
878.4072399139404
455.34420013427734
1289.2999649047852
683.1917762756348
1605.5619716644287
398.28944206237793
2108.7276935577393
350.4054546356201
878.6671161651611
207.13376998901367
651.7231464385986
800.5876541137695
394.4437503814697
893.2812213897705
1642.347812652588
455.14583587646484
441.0974979400635
794.666051864624
332.7789306640625
450.11377334594727
499.19581413269043
1128.2217502593994
197.2179412841797
1104.2835712432861
1134.836196899414
180.3748607635498
269.9596881866455
735.060453414917
510.4403495788574
513.0245685577393
400.27475357055664
338.64688873291016
582.1177959442139
882.2817802429199
1226.055383682251
524.0986347198486
604.3808460235596
1503.502368927002
1600.1272201538086
544.4104671478271
593.7342643737793
248.89612197875977
460.6196880340576
1401.4129638671875
481.9488525390625
899.2855548858643
503.39555740356445
532.0804119110107
417.99068450927734
369.71020698547363
443.3860778808594
658.3495140075684
227.19955444335938
961.6982936859131
898.8020420074463
1043.3728694915771
558.525562286377
463.8950824737549
149.26552772521973
1090.7225608825684
585.4604244232178
265.4745578765869
819.55885887146
823.8589763641357
358.72602462768555
2151.2389183044434
1101.1073589324951
1845.5784320831299
1019.6757316589355
540.205717086792
2071.4497566223145
348.0203151702881
1117.2494888305664
344.1498279571533
605.0729751586914
602.2670269012451
363.13438415527344
2386.8744373321533
426.53465270996094
701.5068531036377
543.5183048248291
1428.795576095581
456.7093849182129
245.57185173034668
341.89605712890625
1172.1811294555664
963.1261825561523
2240.1328086853027
1563.525676727295
1061.6278648376465
1643.451452255249
616.5752410888672
651.0632038116455
339.80870246887207
392.6281929016113
943.4864521026611
607.8121662139893
396.51012420654297
1089.5600318908691
1069.7476863861084
1378.5960674285889
448.80151748657227
998.5458850860596
1440.2587413787842
472.4555015563965
1532.20796585083
571.5682506561279
2092.0181274414062
532.7248573303223
396.21853828430176
621.7989921569824
534.0135097503662
428.18760871887207
1055.0360679626465
960.974931716919
681.1239719390869
469.8190689086914
491.01734161376953
687.5014305114746
699.4738578796387
993.0880069732666
778.2120704650879
333.9545726776123
662.7874374389648
230.3295135498047
596.7614650726318
684.2601299285889
501.5673637390137
653.9077758789062
812.3974800109863
1902.0321369171143
1111.3801002502441
701.0776996612549
391.3249969482422
654.1388034820557
796.6978549957275
425.55999755859375
596.8596935272217
612.4608516693115
339.5495414733887
1625.0905990600586
287.69779205322266
537.6408100128174
711.7722034454346
622.4796772003174
748.0003833770752
535.2609157562256
700.1485824584961
696.8142986297607
631.8073272705078
440.4120445251465
494.5194721221924
198.256254196167
593.3518409729004
379.69422340393066
943.0229663848877
336.0445499420166
1283.2715511322021
946.35009765625
245.71681022644043
733.8156700134277
775.7730484008789
1031.2697887420654
1112.8008365631104
264.420747756958
348.8144874572754
369.86660957336426
398.4642028808594
686.0706806182861
398.15640449523926
1066.0433769226074
777.4791717529297
1121.6819286346436
1139.7292613983154
399.411678314209
1005.2049160003662
493.5190677642822
1414.3974781036377
767.279863357544
264.4665241241455
956.7620754241943
651.5724658966064
905.759334564209
616.5854930877686
1367.3038482666016
1379.544973373413
785.5560779571533
417.75059700012207
256.8399906158447
582.8213691711426
554.2585849761963
390.5453681945801
1116.7821884155273
448.7156867980957
210.88480949401855
682.0898056030273
817.234992980957
726.3264656066895
1428.5709857940674
479.9768924713135
507.1115493774414
247.77984619140625
1061.8221759796143
470.4008102416992
1216.5741920471191
498.33130836486816
247.47824668884277
536.5118980407715
620.2476024627686
438.6725425720215
359.56811904907227
438.004732131958
1030.9817790985107
439.3002986907959
835.2789878845215
488.80839347839355
492.0628070831299
771.8527317047119
652.6579856872559
1932.5993061065674
720.5653190612793
690.04225730896
270.6456184387207
879.3103694915771
743.863582611084
526.8409252166748
1368.8631057739258
1164.0818119049072
1017.1763896942139
1529.252052307129
851.2458801269531
655.6649208068848
430.68528175354004
605.186939239502
482.5398921966553
1073.6660957336426
438.8554096221924
802.2520542144775
677.3769855499268
1146.5461254119873
870.9437847137451
792.2849655151367
433.90965461730957
532.8097343444824
398.79584312438965
379.2726993560791
469.96283531188965
567.636251449585
372.4651336669922
978.5966873168945
226.87888145446777
397.67932891845703
389.4171714782715
622.1678256988525
629.0280818939209
668.830394744873
476.3448238372803
888.6394500732422
601.1946201324463
946.5203285217285
867.4602508544922
341.2466049194336
513.9870643615723
685.9288215637207
452.8028964996338
539.1013622283936
834.212064743042
1603.7862300872803
540.499210357666
766.8800354003906
228.4257411956787
1461.7178440093994
1070.392370223999
701.5976905822754
366.11175537109375
779.9117565155029
556.9262504577637
930.5708408355713
429.8403263092041
1609.8544597625732
819.007158279419
528.8817882537842
762.037992477417
535.1130962371826
917.4454212188721
588.3893966674805
491.44864082336426
321.98071479797363
572.474479675293
591.8035507202148
269.1192626953125
1235.6271743774414
916.1477088928223
395.5967426300049
565.6497478485107
774.2950916290283
295.84193229675293
1018.641471862793
944.8778629302979
482.3000431060791
893.8803672790527
348.4938144683838
180.74274063110352
828.6449909210205
1438.6720657348633
451.40695571899414
482.4190139770508
363.175630569458
669.374942779541
508.6820125579834
687.1263980865479
604.5811176300049
882.8978538513184
210.98017692565918
532.0260524749756
806.9667816162109
665.2846336364746
749.1042613983154
266.4802074432373
379.87732887268066
191.17450714111328
1043.7707901000977
277.19998359680176
647.4568843841553
1299.6258735656738
376.7809867858887
222.395658493042
525.3913402557373
547.2261905670166
924.6025085449219
640.1922702789307
844.5994853973389
537.3110771179199
1660.6078147888184
654.167890548706
349.29776191711426
296.6001033782959
413.4702682495117
670.5794334411621
1766.7467594146729
1171.241283416748
327.5022506713867
1912.858486175537
1067.4669742584229
1500.9047985076904
1051.1610507965088
1697.40891456604
793.623685836792
360.4166507720947
341.5849208831787
307.4300289154053
415.1325225830078
330.031156539917
1363.2726669311523
1036.8976593017578
506.14118576049805
587.2843265533447
1748.7444877624512
327.71849632263184
260.91694831848145
478.4846305847168
260.26201248168945
367.49982833862305
369.05765533447266
534.8119735717773
1024.7902870178223
448.1244087219238
1071.1686611175537
539.7138595581055
706.2745094299316
371.7503547668457
594.9351787567139
799.5414733886719
632.3645114898682
1327.1758556365967
510.3926658630371
741.2011623382568
302.42180824279785
1265.7392024993896
1080.8367729187012
1609.92431640625
357.5763702392578
1078.1729221343994
662.1725559234619
540.5726432800293
675.7378578186035
805.4592609405518
582.6632976531982
1063.2011890411377
808.1941604614258
681.3910007476807
901.5285968780518
796.1249351501465
345.31307220458984
602.9009819030762
679.1419982910156
1302.6783466339111
911.860466003418
384.5686912536621
607.1071624755859
2069.305658340454
617.8855895996094
892.7223682403564
647.9976177215576
396.6209888458252
1227.7140617370605
696.5856552124023
565.8009052276611
641.8771743774414
332.3063850402832
763.8552188873291
861.872673034668
689.3465518951416
588.8855457305908
514.1887664794922
931.2622547149658
2113.961696624756
1282.7305793762207
741.2843704223633
325.0091075897217
277.4996757507324
601.6800403594971
1138.7097835540771
413.3634567260742
213.62638473510742
870.2771663665771
342.07940101623535
1305.4964542388916
627.9454231262207
695.5161094665527
1145.4353332519531
400.2408981323242
171.88262939453125
1860.0404262542725
483.7157726287842
700.4802227020264
448.5483169555664
627.2737979888916
247.8632926940918
533.8788032531738
303.020715713501
459.3503475189209
1454.9641609191895
239.58230018615723
635.8883380889893
775.6586074829102
1433.816909790039
672.616720199585
717.5748348236084
424.8826503753662
1130.7356357574463
868.344783782959
637.2637748718262
302.7007579803467
854.5651435852051
908.8907241821289
696.5417861938477
391.6792869567871
337.1431827545166
367.10381507873535
562.7503395080566
594.8581695556641
1480.992078781128
1342.1175479888916
1725.3234386444092
907.2380065917969
1057.6493740081787
506.2751770019531
781.2521457672119
298.22659492492676
429.8233985900879
519.5815563201904
1162.7261638641357
560.1279735565186
2616.354465484619
499.10640716552734
241.62673950195312
664.9332046508789
268.89944076538086
1001.3103485107422
884.0079307556152
206.58516883850098
1026.6330242156982
806.4570426940918
802.2313117980957
699.6848583221436
365.45419692993164
465.7480716705322
591.2880897521973
337.7056121826172
377.51245498657227
466.74227714538574
435.62817573547363
1195.2996253967285
1207.7183723449707
744.5826530456543
404.80661392211914
353.20210456848145
324.10430908203125
588.2823467254639
684.579610824585
468.4324264526367
371.23894691467285
1329.0581703186035
821.9423294067383
475.90065002441406
999.6683597564697
251.4634132385254
613.8045787811279
980.7631969451904
138.99731636047363
997.0324039459229
1017.8570747375488
508.01849365234375
1466.6621685028076
397.73011207580566
941.9050216674805
255.27095794677734
1263.4632587432861
795.6092357635498
953.6783695220947
673.4395027160645
984.9410057067871
852.0114421844482
411.35311126708984
659.4901084899902
826.6897201538086
268.01228523254395
1215.409517288208
536.4208221435547
493.6385154724121
280.3361415863037
822.3841190338135
679.877519607544
362.9922866821289
569.868803024292
709.6042633056641
305.6201934814453
511.5342140197754
536.3011360168457
803.0314445495605
272.9775905609131
898.3175754547119
5912.071943283081
526.7972946166992
354.4178009033203
582.8044414520264
671.3995933532715
1014.7042274475098
209.9742889404297
447.4918842315674
675.0092506408691
836.83180809021
537.9130840301514
935.5859756469727
575.6006240844727
480.34000396728516
438.78674507141113
794.9564456939697
1096.7509746551514
612.5001907348633
1196.2158679962158
422.1346378326416
607.2940826416016
318.2942867279053
1378.359079360962
438.75718116760254
330.87921142578125
327.5461196899414
466.9654369354248
1574.7482776641846
696.3951587677002
452.75378227233887
1371.5968132019043
1990.9958839416504
491.5509223937988
1559.6532821655273
190.4599666595459
477.42676734924316
445.3001022338867
163.17296028137207
385.17236709594727
1318.0320262908936
1241.7404651641846
481.8551540374756
324.8412609100342
547.2252368927002
764.0395164489746
477.1897792816162
173.63929748535156
1260.1909637451172
789.8600101470947
153.37562561035156
672.2238063812256
383.6495876312256
2279.12974357605
752.4747848510742
1481.7297458648682
800.7762432098389
1201.2276649475098
670.7460880279541
1329.5397758483887
392.7347660064697
1442.3067569732666
704.4613361358643
1386.828899383545
683.5763454437256
745.2337741851807
473.949670791626
748.3289241790771
241.7774200439453
810.1670742034912
314.75138664245605
780.1127433776855
988.2256984710693
816.1191940307617
627.6402473449707
1204.4262886047363
698.399543762207
545.2098846435547
833.3759307861328
628.3137798309326
700.4115581512451
514.7838592529297
1265.6030654907227
826.7920017242432
286.06271743774414
447.50380516052246
579.5047283172607
494.647741317749
1699.8517513275146
914.4673347473145
1477.388620376587
441.3597583770752
360.37397384643555
343.9910411834717
934.312105178833
456.28833770751953
962.2898101806641
1006.6745281219482
501.73377990722656
651.3619422912598
428.67588996887207
436.6796016693115
421.95940017700195
636.7180347442627
369.8456287384033
252.0601749420166
1202.690839767456
629.2755603790283
1126.3847351074219
1916.891098022461
544.607400894165
1208.4355354309082
232.27620124816895
916.4547920227051
1292.2890186309814
358.3340644836426
484.3463897705078
198.9150047302246
1292.7255630493164
334.13171768188477
1677.0050525665283
437.3025894165039
1184.2195987701416
656.6469669342041
239.19677734375
1296.58842086792
485.7771396636963
585.9014987945557
1270.8134651184082
951.8048763275146
1895.0142860412598
769.9007987976074
1492.114782333374
1339.920997619629
1196.7244148254395
1051.051378250122
2623.704671859741
459.1643810272217
316.3182735443115
1130.3226947784424
1588.3688926696777
170.579195022583
325.2556324005127
442.8369998931885
699.6867656707764
1054.640769958496
531.2557220458984
1657.2089195251465
1173.201322555542
2564.2242431640625
1638.4851932525635
471.7674255371094
2051.630973815918
583.9560031890869
828.3507823944092
653.4173488616943
898.0016708374023
1427.6156425476074
442.2745704650879
475.0697612762451
547.0106601715088
902.6923179626465
1036.9594097137451
1248.9535808563232
309.85021591186523
835.9954357147217
184.783935546875
1139.8539543151855
1600.8169651031494
400.3899097442627
528.221845626831
964.881420135498
1015.9995555877686
695.0809955596924
1746.3974952697754
145.7061767578125
809.4499111175537
849.3595123291016
619.6966171264648
727.3976802825928
837.1977806091309
362.0760440826416
358.96921157836914
690.422773361206
1121.511697769165
997.7908134460449
884.2873573303223
957.9949378967285
1124.5207786560059
631.3600540161133
550.8050918579102
1018.0244445800781
485.06903648376465
783.8842868804932
655.0989151000977
204.04410362243652
1230.6945323944092
900.0709056854248
577.8396129608154
1165.5290126800537
726.2532711029053
336.78483963012695
986.6073131561279
548.9208698272705
676.1195659637451
573.8162994384766
285.07399559020996
828.7436962127686
267.96603202819824
645.2109813690186
668.4703826904297
470.7944393157959
334.3966007232666
289.076566696167
469.96259689331055
1116.0697937011719
771.7757225036621
2040.4057502746582
1031.7776203155518
404.7260284423828
701.2631893157959
294.4145202636719
234.62820053100586
1180.4163455963135
329.27823066711426
592.4313068389893
456.6218852996826
1116.1224842071533
466.1705493927002
670.1903343200684
646.8591690063477
1173.6946105957031
1024.2431163787842
827.8162479400635
674.0336418151855
1161.0307693481445
517.5447463989258
492.63668060302734
1424.0317344665527
1285.9306335449219
572.2851753234863
1015.7101154327393
191.27845764160156
1484.0316772460938
290.71831703186035
1350.0292301177979
234.60745811462402
516.4916515350342
371.8152046203613
1632.7245235443115
825.8829116821289
665.9400463104248
271.3961601257324
1252.8092861175537
246.76036834716797
860.1698875427246
504.55427169799805
279.5696258544922
2600.7933616638184
1138.1258964538574
1079.2834758758545
480.39889335632324
393.89729499816895
471.3613986968994
249.76015090942383
271.3308334350586
561.4080429077148
1258.1326961517334
1171.480417251587
631.4749717712402
402.1785259246826
580.7483196258545
487.85924911499023
1209.4054222106934
978.3740043640137
164.17455673217773
675.3957271575928
1721.6472625732422
1096.5468883514404
745.4888820648193
923.2115745544434
576.7850875854492
303.9867877960205
1270.8282470703125
1199.9502182006836
322.4654197692871
1229.0620803833008
696.9804763793945
567.5969123840332
2453.3588886260986
479.63404655456543
828.6948204040527
1498.2380867004395
712.8753662109375
261.4262104034424
433.21800231933594
618.3943748474121
356.7652702331543
373.7471103668213
3822.1793174743652
972.3794460296631
560.460090637207
903.4378528594971
569.861650466919
830.9018611907959
1038.2888317108154
604.6123504638672
1650.9578227996826
307.88588523864746
1140.7921314239502
691.704511642456
1349.3061065673828
1437.300205230713
2560.4262351989746
579.2908668518066
354.661226272583
651.7057418823242
252.22468376159668
330.64866065979004
422.9261875152588
415.68470001220703
1011.5921497344971
454.5285701751709
797.8124618530273
1276.0746479034424
630.6400299072266
634.8235607147217
571.7325210571289
245.56255340576172
1332.9217433929443
575.6127834320068
607.9928874969482
1126.3267993927002
590.3363227844238
374.8328685760498
172.93810844421387
542.0281887054443
536.6594791412354
693.6750411987305
226.1652946472168
261.08360290527344
1442.7549839019775
980.8871746063232
732.2511672973633
608.0307960510254
738.502025604248
1063.3175373077393
1000.6716251373291
232.09786415100098
379.87446784973145
918.0166721343994
646.8133926391602
1071.3343620300293
664.1464233398438
768.1705951690674
636.1000537872314
434.18359756469727
1124.6180534362793
1753.2269954681396
1136.3201141357422
745.4080581665039
1581.796646118164
966.0887718200684
2274.2881774902344
516.9577598571777
951.9932270050049
894.9079513549805
313.4417533874512
398.9114761352539
896.8548774719238
205.3964138031006
883.033037185669
722.5024700164795
1809.1247081756592
451.3735771179199
814.1963481903076
747.2789287567139
266.63923263549805
445.2192783355713
393.39470863342285
549.5495796203613
1620.197057723999
368.4711456298828
276.54147148132324
529.3991565704346
563.6799335479736
821.1867809295654
1255.6366920471191
541.1972999572754
1195.3248977661133
959.0950012207031
453.7808895111084
299.2284297943115
527.0571708679199
344.93494033813477
809.3411922454834
862.7357482910156
375.9796619415283
1197.0505714416504
1078.326940536499
1041.050910949707
610.1138591766357
1254.1756629943848
355.30900955200195
934.4444274902344
1279.5355319976807
468.62149238586426
487.56861686706543
720.4201221466064
952.153205871582
345.3483581542969
216.99142456054688
463.21892738342285
189.54849243164062
330.98721504211426
597.0761775970459
2017.2059535980225
821.9754695892334
272.46689796447754
535.3355407714844
816.9512748718262
568.0067539215088
1278.4452438354492
1174.2527484893799
564.0218257904053
677.3977279663086
445.79148292541504
737.4603748321533
245.9568977355957
522.7394104003906
348.99115562438965
217.85545349121094
585.6637954711914
382.17663764953613
570.3649520874023
1956.4402103424072
675.0879287719727
336.90404891967773
988.5051250457764
590.1312828063965
1607.210636138916
942.8870677947998
686.8126392364502
182.27744102478027
697.2076892852783
1430.1671981811523
313.85278701782227
803.5328388214111
229.02870178222656
475.1918315887451
1401.1187553405762
642.4813270568848
1218.8668251037598
426.67150497436523
1569.0460205078125
216.63475036621094
1011.467456817627
345.38960456848145
783.3795547485352
881.4697265625
163.8314723968506
476.61328315734863
319.6756839752197
247.52545356750488
608.9737415313721
724.6854305267334
1984.5101833343506
753.4770965576172
1179.0151596069336
1313.0075931549072
452.103853225708
1011.7285251617432
594.635009765625
527.0693302154541
587.660551071167
544.1322326660156
486.8018627166748
297.0776557922363
722.0673561096191
794.1317558288574
426.8498420715332
1102.7815341949463
1324.4237899780273
427.703857421875
507.4317455291748
996.1292743682861
621.027946472168
1232.417106628418
726.4614105224609
994.1246509552002
432.10673332214355
914.4728183746338
399.3344306945801
998.917818069458
499.51171875
348.36864471435547
240.30494689941406
335.252046585083
332.92174339294434
1022.8984355926514
450.41680335998535
225.26025772094727
177.9017448425293
973.942756652832
891.7140960693359
845.257043838501
1135.2851390838623
1180.8841228485107
420.7763671875
1877.056360244751
632.413387298584
994.1318035125732
711.8008136749268
692.8162574768066
506.6087245941162
757.5380802154541
414.961576461792
322.6006031036377
266.9637203216553
1633.0840587615967
1359.8744869232178
1188.6272430419922
1739.0007972717285
222.9447364807129
640.5274868011475
285.10546684265137
442.2488212585449
505.2027702331543
533.2803726196289
825.2685070037842
1233.917236328125
1047.5482940673828
410.23826599121094
582.1776390075684
395.10560035705566
919.6114540100098
855.7693958282471
359.7266674041748
695.4243183135986
252.58994102478027
448.30322265625
586.1928462982178
1056.4861297607422
564.3310546875
317.84510612487793
1123.2917308807373
667.6473617553711
284.09290313720703
616.767406463623
1036.6261005401611
699.4860172271729
845.6215858459473
694.3423748016357
379.5895576477051
403.7957191467285
905.9183597564697
709.4228267669678
345.4415798187256
711.6255760192871
869.229793548584
373.96907806396484
1911.4024639129639
972.0370769500732
653.3682346343994
1097.0652103424072
1350.2893447875977
1535.1521968841553
1198.0016231536865
158.05768966674805
329.9105167388916
610.2790832519531
879.1232109069824
594.3105220794678
1252.3579597473145
1194.8511600494385
473.66929054260254
469.5734977722168
1329.702377319336
1494.788646697998
393.4369087219238
547.4627017974854
510.1027488708496
284.1534614562988
624.2899894714355
792.9778099060059
1274.9547958374023
2902.0707607269287
579.3521404266357
601.8924713134766
980.8316230773926
1332.9310417175293
1571.5234279632568
246.57368659973145
1006.317138671875
364.28093910217285
284.2094898223877
322.26037979125977
362.65039443969727
390.29383659362793
342.23270416259766
581.9056034088135
1334.4721794128418
1462.6073837280273
414.1192436218262
686.5599155426025
950.0463008880615
607.7985763549805
1117.0735359191895
533.7409973144531
454.1974067687988
975.7628440856934
1936.3365173339844
448.4739303588867
245.4853057861328
1347.0408916473389
394.0308094024658
2042.797565460205
213.9739990234375
1682.3194026947021
209.1677188873291
980.7281494140625
825.5937099456787
591.3763046264648
1162.1034145355225
778.9199352264404
516.5510177612305
611.2210750579834
582.1223258972168
463.84453773498535
1566.431999206543
469.1286087036133
1858.8576316833496
1005.4841041564941
236.40823364257812
641.115665435791
366.49513244628906
922.1725463867188
1544.7587966918945
897.7522850036621
341.933012008667
3895.939826965332
157.8526496887207
645.7011699676514
1184.1192245483398
641.484260559082
988.3899688720703
413.2342338562012
493.804931640625
1148.327350616455
743.635892868042
929.638147354126
900.6412029266357
716.8445587158203
1072.6001262664795
976.0496616363525
1366.9180870056152
267.86041259765625
222.92017936706543
434.6327781677246
1443.371057510376
975.5535125732422
967.4246311187744
462.2647762298584
1571.645736694336
1518.4152126312256
418.20502281188965
1415.654182434082
1026.7963409423828
1368.1862354278564
414.3671989440918
669.344425201416
454.01835441589355
2657.0687294006348
1946.9106197357178
1531.8684577941895
1337.057113647461
635.9710693359375
2526.0062217712402
726.4153957366943
215.1172161102295
623.0356693267822
797.9443073272705
355.9143543243408
525.9337425231934
1026.8287658691406
518.2311534881592
205.58667182922363
698.2240676879883
690.6290054321289
372.40004539489746
446.9645023345947
401.4863967895508
733.2632541656494
689.6169185638428
439.6796226501465
1102.3948192596436
961.5306854248047
998.6941814422607
591.4328098297119
320.5866813659668
770.9808349609375
1431.1387538909912
1151.8635749816895
419.4002151489258
1481.6009998321533
647.6602554321289
854.7508716583252
344.2976474761963
585.4239463806152
409.1479778289795
251.25360488891602
517.3697471618652
1470.167636871338
441.2844181060791
504.061222076416
166.701078414917
464.02931213378906
527.1384716033936
789.8800373077393
806.2958717346191
1373.3110427856445
1702.9666900634766
721.5783596038818
990.2734756469727
261.49559020996094
1413.8224124908447
649.6107578277588
543.4310436248779
415.03167152404785
841.20774269104
459.2885971069336
447.11947441101074
451.98726654052734
405.7121276855469
222.88084030151367
670.2728271484375
650.6006717681885
669.640302658081
529.4740200042725
587.6431465148926
259.03773307800293
1024.4338512420654
1133.5959434509277
772.7644443511963
406.24070167541504
980.0271987915039
517.9839134216309
296.2954044342041
466.7549133300781
912.0936393737793
951.3952732086182
714.8745059967041
328.51243019104004
1119.2529201507568
488.70110511779785
1526.1855125427246
473.9530086517334
502.32386589050293
1727.978229522705
497.2832202911377
1952.5566101074219
532.489538192749
318.53556632995605
320.1117515563965
1156.9185256958008
758.8729858398438
174.73530769348145
360.5678081512451
429.08167839050293
969.3517684936523
1152.8019905090332
653.5069942474365
1378.7343502044678
510.53595542907715
1274.2464542388916
635.3347301483154
818.7429904937744
516.798734664917
355.682373046875
202.72111892700195
662.4488830566406
1501.8136501312256
542.0541763305664
629.7032833099365
726.219892501831
548.4881401062012
778.4514427185059
1680.7851791381836
245.3775405883789
1981.5309047698975
560.3408813476562
530.3428173065186
1253.3950805664062
610.9180450439453
297.3911762237549
1151.228666305542
422.86229133605957
813.1203651428223
712.2204303741455
572.730302810669
599.494218826294
1210.0260257720947
985.5239391326904
1671.5962886810303
790.5640602111816
1075.6947994232178
646.7890739440918
477.60605812072754
382.7540874481201
315.7997131347656
691.9653415679932
976.7255783081055
614.1924858093262
290.982723236084
690.575122833252
881.9997310638428
1008.5916519165039
659.268856048584
392.96913146972656
1996.2399005889893
355.4871082305908
778.6717414855957
422.35851287841797
1098.839282989502
398.1008529663086
860.1715564727783
401.1690616607666
727.6966571807861
618.9627647399902
512.5391483306885
913.9552116394043
614.8557662963867
519.303560256958
235.6278896331787
890.2373313903809
361.1161708831787
1186.8722438812256
454.8807144165039
2393.702983856201
912.5540256500244
1964.8559093475342
602.6785373687744
720.252275466919
1441.4656162261963
1389.3072605133057
1320.02854347229
1103.0559539794922
867.6440715789795
443.9423084259033
417.1264171600342
1047.4331378936768
661.0758304595947
1085.8426094055176
1071.7039108276367
777.8589725494385
616.5924072265625
1401.1244773864746
361.5608215332031
1127.4151802062988
350.1577377319336
732.4666976928711
2041.9905185699463
1102.0615100860596
666.7675971984863
716.6290283203125
196.55513763427734
641.4034366607666
827.8348445892334
728.0685901641846
430.2201271057129
619.1492080688477
594.0742492675781
510.6182098388672
627.4616718292236
702.7912139892578
600.0230312347412
816.3611888885498
586.9121551513672
418.0572032928467
1080.7626247406006
1263.8404369354248
852.8153896331787
641.7853832244873
621.2301254272461
543.0817604064941
677.3011684417725
368.1180477142334
2015.8257484436035
1194.471836090088
306.38980865478516
658.6673259735107
581.8498134613037
452.16965675354004
756.9751739501953
1426.8662929534912
767.3399448394775
796.137809753418
468.6279296875
618.2637214660645
590.5287265777588
867.3563003540039
378.6025047302246
507.74645805358887
841.1028385162354
200.8349895477295
525.2950191497803
992.9742813110352
1163.8247966766357
284.0592861175537
1269.5293426513672
1699.096918106079
1132.1754455566406
303.8806915283203
381.1211585998535
823.1384754180908
1224.8644828796387
617.8925037384033
415.2646064758301
742.4101829528809
441.251277923584
1441.091775894165
453.5033702850342
875.5011558532715
1127.798080444336
537.1761322021484
1250.3182888031006
936.6321563720703
643.7070369720459
322.4062919616699
1489.1185760498047
1524.5733261108398
598.8540649414062
1444.4665908813477
424.0734577178955
405.3921699523926
772.0811367034912
560.4093074798584
1200.366497039795
458.9874744415283
490.3414249420166
1101.912498474121
597.3718166351318
866.2934303283691
600.9469032287598
732.0964336395264
226.0279655456543
461.27963066101074
383.5296630859375
3079.8702239990234
986.3448143005371
1271.9871997833252
1019.934892654419
1052.0689487457275
310.7728958129883
2789.017677307129
489.9942874908447
245.6798553466797
652.6069641113281
401.2727737426758
961.7390632629395
868.8600063323975
1018.1376934051514
275.7291793823242
1071.2580680847168
854.8614978790283
448.32921028137207
1303.2395839691162
364.4065856933594
991.6419982910156
495.33534049987793
479.48670387268066
2673.947334289551
653.7296772003174
543.0111885070801
1672.6958751678467
2276.6177654266357
578.2208442687988
830.4755687713623
678.4682273864746
1522.350788116455
1118.5753345489502
310.5921745300293
882.2305202484131
1094.5713520050049
843.2364463806152
434.23962593078613
709.6982002258301
660.510778427124
462.8753662109375
1465.982437133789
674.3342876434326
903.9134979248047
789.8485660552979
1134.9663734436035
1492.976427078247
260.58411598205566
1234.2026233673096
1474.6239185333252
945.3887939453125
1060.7097148895264
639.7030353546143
797.8665828704834
964.5512104034424
683.234453201294
2675.7729053497314
635.565996170044
691.9901371002197
636.9993686676025
1002.0356178283691
1446.4595317840576
976.478099822998
503.30162048339844
1252.4631023406982
629.3854713439941
421.3070869445801
345.4020023345947
619.9891567230225
588.0711078643799
636.8122100830078
302.3087978363037
1505.4495334625244
657.0558547973633
1039.7019386291504
298.1863021850586
609.9393367767334
496.15931510925293
634.627103805542
747.6036548614502
415.93265533447266
430.342435836792
1117.0458793640137
731.6040992736816
537.7025604248047
1970.0291156768799
577.0869255065918
392.4288749694824
562.7527236938477
866.6317462921143
739.1557693481445
590.6827449798584
1466.996669769287
465.64507484436035
269.2561149597168
485.57138442993164
712.4578952789307
897.4840641021729
476.7160415649414
2166.964530944824
292.44446754455566
1241.9006824493408
385.9291076660156
601.7894744873047
899.0449905395508
584.8345756530762
385.27607917785645
1412.4972820281982
344.8643684387207
1365.4825687408447
801.9506931304932
788.9194488525391
297.8484630584717
403.8379192352295
587.8627300262451
474.61438179016113
2467.989206314087
363.7378215789795
547.6016998291016
626.6329288482666
561.1813068389893
325.641393661499
461.0440731048584
1675.1561164855957
1170.872449874878
802.6473522186279
924.0012168884277
358.99877548217773
796.0100173950195
613.7313842773438
626.9402503967285
268.39256286621094
660.2339744567871
637.9568576812744
544.8987483978271
607.4886322021484
1486.2418174743652
798.9246845245361
231.40525817871094
1029.86478805542
1400.5687236785889
1273.8254070281982
509.5236301422119
538.332462310791
1138.2973194122314
1084.6099853515625
1572.4842548370361
431.86497688293457
390.7170295715332
318.01462173461914
2141.1163806915283
314.93306159973145
599.3521213531494
894.6349620819092
571.7272758483887
711.5049362182617
1107.3029041290283
353.3000946044922
646.5582847595215
384.29951667785645
455.7628631591797
750.5624294281006
524.1250991821289
1205.4321765899658
353.823184967041
526.2222290039062
405.17425537109375
522.8133201599121
861.4435195922852
549.9100685119629
854.4366359710693
773.0987071990967
1097.4087715148926
505.8267116546631
381.8643093109131
1886.7237567901611
578.8397789001465
809.4336986541748
632.9619884490967
1707.329511642456
990.9520149230957
613.7454509735107
154.771089553833
560.0488185882568
554.2604923248291
423.5987663269043
798.2165813446045
1297.7826595306396
792.8917407989502
1706.4168453216553
606.837272644043
1117.3269748687744
904.099702835083
1900.5095958709717
610.074520111084
1537.1441841125488
567.5177574157715
1089.1101360321045
400.4805088043213
502.6288032531738
1023.4785079956055
240.7360076904297
623.2860088348389
986.4091873168945
849.743127822876
408.4291458129883
270.6582546234131
1257.0900917053223
336.17591857910156
343.71089935302734
248.31533432006836
380.9692859649658
855.5374145507812
469.18368339538574
430.7234287261963
452.38351821899414
568.7055587768555
1002.6156902313232
1197.4332332611084
366.18781089782715
471.76384925842285
873.4726905822754
554.4717311859131
1905.1649570465088
860.6228828430176
648.9675045013428
1699.0480422973633
783.2419872283936
910.7508659362793
1686.4817142486572
1435.7128143310547
224.75767135620117
380.86843490600586
377.5172233581543
419.07787322998047
1204.146146774292
250.94318389892578
1501.3279914855957
1771.690845489502
654.2999744415283
855.9236526489258
1657.313346862793
624.9983310699463
946.6133117675781
351.8335819244385
713.9303684234619
308.8839054107666
616.7864799499512
793.1718826293945
774.451732635498
640.1388645172119
400.132417678833
1074.0814208984375
960.9799385070801
828.3421993255615
325.1793384552002
383.99791717529297
729.8603057861328
1036.262035369873
519.4394588470459
176.2235164642334
918.4231758117676
1256.4432621002197
1208.564281463623
283.2918167114258
374.46093559265137
540.4772758483887
1208.874225616455
659.4417095184326
1670.684576034546
192.95287132263184
1372.5168704986572
1391.4375305175781
304.20851707458496
1608.1335544586182
519.9635028839111
735.4705333709717
1982.6774597167969
614.0034198760986
282.8860282897949
1131.312370300293
723.2646942138672
1207.4434757232666
2038.2051467895508
659.8694324493408
576.1916637420654
305.267333984375
1813.7211799621582
767.9004669189453
680.3224086761475
1881.3502788543701
831.7828178405762
1019.4797515869141
1288.9413833618164
360.4469299316406
1500.828742980957
723.2522964477539
368.8492774963379
431.3042163848877
886.634111404419
1469.505786895752
181.81562423706055
188.44008445739746
993.5250282287598
1341.9365882873535
454.0839195251465
1080.124855041504
745.4695701599121
140.01011848449707
576.2810707092285
296.8411445617676
1379.6937465667725
806.586503982544
669.6031093597412
1059.5884323120117
730.6292057037354
935.4543685913086
390.28120040893555
244.9784278869629
924.0016937255859
286.29088401794434
418.5681343078613
445.9507465362549
829.9994468688965
358.9050769805908
2016.7334079742432
701.9445896148682
415.53544998168945
988.1227016448975
348.42705726623535
644.5293426513672
556.6227436065674
864.0663623809814
1537.1806621551514
908.2882404327393
1049.560785293579
303.1744956970215
688.6885166168213
1061.9404315948486
729.1631698608398
444.4253444671631
1120.974063873291
523.8988399505615
341.5825366973877
365.459680557251
677.1609783172607
1038.7632846832275
219.10643577575684
870.3892230987549
832.9296112060547
466.97139739990234
380.5272579193115
306.11300468444824
403.57112884521484
389.3003463745117
312.93559074401855
440.0670528411865
1638.791799545288
2085.153818130493
2604.605197906494
1026.510238647461
715.2388095855713
964.1344547271729
716.484546661377
545.1705455780029
917.3951148986816
269.6390151977539
678.858757019043
200.23608207702637
502.03704833984375
1041.4252281188965
478.7130355834961
303.36499214172363
1997.800588607788
957.4401378631592
173.0191707611084
625.4260540008545
465.5742645263672
343.353271484375
908.2846641540527
1339.6313190460205
514.594316482544
620.225191116333
415.3585433959961
313.0323886871338
506.5956115722656
383.5632801055908
1424.1511821746826
385.8458995819092
1554.905891418457
757.4639320373535
1248.1753826141357
842.5195217132568
536.5755558013916
958.9822292327881
394.7117328643799
559.0207576751709
297.37329483032227
775.1555442810059
634.8588466644287
772.2170352935791
735.7094287872314
1778.9027690887451
318.4792995452881
1164.6361351013184
1098.1621742248535
569.117546081543
635.2055072784424
765.3839588165283
1323.8725662231445
315.85097312927246
1894.510269165039
653.4991264343262
751.0998249053955
703.723669052124
926.4624118804932
1811.0432624816895
400.5098342895508
351.12977027893066
480.81350326538086
1234.464406967163
738.1265163421631
437.5119209289551
809.8635673522949
1232.288122177124
1258.7511539459229
186.171293258667
1420.3557968139648
163.2215976715088
384.39083099365234
789.5302772521973
357.1209907531738
231.7047119140625
668.7808036804199
497.7717399597168
645.1067924499512
847.797155380249
249.88746643066406
774.1310596466064
546.8606948852539
1012.1488571166992
1633.2621574401855
842.5347805023193
1181.0734272003174
758.9988708496094
727.0588874816895
506.3192844390869
364.091157913208
1204.7560214996338
1135.108470916748
530.2751064300537
315.3491020202637
144.29259300231934
511.92426681518555
1433.6986541748047
557.1014881134033
1302.6621341705322
605.4575443267822
531.1088562011719
473.4330177307129
1704.6053409576416
494.8616027832031
748.6884593963623
805.0646781921387
436.20991706848145
704.2646408081055
709.7718715667725
1612.3547554016113
1122.849702835083
397.8910446166992
1466.83669090271
615.602970123291
318.93229484558105
1676.6610145568848
1025.477409362793
503.9503574371338
906.8624973297119
379.2586326599121
1710.026502609253
395.50232887268066
677.5193214416504
546.9405651092529
314.64266777038574
354.0642261505127
398.15449714660645
938.8077259063721
447.47424125671387
487.98346519470215
530.817985534668
2020.4925537109375
365.2949333190918
526.4143943786621
529.944658279419
1459.6872329711914
434.2222213745117
172.61505126953125
1220.9818363189697
176.59282684326172
657.1905612945557
1085.6785774230957
941.6508674621582
524.0721702575684
164.57247734069824
680.1972389221191
226.03559494018555
397.13001251220703
159.881591796875
750.2748966217041
554.8183917999268
2585.266590118408
968.1921005249023
710.6509208679199
963.3030891418457
234.33852195739746
159.39950942993164
420.80044746398926
982.8221797943115
443.4025287628174
732.4879169464111
483.50048065185547
1881.760835647583
1911.897897720337
274.3239402770996
1087.1250629425049
993.5388565063477
861.2515926361084
726.855993270874
938.3525848388672
720.5476760864258
161.84687614440918
354.65502738952637
1007.542610168457
524.0066051483154
682.7089786529541
1428.3676147460938
531.4631462097168
804.0657043457031
1019.8431015014648
199.95570182800293
307.204008102417
1299.3083000183105
822.5877285003662
399.57499504089355
551.7597198486328
728.1148433685303
2582.8399658203125
419.1722869873047
1294.1460609436035
2150.7248878479004
690.5615329742432
287.7628803253174
714.1973972320557
1583.84108543396
754.2057037353516
309.56578254699707
1047.0783710479736
315.28186798095703
751.6987323760986
845.3094959259033
352.9961109161377
204.15663719177246
1192.9104328155518
768.3064937591553
353.9438247680664
355.99255561828613
976.8502712249756
1450.7112503051758
1549.4871139526367
275.6307125091553
823.0769634246826
974.2004871368408
1176.6502857208252
764.9197578430176
545.6969738006592
818.657398223877
1204.021692276001
534.7270965576172
563.3060932159424
214.8139476776123
167.6795482635498
846.8911647796631
230.93271255493164
660.2811813354492
438.39359283447266
440.8230781555176
362.37287521362305
1259.5524787902832
1057.4564933776855
1592.9970741271973
702.0409107208252
590.5852317810059
378.5858154296875
443.6328411102295
983.922004699707
320.02902030944824
1494.7421550750732
230.33785820007324
554.8179149627686
682.070255279541
963.409423828125
732.2916984558105
1486.2449169158936
1846.1368083953857
373.185396194458
1480.5400371551514
547.4607944488525
918.1628227233887
741.7371273040771
296.2806224822998
554.7194480895996
1240.8368587493896
2355.762004852295
855.7476997375488
666.5775775909424
489.8078441619873
1377.0217895507812
635.7076168060303
1452.2380828857422
231.9469451904297
636.7082595825195
715.313196182251
1800.4741668701172
447.2630023956299
865.9448623657227
1137.5181674957275
603.8718223571777
975.1834869384766
564.995527267456
419.56067085266113
978.47580909729
1481.11891746521
444.4112777709961
738.1460666656494
1023.7770080566406
566.5209293365479
772.2196578979492
379.0421485900879
925.105094909668
521.2514400482178
601.0065078735352
1529.3433666229248
1002.7236938476562
1226.8071174621582
1419.3994998931885
457.7791690826416
507.0176124572754
632.4067115783691
176.96452140808105
782.3853492736816
1544.7640419006348
581.3229084014893
435.9240531921387
522.2759246826172
429.02135848999023
1091.1824703216553
496.7215061187744
1587.876558303833
962.6057147979736
530.6689739227295
1104.0887832641602
510.37001609802246
358.3078384399414
889.2076015472412
1597.8384017944336
709.7592353820801
512.6581192016602
2067.6631927490234
1373.3978271484375
1335.5019092559814
757.0974826812744
180.55486679077148
577.6379108428955
1146.388053894043
749.6814727783203
470.2720642089844
1191.9801235198975
789.4387245178223
541.3119792938232
687.993049621582
413.1340980529785
381.4046382904053
1194.854974746704
1224.4617938995361
265.55919647216797
277.18210220336914
939.4326210021973
845.0160026550293
829.6082019805908
981.6522598266602
420.6724166870117
1344.4433212280273
814.8105144500732
2223.982095718384
281.8632125854492
1034.5828533172607
928.3301830291748
2033.1687927246094
511.95621490478516
688.812255859375
496.67978286743164
151.3388156890869
517.6181793212891
363.66963386535645
780.9836864471436
559.9915981292725
1366.4937019348145
1429.5523166656494
622.9462623596191
753.9560794830322
521.0380554199219
456.2520980834961
1254.8599243164062
354.8879623413086
1111.4656925201416
1099.5068550109863
639.0302181243896
3080.174446105957
969.019889831543
482.6936721801758
597.6014137268066
453.41968536376953
913.0809307098389
479.1254997253418
258.0592632293701
568.479061126709
218.1408405303955
1013.4124755859375
711.7090225219727
940.0026798248291
1109.6341609954834
277.7097225189209
822.0055103302002
880.8014392852783
1720.3164100646973
568.3424472808838
1005.9301853179932
478.47843170166016
2166.1834716796875
761.2049579620361
342.6938056945801
