774.6851444244385
1278.6448001861572
170.0427532196045
163.25664520263672
893.7857151031494
382.95602798461914
908.0171585083008
742.8810596466064
144.76752281188965
391.7863368988037
594.9187278747559
331.3744068145752
925.5449771881104
174.48949813842773
792.2477722167969
810.5659484863281
2486.9892597198486
165.24958610534668
733.4277629852295
224.40052032470703
1525.0539779663086
274.44982528686523
621.9847202301025
311.69652938842773
753.6249160766602
1046.5877056121826
531.6390991210938
394.0920829772949
520.5891132354736
154.62327003479004
207.22317695617676
332.8857421875
955.0659656524658
656.2607288360596
1186.5966320037842
909.4297885894775
266.5724754333496
1419.9845790863037
1442.2941207885742
300.1115322113037
199.6290683746338
658.4889888763428
512.2711658477783
4220.340728759766
240.9188747406006
496.9007968902588
177.24084854125977
4065.2389526367188
1296.3101863861084
198.99868965148926
2733.426809310913
612.5566959381104
673.001766204834
233.66856575012207
3161.083459854126
283.1289768218994
1524.742841720581
648.5898494720459
267.48061180114746
152.43816375732422
3029.5045375823975
188.97151947021484
1539.2377376556396
230.0281524658203
1433.2220554351807
213.9890193939209
2383.0726146698
391.41273498535156
799.3507385253906
1048.9165782928467
1381.6595077514648
1450.2780437469482
383.1799030303955
180.9978485107422
141.5691375732422
321.2780952453613
407.98068046569824
370.01490592956543
221.4212417602539
271.0137367248535
2772.4263668060303
206.25996589660645
255.04779815673828
389.9118900299072
471.90308570861816
180.0990104675293
418.67756843566895
448.27842712402344
1365.8254146575928
483.2262992858887
409.2986583709717
378.40938568115234
316.0102367401123
231.04524612426758
4804.593801498413
4079.5865058898926
256.06226921081543
2481.2636375427246
186.34939193725586
1149.744987487793
277.65965461730957
344.8648452758789
143.7671184539795
340.3503894805908
170.6991195678711
288.7547016143799
168.61772537231445
212.4171257019043
312.0875358581543
315.30117988586426
168.6534881591797
144.01865005493164
220.34502029418945
184.70382690429688
317.02136993408203
719.0423011779785
164.04247283935547
163.86079788208008
4090.263605117798
186.2318515777588
257.9343318939209
1039.0710830688477
298.259973526001
169.5258617401123
189.90302085876465
771.0132598876953
2016.617774963379
1295.7186698913574
632.0803165435791
166.30840301513672
2613.974094390869
587.54563331604
2539.8387908935547
295.15933990478516
278.9947986602783
396.54541015625
1417.5984859466553
143.36013793945312
1232.2299480438232
1033.837080001831
487.2622489929199
570.4412460327148
229.28738594055176
196.3052749633789
145.74766159057617
296.7202663421631
585.137128829956
1255.7120323181152
239.58516120910645
206.1614990234375
1233.4446907043457
249.9384880065918
155.24721145629883
354.47239875793457
342.7443504333496
399.2743492126465
387.9516124725342
585.4072570800781
309.10634994506836
284.5573425292969
335.06059646606445
301.5735149383545
175.3237247467041
715.6596183776855
194.18740272521973
630.5484771728516
2219.644546508789
389.35089111328125
1092.203140258789
1910.1197719573975
224.29680824279785
489.8254871368408
1481.964349746704
2457.218647003174
204.94604110717773
499.97663497924805
728.2857894897461
459.6998691558838
439.816951751709
1099.6596813201904
270.62320709228516
387.32004165649414
447.9227066040039
622.1544742584229
1422.3077297210693
1974.1427898406982
1185.7311725616455
483.72507095336914
2537.929058074951
367.7523136138916
345.0143337249756
284.7323417663574
346.4796543121338
281.3894748687744
1996.8490600585938
729.1491031646729
791.7048931121826
3640.873908996582
1154.9251079559326
1915.3783321380615
