1.169393062591552734e-01
8.116412162780761719e-02
2.067824602127075195e+00
3.738909630775451660e+02
4.255841255187988281e+00
3.074309825897216797e-01
4.826354980468750000e-02
2.527034282684326172e-01
8.287191390991210938e-02
5.637550354003906250e-02
1.315767741203308105e+01
4.611370563507080078e-01
6.045150756835937500e-02
4.110145568847656250e-02
1.060535907745361328e-01
1.075370311737060547e-01
8.103370666503906250e-02
5.198526382446289062e-02
2.382411956787109375e-01
6.091260910034179688e-02
7.028675079345703125e-02
5.115795135498046875e-02
6.179046630859375000e-02
1.969897985458374023e+00
1.295485496520996094e-01
5.080933570861816406e-01
9.783959388732910156e-02
6.327497959136962891e-01
8.393883705139160156e-02
6.513476371765136719e-02
5.819869041442871094e-02
3.342297077178955078e-01
4.848841125965118408e+02
8.095312118530273438e-02
4.751396179199218750e-01
4.268450736999511719e-01
6.672406196594238281e+00
1.012616157531738281e-01
3.891401290893554688e-01
1.509758710861206055e+00
8.327174186706542969e-02
1.544094085693359375e-01
1.358447074890136719e-01
7.015800476074218750e-02
9.000351905822753906e+00
1.890398740768432617e+00
1.020157337188720703e-01
4.188680648803710938e-02
1.093304157257080078e-01
4.289982318878173828e-01
2.202446460723876953e-01
5.898571014404296875e-02
4.866957664489746094e-02
7.784938812255859375e-02
3.657793998718261719e-02
9.348249435424804688e-02
9.993243217468261719e-02
2.885258197784423828e-01
3.922498981952667236e+02
4.158938646316528320e+00
9.374213218688964844e-02
1.150865793228149414e+00
2.076586642265319824e+02
4.672601222991943359e-01
3.446133136749267578e-01
8.302974700927734375e-02
2.008810043334960938e-01
3.916835784912109375e-02
2.528207063674926758e+00
1.521626234054565430e+00
1.164970397949218750e-01
1.058616638183593750e-01
7.253479957580566406e-02
7.333683967590332031e-02
5.529367923736572266e-01
4.704213142395019531e-02
9.666705131530761719e-02
5.622744560241699219e-02
1.098363399505615234e-01
9.659695625305175781e-02
2.652083396911621094e+00
3.092355728149414062e-01
4.848647117614746094e-02
2.425862789154052734e+00
2.629096508026123047e-01
7.002067565917968750e-02
1.421539783477783203e-01
5.898952484130859375e-02
4.176259040832519531e-01
1.461009979248046875e-01
6.258153915405273438e-02
1.146841526031494141e+00
2.032375335693359375e-01
9.510493278503417969e-02
5.331048965454101562e-01
2.670557498931884766e-01
2.155406475067138672e-01
8.260846138000488281e-02
1.676871776580810547e-01
5.288672447204589844e-02
1.031303405761718750e-01
5.149054527282714844e-02
4.282402992248535156e-02
1.280868053436279297e-01
7.190918922424316406e-01
4.012384414672851562e-01
5.241942405700683594e-02
1.715347766876220703e-01
3.396890163421630859e-01
5.910062789916992188e-02
9.625434875488281250e-02
3.124599456787109375e-01
4.366922378540039062e-02
2.826781272888183594e-01
2.023718357086181641e-01
1.628458499908447266e-01
6.024699211120605469e-01
7.131361961364746094e-02
2.015545368194580078e-01
1.771199703216552734e-01
1.884653568267822266e-01
6.205828189849853516e-01
1.015350818634033203e-01
2.013618946075439453e-01
1.221449375152587891e-01
1.309781074523925781e-01
2.376241683959960938e-01
1.074106693267822266e-01
4.479513168334960938e-01
6.569409370422363281e-02
8.446884155273437500e-02
3.489351272583007812e-02
5.322551727294921875e-02
1.074662737846374512e+02
6.913719177246093750e-01
3.803064823150634766e-01
1.082437038421630859e-01
1.628632545471191406e-01
1.767156124114990234e-01
4.319975376129150391e-01
1.192860603332519531e-01
1.108143329620361328e-01
1.163971424102783203e-01
2.054867744445800781e-01
6.975340843200683594e-02
8.463120460510253906e-02
2.022658348083496094e+00
1.683011054992675781e-01
1.781585216522216797e-01
7.963228940963745117e+01
4.599623680114746094e-01
2.897057533264160156e-01
2.860662937164306641e-01
9.775161743164062500e-02
1.220637917518615723e+01
1.775646209716796875e-01
1.900210881233215332e+01
7.388710975646972656e-02
1.653838956356048584e+02
4.153442382812500000e-02
1.896507740020751953e-01
1.546049118041992188e-01
1.390204429626464844e-01
7.106781005859375000e-02
4.997062683105468750e-02
2.722001075744628906e-01
4.103700399398803711e+00
5.129273781776428223e+02
1.167213916778564453e-01
1.445324420928955078e-01
4.208540916442871094e-01
9.157824516296386719e-02
2.719280719757080078e-01
4.802227020263671875e-02
1.614432334899902344e-01
5.462884902954101562e-02
2.927490234375000000e+00
8.438060045242309570e+00
6.693630218505859375e-01
1.011228561401367188e-01
8.196973800659179688e-02
6.306672096252441406e-02
2.725684642791748047e-01
5.931949615478515625e-02
9.473109245300292969e-02
3.819317817687988281e-01
8.749246597290039062e-02
1.403453350067138672e-01
4.729390144348144531e-02
9.435033798217773438e-02
7.444310188293457031e-02
1.389584541320800781e-01
2.207145690917968750e-01
5.010838508605957031e-01
8.187365531921386719e-02
3.284053802490234375e-01
3.488723516464233398e+00
9.170603752136230469e-02
1.258280277252197266e-01
5.027393102645874023e+00
