1.126542091369628906e-01
7.573032379150390625e-02
1.828930854797363281e+00
3.645245220661163330e+02
3.912715911865234375e+00
2.362315654754638672e-01
4.264116287231445312e-02
2.245223522186279297e-01
8.554410934448242188e-02
6.109499931335449219e-02
1.455424594879150391e+01
4.238367080688476562e-01
1.184055805206298828e-01
4.318904876708984375e-02
8.802962303161621094e-02
9.676623344421386719e-02
7.501769065856933594e-02
5.020737648010253906e-02
2.018446922302246094e-01
5.742096900939941406e-02
5.957937240600585938e-02
4.821991920471191406e-02
5.465793609619140625e-02
1.842914104461669922e+00
7.908940315246582031e-02
4.497342109680175781e-01
1.001365184783935547e-01
6.555728912353515625e-01
7.959508895874023438e-02
5.525040626525878906e-02
4.930734634399414062e-02
2.982113361358642578e-01
4.694281840324401855e+02
5.854892730712890625e-02
4.634277820587158203e-01
3.168623447418212891e-01
5.954077959060668945e+00
1.104557514190673828e-01
3.763101100921630859e-01
1.365164995193481445e+00
8.142805099487304688e-02
1.399919986724853516e-01
1.236407756805419922e-01
8.411026000976562500e-02
8.214140176773071289e+00
1.653683662414550781e+00
8.999109268188476562e-02
4.237103462219238281e-02
1.118459701538085938e-01
3.866970539093017578e-01
1.989266872406005859e-01
5.835413932800292969e-02
4.797410964965820312e-02
5.832767486572265625e-02
3.541994094848632812e-02
7.739043235778808594e-02
9.216642379760742188e-02
2.568185329437255859e-01
3.537809162139892578e+02
3.594034433364868164e+00
6.498098373413085938e-02
1.017162799835205078e+00
1.114704282283782959e+02
3.880028724670410156e-01
6.754493713378906250e-02
8.964896202087402344e-02
1.647770404815673828e-01
3.931832313537597656e-02
2.172493696212768555e+00
9.412033557891845703e-01
1.024544239044189453e-01
1.011071205139160156e-01
6.509017944335937500e-02
6.751394271850585938e-02
1.828801631927490234e-01
4.752302169799804688e-02
8.560299873352050781e-02
4.934096336364746094e-02
1.214888095855712891e-01
7.916712760925292969e-02
2.224185466766357422e+00
2.354679107666015625e-01
5.574178695678710938e-02
2.082612276077270508e+00
2.415561676025390625e-01
6.426048278808593750e-02
1.449596881866455078e-01
6.050801277160644531e-02
7.936859130859375000e-02
1.367573738098144531e-01
6.026625633239746094e-02
8.410243988037109375e-01
1.653006076812744141e-01
8.024525642395019531e-02
4.315803050994873047e-01
2.355511188507080078e-01
1.036665439605712891e-01
7.694697380065917969e-02
1.807103157043457031e-01
4.795455932617187500e-02
9.599661827087402344e-02
4.703211784362792969e-02
4.202890396118164062e-02
9.987235069274902344e-02
3.065629005432128906e-01
3.264768123626708984e-01
4.666113853454589844e-02
1.502640247344970703e-01
2.380342483520507812e-01
5.481481552124023438e-02
7.257318496704101562e-02
3.810739517211914062e-02
4.144620895385742188e-02
2.788310050964355469e-01
1.741137504577636719e-01
1.431441307067871094e-01
1.816558837890625000e-01
5.863881111145019531e-02
1.709105968475341797e-01
1.599130630493164062e-01
1.612391471862792969e-01
3.716542720794677734e-01
9.182357788085937500e-02
2.096536159515380859e-01
1.093564033508300781e-01
1.025648117065429688e-01
1.466622352600097656e-01
1.084632873535156250e-01
1.651599407196044922e-01
6.502699851989746094e-02
6.330227851867675781e-02
3.824830055236816406e-02
4.479670524597167969e-02
1.017518615722656250e+02
1.484556198120117188e-01
3.809096813201904297e-01
9.030294418334960938e-02
1.447441577911376953e-01
1.472103595733642578e-01
5.758786201477050781e-02
9.848570823669433594e-02
9.878253936767578125e-02
1.000723838806152344e-01
1.775605678558349609e-01
6.598520278930664062e-02
8.033943176269531250e-02
1.056184530258178711e+00
1.405203342437744141e-01
1.281859874725341797e-01
7.061226320266723633e+01
3.157219886779785156e-01
2.894127368927001953e-01
2.741360664367675781e-01
9.934186935424804688e-02
1.115317964553833008e+01
1.805377006530761719e-01
1.846384954452514648e+01
5.326414108276367188e-02
1.712275514602661133e+02
2.902150154113769531e-02
2.206141948699951172e-01
1.489338874816894531e-01
1.549885272979736328e-01
6.957578659057617188e-02
4.868912696838378906e-02
2.383124828338623047e-01
3.382678508758544922e+00
4.653235831260681152e+02
7.470870018005371094e-02
1.038241386413574219e-01
3.929603099822998047e-01
8.059501647949218750e-02
1.629197597503662109e-01
4.653739929199218750e-02
1.563220024108886719e-01
5.075669288635253906e-02
2.354720592498779297e+00
7.882725477218627930e+00
2.112250328063964844e-01
9.135627746582031250e-02
7.247090339660644531e-02
5.919742584228515625e-02
3.119728565216064453e-01
4.800891876220703125e-02
1.026351451873779297e-01
1.406631469726562500e-01
7.827615737915039062e-02
1.403975486755371094e-01
3.833103179931640625e-02
7.596588134765625000e-02
5.359435081481933594e-02
1.320917606353759766e-01
2.329149246215820312e-01
1.922669410705566406e-01
7.970786094665527344e-02
3.122556209564208984e-01
3.220400094985961914e+00
8.032512664794921875e-02
9.356403350830078125e-02
4.416355371475219727e+00
