1.404957771301269531e-01
2.735829353332519531e-02
2.748639583587646484e-01
3.368190450668334961e+02
6.732683181762695312e+00
2.298839092254638672e-01
5.448722839355468750e-02
2.266426086425781250e-01
1.127574443817138672e-01
5.390024185180664062e-02
1.006241512298583984e+01
3.920402526855468750e-01
7.222318649291992188e-02
3.035616874694824219e-02
8.089876174926757812e-02
9.624266624450683594e-02
6.410598754882812500e-02
5.689692497253417969e-02
2.399837970733642578e-01
4.597640037536621094e-02
5.940127372741699219e-02
4.604530334472656250e-02
5.332493782043457031e-02
1.856180906295776367e+00
4.861402511596679688e-02
4.744555950164794922e-01
1.300640106201171875e-01
2.904033660888671875e-02
7.306766510009765625e-02
4.246544837951660156e-02
4.501104354858398438e-02
2.994880676269531250e-01
4.663327722549438477e+02
6.401085853576660156e-02
2.464253902435302734e-01
3.385114669799804688e-01
5.998327732086181641e+00
1.171061992645263672e-01
3.182373046875000000e-01
1.373362302780151367e+00
8.253860473632812500e-02
2.462935447692871094e-02
1.088922023773193359e-01
6.355190277099609375e-02
8.679890632629394531e+00
3.555281162261962891e-01
1.313960552215576172e-01
3.371000289916992188e-02
9.896850585937500000e-02
3.719816207885742188e-01
2.020685672760009766e-01
5.505943298339843750e-02
4.419207572937011719e-02
7.001948356628417969e-02
3.349614143371582031e-02
1.213955879211425781e-01
9.135699272155761719e-02
2.633166313171386719e-01
3.491270732879638672e+02
4.904499530792236328e+00
7.799601554870605469e-02
9.792697429656982422e-01
1.157217235565185547e+02
3.199431896209716797e-01
6.560802459716796875e-02
4.690980911254882812e-02
1.692419052124023438e-01
3.285670280456542969e-02
3.787435293197631836e+00
9.984099864959716797e-01
1.002526283264160156e-01
1.023635864257812500e-01
5.394792556762695312e-02
6.494069099426269531e-02
1.318581104278564453e-01
6.237792968750000000e-02
8.058214187622070312e-02
5.646252632141113281e-02
9.289407730102539062e-02
7.951641082763671875e-02
2.203496456146240234e+00
2.163727283477783203e-01
4.717588424682617188e-02
1.587197303771972656e+00
3.321788311004638672e-01
6.351780891418457031e-02
1.408367156982421875e-01
5.193161964416503906e-02
4.163217544555664062e-02
1.461832523345947266e-01
4.948019981384277344e-02
8.103363513946533203e-01
1.737172603607177734e-01
1.052856445312500000e-01
4.633679389953613281e-01
2.448780536651611328e-01
1.146740913391113281e-01
7.086110115051269531e-02
1.849517822265625000e-01
4.609751701354980469e-02
3.881406784057617188e-02
4.124808311462402344e-02
3.951168060302734375e-02
1.036095619201660156e-01
4.046010971069335938e-01
3.299357891082763672e-01
5.498242378234863281e-02
1.567447185516357422e-01
2.384552955627441406e-01
5.699253082275390625e-02
6.738877296447753906e-02
4.492712020874023438e-02
3.639268875122070312e-02
2.885081768035888672e-01
1.851954460144042969e-01
1.396152973175048828e-01
1.156115531921386719e-01
6.100201606750488281e-02
1.646475791931152344e-01
1.462848186492919922e-01
2.351233959197998047e-01
2.433085441589355469e-01
1.072926521301269531e-01
2.220473289489746094e-01
9.454464912414550781e-02
1.279766559600830078e-01
1.750788688659667969e-01
1.364459991455078125e-01
2.193899154663085938e-01
5.672931671142578125e-02
6.080102920532226562e-02
3.099465370178222656e-02
4.399061203002929688e-02
5.238006114959716797e-01
2.240447998046875000e-01
3.672623634338378906e-01
1.091635227203369141e-01
1.731412410736083984e-01
1.415994167327880859e-01
5.843710899353027344e-02
1.555106639862060547e-01
9.667611122131347656e-02
9.421706199645996094e-02
1.821341514587402344e-01
8.202505111694335938e-02
6.269931793212890625e-02
1.192528724670410156e+00
1.318767070770263672e-01
1.462769508361816406e-01
7.226743674278259277e+01
3.076834678649902344e-01
1.475315093994140625e-01
2.682881355285644531e-01
1.165776252746582031e-01
5.066394805908203125e-02
2.091588973999023438e-01
1.987525868415832520e+01
5.222010612487792969e-02
8.158144617080688477e+01
2.981328964233398438e-02
4.543812274932861328e-01
2.030932903289794922e-01
1.618611812591552734e-01
6.880664825439453125e-02
5.059623718261718750e-02
2.264716625213623047e-01
3.218528509140014648e+00
5.015141358375549316e+02
4.842233657836914062e-02
1.143591403961181641e-01
3.059036731719970703e-01
1.065280437469482422e-01
1.328260898590087891e-01
4.467892646789550781e-02
1.418323516845703125e-01
5.464386940002441406e-02
2.640613555908203125e+00
6.951050996780395508e+00
2.366342544555664062e-01
4.786992073059082031e-02
6.602764129638671875e-02
5.291390419006347656e-02
2.860822677612304688e-01
4.894065856933593750e-02
7.313418388366699219e-02
1.058948040008544922e-01
3.334045410156250000e-02
1.341040134429931641e-01
3.704905509948730469e-02
7.491230964660644531e-02
5.209064483642578125e-02
1.333327293395996094e-01
2.362051010131835938e-01
1.696968078613281250e-01
8.123707771301269531e-02
7.154393196105957031e-02
3.017893075942993164e+00
8.518028259277343750e-02
7.753372192382812500e-02
4.452335119247436523e+00
