0.0905916690826416
0.010586977005004883
1.693338394165039
285.9036638736725
6.268137693405151
0.20796990394592285
0.029159069061279297
0.20996594429016113
0.09549117088317871
0.05071139335632324
10.306931257247925
0.3526878356933594
0.033649444580078125
0.024192333221435547
0.06324386596679688
0.08664846420288086
0.06694746017456055
0.08661580085754395
0.1981980800628662
0.07132291793823242
0.06275224685668945
0.035980939865112305
0.16844534873962402
0.9655053615570068
0.05013275146484375
0.6077415943145752
0.08168530464172363
0.015370845794677734
0.056073904037475586
0.05400872230529785
0.03666996955871582
0.23722529411315918
427.78185200691223
0.03670096397399902
1.265477180480957
0.8965132236480713
6.108121633529663
0.11160922050476074
0.30318379402160645
4.028677463531494
0.05304145812988281
0.014347076416015625
0.17042970657348633
0.047141075134277344
8.52592396736145
1.426727056503296
0.24191880226135254
0.02275395393371582
0.07796025276184082
0.5194830894470215
0.1761641502380371
0.17728114128112793
0.0287930965423584
0.04433035850524902
0.020453691482543945
0.07023859024047852
0.11329054832458496
0.2059926986694336
286.6790726184845
2.9159908294677734
0.09223794937133789
1.5385067462921143
101.48730206489563
0.3579847812652588
0.05470442771911621
0.051804304122924805
0.19368863105773926
0.020616531372070312
3.2858505249023438
1.3408334255218506
0.6811857223510742
0.13811421394348145
0.0390775203704834
0.05831193923950195
0.14215660095214844
0.04584336280822754
0.06403374671936035
0.036921024322509766
0.07318592071533203
0.2140340805053711
2.2611820697784424
0.27225518226623535
0.02916693687438965
1.6984596252441406
0.2230362892150879
0.05016589164733887
0.10329222679138184
0.14562606811523438
0.05654120445251465
0.10675454139709473
0.04022669792175293
0.7913572788238525
0.22960686683654785
0.06258463859558105
0.40337657928466797
0.260117769241333
0.08782386779785156
0.772331953048706
0.3251676559448242
0.03448200225830078
0.06998586654663086
0.06182551383972168
0.02682018280029297
0.12393951416015625
0.27559471130371094
0.3096308708190918
0.1082146167755127
0.16719889640808105
0.4259793758392334
0.038594961166381836
0.055908918380737305
0.019597530364990234
0.026724815368652344
0.5418658256530762
0.16863083839416504
0.1159663200378418
0.08373188972473145
0.05609750747680664
0.12481117248535156
0.12716436386108398
0.5367608070373535
1.023758888244629
0.0792226791381836
0.21671152114868164
0.08716106414794922
0.0812687873840332
0.22471880912780762
0.15476298332214355
0.2634856700897217
0.09385871887207031
0.04390859603881836
0.0221555233001709
0.03880000114440918
88.42585349082947
0.10467338562011719
0.80007004737854
0.09736347198486328
0.10825490951538086
0.1274259090423584
0.04683995246887207
0.08091998100280762
0.06786513328552246
0.07386326789855957
0.3883645534515381
0.04761910438537598
0.06442999839782715
0.8296549320220947
0.14713597297668457
0.2218613624572754
81.68977880477905
0.2197279930114746
0.22680211067199707
0.201324462890625
0.08148932456970215
0.06885004043579102
0.18138790130615234
16.988155364990234
0.03209638595581055
208.79730081558228
0.013410329818725586
0.9473831653594971
0.11925458908081055
0.1408860683441162
0.14809918403625488
0.04063224792480469
0.23511052131652832
3.7359254360198975
410.107305765152
0.024712324142456055
0.07713484764099121
0.30664920806884766
0.0581822395324707
0.13710761070251465
0.03360939025878906
0.12350702285766602
0.03400015830993652
2.476813554763794
11.456218004226685
0.2334907054901123
0.0342259407043457
0.04858803749084473
0.06276559829711914
0.20058465003967285
0.03375744819641113
1.6123754978179932
0.18735313415527344
0.022656917572021484
0.15147018432617188
0.024367570877075195
0.060353755950927734
0.044457435607910156
0.10339593887329102
0.3949401378631592
0.1404094696044922
0.05276608467102051
0.2655637264251709
2.7520058155059814
0.09728121757507324
0.05890607833862305
3.433364152908325
