5.373650674160575136e+02
4.759010135386681384e+00
4.656731821108924585e+00
2.781304670808671720e+00
9.193736842074683224e+00
3.834779646311860546e+01
1.525768964711699205e+00
4.554454849678561601e+01
4.032842843436700520e+00
2.024325151290629954e+00
2.709026931282208466e+02
1.483428259341642708e+01
1.522202860964777971e+00
1.983829261539625355e+00
3.133301898128008300e+00
1.558334794998111228e+01
3.518696028375025264e+00
3.699397099457764959e+00
7.003995457581803308e+00
1.226209314402597172e+00
6.035810397235224833e+00
9.606575906470665061e+00
5.363724636340770502e+01
1.123417885250881376e+01
3.065340575061654693e+00
2.250466008023032316e+02
1.751369427099827014e+00
3.689185904278150741e+00
1.184929583739179781e+00
1.962200253779791126e+01
2.553984191017942180e+02
2.566224583380378288e+00
2.300377830897855080e+00
3.994248262172127362e+00
1.975061084299144731e+00
1.661895388425584486e+01
6.912780775065970218e+00
1.273277260318732402e+02
3.790874313943426444e+00
1.532366630235170835e+00
6.253573819332302719e+00
4.199402155155484984e+00
6.431635351367869902e+00
1.248838912581472194e+01
6.154855065058910668e+00
5.973884441464202055e+00
2.349771009260048515e+02
1.308695543245176340e+00
1.796937268758464601e+00
3.114813708628495448e+01
9.580862369674349566e+00
2.395948370230311486e+00
8.955478313018149450e+00
1.261541341232031321e+00
1.137288974433503874e+01
1.840552078566408234e+00
1.350308069720303195e+01
9.803857490213643189e+01
1.724368010931518924e+00
7.582135423676278130e+00
1.713733648049437619e+01
2.536775120223751401e+00
8.507387769177277903e+00
1.769478663870937885e+00
3.161822488969918243e+00
2.072510277658787370e+00
1.883989531982560450e+01
1.899730883618630344e+02
5.499074985211427347e+00
1.950959103166994879e+01
2.214996120619989295e+00
1.634643737100473393e+00
2.898112337643408054e+01
7.354565179629994454e+00
3.754968306638247544e+00
1.117961511098465754e+00
1.218012659121065155e+01
1.774434172517724839e+00
1.943033593756953170e+00
1.264991394086763421e+02
8.986446097536370914e+00
6.109690992334059878e+00
1.688047105155215055e+00
2.353014918731556193e+01
1.233514221402839839e+00
1.187671027323155073e+02
1.948822899769553807e+00
1.194031444557496435e+01
2.547049666026201198e+00
1.636701452702366222e+00
3.985829588606840890e+00
6.307212403806352086e+01
7.342193151587631306e+00
1.019673512902205026e+01
3.454894395036335997e+00
1.643858645733232891e+02
1.309085845742306731e+02
1.120871247686292094e+00
4.977886846123659836e+00
5.807385182882391028e+00
5.005641867568119352e+00
2.319494014895927769e+00
6.741807410114252441e+00
1.037546458600057164e+01
1.099407534933372732e+00
4.468026673516006575e+00
2.226877275094419417e+01
2.326878894141311349e+01
1.951496200933511815e+01
2.428184694292670187e+01
1.546613186995277012e+01
1.268249424110951296e+01
3.636103017810958136e+02
4.059547749644479353e+01
1.396144758171639744e+00
2.400738866084891843e+00
8.205394590048266323e+00
2.385146944012964454e+00
1.116852088906660256e+01
8.942946463381035827e+00
1.490173907550629728e+01
7.038350740390925786e+00
2.339543863077368613e+00
1.126311148818017038e+01
5.397711315813493371e+01
1.041555164706562842e+00
2.075840683044344104e+00
1.509128026677246908e+02
3.633044928394265849e+00
6.152442338072670047e+00
6.885783155961789248e+00
1.537460805204882597e+01
2.060031794842749875e+01
4.803752492970029486e+00
8.593704184229473242e+00
3.505466410823828927e+00
3.965456838803767425e+00
7.134097418364944154e+00
1.044856828723994768e+00
3.610320520455866600e+00
4.051228867690489288e+00
4.720151347960130295e+01
9.036504260365850527e+00
2.575707695461867175e+01
3.999173776034851802e+00
1.311101323595801560e+01
2.438660607210148967e+01
2.689451569328813463e+00
2.815372343657906740e+01
4.346673257939092139e+01
2.300975389399431137e+01
2.330627551875633863e+00
5.998964779336331432e+00
2.745338329841483187e+02
2.295737365647878558e+00
1.424693127127065573e+01
8.192272950490240291e+00
1.125518373180818230e+02
3.998824809003382441e+00
5.303706723332142658e+00
5.656395547259061907e+00
1.152955197510349024e+02
4.934484420673138061e+01
1.044779574800865474e+00
1.102270501101941580e+00
2.457977632615356001e+01
9.197368139173386581e+00
3.633008400883469324e+00
1.580661875100404234e+00
5.549515127287787841e+00
1.000011092780257904e+01
1.721651721375776845e+01
2.148917267731692782e+00
1.257355054725917398e+01
3.418880696706768862e+00
5.913240844655636153e+00
6.334255577303870233e+00
1.040739227258635546e+00
2.615603877173696468e+00
1.049671961265175701e+00
6.229209884579523404e+00
2.027135287319816292e+00
2.983056795308931974e+00
4.323637977291259205e+01
2.164163117110847168e+01
3.432224146024771994e+00
3.900165434638029183e+01
3.327707015004172764e+00
4.450675696628240985e+01
7.470537444792809900e+00
1.591427338903357747e+00
2.008567394556544095e+00
1.008434606928484989e+01
2.365328749895837035e+01
2.202499248874273174e+00
1.775347536391495495e+01
3.696759420102747384e+01
1.096087315648581750e+00
5.477953568023934849e+01
2.865762213111057477e+01
1.144107200789924761e+01
3.348046671634477445e+00
7.159251923813801710e+00
4.898900759594966736e+00
1.543321530987941337e+00
1.776252412745460774e+01
2.860540232155567253e+01
1.337487718927987901e+00
9.357559376249014349e+00
9.923027002271860297e+00
1.121484056227457771e+01
1.341132517787364691e+02
6.653174579709881797e+00
2.466610164129014127e+00
5.461849213902386424e+00
1.105445414291110318e+00
5.921666097647801941e+00
2.913845832600031382e+00
3.734230445640515761e+00
9.174331417603781347e+00
3.172661653827225869e+00
1.353892814366846942e+00
3.125385981293584692e+00
3.569267772505372527e+00
5.285312627643602212e+01
5.786552329930359839e+00
2.462228551265351228e+00
1.141789877886962623e+00
8.679767786457246004e+00
3.613452112339659461e+00
1.352242406024174448e+00
2.138870887614483518e+00
3.772720186799961795e+00
1.148449658512924287e+01
6.049502837418603285e+00
6.068591897463990747e+00
3.388827155482490472e+00
9.128418788067463652e+00
6.352388988598863584e+00
3.324215751463285962e+00
1.080650492641703098e+00
2.610534935206276774e+00
3.619233731271261263e+02
1.743312715913692745e+00
3.768943191593861286e+01
3.077084615016868696e+00
1.068713539812181423e+00
5.283590444902581140e+01
1.357858380465172132e+01
6.883812058368597775e+00
1.092768149348040652e+01
1.891662710704118311e+01
6.652229523849780435e+01
2.240768562970519628e+00
3.085786503156784875e+02
6.117028055148180599e+00
2.368583496992151538e+00
1.129534060237825654e+00
1.158559523897222192e+02
2.260141428496282412e+00
2.451744780634463439e+00
2.098870626013898288e+01
3.461221157205278232e+00
3.380304151037376670e+01
1.356934940127193912e+01
2.125305129968020346e+00
8.351049761099948228e+02
3.619016149758448098e+00
8.044539591958875135e+00
1.826763775147342006e+00
1.025079013788131554e+01
4.063576005491767340e+00
3.537626142912958738e+00
1.235248556343464621e+01
4.183566240269110281e+00
3.613720515144767109e+00
8.939977358309370459e+00
6.046394104365020894e+00
8.579176871634145130e+01
5.144243931927784175e+00
9.164006767381494001e+00
2.324030225940791894e+00
5.243389868590728042e+01
9.856640109410595585e+01
3.607889066378309195e+01
2.117768315973923343e+00
1.393271712847285393e+01
1.201643370465259508e+01
7.773553584613281053e+00
1.164260776509894058e+01
3.398858001181488220e+01
7.748956205639887962e+00
1.227614388477730145e+01
8.171090361712295191e+01
8.718039452706388914e+00
4.374228504490040415e+00
7.298009083166044242e+00
1.345419490116210870e+00
2.827697449721430445e+01
1.701029963876950157e+00
1.869100192721296017e+00
7.935195472198264710e+00
6.687697905677119969e+00
2.855925191102388627e+00
5.188994300056688758e+01
1.871310675959427350e+00
1.159723552433447491e+00
9.339124194476858065e+01
9.659113940856066449e+00
1.202255651360558675e+00
7.172763632833070169e+00
1.696747163346717002e+01
1.344817549875759966e+00
8.026893761542293504e+00
1.656329967498267441e+00
1.215729657125376395e+00
1.870478918857632289e+00
3.001080622387651609e+00
6.292314236847838629e+02
5.274771150361618055e+01
3.646530914559904968e+00
1.618314125824692695e+00
1.582058860074058604e+00
2.020230198076299111e+00
4.706894628443800244e+00
2.029771190531709024e+01
1.182394237094358935e+01
3.567505594141906489e+00
2.108625739533877308e+01
2.335587431848947304e+01
1.672919324233104703e+02
1.464935911174947947e+01
1.070504796189533980e+00
3.338548275470904514e+01
1.644705917431183995e+00
1.746840793095037270e+03
1.007165274396196519e+00
1.901779653248161894e+00
1.263718214596880385e+00
1.913184870767137511e+02
4.731568618695645796e+02
1.228189570144606790e+01
4.865784496365427714e+01
2.212338505626446405e+01
7.163540708071924001e+00
2.710846105467619171e+00
5.472687450109703811e+00
3.698182319902998838e+00
1.560927156896719570e+00
2.960916787166467223e+00
9.301624235962455245e+00
1.382685681890424689e+01
4.117311164896175910e+02
3.040207660037488040e+02
2.068824570388762663e+00
4.394074544848337815e+00
2.117444011978781848e+00
7.402669311261958818e+00
3.637263723560177020e+00
2.435546926139764778e+01
2.317639543628433607e+00
6.089221157259496309e+00
4.277494708365916054e+00
1.410403990757163495e+00
6.423656765333157104e+00
8.046118293609383798e+00
1.659524120393968794e+00
9.110503114593743845e+00
2.423705924300256953e+01
2.690119775023877224e+00
1.745083763687112253e+02
1.664609850476754360e+01
4.775266825153819283e+00
7.623330995136293531e+00
3.065026925981405803e+00
3.255550110980899525e+00
1.528490911924418697e+03
3.102738991525042067e+00
2.084694553585336507e+00
5.024893060830139646e+00
3.595690129666419654e+00
1.308680497542687782e+00
8.781408543220095453e+00
7.992916843758034240e+00
9.118764909541150487e+00
4.142508860078699229e+00
2.455701243189674443e+01
4.555243017936527394e+02
5.324913807971287660e+00
1.256840764457517690e+00
2.243804691107445404e+00
2.138065608437708764e+00
2.117407619436914956e+01
2.045950865085712778e+00
1.302233453733865360e+02
1.033904090938587750e+01
1.830290499281499450e+01
2.702790305003925031e+00
1.766080825315847758e+00
9.328671171922566785e+00
3.347492653420869857e+01
5.068797735064322296e+00
5.099907789638577071e+01
4.770641010110026059e+00
1.780870253093527422e+00
5.126079336031837741e+00
1.336632377068956856e+01
1.145979426003255242e+01
9.886234151978293028e+00
1.102780005529386926e+02
1.268219708613186825e+01
6.090116248287196221e+00
4.705107348003231493e+00
2.429413847789823055e+00
1.247858214812761712e+00
3.291216821688160543e+00
1.264425719171486406e+01
1.577019950689503514e+00
1.941555882455854842e+01
2.482932000330932283e+02
2.809389001795585372e+00
1.702502100023615350e+00
6.174068750327423416e+00
2.326758069471318180e+01
2.241527609291701140e+00
2.898520228246381336e+00
2.534969516543389645e+00
9.645880097728948499e+00
1.172636806476227278e+01
1.074434864062400408e+00
1.237689823390721777e+01
2.164898453796214817e+00
4.719347145885536321e+01
1.192617194590965646e+01
3.709351272235267949e+00
1.591274460553229915e+02
2.519173629584651852e+00
2.211611149852975799e+00
6.964022816030117191e+00
6.409443142336554544e+00
7.641303890289675493e+00
3.407709065283067940e+00
7.843308440257314551e+00
1.679772171978384687e+00
2.413381060901140884e+01
3.541196621766402597e+00
5.543696176366800898e+00
6.215837140167203643e+02
1.169689345049425633e+01
5.467907031220810232e+00
1.799274009899084259e+00
4.351282114809706059e+02
1.510261868653047657e+02
4.240065991429956327e+00
5.798484023678254573e+01
1.494879916160182676e+00
1.069122499776635760e+00
1.431152066047036708e+00
2.701497666687241228e+00
1.309974790961759616e+01
2.405544077571638297e+02
2.165370324976155914e+01
1.121182328173529541e+01
6.171593284693784653e+00
1.752332515581944250e+00
1.643164864315181717e+00
8.481444478719626545e+01
3.470026130819801935e+00
2.264110501668513020e+00
2.627523572023831022e+00
1.716619773770427404e+00
5.253887984241202957e+00
4.845147688003065944e+00
1.579725055303023096e+00
4.225050956623034182e+01
2.044356049508926798e+00
6.415156290630950053e+00
3.206163321938929833e+00
2.334225599998139611e+00
2.961521739698161682e+00
3.392096621100838316e+00
3.513543683807736215e+02
5.115292263720148114e+00
1.672774413525853765e+00
1.211825737740001685e+00
4.678987662032934480e+00
1.371555550162479209e+00
9.413709306439174895e+01
5.664797138239018182e+01
2.759491579770716019e+00
4.124351207988460715e+02
1.394719743947016477e+00
1.874744004752957771e+00
3.206671020810984096e+00
7.597325497632704128e+01
1.839621078226611139e+00
1.223392843147210982e+02
1.822367937436775520e+01
2.846101605283052116e+00
1.642657380578206094e+00
1.588837038984996619e+00
1.083147917895731638e+01
2.558472111136012916e+00
1.105196772128983707e+00
2.144586502892241953e+00
1.667212261905792161e+02
1.761835630221626037e+00
3.836790435325792448e+00
2.694315551010199261e+00
1.274811307454990050e+00
2.299815838220560238e+00
1.850038025060216640e+00
4.288406213189173144e+00
8.828728950703863987e+00
7.580615300981054183e+00
4.193380132833424589e+00
1.467401907280370494e+02
1.878647446632443874e+00
4.845061796818728084e+01
2.018574687749976349e+01
2.900493519765964479e+01
9.305355316331780813e+00
1.723148092668739295e+01
1.687638089807274255e+00
6.150627388262081219e+00
7.929954283758810618e+00
6.875629901797201349e+00
2.493930213489476522e+00
6.649945641745762970e+00
2.537954191124565995e+01
1.541732503632008644e+00
4.302719912958617954e+01
1.137772327651068736e+03
2.488956569751588432e+01
3.151326154125887413e+01
3.967028729849454649e+00
3.134954941139007634e+00
2.845330904527362925e+00
1.642485459905643319e+00
5.317327985487618314e+00
1.180283032244982344e+01
2.128054541983732673e+00
6.154360598215430578e+00
1.137842532705070520e+00
2.152159984663368419e+01
4.399313608371893558e+00
4.266894615335971253e+00
2.680302604106923781e+00
1.969821215047336693e+02
1.030812874084342567e+01
2.734043571504426495e+01
1.115710070293880474e+00
5.875393843868630839e+00
3.249320301126216393e+00
9.508379093080314703e+00
9.689860037062178577e+00
1.212820136265041038e+00
1.720872921974523706e+01
4.559655422733339236e+00
2.999637540697682514e+00
6.121233122050239395e+00
1.037923418836837719e+01
2.565601195315823979e+00
4.370649554975933881e+00
3.450984745590712777e+00
4.196315956262938407e+00
3.219406607090910200e+01
1.388501190793053564e+00
1.558603874981866610e+01
8.910509445797531569e+00
1.303553708531546285e+01
2.053889779309776120e+00
2.750312604859025178e+00
2.258004721234999845e+00
1.891356526633429347e+00
1.119259557166778620e+02
9.962413413098236248e+00
1.571187942248364955e+01
1.500296015341151756e+00
3.476629163446288473e+00
4.411340439836824601e+01
1.191789208910498443e+00
8.156959143340387186e+00
6.685526321655330229e+00
1.787041565669041043e+00
1.649182948690961714e+00
5.514557072312928021e+00
7.587219852337099724e+00
2.830361148597062737e+01
2.940027636760909502e+00
1.139108243397988218e+00
1.361405137253007602e+00
2.458698585692793159e+01
2.021991897302351404e+00
1.633147365934488171e+00
5.492317931407289677e+01
1.259071052025269255e+00
1.200493014919553332e+02
1.635503038865822134e+01
1.634883754679873391e+01
8.064315978543298513e+00
1.421487455371721254e+01
3.174757720006639250e+00
2.748521556743265482e+00
4.385339892550317131e+02
9.287444044855007519e+01
1.297809432228526560e+01
4.803511115066048554e+00
1.562388188093774222e+00
7.455825330444014298e+00
1.416103711247860275e+00
3.572146141142706011e+00
3.909950555142123196e+00
1.938153293394706100e+00
1.713884657454698646e+00
3.298107523619000947e+00
1.262606770410475931e+01
3.793101271861508028e+00
2.931488133557779374e+00
1.418639873286841269e+00
1.285469474939448409e+00
3.081831282228850810e+01
1.044148386887163404e+01
1.209567399188390624e+00
6.807257437861865768e+00
4.129901640083337497e+02
6.950714578177847613e+01
1.123911220891639218e+01
1.731533404525477549e+00
8.408184320754983787e+00
1.785719445667367289e+00
3.055733964982879858e+00
2.447461221760971917e+00
4.745021759984861198e+00
7.968457695948616859e+00
1.479365361936833949e+02
3.118942499009322855e+00
1.342337771930373513e+00
1.240653763207664184e+00
1.110694164160495575e+03
1.241488464236722322e+00
8.899470232462867614e+00
1.589044468904251772e+01
3.912304964543500407e+00
9.718960966380507216e+00
6.132457880894673252e+01
4.528908494285603048e+00
4.235474703683881792e+00
2.435727079770024783e+00
3.220332459049933149e+00
1.230058292725108515e+01
5.523259747174757983e+00
3.083463918580199525e+00
5.365740211129430115e+00
9.539628538571516003e+01
2.510679887886175798e+00
1.973282425988793998e+00
1.692783036718492085e+01
5.898245538128718657e+00
2.942932269754602537e+00
7.119376901544179645e+02
6.848750161862678709e+00
1.614015900704094175e+00
6.487366442016018198e+01
6.147348961821966995e+00
2.845652682615865903e+00
5.155526525448544284e+00
1.788490951431213283e+00
2.606476511842571853e+01
1.838607803729917167e+00
2.520061234370311070e+02
8.729282838499631936e+00
1.958685958840348906e+00
4.994290598785442015e+00
1.954748833365059468e+01
2.608865234814254563e+01
5.140377149927016553e+00
6.223696083732474627e+00
1.915995039492006891e+00
1.160482443452626882e+02
2.220186635334088621e+01
7.662831014696323884e+00
1.461167589400736100e+00
3.358701071473356947e+00
7.234210954412100136e+01
3.471466499817508655e+00
1.415865025172702962e+00
1.504895452616939799e+00
6.182268300949642281e+01
2.715629728172853774e+01
1.230119557053207524e+00
4.164127283773507493e+00
1.848727129161973153e+02
4.721635489603131930e+01
3.319363068334205913e+00
2.238888768788788397e+01
1.043964938434456791e+01
3.439497674717706133e+01
1.085141944903152300e+01
4.753818589322238886e+00
1.730333958493967428e+00
8.883373647715698596e+00
1.646745183818602598e+01
2.249065161200503926e+00
8.618280304907905531e+00
1.529301120687053483e+00
5.029722041154360568e+01
2.528633070147641604e+00
8.670966332879888938e+00
1.125754631488440509e+02
2.916345255826717331e+00
1.161856055993614589e+01
2.595908811447848130e+00
3.120817912818898865e+00
5.409177881920451014e+00
4.607329405789714727e+00
1.456379907093977408e+02
5.430970122676295198e+00
1.407470670042744620e+00
2.164980035054230978e+00
6.268604802126309217e+00
1.015259623247062990e+02
4.762858870471335848e+01
2.161123036831929856e+00
2.453116743959696180e+02
3.928768871153991427e+01
1.716421095357084070e+01
3.045492543743097524e+00
2.306364798213025757e+00
4.606745294984517045e+02
1.874236956278098942e+00
1.079690177679694862e+01
2.779596748918063653e+01
1.716950802590389236e+00
2.535477763610903601e+00
1.297025660181705842e+00
1.366790302639359211e+01
6.372507871892923781e+00
7.845429350142201201e+02
1.478796201483218775e+00
1.340909270255239072e+01
7.131380306192474094e+00
1.782800033919329064e+00
1.745183097731609223e+01
1.243945924445130657e+01
1.388556527429699941e+02
3.312080170633999643e+01
6.028428060813284617e+01
5.379443206779771280e+00
2.162860921879148801e+00
1.388144301738668140e+01
2.419627438785971751e+00
4.761615087161608528e+00
2.241907288546246768e+00
4.784217679107122478e+00
1.030439850632120846e+00
2.741061238144622880e+00
8.273349318378567574e+00
5.737788347778356446e+00
2.358374161683900461e+00
2.562363272108552970e+00
2.405243184053919681e+00
1.569508184481033242e+00
1.630107277592147685e+00
5.213448730020687982e+00
1.699326905877632354e+00
1.574927263661572541e+00
2.218877727992627502e+00
1.048098422493846329e+03
1.757894537445829020e+00
1.968725634736334129e+01
1.783351302054470677e+00
2.936892798221708389e+01
2.597571253822376747e+00
7.457968147896000488e+00
8.120192896198876298e+00
1.228234940383004847e+00
5.468499509387426016e+00
3.203202914843038318e+00
4.771904338434007187e+00
2.094776823674495603e+01
2.277802980635605490e+00
7.096368555443740789e+00
3.395466012274424461e+00
1.434506773817613556e+01
1.230366020024210805e+00
2.369672251928388373e+00
5.666217937909714841e+00
1.194803053706210205e+00
3.257299904234788102e+01
2.103132387932651337e+00
1.069045582763623656e+02
2.928513803521088121e+01
1.455249282102879604e+01
1.546576728658581645e+00
8.435040177757142033e+01
1.541090640675543355e+00
1.671649278933330818e+00
4.191251285317827424e+00
2.472675625338636252e+01
1.161508242454587059e+00
2.561522086785156915e+00
6.972137512981395169e+00
1.850020191137489292e+02
5.071461288123541777e+01
3.165349987911743934e+00
1.297399058902447555e+00
1.560744957332213119e+02
9.650488270339710795e+00
7.718141524863066039e+00
5.279125325677465064e+00
3.880306946465203577e+00
1.038309349022777539e+01
3.281243016159079673e+01
9.963831577824136332e+01
3.011439519215461935e+00
3.934503371139456362e+00
1.771788630984617186e+01
3.232933174708153246e+01
2.041183280460383553e+00
1.636760264443111179e+00
1.571866427374619457e+00
2.661370994564880021e+00
1.352005976644425189e+01
1.177455667545998397e+00
1.141525626281890737e+02
5.807325402611026810e+00
1.045711126979032013e+00
7.780253125117615909e+00
1.891162288936966585e+00
6.828731321578898061e+00
1.356056221362095293e+01
7.759691287879377342e+00
1.716335835007012367e+00
2.964668634545664077e+02
5.902589288340462872e+02
3.116217344694621971e+00
2.415461116879828651e+01
9.554442523467118420e+00
4.794368639157513101e+00
1.245421504982755057e+00
2.535478552302125710e+00
3.075784027867958343e+02
1.263633786795788261e+01
2.069168760167032772e+01
5.004467205010659114e+01
3.853342203553544287e+00
1.120133702917758889e+01
1.031468220202656205e+01
2.630614984893461017e+00
3.067778894472361628e+00
3.705732315188087256e+01
1.597811807016980890e+00
1.636146986907136025e+01
1.626468244720472001e+01
2.799623585023327532e+00
3.858287132459390367e+00
1.933553909777832480e+00
2.385783253731124631e+01
1.153126110358643430e+00
3.576498573530356495e+00
1.765947317639377445e+01
1.164198120910985601e+01
3.822106767153205631e+00
2.156165688070966269e+01
1.704312083481642759e+00
2.094633939188364380e+00
1.959505765358672846e+01
3.361602988385050228e+00
1.247175221415736956e+02
3.278954576122980136e+00
1.506474319969463016e+00
3.475677775733645447e+00
7.356237905465232707e+00
1.037790639778434665e+00
2.754766378668847793e+01
6.421585769293724866e+01
2.360175427197822629e+01
2.208784041123730280e+00
3.460029589419571838e+00
5.845305023711724743e+02
3.926789106404001473e+01
9.448589141759246246e+00
1.163443502664398999e+00
2.296246516900374957e+00
4.082194447291725226e+01
6.152359697987369813e+00
4.115559405944506643e+00
3.824808666936026924e+01
2.476258927082032990e+00
1.699910702527697026e+01
2.335689346078788198e+00
1.689020056874101838e+00
8.698235669376096268e+00
2.220032982753029405e+00
3.351793487917456105e+01
8.480340040164753290e+00
9.654758459387888792e+00
1.653150300876562824e+02
1.116545184718014383e+01
1.399135440870366232e+00
1.067471487715096856e+01
4.312296862392346242e+01
2.085362507685921329e+01
2.389367799747836418e+00
7.749747812806395686e+00
1.393792550539628028e+00
1.188625102466333461e+00
8.296657897756245958e+00
5.588036595624283009e+00
6.900385358771628397e+00
5.486322112168826948e+01
1.525266815095738693e+00
1.148555719254868563e+02
6.130507419369110700e+00
1.568295870364139510e+01
1.494370354419418234e+00
4.640657720920900786e+00
9.531363436287284330e+00
3.214858353121319734e+00
6.072835276204465949e+00
1.386766831339566464e+00
5.576751215014330576e+00
3.112269125906228950e+00
7.980921296394304143e+00
1.538001809961887290e+01
7.979112326899529428e+00
3.535147716382749650e+01
3.471794365454619538e+02
6.516107961567707108e+00
1.315096932769620253e+00
1.087640603480649482e+01
1.727270145478799890e+01
8.447584133487605129e+01
1.354339639149188645e+00
1.078792373945095528e+00
2.267238621509414909e+00
2.018559336710869179e+00
7.630067732797327196e+00
1.829066615389800088e+00
1.014506619607701055e+01
1.069718878684161822e+01
4.831552296136712954e+01
8.066230454531854832e+01
1.590803669041566764e+02
3.138254951259750314e+01
1.361654910051245508e+02
2.486307388775811145e+00
1.229366363769596582e+01
2.881201737729255363e+00
4.700255699921365604e+00
3.343987268170645510e+00
3.075784091162528284e+02
2.358883653360193566e+00
4.191135761988669550e+00
7.900050935055090484e+00
1.959631197515511403e+01
3.649655069560957532e+00
9.239328645638229531e+00
5.308577858392247606e+00
2.707822249250982694e+01
7.376265502863512893e+02
1.945101285056369367e+00
2.823693386407704864e+01
1.034447168383515470e+00
1.588408507576570514e+02
1.502132472953360054e+00
1.107343826963370637e+00
6.531801702593717174e+00
2.476384251444309736e+00
6.907720529795138020e+01
7.196567394077015400e+00
1.488563173144492069e+01
1.587139202550140960e+00
1.551501381076166730e+01
1.261961219783232991e+03
9.252341965881872454e+01
1.600964876434040463e+01
1.807322805156245948e+01
1.368202475289353126e+00
9.026353309440945338e+01
1.340564281222096144e+00
1.036807122329415165e+01
1.428695645260065428e+00
4.158520740739037436e+00
2.707858588463225136e+00
7.488927147860183986e+00
1.004706141039336975e+00
6.068777032674184113e+00
3.735070759220924685e+00
5.733303480337111679e+00
1.775933604928663145e+00
7.836231016948720196e+01
1.115538257321070681e+01
2.081968081256900973e+02
2.946802033671934495e+00
7.982426782934798837e+01
3.125662517581872635e+01
1.358720200093250696e+01
1.139600037388610154e+00
1.282767127908021054e+00
4.708749302251339586e+00
3.843757248447535080e+00
2.150277212127966742e+00
1.523036569138782381e+00
3.350785621828436422e+00
7.574398863788894687e+01
1.216079932996889426e+02
1.432432796226800198e+00
1.047479436854316770e+00
1.139698171103004753e+00
4.302244618765824669e+01
9.863085145420917854e+01
3.442757754791011138e+01
1.248083659056043349e+00
3.534653473086355913e+00
2.154522333720050753e+00
2.636910919714626544e+00
7.984631142630473910e+00
1.428142783011070227e+00
2.300324658285517909e+00
6.050682213514288144e+00
1.492619843162956483e+00
1.767797609681043047e+00
1.455246581909805492e+00
7.719082956513001363e+02
1.459104909359046465e+00
4.521712153422653557e+01
1.425972738298725062e+00
1.518337000260320302e+01
1.534307667227990724e+00
1.268354458221684126e+03
6.608496205245960375e+00
2.398015390889903120e+00
4.452479878450930961e+00
3.651690766823161027e+01
5.556073424014275730e+01
3.542360472782790648e+00
2.609443431169322594e+02
2.635261725650850195e+01
7.470965076643602210e+00
1.210817594195994644e+02
2.469128236636971341e+00
6.397673944881045571e+00
2.469637048194350882e+03
1.715069296375960395e+00
4.170455762867229410e+00
3.551849530954907408e+01
4.915765103977314254e+01
3.342959214586310512e+00
4.963808424639175882e+02
5.074005967207209977e+00
5.868552032743779456e+00
1.464587062785350779e+00
1.915356567226499607e+00
2.878676023283639918e+00
1.262672912160142991e+00
3.833425524525313488e+00
1.456379095745066365e+02
2.512321514310094539e+00
3.502433665158739551e+00
1.460079343412685837e+01
3.009267526941106219e+00
7.139746008554360479e+00
8.023095029224956320e+00
3.343147084468097052e+00
5.805416082142593837e+01
1.288111346578366456e+00
1.304545060017398406e+01
4.178505893548936534e+00
1.852950931099565102e+00
7.835373386448676314e+00
2.234612426120692419e+01
2.400456519562437165e+02
1.680471851672821648e+00
5.540654775180211544e+00
3.770454675472158179e+00
3.652595587900429486e+00
1.149941621385666757e+01
1.060231047635670887e+00
3.938454557673180645e+00
4.029702369170629517e+00
3.307388846595333387e+00
1.339781713344704084e+00
1.348836739484717384e+00
3.136573412303521380e+00
2.300028555668107444e+01
8.386985877227909114e+00
1.473948908869293817e+01
4.932547454247460550e+00
1.229504464291943933e+01
8.402358551299829514e+01
5.702152621442916569e+00
8.434801943615377695e+01
1.673543543850158688e+00
2.489457518783708245e+00
1.963921075932707705e+00
2.873197842302983140e+00
1.728724450812250790e+00
9.863312850276937382e+00
8.531734427196404624e+00
1.203249808542473858e+02
1.081932555011628994e+00
1.612244179755907503e+00
2.279400214004770664e+00
7.585673390382408954e+00
2.699211907866199134e+00
2.190890740511806101e+01
3.817764922609985234e+00
3.515344940492804682e+01
1.516491618449949508e+00
1.234160700462514804e+00
1.762720260962234997e+00
4.830788273218457718e+00
9.892665511121174760e+00
1.840936781531682342e+01
1.130566087843445366e+01
1.635855282542236555e+00
5.158452864217568390e+01
8.183945029577413877e+00
6.623269164871473436e+00
2.610082015249929555e+01
1.584113904390732630e+00
5.752811435005171461e+02
2.520736276252059760e+00
4.062953568601845866e+00
1.557280051410280919e+01
6.790578457656914679e+01
1.833607339598616770e+00
2.712324401035985488e+02
5.861412375002686304e+00
3.315277334616501648e+00
6.253541901108866341e+01
4.692856473542314610e+00
2.288786146616197570e+01
1.611609003082604019e+01
4.967894021324648968e+00
1.107254066774159496e+00
1.472709361610971657e+00
3.300553718343713694e+00
1.384053930496949025e+00
2.342368325908052995e+00
1.189112629732623994e+00
1.175486846972684241e+00
2.677859830142404363e+00
1.358718362830122039e+01
3.373462287297190443e+01
1.753121660281387406e+01
2.238587779598310235e+00
8.920844505293459292e+00
3.361746289473293103e+01
4.980611815333947447e+02
9.126150312982892032e+00
5.035942860902909324e+00
5.447621940345110261e+02
1.805002306718539229e+00
4.558843363598119147e+00
3.490532049470635911e+01
7.844573685324055745e+00
8.396652617357624138e+01
1.308753190933555022e+00
3.130021379972439899e+00
3.387007363362466439e+00
3.452988413894041173e+02
2.359054859095312651e+00
1.489211832497911381e+01
3.109357298499254796e+01
1.214971770061782808e+00
3.727987361264164967e+00
4.902793556404333231e+01
5.333118532439095816e+01
1.608064540868585190e+00
6.617760000081648109e+00
1.807309610021398560e+00
1.153641348387113741e+00
2.189869085601144505e+01
2.807830409621444900e+01
3.284624989421843111e+00
1.554397322280447691e+00
4.959962353383744471e+01
2.198885642645593350e+02
3.913931362237225819e+00
6.192467068629984972e+00
4.613620588410103807e+01
8.491617393690539473e+00
1.238421758126628980e+01
3.187665173941086838e+00
1.161756348494636271e+00
1.372949442768673123e+01
1.594478589064007190e+00
4.509269022079212164e+01
5.244793015493274169e+01
6.638830324168154107e+00
3.032098526523025726e+02
1.013504957689967512e+01
1.901128570688329633e+00
1.897406906860556131e+00
1.352913385281538972e+01
3.649768987135868201e+02
1.071804141785410849e+02
5.903664567775928518e+00
5.479253348007436131e+00
6.387664607845388076e+01
1.748118750332026350e+00
6.696500283414237309e+00
4.020085095345365289e+01
1.054852478365810953e+01
9.994864451807385421e+02
1.956012569937546131e+00
2.793269230615426579e+01
2.248165290245951020e+00
1.006585698214530744e+01
9.545217615407249667e+00
3.600919068105296716e+00
3.551379366719915165e+00
1.097619774043022245e+00
3.182846561640702898e+00
2.440748899068749367e+01
9.155780641361412009e+00
2.632184579291598769e+00
5.156451039690294280e+00
1.198618765020883492e+00
2.731438137328727933e+01
8.806666313522735834e+01
5.554551563314288565e+00
9.824865998857031713e+00
1.093608699919823124e+00
1.469832419813186464e+00
1.443135376650056401e+01
6.160177729380419187e+00
2.528781996765897322e+00
3.768724682551000882e+01
8.156079428417477573e+00
1.154831777443225604e+02
2.306877778870507356e+01
1.134929531449388573e+00
2.037798416888061404e+00
3.940101697652192314e+00
4.839946594889530829e+00
3.368153968509011165e+00
4.380562634359088214e+00
1.063394859302250950e+01
4.303152136187534005e+00
5.126947115363054586e+00
2.086381786017727791e+01
1.002431971962257862e+00
5.454815150366060550e+01
1.750469170368234906e+00
1.820124598676842176e+00
1.076476634166687152e+00
3.124049594888129722e+00
1.179104603461715195e+00
2.756550451852126002e+02
3.915924579878129208e+01
2.676275799371148345e+00
8.056543881041876887e+01
9.967415204666778550e+00
2.296870709262530674e+00
1.924859931852776995e+01
8.079315541778601784e+00
1.775237339745003240e+01
3.490958154624173915e+01
1.074433482684392427e+00
2.945964667041470264e+01
1.143635994149874023e+03
1.759852231434417646e+01
1.175954028726165834e+00
3.905123731345307192e+01
2.748249716962558598e+00
2.465468941105622758e+00
2.334540968182949783e+01
9.039478506218482323e+01
4.678373010899981033e+00
9.108612786686435925e+00
4.128564571248275001e+02
1.712214171328664714e+00
2.550294328896696161e+00
2.758460785362204515e+00
1.157048572645266393e+00
1.317391874275559793e+01
9.114498476735617416e+00
1.253494978712988317e+00
1.005086257553824858e+01
1.930423643824487057e+00
1.054637605369040898e+01
1.011135766655643753e+00
1.866407511640754890e+01
4.430468642669197266e+00
1.608714747237688059e+01
2.175757091201252180e+01
9.775116004243376011e+00
2.344291172358005610e+02
1.647406150783153223e+01
1.102361674279654302e+01
2.817377891395573819e+00
4.057565298662367148e+00
1.257710243052205801e+00
8.833740228528350826e+02
7.600321842982721954e+00
9.959237005286308175e+00
4.618313658793282706e+00
1.587817480295122374e+00
2.668304650696921954e+01
1.327770100191687952e+00
5.865784092264344451e+01
1.146073835587932743e+00
3.961530487853970328e+01
2.995236610585459314e+00
1.610631725441659867e+01
1.659172403346215630e+00
1.444445524894438559e+00
2.598472948533170346e+00
5.412039586460661411e+00
1.023168902981982242e+01
2.208729317857649676e+03
7.193864387111069902e+00
2.082411344647888143e+02
2.792493267386627398e+00
1.788043220036171999e+00
1.999412155655636347e+00
3.250634375620744976e+01
3.213564638807812734e+00
1.114858790265079023e+02
3.024005274110164621e+00
5.037235866137532270e+00
1.734989117715652451e+00
1.033305762612573453e+00
1.823656059562105858e+00
4.674898061429441753e+00
8.570661074907704347e+00
7.422167957484281153e+00
4.696317094688629012e+00
1.312569246232516029e+01
2.523887958566417566e+00
2.606320227962154679e+00
2.873499800258489056e+00
2.215772695642550527e+00
4.147539085254299351e+01
1.745227333051681429e+00
2.231366470477276209e+02
1.040354395757727035e+00
1.221175476219897194e+00
1.272722142814958346e+01
1.155350556040881571e+01
4.980673800077280333e+01
7.065627423820656006e+00
2.180999522082559139e+01
7.939712674494982636e+00
2.012191900851665594e+01
2.804673698415376180e+02
2.648661398167803895e+02
1.275024076983245891e+01
5.630264457291946911e+00
1.100817127795609363e+00
8.701954333667782038e+00
1.216104059578546810e+02
2.035615378569128886e+00
1.859309494928272244e+00
3.850228251076992514e+00
1.075439094171005916e+00
2.167083848041596816e+00
1.145814944125579160e+00
1.082820147320919091e+01
1.696442168703687470e+00
3.239103854644857172e+00
1.456491489185494359e+01
7.723200490234757964e+00
4.725752596199058075e+00
1.847541203584150971e+00
4.222071095322208976e+02
1.276369375281683915e+03
4.020048037099666516e+00
1.927804251284799042e+00
2.038694544786772145e+00
6.603557254948132993e+01
1.026723180038606742e+00
5.030762114386277517e+00
2.541426275748387642e+00
2.016831888050764743e+00
1.083735381826616440e+01
7.087057553039834090e+01
4.697158506438879222e+00
1.490278078741398105e+01
1.356328436259202297e+00
4.373163931507876967e+00
2.297630495393936378e+00
2.303067496545335757e+01
3.607408384305708093e+00
2.821042253095320618e+01
7.750432491034581517e+01
5.904194596062283296e+01
5.828407994841781914e+01
5.280384568195870543e+00
1.276579166816878441e+01
6.865018285376726226e+01
1.489731927765689434e+01
9.974087305961269578e+00
7.536234312031304228e+00
1.737320665207647963e+01
1.140812925017023716e+01
3.319443003837776018e+00
5.255622323760268699e+01
3.349504555620377300e+00
4.017460900326039308e+00
1.598837387359080964e+01
5.104931269575106789e+00
6.346520565808468461e+00
2.310845622805953514e+00
1.155100540353655392e+00
7.680373922467236980e+02
1.786973906938648327e+01
4.227571126149215530e+01
1.768130164947109506e+01
1.216958184865511550e+00
3.295248749959676093e+00
1.941074906447128878e+00
1.486123944033790956e+01
2.686685573243053238e+00
6.423630594195813615e+00
1.999251558428600806e+00
1.106908838753429620e+02
4.353125301102019229e+00
1.958964060535109297e+00
3.931863461032444995e+00
1.073076053286242981e+01
1.303999374096651565e+00
1.548853561365148179e+00
1.032697560406209858e+00
1.513517761168520881e+00
2.713657476472301155e+00
8.714608316836654822e+00
2.968327978519615495e+00
2.800276912341104918e+01
3.204949255669071863e+04
2.189746666134011921e+00
3.034254571117851462e+00
1.033409684808925988e+01
1.834881657902136309e+00
1.335705730546897598e+02
1.770875090241608163e+01
2.196188869802375265e+00
1.444142504582976105e+00
4.321868948709958147e+01
1.936836778967063522e+00
7.473065346278359833e+00
1.005257686296092459e+02
2.016827128532964082e+02
8.054179800931230204e+01
1.645294674951502500e+00
8.471109634533304700e+01
1.802353391681117190e+00
1.707014816608559116e+01
1.657939264692736003e+01
1.376023690882792891e+02
7.661738623805564430e+01
7.415453465268484479e+01
1.793567369694974900e+01
7.643268321928791238e+02
1.756365801661498836e+02
7.985357986860812218e+00
2.603778664124682951e+00
6.650893096383947878e+00
1.160000825788264800e+00
1.732448922024941051e+00
3.256411743304414586e+01
9.155830311499725482e+00
2.866416416509031606e+01
1.817923720506429142e+00
1.039867252790025676e+00
3.164544872632431449e+00
2.352077255159069846e+00
2.329880217766749695e+01
4.988579241143756171e+00
3.056350774186981312e+02
6.469291087958247921e+00
1.179458751342151501e+00
1.244518217495588317e+02
6.063052892819445816e+00
1.342298266247833105e+01
1.181361584031297651e+00
5.927969872197863310e+00
7.769811225839124802e+01
1.040821505256264157e+00
1.984689319611799396e+00
1.914183856915016690e+01
3.632351028744551957e+00
4.473975264051295753e+00
3.882002314958413969e+00
1.241278379196804948e+00
1.069556428735521969e+01
2.317884293854237221e+00
3.730536268764408447e+01
2.136534783688179839e+00
1.528032627667847532e+00
4.069342138498391215e+00
3.419183712603258929e+00
6.160612663063899319e+00
4.273305050905760538e+01
1.657605784069331678e+00
2.181236726624708577e+00
5.774169812412316816e+01
1.713447938130487902e+00
2.222466452803771642e+00
6.058096903442629966e+00
1.009703232408134976e+00
5.818496157475574471e+00
1.217898746146982347e+00
2.082498267591185197e+02
3.325652972023436682e+00
1.832362669942063249e+01
2.967197562613912964e+01
4.457446149264181479e+00
1.221462105503415163e+00
1.698230192219427170e+00
3.064482817799199310e+01
2.515709985116384217e+00
1.612365898159024269e+01
7.874114483185209679e+00
1.850715163471647173e+01
1.402264827949360040e+02
1.416453665676821849e+00
2.062214324942008048e+01
1.691819758728716261e+00
1.202886892349255099e+01
8.478785627007043857e+00
4.573362433040151664e+00
1.195695691469493838e+00
2.566600942076570036e+01
5.016408469911919354e+00
5.825138434892371819e+00
1.909447641858253331e+00
3.686622776543276814e+01
4.719425680691053948e+00
1.100195191410961648e+01
1.503862436172391426e+03
5.551755327837773812e+00
1.720885804267815544e+01
1.462217246049536401e+00
1.364908305470763805e+00
2.023688319239856259e+00
2.486289701040465516e+01
2.453997331257235626e+00
4.547974674940000739e+00
8.741237812243609184e+00
4.572581655688367164e+01
3.894102673078506882e+02
8.621635326216303952e+01
2.161155369782688140e+01
1.945502927640818447e+00
1.650680850064348393e+00
1.152153326497276531e+01
1.562096820860311874e+00
1.287056231761023017e+00
3.894864992496917644e+00
2.706811525092455639e+01
5.417775682642172796e+01
1.300430292092557893e+00
2.209436205475710402e+00
2.377115335456201350e+00
9.561167842523058624e+00
2.935837013030427300e+01
1.915695717073905069e+00
3.339687765277879805e+01
9.833244941198978495e+01
6.957484017051363878e+00
2.564804054476802548e+02
2.827256437090550190e+00
1.460743471063132404e+00
1.176075638767146270e+00
1.083499776760115729e+01
1.518759494327609083e+01
3.233458095755719075e+00
2.390707288651779283e+00
6.793744480523855600e+01
1.112571882421055491e+01
4.132238220882745061e+00
1.184988099002721107e+01
1.548436563847565672e+00
9.766722649203014583e+00
2.339759771133916644e+00
1.837682725753338531e+01
1.114488135924422085e+00
2.255050814871738751e+01
5.252891045717744234e+00
5.156862821619323078e+00
6.529919472492399457e+00
1.460496270225103110e+01
1.083285745550737200e+00
7.946914416995807251e+00
5.595936289891250581e+00
1.066845445105628620e+00
7.343610593125378116e+00
1.946348833601720969e+02
2.535522541359210624e+00
4.127477608880465887e+00
1.043875512364593527e+00
6.576854668723501440e+00
1.929703630821235549e+01
5.924878672788044014e+02
4.654029452435190173e+00
7.936869197567633094e+00
6.651951340804533430e+00
8.696595868441754362e+00
9.253588268676081086e+00
3.306688985660904745e+00
1.119485713384969650e+01
1.329908184336987320e+00
3.390738389409281517e+00
1.650626745009473950e+01
7.532596538292401611e+00
2.524653945229164087e+00
3.512168344505122519e+01
2.551203388209334548e+02
6.002349348337755686e+00
1.370121468980645130e+00
3.577626252389702444e+01
1.110609323431660744e+00
1.213614096250135832e+00
3.597230178795574052e+00
1.484416974236613385e+02
3.074653978785629960e+01
9.907301836435365772e+00
2.795658990040140068e+00
2.581629504876557846e+01
3.317996059667602804e+00
2.322107971467277210e+01
5.420743501487499394e+00
3.958211407135239668e+00
5.563004759444925007e+00
5.121232419686025139e+01
3.737764572162122434e+00
5.310036651161936128e+00
1.207952036245799832e+00
1.133189915912824546e+02
3.146583660072476363e+00
1.098982844744602394e+00
1.365678935565541874e+00
2.716916581311621925e+01
1.674666863217478818e+00
1.651027844962368718e+01
4.880574204748891276e+01
1.295585666260726798e+00
6.938229587091537809e+00
9.370985736727229209e+01
4.822165662215375903e+01
2.781774919647985733e+00
7.317603685561677729e+00
1.135581175050600189e+00
1.782357886970854510e+00
9.926093965968250998e+00
1.359052204825247578e+01
2.108420033539749827e+00
3.025885919366877452e+00
2.092154601717532092e+00
8.656946626162026703e+00
1.846097863974537177e+02
1.069435668278725871e+01
1.875984575138304189e+00
5.810061784456951273e+01
2.590261659528918070e+00
1.647142879568208151e+00
1.154719288100664976e+01
3.823757805983097668e+00
2.883770643519801169e+00
1.242778969715048554e+01
1.100124839839067725e+01
1.040824118279122068e+01
1.321284773434985738e+00
5.706408965373111819e+00
2.173284457933922553e+00
1.229736386023711825e+00
8.189354016357212629e+01
3.953175748876676554e+00
2.624610037506795113e+00
7.499846207060833159e+00
2.097901381031222812e+00
5.260039644983969254e+00
1.274691528865737666e+00
4.624236124440968432e+00
1.672957800744631296e+00
3.488693582413568084e+00
1.879012402012977478e+00
3.645558486379884222e+00
2.287828305372306303e+00
9.587563477805279177e+00
1.014972948970040978e+00
4.912114652992719321e+00
1.178136534967879179e+01
3.354422044485620091e+01
5.260328746367437702e+01
1.814357291951323115e+00
4.074889321935277167e+02
5.017109984762507580e+00
1.400798657139886139e+01
1.689704666659665463e+03
1.049815308430620320e+00
1.140249559396833812e+00
7.596263165204436341e+00
7.094487299325948015e+00
4.154329517953605944e+00
1.335298035812471751e+00
9.628917764038138927e+00
1.582513470012222534e+00
3.802264079396245933e+01
1.219763255207072294e+00
1.075870326356634088e+01
1.890213612073542437e+00
9.979438002019049847e+00
8.840743967046925889e+00
5.241058515833532994e+00
1.829952668020426643e+01
3.405843191486701116e+00
1.301000636100436925e+00
5.244625445664006946e+01
4.513069091805077981e+00
3.004026223772376980e+01
1.701522260924451757e+01
1.033928503005676847e+00
1.693287648216600161e+01
4.985978164981912819e+00
1.350341108535316835e+03
1.268306267480577842e+00
1.478324684545862633e+00
1.158738916797286862e+02
3.387421593990082691e+00
3.259726641066346797e+00
2.795031450081757907e+00
2.760770825140760110e+01
1.822901082337412770e+00
1.056951421280300281e+02
6.712991845786611975e+02
3.105317483860921435e+00
2.369482245189500702e+02
1.258750093206045904e+02
2.168304674679190214e+01
1.021627452447252082e+01
1.897986814490711538e+01
1.283044120887745088e+01
1.133705983539134543e+00
3.082549058747887649e+00
2.744872670102579182e+00
6.877019129561621469e+01
1.250767232763206671e+00
2.606364861421424735e+02
5.278359213852890974e+00
2.109674740517053806e+02
1.951984677501796384e+01
1.546103429599656298e+00
1.484971932184384613e+00
2.196289365058519127e+00
1.361942674171834344e+00
2.397646647335731984e+01
1.300414180573218914e+02
9.268285296531217909e+00
2.948012485685114648e+00
8.415393659601733134e+00
4.961943454144071453e+00
1.013966403643859238e+01
3.286232890181342725e+01
3.825145198650332645e+01
1.298365439438310602e+02
5.247101134556015722e+01
7.573109844312266148e+01
8.466041278749636945e+01
3.994508255918466144e+00
6.308489852037045864e+01
1.209799096835174126e+01
7.260595248997868794e+02
1.316511924996923488e+00
3.100634491951031801e+00
1.005885401130877321e+00
2.191750894658321958e+00
2.251323348468001750e+00
1.217847324385459507e+00
3.513428255765306485e+00
1.517126055000859886e+01
6.376239912224001216e+00
9.084205833749460908e+02
1.059331766482269677e+00
2.174441119484579854e+00
8.121289003364783099e+00
8.719330739744004859e+02
1.398370808029046897e+00
2.491056397136558687e+00
1.471653505250676064e+00
6.277975150819885108e+00
3.132814922121661994e+01
2.710346583928017417e+00
3.272249336785971963e+01
3.981087627603010937e+00
1.536096121015651628e+00
2.576037075862762205e+00
1.578855334493352691e+00
1.278224413593108899e+00
6.999143302523566312e+00
1.194450283314628258e+01
1.629382529830219584e+00
8.897057731021766003e+00
1.861281779623389587e+00
3.532253003934095581e+00
2.481818936359596606e+00
5.673395449757801146e+01
1.041301439019996833e+00
1.400207790002233832e+00
1.380957339752548974e+00
1.659216606604339361e+01
6.651771652050665118e+00
1.418065582287092496e+01
6.934006699401985330e+00
3.576572250267131547e+00
2.064413644943837500e+00
1.897886241752269498e+01
2.095069673594116111e+00
3.395555632810277871e+02
1.271351261783375097e+00
1.509430372723024272e+00
7.901534599839679096e+00
3.782265171614340726e+00
1.152132721179497610e+00
5.366212738879546862e+00
1.382676201874059929e+00
1.158306832401292841e+00
9.484692821933364826e+00
1.242712365154873932e+00
