6.424535600000000000e+07
4.048702812500000000e+05
3.408311600000000000e+07
4.551199375000000000e+05
9.680749600000000000e+07
1.446488640000000000e+08
3.509206400000000000e+07
1.289021875000000000e+06
9.938604000000000000e+07
3.627955600000000000e+07
1.701206000000000000e+07
4.010729200000000000e+07
2.948635200000000000e+07
1.449434700000000000e+07
1.008247040000000000e+08
2.318300500000000000e+06
2.134695360000000000e+08
2.158729760000000000e+08
4.253762890625000000e+04
6.340504960000000000e+08
4.487852000000000000e+06
2.606895600000000000e+07
2.143204400000000000e+07
2.549292960000000000e+08
2.185429600000000000e+07
1.054165300000000000e+07
1.242186880000000000e+08
2.266664800000000000e+07
1.073831800000000000e+07
3.739862250000000000e+06
1.699143375000000000e+06
3.408003250000000000e+06
8.752241920000000000e+08
3.485074000000000000e+06
5.611983000000000000e+06
1.086616880000000000e+08
3.777258000000000000e+07
1.233079000000000000e+07
1.390336200000000000e+07
2.087273200000000000e+07
3.405744062500000000e+05
6.633014500000000000e+06
2.082950400000000000e+07
2.933562000000000000e+07
4.032536400000000000e+07
1.290504400000000000e+07
1.377951900000000000e+07
5.526084375000000000e+04
1.272563200000000000e+07
8.893927000000000000e+06
1.204760500000000000e+07
2.159873600000000000e+07
3.976148400000000000e+07
5.081209500000000000e+06
1.386627000000000000e+06
8.931189000000000000e+06
5.087521200000000000e+07
4.187893120000000000e+08
1.400620900000000000e+07
8.938773000000000000e+06
1.651002300000000000e+07
6.731944000000000000e+07
2.585124000000000000e+07
2.768069500000000000e+06
1.430086560000000000e+08
2.527446400000000000e+07
6.293060546875000000e+04
6.844378750000000000e+05
6.618298500000000000e+06
4.646915937500000000e+05
7.518813500000000000e+06
1.157587040000000000e+08
1.933566400000000000e+07
4.960870400000000000e+07
1.124773800000000000e+07
3.516798000000000000e+07
1.749502800000000000e+07
9.931757000000000000e+06
5.440184800000000000e+07
4.872062080000000000e+08
4.410347000000000000e+06
3.603615250000000000e+06
2.276918080000000000e+08
1.107809680000000000e+08
3.517714500000000000e+06
4.983946000000000000e+07
1.828919200000000000e+07
1.713262250000000000e+06
1.328639250000000000e+06
9.718226000000000000e+06
6.027407500000000000e+06
3.671813200000000000e+07
2.612117250000000000e+06
1.558534900000000000e+07
3.939938750000000000e+06
6.238506875000000000e+05
7.751609375000000000e+05
1.407796100000000000e+07
3.369580000000000000e+07
3.539199200000000000e+07
2.324230800000000000e+07
4.583259000000000000e+06
2.658342400000000000e+07
8.436894000000000000e+06
3.385543437500000000e+05
2.081379625000000000e+06
2.625072800000000000e+07
8.661545000000000000e+05
1.012087000000000000e+06
2.436920800000000000e+07
5.994622400000000000e+07
1.866084640000000000e+08
1.191708500000000000e+07
1.570899500000000000e+07
9.663274000000000000e+06
8.984912800000000000e+07
3.148817000000000000e+06
9.375660800000000000e+07
1.217112700000000000e+07
5.890865200000000000e+07
2.527446400000000000e+07
1.491169500000000000e+07
2.750554400000000000e+07
3.316327200000000000e+07
1.150544800000000000e+07
1.428888700000000000e+07
2.520678000000000000e+07
3.959453200000000000e+07
2.266664800000000000e+07
9.592953125000000000e+05
6.734128500000000000e+06
4.942964500000000000e+06
3.251402400000000000e+07
1.940935520000000000e+08
2.537934000000000000e+07
1.407735375000000000e+06
1.173750560000000000e+08
2.274278000000000000e+07
2.527446400000000000e+07
4.785304000000000000e+07
5.640490000000000000e+06
2.091493875000000000e+06
3.335122800000000000e+07
1.825315600000000000e+07
1.943290400000000000e+07
2.281342400000000000e+07
9.379553000000000000e+06
2.107354800000000000e+07
5.847966400000000000e+07
2.081422400000000000e+08
2.125013200000000000e+07
4.233266000000000000e+07
2.136474000000000000e+07
1.027717375000000000e+06
7.494028000000000000e+07
3.785863250000000000e+06
6.043898000000000000e+07
2.368188000000000000e+07
1.933566400000000000e+07
1.139761500000000000e+07
1.724436800000000000e+07
4.481761500000000000e+06
5.762971200000000000e+07
4.486854000000000000e+07
4.105180312500000000e+05
2.382963600000000000e+07
1.065802500000000000e+07
1.832942000000000000e+07
2.963554000000000000e+07
1.685531625000000000e+06
1.437321400000000000e+07
8.207491500000000000e+06
2.310872800000000000e+07
2.493844800000000000e+07
2.461375600000000000e+07
1.188529000000000000e+06
6.575410500000000000e+06
5.154398437500000000e+04
9.282700000000000000e+06
1.048758400000000000e+07
1.077132656250000000e+05
2.750554400000000000e+07
1.941052800000000000e+07
1.395222400000000000e+08
4.951767200000000000e+07
4.619297600000000000e+07
1.631326560000000000e+08
2.299270000000000000e+07
9.436280800000000000e+07
1.524390000000000000e+07
3.123274687500000000e+05
9.084839000000000000e+06
1.233318900000000000e+07
1.759090080000000000e+08
5.155578000000000000e+07
4.457714800000000000e+07
1.187320700000000000e+07
1.670078200000000000e+07
3.614763500000000000e+06
1.725716800000000000e+07
1.008998700000000000e+07
2.046113200000000000e+07
9.580217500000000000e+05
1.158006640000000000e+08
2.733525200000000000e+07
6.067664500000000000e+06
5.445808000000000000e+06
3.524245200000000000e+07
1.091889760000000000e+08
2.824372000000000000e+06
7.044718500000000000e+06
5.216300400000000000e+07
2.357394800000000000e+07
1.154498000000000000e+08
7.541432800000000000e+07
7.124137000000000000e+06
2.342853500000000000e+06
8.732411200000000000e+07
9.883705000000000000e+05
1.719744160000000000e+08
3.263468000000000000e+07
1.449866000000000000e+07
5.627606933593750000e+03
4.478637600000000000e+07
2.297806000000000000e+07
2.236001250000000000e+06
1.662610240000000000e+08
5.961329500000000000e+06
4.430015600000000000e+07
2.532967600000000000e+07
2.172618250000000000e+06
2.238806240000000000e+08
3.885063600000000000e+07
2.941864062500000000e+05
5.994622400000000000e+07
1.977393500000000000e+06
5.892483200000000000e+07
1.026434240000000000e+08
1.694099520000000000e+08
5.550404000000000000e+07
6.766683500000000000e+06
3.476466500000000000e+06
2.455838560000000000e+08
3.346056400000000000e+07
1.243855840000000000e+08
2.472894800000000000e+07
1.998383600000000000e+07
2.653332750000000000e+06
9.455990400000000000e+07
6.399960000000000000e+05
2.108408000000000000e+07
2.950790000000000000e+07
1.028964800000000000e+08
5.403617600000000000e+07
6.071037600000000000e+07
3.365299750000000000e+06
2.211557750000000000e+06
1.143437520000000000e+08
3.323806000000000000e+07
2.638649250000000000e+06
2.322936800000000000e+07
5.179332500000000000e+06
3.534339500000000000e+06
5.695710546875000000e+04
1.933566400000000000e+07
1.580838593750000000e+05
1.063974531250000000e+05
2.100164000000000000e+07
2.203683600000000000e+07
3.318352000000000000e+07
5.125776500000000000e+06
4.630536000000000000e+07
1.915287600000000000e+07
2.094420000000000000e+07
1.450275000000000000e+05
2.279881760000000000e+08
2.032384320000000000e+08
9.709852000000000000e+06
5.077513500000000000e+06
1.613199800000000000e+07
2.840983250000000000e+06
8.600225600000000000e+07
1.867697760000000000e+08
2.083643875000000000e+06
4.346718000000000000e+07
1.226254640000000000e+08
1.540680100000000000e+07
8.163853500000000000e+06
7.912388800000000000e+07
1.174393120000000000e+08
5.934085625000000000e+05
9.644364000000000000e+06
9.095150781250000000e+04
1.254444125000000000e+06
7.701697600000000000e+07
1.661019218750000000e+05
9.723428906250000000e+04
1.438284000000000000e+07
5.495858593750000000e+04
5.386083600000000000e+07
1.045852500000000000e+06
9.479393125000000000e+05
3.386435200000000000e+07
5.744337500000000000e+05
5.056604000000000000e+06
5.535509000000000000e+06
1.899984800000000000e+08
1.153001600000000000e+08
2.047136000000000000e+07
2.408938800000000000e+07
8.166734500000000000e+06
3.443742000000000000e+07
1.439853900000000000e+07
2.924846000000000000e+07
1.037715680000000000e+08
3.152721875000000000e+05
1.418761800000000000e+07
9.512431200000000000e+07
9.136170000000000000e+06
1.303733100000000000e+07
9.004053000000000000e+06
6.310913125000000000e+05
8.084668000000000000e+07
1.390042000000000000e+07
2.514727600000000000e+07
1.440167000000000000e+07
2.175587656250000000e+05
3.909206400000000000e+07
6.573222500000000000e+06
1.589059200000000000e+07
2.787795200000000000e+07
2.500789600000000000e+07
4.560051200000000000e+07
4.257775000000000000e+06
2.088735200000000000e+07
3.788290000000000000e+05
7.179903750000000000e+05
9.826975200000000000e+07
5.238614375000000000e+05
1.360779200000000000e+07
4.002067968750000000e+04
2.653340500000000000e+06
3.752706500000000000e+06
8.906321093750000000e+04
5.363576250000000000e+05
3.143844800000000000e+07
1.710616000000000000e+07
1.118654531250000000e+05
2.667179600000000000e+07
3.539199200000000000e+07
2.924807200000000000e+07
5.276933200000000000e+07
5.657728000000000000e+07
8.053320500000000000e+06
2.709119750000000000e+06
1.334819250000000000e+06
6.612107200000000000e+07
1.168346800000000000e+07
1.740906250000000000e+05
3.230896800000000000e+07
8.850199000000000000e+06
4.331760625000000000e+05
9.525456250000000000e+05
1.146667000000000000e+07
4.189872400000000000e+07
3.381620000000000000e+07
3.241022500000000000e+06
3.814124160000000000e+08
4.044707200000000000e+07
3.121144000000000000e+06
6.892772500000000000e+06
9.557436000000000000e+06
7.858050400000000000e+07
3.989408750000000000e+06
8.164299218750000000e+04
4.410797500000000000e+06
3.391043600000000000e+07
3.864769920000000000e+08
2.527446400000000000e+07
4.784473200000000000e+07
5.215068500000000000e+06
6.078396500000000000e+06
1.397797300000000000e+07
7.666453906250000000e+04
2.726932750000000000e+06
4.712109000000000000e+06
4.748818000000000000e+06
1.685531625000000000e+06
2.730179687500000000e+03
5.319468500000000000e+06
7.001051000000000000e+06
1.165073300000000000e+07
4.253762890625000000e+04
9.948403000000000000e+06
1.997194400000000000e+07
1.618554240000000000e+08
1.226254640000000000e+08
1.088611900000000000e+07
3.549797000000000000e+06
6.114010400000000000e+07
2.302210400000000000e+07
1.558464480000000000e+08
1.717200640000000000e+08
4.304172400000000000e+07
1.180137109375000000e+04
2.199988000000000000e+07
6.856220214843750000e+03
1.339699875000000000e+06
3.990720800000000000e+07
3.387333200000000000e+07
2.472841000000000000e+06
1.668325156250000000e+05
1.018234625000000000e+06
1.061499500000000000e+07
9.028306400000000000e+07
4.784473200000000000e+07
2.091793000000000000e+06
4.760823600000000000e+07
1.082216800000000000e+07
2.420071200000000000e+08
1.183217500000000000e+07
7.276079200000000000e+07
6.392835500000000000e+06
8.127706000000000000e+06
1.495481600000000000e+07
6.353590500000000000e+06
4.003849600000000000e+07
4.514427500000000000e+06
8.544437600000000000e+07
5.719390000000000000e+06
1.787586080000000000e+08
1.274057680000000000e+08
1.559624320000000000e+08
1.257387300000000000e+07
6.319096000000000000e+07
1.224780875000000000e+06
3.216974800000000000e+07
1.281752480000000000e+08
6.591432000000000000e+07
5.535264800000000000e+07
5.204158500000000000e+06
1.612498500000000000e+07
9.294180000000000000e+06
7.466976000000000000e+07
2.326387500000000000e+05
1.233830375000000000e+06
6.610584960000000000e+08
3.039964250000000000e+06
5.929300625000000000e+05
6.383782500000000000e+05
4.098720400000000000e+07
6.550169000000000000e+06
3.430721600000000000e+07
3.511422800000000000e+07
2.586239000000000000e+06
9.516195625000000000e+05
9.892249600000000000e+07
7.446406500000000000e+06
1.168872800000000000e+07
2.593183600000000000e+07
4.307561500000000000e+06
1.027488000000000000e+08
5.926428750000000000e+05
1.274113600000000000e+08
3.152522000000000000e+06
7.227100000000000000e+05
3.107896750000000000e+06
1.920689843750000000e+05
1.237738240000000000e+08
1.063206125000000000e+06
1.128868200000000000e+07
4.568373200000000000e+07
1.545480500000000000e+07
1.267948560000000000e+08
1.504918500000000000e+07
1.243618000000000000e+07
2.261021200000000000e+07
2.495481600000000000e+07
7.139455000000000000e+05
7.292115840000000000e+08
1.956745125000000000e+06
3.343900000000000000e+07
1.842876800000000000e+07
1.410958080000000000e+08
2.478950560000000000e+08
2.281186250000000000e+05
6.780003500000000000e+06
5.055186500000000000e+06
4.689881000000000000e+06
2.386042800000000000e+07
2.112957600000000000e+07
4.187325625000000000e+05
2.698444400000000000e+07
3.383639600000000000e+07
1.287703900000000000e+07
9.442201875000000000e+05
3.979031200000000000e+07
1.399521875000000000e+06
6.197241500000000000e+06
5.890011600000000000e+07
2.539202400000000000e+07
4.648009000000000000e+06
4.638102400000000000e+07
1.069586200000000000e+07
9.392407000000000000e+06
7.011900000000000000e+07
2.081008500000000000e+06
2.521597440000000000e+08
2.310872800000000000e+07
7.057999500000000000e+06
2.355372000000000000e+07
1.380249375000000000e+06
6.194424609375000000e+04
6.050853200000000000e+07
3.212836000000000000e+07
1.010699500000000000e+07
2.876726250000000000e+06
3.465572750000000000e+06
1.900268375000000000e+06
2.061266250000000000e+05
1.590443125000000000e+06
3.280384000000000000e+06
1.147393400000000000e+07
1.210954000000000000e+06
1.363854125000000000e+06
1.617202560000000000e+08
1.311517100000000000e+07
4.282944062500000000e+05
1.126388984375000000e+05
1.443559125000000000e+06
4.883292500000000000e+05
2.901874400000000000e+07
1.464870468750000000e+05
8.840181875000000000e+05
4.194635937500000000e+05
2.831467773437500000e+03
9.818183000000000000e+06
3.465572750000000000e+06
7.093832000000000000e+06
1.471718720000000000e+08
1.935448400000000000e+07
9.285785600000000000e+07
5.359158750000000000e+05
2.074580400000000000e+07
8.497255625000000000e+05
3.450855937500000000e+05
3.083665000000000000e+05
5.788871200000000000e+07
1.331940080000000000e+08
1.411047375000000000e+06
6.062470000000000000e+06
9.945619375000000000e+05
5.286591000000000000e+06
2.628921000000000000e+06
6.301834765625000000e+04
1.254089100000000000e+07
1.960804400000000000e+07
3.467985000000000000e+05
2.557860480000000000e+08
3.317151680000000000e+08
5.573339600000000000e+07
1.246906000000000000e+08
1.009021800000000000e+07
1.020625700000000000e+07
1.045152000000000000e+07
3.976269600000000000e+07
1.667538300000000000e+07
8.648194000000000000e+06
1.460021125000000000e+06
1.242102875000000000e+06
2.652576500000000000e+06
3.633775040000000000e+08
1.087632300000000000e+07
4.662140000000000000e+06
2.339896800000000000e+07
2.928038800000000000e+07
1.420213100000000000e+07
1.485997120000000000e+08
1.393121600000000000e+08
1.999598000000000000e+06
2.792084400000000000e+07
6.459290500000000000e+06
4.164017000000000000e+06
1.521122400000000000e+07
6.318276800000000000e+07
9.352798400000000000e+07
4.130221200000000000e+07
1.286229500000000000e+06
8.162298125000000000e+05
1.518229700000000000e+07
7.200396800000000000e+07
9.892249600000000000e+07
2.155231600000000000e+07
7.613843200000000000e+07
6.596716800000000000e+08
7.557823437500000000e+04
2.102500800000000000e+07
2.047612400000000000e+07
5.733571875000000000e+05
2.383286400000000000e+07
1.175002640000000000e+08
2.094412000000000000e+07
3.008139600000000000e+07
8.428800800000000000e+07
1.012274400000000000e+08
1.185624000000000000e+08
1.090308160000000000e+08
6.589692500000000000e+06
6.375276875000000000e+05
6.708883200000000000e+07
1.168478200000000000e+07
2.241110000000000000e+06
8.047362000000000000e+06
1.146667000000000000e+07
3.253536400000000000e+07
4.719839200000000000e+07
1.009303437500000000e+05
7.352671386718750000e+03
2.501575781250000000e+04
5.823458984375000000e+04
5.272768000000000000e+07
4.627286800000000000e+07
4.874517500000000000e+05
7.104246875000000000e+04
5.948489000000000000e+06
7.296713000000000000e+06
1.683132800000000000e+08
9.379929000000000000e+06
1.245760250000000000e+06
8.390675000000000000e+06
9.420504000000000000e+06
4.815500400000000000e+07
3.730239990234375000e+03
9.810288125000000000e+05
1.346974200000000000e+07
1.118446480000000000e+08
7.423220312500000000e+04
1.710616000000000000e+07
1.878751200000000000e+07
8.575796093750000000e+04
2.036007200000000000e+07
4.583259000000000000e+06
3.614006400000000000e+08
2.861933000000000000e+06
4.245524400000000000e+07
2.190771600000000000e+07
3.069928400000000000e+07
2.199480000000000000e+07
1.033702050781250000e+04
1.859752000000000000e+07
1.778616400000000000e+07
6.349350000000000000e+06
2.440823600000000000e+07
5.707934800000000000e+07
1.933231200000000000e+07
3.089972000000000000e+07
1.962435600000000000e+07
1.945843200000000000e+08
2.292239040000000000e+08
1.242186880000000000e+08
1.382899300000000000e+07
1.209474240000000000e+08
3.049258400000000000e+07
8.790043750000000000e+05
4.591647040000000000e+08
1.453566375000000000e+06
1.286310320000000000e+08
1.132665875000000000e+06
7.356264960000000000e+08
1.223802800000000000e+07
7.505669375000000000e+05
9.858321000000000000e+06
3.485572000000000000e+07
4.742029000000000000e+06
4.346139687500000000e+05
3.977354400000000000e+07
2.302006250000000000e+06
2.400235360000000000e+08
5.507490500000000000e+06
2.893523600000000000e+07
3.159402000000000000e+07
3.692519360000000000e+08
3.575141250000000000e+05
1.646697760000000000e+08
9.408100800000000000e+07
1.046760100000000000e+07
1.915287600000000000e+07
1.387790880000000000e+08
4.404352800000000000e+07
1.742725200000000000e+07
4.868762000000000000e+07
7.486894500000000000e+06
1.008606200000000000e+07
4.417822400000000000e+07
1.965702400000000000e+07
6.817952800000000000e+07
3.183355200000000000e+07
1.740001600000000000e+07
4.865217285156250000e+03
4.777780000000000000e+07
1.340170300000000000e+07
2.826539520000000000e+08
2.156080750000000000e+06
8.233361500000000000e+06
1.598397300000000000e+07
3.744754800000000000e+07
1.060776900000000000e+07
6.510564400000000000e+07
1.023979296875000000e+05
5.082284000000000000e+07
1.877878240000000000e+08
3.989930312500000000e+05
1.041880560000000000e+08
2.185408800000000000e+07
2.900723200000000000e+07
2.211557750000000000e+06
7.495343200000000000e+07
2.504219500000000000e+06
7.159247000000000000e+06
1.076986500000000000e+07
2.430475750000000000e+06
6.372383500000000000e+06
3.705513671875000000e+04
2.440586400000000000e+07
1.500561900000000000e+07
9.138471000000000000e+06
4.808106875000000000e+05
2.371031200000000000e+07
2.024830400000000000e+07
1.683132800000000000e+08
3.335550720000000000e+08
5.795389600000000000e+07
5.225940000000000000e+07
2.140603200000000000e+08
1.587373125000000000e+06
5.521878125000000000e+05
1.028486000000000000e+08
9.832650000000000000e+06
4.931051200000000000e+07
8.222172000000000000e+06
8.076607200000000000e+07
3.711526171875000000e+04
1.829962400000000000e+07
5.454093000000000000e+06
2.208992250000000000e+06
1.353400480000000000e+08
4.769621600000000000e+07
1.497150875000000000e+06
5.052543600000000000e+07
2.349584000000000000e+07
1.275737200000000000e+07
5.600149200000000000e+07
2.380024800000000000e+07
2.754444687500000000e+05
1.749243875000000000e+06
1.741094000000000000e+07
1.286992625000000000e+06
3.726512451171875000e+03
6.695003750000000000e+05
9.742310625000000000e+05
1.802478000000000000e+07
2.403074250000000000e+06
2.074544800000000000e+07
9.075954000000000000e+06
6.409151200000000000e+07
2.404596500000000000e+06
7.483658400000000000e+07
3.344334000000000000e+07
3.421743250000000000e+06
8.694220000000000000e+07
8.120429600000000000e+07
3.512943200000000000e+07
3.106884687500000000e+05
1.177558125000000000e+06
2.189472400000000000e+07
1.347825600000000000e+08
6.697032400000000000e+07
7.264198000000000000e+06
3.117773200000000000e+07
2.993728960000000000e+08
2.257071360000000000e+08
4.338031000000000000e+06
2.991330000000000000e+07
5.531287500000000000e+06
1.139707100000000000e+07
6.814441600000000000e+07
1.140464560000000000e+08
3.861880625000000000e+05
2.808920800000000000e+07
1.745286400000000000e+07
6.713327000000000000e+06
3.806941600000000000e+07
1.184643125000000000e+06
2.207187750000000000e+06
5.197569600000000000e+07
6.427013000000000000e+06
9.503770000000000000e+05
7.716345000000000000e+06
9.928337890625000000e+03
7.355316500000000000e+06
1.526081120000000000e+08
2.866516500000000000e+06
2.951269000000000000e+06
2.267129750000000000e+06
6.050853200000000000e+07
1.378248625000000000e+06
5.131776250000000000e+05
1.043561120000000000e+08
4.495266000000000000e+07
9.445422000000000000e+06
1.926204800000000000e+07
1.838940625000000000e+06
5.285032500000000000e+06
1.227420000000000000e+08
7.463284000000000000e+06
6.089849500000000000e+06
4.175509750000000000e+06
6.485128500000000000e+06
1.368799843750000000e+05
1.805988400000000000e+07
2.205883200000000000e+07
5.833468125000000000e+05
3.598995200000000000e+07
2.854325200000000000e+07
2.147517600000000000e+07
2.083643875000000000e+06
6.069505000000000000e+06
8.970974400000000000e+07
1.133372800000000000e+07
1.955523200000000000e+07
6.673052160000000000e+08
2.420623600000000000e+07
2.710427200000000000e+07
3.614006400000000000e+08
1.094852125000000000e+06
2.585355600000000000e+07
1.373243250000000000e+06
2.443436800000000000e+07
2.486018945312500000e+04
1.271044800000000000e+07
1.762085600000000000e+08
2.379452031250000000e+05
2.155010000000000000e+05
9.206427200000000000e+07
4.376609200000000000e+07
6.822713600000000000e+07
4.607295600000000000e+07
1.002535800000000000e+07
2.160126400000000000e+08
4.954626000000000000e+06
5.277679500000000000e+06
1.136264843750000000e+04
4.258510625000000000e+05
1.627929625000000000e+06
5.257704000000000000e+07
2.178434880000000000e+08
1.205108320000000000e+08
6.041569600000000000e+07
9.890031875000000000e+05
5.095955312500000000e+05
2.134955840000000000e+08
9.235480800000000000e+07
5.647385000000000000e+06
5.382346000000000000e+07
7.572041500000000000e+06
8.404624000000000000e+07
1.918904000000000000e+07
7.428625000000000000e+05
2.478360750000000000e+06
5.107212160000000000e+08
1.079403520000000000e+08
7.549711718750000000e+04
2.884297500000000000e+05
5.660092000000000000e+07
1.452078375000000000e+06
1.192425440000000000e+08
1.895597760000000000e+08
5.053313281250000000e+04
4.059848400000000000e+07
1.346722500000000000e+07
1.231652200000000000e+07
9.706449375000000000e+05
3.284656400000000000e+07
1.341459300000000000e+07
8.694331000000000000e+06
1.242234240000000000e+08
1.042150960000000000e+08
4.566749500000000000e+06
1.853771875000000000e+06
9.917881000000000000e+06
6.502064000000000000e+07
1.463532900000000000e+07
1.009586400000000000e+08
6.198914000000000000e+06
1.119125125000000000e+06
1.424806400000000000e+07
3.264632400000000000e+07
1.779429250000000000e+06
2.444547680000000000e+08
1.019228900000000000e+07
2.830665200000000000e+07
4.862640234375000000e+04
5.539563600000000000e+07
4.924297500000000000e+05
1.119666700000000000e+07
2.170674720000000000e+08
5.837557600000000000e+07
3.475176400000000000e+07
8.344084375000000000e+05
1.273116625000000000e+06
3.539662250000000000e+06
8.009704000000000000e+07
4.441810000000000000e+07
1.242186880000000000e+08
5.674049280000000000e+08
7.352286500000000000e+06
9.296573000000000000e+06
1.580646400000000000e+07
7.309326000000000000e+06
5.648456500000000000e+06
1.883228400000000000e+07
1.122838300000000000e+07
7.098929375000000000e+05
3.525899200000000000e+07
1.437529800000000000e+07
4.430533125000000000e+05
1.037287700000000000e+07
1.933566400000000000e+07
1.449434700000000000e+07
3.532681500000000000e+06
6.369774800000000000e+07
4.008572000000000000e+07
6.840495500000000000e+06
1.524914240000000000e+08
5.185143200000000000e+07
2.399423600000000000e+07
1.119666700000000000e+07
1.854604800000000000e+07
3.777473600000000000e+07
3.257671250000000000e+05
6.943103906250000000e+04
1.133230880000000000e+08
2.653765625000000000e+05
5.993181600000000000e+07
7.548455200000000000e+07
1.124116125000000000e+06
4.354054500000000000e+06
3.989979750000000000e+06
6.357504000000000000e+07
9.577679375000000000e+05
8.340477500000000000e+06
8.998959200000000000e+07
2.196390750000000000e+06
5.132501600000000000e+07
2.777908480000000000e+08
1.547838750000000000e+06
2.134512160000000000e+08
2.668361600000000000e+08
7.627829375000000000e+05
1.211091699218750000e+04
5.204940937500000000e+05
5.537990000000000000e+05
3.156463000000000000e+06
9.225692800000000000e+07
1.343136300000000000e+07
7.175228750000000000e+05
1.487103417968750000e+04
7.188762000000000000e+06
1.398690185546875000e+03
2.174092000000000000e+06
1.725188000000000000e+08
2.776514000000000000e+06
6.374089600000000000e+07
1.965293625000000000e+06
5.777169140625000000e+04
5.942234000000000000e+07
2.979040250000000000e+06
3.880405200000000000e+07
6.380246000000000000e+06
3.575908400000000000e+07
2.910760800000000000e+07
3.277644750000000000e+06
2.342203250000000000e+06
1.657659875000000000e+06
2.140818400000000000e+07
1.694885375000000000e+06
3.667865937500000000e+05
2.921774000000000000e+07
5.012240000000000000e+07
4.885608800000000000e+07
6.154152000000000000e+07
1.109889765625000000e+05
1.177892800000000000e+08
5.063538500000000000e+06
1.159661500000000000e+07
1.315117600000000000e+08
1.185180200000000000e+07
1.123365200000000000e+07
6.349021200000000000e+07
2.154016480000000000e+08
1.552216100000000000e+07
1.082086800000000000e+07
1.924436500000000000e+06
2.919216800000000000e+07
8.358439200000000000e+07
2.288210000000000000e+07
2.971058800000000000e+07
5.261616000000000000e+07
1.072475360000000000e+08
3.459516000000000000e+07
1.058452250000000000e+06
1.309513280000000000e+08
3.036067200000000000e+07
1.920540400000000000e+07
1.325543500000000000e+06
7.878409500000000000e+06
1.382254125000000000e+06
2.307874240000000000e+08
1.353235040000000000e+08
2.405396750000000000e+06
2.074427200000000000e+08
4.630536000000000000e+07
1.366563700000000000e+07
1.234513000000000000e+06
1.448832100000000000e+07
9.404441600000000000e+07
1.588614750000000000e+06
1.255744000000000000e+08
1.605890200000000000e+07
2.744731875000000000e+05
3.984393750000000000e+04
2.428417120000000000e+08
3.641846500000000000e+06
1.223142000000000000e+06
1.171744000000000000e+08
1.601354100000000000e+07
1.230302734375000000e+05
2.634146000000000000e+07
6.070158500000000000e+06
3.606822187500000000e+05
5.298940400000000000e+07
3.546643500000000000e+06
1.780748400000000000e+07
5.991473750000000000e+05
8.317916000000000000e+07
4.645673500000000000e+06
9.592953125000000000e+05
1.340014400000000000e+07
2.543953200000000000e+07
1.236465375000000000e+06
3.138592000000000000e+08
2.393408400000000000e+07
1.505935000000000000e+05
3.414421200000000000e+07
6.143995200000000000e+07
1.038138700000000000e+07
1.450970400000000000e+08
2.611300000000000000e+07
5.409288800000000000e+07
2.294567250000000000e+06
4.248740400000000000e+07
2.961130400000000000e+07
9.592953125000000000e+05
6.050853200000000000e+07
5.580473000000000000e+06
1.310985250000000000e+06
4.352916000000000000e+07
5.564547200000000000e+08
2.794001953125000000e+04
5.754304800000000000e+07
1.255428000000000000e+06
3.646423200000000000e+07
9.418383000000000000e+06
1.002222300000000000e+07
5.592882000000000000e+06
3.236658000000000000e+06
1.581099375000000000e+05
9.919246875000000000e+04
9.881820800000000000e+07
1.573001400000000000e+07
1.155037600000000000e+08
3.077849200000000000e+07
1.565584100000000000e+07
4.596809062500000000e+05
2.824928320000000000e+08
3.470149500000000000e+06
2.137122250000000000e+06
4.362725937500000000e+05
1.061499500000000000e+07
5.999369200000000000e+07
2.537581000000000000e+06
1.523508875000000000e+06
2.753010400000000000e+07
1.332618750000000000e+06
4.489693000000000000e+06
3.981313500000000000e+06
6.985619200000000000e+08
3.289440400000000000e+07
1.955352000000000000e+07
5.104683500000000000e+06
1.719744160000000000e+08
4.218548000000000000e+07
1.616449200000000000e+07
2.627590250000000000e+06
9.414114400000000000e+07
9.510832500000000000e+05
9.800502000000000000e+06
1.887457625000000000e+06
7.575769500000000000e+06
3.189278250000000000e+06
2.495273600000000000e+08
3.839332400000000000e+07
2.006764960000000000e+08
2.149772640000000000e+08
9.016398400000000000e+07
4.645150000000000000e+07
8.631306875000000000e+05
6.880877500000000000e+06
1.534161400000000000e+07
6.288300000000000000e+06
9.026995625000000000e+05
1.827040960000000000e+08
7.183225000000000000e+06
3.857894000000000000e+06
2.163502000000000000e+07
1.239306000000000000e+07
9.870651200000000000e+07
5.342436400000000000e+07
1.351937440000000000e+08
1.205089100000000000e+07
5.220980000000000000e+06
2.120642750000000000e+06
2.106040800000000000e+07
1.279851100000000000e+07
6.259142800000000000e+07
3.926078800000000000e+07
3.262594000000000000e+06
1.112072700000000000e+07
1.279851100000000000e+07
3.170465937500000000e+05
2.185813200000000000e+07
2.027726560000000000e+08
9.592953125000000000e+05
5.439790800000000000e+07
5.792297600000000000e+08
1.639108625000000000e+06
5.733648125000000000e+05
2.152309218750000000e+05
9.886473000000000000e+06
7.746203200000000000e+07
2.651567200000000000e+07
2.135398500000000000e+06
2.758082500000000000e+06
2.000409760000000000e+08
1.852197600000000000e+07
3.020080400000000000e+07
5.795887200000000000e+07
5.890865200000000000e+07
3.777452400000000000e+07
3.267230000000000000e+07
4.698322187500000000e+05
5.816651600000000000e+07
1.194117265625000000e+05
9.952748000000000000e+06
2.409251200000000000e+07
2.315942800000000000e+07
1.564816900000000000e+07
5.094021562500000000e+05
2.466229600000000000e+07
1.195670800000000000e+08
2.818106250000000000e+05
3.680816400000000000e+07
9.622173600000000000e+07
2.281799250000000000e+06
1.045483100000000000e+07
1.933566400000000000e+07
7.171390000000000000e+06
9.892249600000000000e+07
9.889306250000000000e+05
1.725716800000000000e+07
6.559840000000000000e+06
9.531659000000000000e+06
1.089119280000000000e+08
4.784473200000000000e+07
3.951508800000000000e+07
5.005383360000000000e+08
1.287536900000000000e+07
1.686568750000000000e+06
9.605780800000000000e+07
3.884079000000000000e+06
1.761981280000000000e+08
8.792757000000000000e+06
8.595497000000000000e+06
5.271862500000000000e+05
4.053728000000000000e+07
1.020702160000000000e+08
1.393575400000000000e+07
3.095540800000000000e+07
6.141202500000000000e+06
1.685155600000000000e+07
2.666007500000000000e+06
1.000188500000000000e+07
2.573269600000000000e+08
4.548895312500000000e+05
1.009436240000000000e+08
2.006462400000000000e+08
3.439170750000000000e+06
1.302799375000000000e+06
4.288203750000000000e+05
5.648267500000000000e+05
1.251890500000000000e+07
3.049793600000000000e+07
1.177487700000000000e+07
1.524914240000000000e+08
1.593648400000000000e+07
8.294468800000000000e+07
3.889052400000000000e+07
1.228220100000000000e+07
9.357931000000000000e+06
3.211788400000000000e+07
1.052200600000000000e+07
5.815549500000000000e+06
1.377592640000000000e+08
1.202837280000000000e+08
2.302772400000000000e+07
1.706446464000000000e+09
6.449065200000000000e+07
1.217750468750000000e+05
9.272430625000000000e+05
1.817414125000000000e+06
1.554616800000000000e+08
9.748621875000000000e+05
6.577930400000000000e+07
1.263410080000000000e+08
1.990916480000000000e+08
1.802283875000000000e+06
3.221144000000000000e+07
2.591033200000000000e+07
3.331494080000000000e+08
9.420504000000000000e+06
8.629740000000000000e+06
5.732832800000000000e+07
3.867408000000000000e+07
2.471329492187500000e+04
4.301440000000000000e+07
9.091864800000000000e+07
3.088593200000000000e+07
3.983192800000000000e+07
1.664043300000000000e+07
5.545526000000000000e+07
3.413094921875000000e+04
2.899900800000000000e+08
2.430422000000000000e+07
5.938959600000000000e+07
1.072352100000000000e+07
9.977140000000000000e+07
3.439170750000000000e+06
8.355023000000000000e+06
3.214672250000000000e+06
4.778758750000000000e+05
1.364095840000000000e+08
4.059570000000000000e+07
2.458224218750000000e+05
4.300808000000000000e+07
2.399423600000000000e+07
2.673139680000000000e+08
4.228916400000000000e+07
1.664503250000000000e+06
6.751858000000000000e+06
4.495266000000000000e+07
5.104596000000000000e+06
1.938851200000000000e+07
1.028242200000000000e+07
5.474503750000000000e+05
2.688180400000000000e+07
7.903624800000000000e+07
1.428888700000000000e+07
2.146305200000000000e+07
2.705484500000000000e+06
1.632636960000000000e+08
1.117748400000000000e+07
5.997298400000000000e+07
6.950849000000000000e+06
3.046037600000000000e+07
3.385014800000000000e+07
6.159931250000000000e+05
9.111642240000000000e+08
3.289440400000000000e+07
9.035921600000000000e+07
1.428888700000000000e+07
1.663780640000000000e+08
5.463248400000000000e+07
2.022227250000000000e+06
1.666225000000000000e+06
2.686484000000000000e+07
1.599611100000000000e+07
6.635995000000000000e+05
4.350915200000000000e+07
2.348981250000000000e+06
5.532142500000000000e+06
8.774288281250000000e+04
3.649233600000000000e+07
5.685568750000000000e+05
4.941621500000000000e+06
1.368330500000000000e+06
3.900154500000000000e+06
2.372407360000000000e+08
2.724629200000000000e+07
6.469184000000000000e+07
1.060922700000000000e+07
1.640894375000000000e+05
1.301587200000000000e+08
3.747986240000000000e+08
4.452389120000000000e+08
5.569797000000000000e+06
2.202483200000000000e+08
1.370228960000000000e+08
1.000213840000000000e+08
9.146114400000000000e+07
5.043949687500000000e+05
7.665498400000000000e+07
2.127264000000000000e+07
6.193541600000000000e+07
6.210986250000000000e+05
4.456499200000000000e+07
9.593458400000000000e+07
4.045208800000000000e+07
1.034729280000000000e+08
6.207245312500000000e+04
2.562170750000000000e+06
3.803348800000000000e+07
1.521336621093750000e+04
1.093794300000000000e+07
1.229997840000000000e+08
1.805988400000000000e+07
9.927708800000000000e+07
7.930912800000000000e+07
7.389915625000000000e+04
6.647987200000000000e+08
9.181524800000000000e+07
2.714933600000000000e+07
8.484300000000000000e+05
9.983569000000000000e+06
1.804958800000000000e+07
2.930739200000000000e+08
3.372149500000000000e+06
8.888844800000000000e+07
4.551126800000000000e+07
2.710215200000000000e+07
9.617715200000000000e+07
1.061803920000000000e+08
3.794176562500000000e+05
4.459838000000000000e+06
4.026495600000000000e+07
1.429205000000000000e+07
9.994562000000000000e+06
1.273172700000000000e+07
2.101474400000000000e+07
3.723842800000000000e+07
1.015884900000000000e+07
9.478056800000000000e+07
1.915287600000000000e+07
8.226410625000000000e+05
1.732603200000000000e+07
2.642045600000000000e+07
2.611828515625000000e+04
4.667913200000000000e+07
4.860958400000000000e+07
1.463784300000000000e+07
5.095319200000000000e+07
6.350930625000000000e+05
5.018983437500000000e+05
1.451149600000000000e+07
2.177890560000000000e+08
1.291368800000000000e+07
9.805046000000000000e+06
1.317816880000000000e+08
3.468223600000000000e+07
2.593420800000000000e+07
2.026133440000000000e+08
1.722984640000000000e+08
3.584034000000000000e+07
1.174731625000000000e+06
1.400391100000000000e+07
1.079947250000000000e+06
3.955057750000000000e+06
6.072162000000000000e+06
5.546647200000000000e+07
1.214465200000000000e+08
1.141139040000000000e+08
1.534394112000000000e+09
1.032327700000000000e+07
3.773730000000000000e+06
1.607744300000000000e+07
2.580047812500000000e+05
2.061480800000000000e+07
4.632455040000000000e+08
1.222135546875000000e+05
5.041032500000000000e+06
2.670641200000000000e+07
9.338479000000000000e+06
3.401541500000000000e+06
9.281412800000000000e+07
7.177472500000000000e+06
2.140818400000000000e+07
4.277995500000000000e+06
5.346718000000000000e+07
8.854269000000000000e+06
2.297806000000000000e+07
1.805988400000000000e+07
1.100273984375000000e+05
9.662108750000000000e+05
2.467227200000000000e+07
1.396661900000000000e+07
1.725716800000000000e+07
2.647756000000000000e+07
8.544437600000000000e+07
1.276889520000000000e+08
9.637505000000000000e+06
3.341135937500000000e+05
2.128059600000000000e+07
1.743942000000000000e+07
3.418706500000000000e+06
5.724001000000000000e+06
1.643706300000000000e+07
1.442435840000000000e+08
5.233044000000000000e+06
2.408246400000000000e+08
5.510846400000000000e+07
4.172630400000000000e+07
7.863641600000000000e+07
1.562952700000000000e+07
2.483114880000000000e+08
1.389276800000000000e+08
3.662888000000000000e+07
6.691992968750000000e+04
6.082662800000000000e+07
1.545065760000000000e+08
1.386874700000000000e+07
1.949443164062500000e+04
2.081422400000000000e+08
4.897067840000000000e+08
2.902475750000000000e+06
1.267834960000000000e+08
1.396002240000000000e+08
4.043088750000000000e+05
5.528767000000000000e+06
2.134955840000000000e+08
1.613199800000000000e+07
5.240926080000000000e+08
9.420504000000000000e+06
1.286216000000000000e+06
7.403135000000000000e+06
1.791626400000000000e+07
1.357120160000000000e+08
1.938391000000000000e+06
2.046090000000000000e+07
1.971642800000000000e+07
1.351671100000000000e+07
7.957596000000000000e+07
2.013108400000000000e+07
3.923692800000000000e+08
6.081116000000000000e+06
3.699519531250000000e+03
5.955520800000000000e+07
3.802968437500000000e+05
1.720676000000000000e+08
2.050520400000000000e+07
4.216023500000000000e+06
1.792827875000000000e+06
1.659831406250000000e+05
9.480243125000000000e+05
4.625324500000000000e+06
1.787586080000000000e+08
3.298435937500000000e+04
2.092489375000000000e+06
1.567930100000000000e+07
2.018534375000000000e+04
3.192171600000000000e+07
1.245486200000000000e+07
1.434598625000000000e+06
5.901560400000000000e+07
5.112004000000000000e+07
1.862936400000000000e+07
2.448412500000000000e+06
1.138783600000000000e+07
5.982453125000000000e+05
2.060049843750000000e+05
6.992210000000000000e+06
4.548254800000000000e+07
7.358544000000000000e+06
1.590188000000000000e+08
7.622033000000000000e+06
2.135906445312500000e+04
2.073461200000000000e+07
1.226254640000000000e+08
9.816965000000000000e+06
1.575779000000000000e+07
1.667538300000000000e+07
3.848259250000000000e+06
9.889306250000000000e+05
7.378613000000000000e+06
1.067914600000000000e+07
5.686578000000000000e+06
5.220152400000000000e+07
4.834978750000000000e+05
4.341631500000000000e+06
1.410623700000000000e+07
6.996673125000000000e+05
1.056944250000000000e+06
3.415786500000000000e+06
1.273411360000000000e+08
1.144039680000000000e+08
1.744730800000000000e+07
1.863839200000000000e+07
2.698846000000000000e+07
3.480901200000000000e+07
1.392794000000000000e+07
1.255020800000000000e+08
6.781827500000000000e+06
3.546605600000000000e+07
1.110119520000000000e+08
5.712827000000000000e+06
1.499291600000000000e+07
7.593582400000000000e+07
5.154945500000000000e+06
3.022555750000000000e+06
7.772695200000000000e+07
5.717405000000000000e+06
1.033015000000000000e+07
1.337897400000000000e+07
1.195839600000000000e+08
5.242943200000000000e+07
4.190609765625000000e+04
5.256520400000000000e+07
8.384908000000000000e+06
2.009858800000000000e+07
1.980010750000000000e+06
4.438567000000000000e+06
6.647958400000000000e+07
1.182103840000000000e+08
2.799096000000000000e+07
2.408315820312500000e+04
1.062220500000000000e+07
1.486157800000000000e+07
1.863434000000000000e+07
8.132979000000000000e+06
5.544891600000000000e+07
1.421053100000000000e+07
9.294180000000000000e+06
1.587815125000000000e+06
1.413757375000000000e+06
3.233782000000000000e+07
5.449641250000000000e+05
2.559967200000000000e+07
3.399242000000000000e+07
2.850447360000000000e+08
3.790118400000000000e+07
8.584541600000000000e+07
2.735027200000000000e+07
4.170769500000000000e+06
1.825388800000000000e+07
1.606577440000000000e+08
1.166013700000000000e+07
1.188445040000000000e+08
7.797120800000000000e+07
2.916346562500000000e+05
7.352286500000000000e+06
2.158770000000000000e+07
1.094312500000000000e+06
3.824817250000000000e+06
9.403013750000000000e+05
6.139205000000000000e+05
3.128602800000000000e+07
8.234705000000000000e+06
5.554269600000000000e+07
1.106257680000000000e+08
2.933847200000000000e+07
1.261613600000000000e+08
1.134923900000000000e+07
3.399410800000000000e+07
3.827608203125000000e+04
1.242186880000000000e+08
1.211865900000000000e+07
1.498666500000000000e+06
2.362408800000000000e+07
1.353143900000000000e+07
2.837362800000000000e+07
2.059541093750000000e+05
1.787039600000000000e+07
1.202194300000000000e+07
6.277569920000000000e+08
1.065556600000000000e+07
3.183555600000000000e+07
6.347386800000000000e+07
4.324631875000000000e+05
1.733826400000000000e+07
9.975200000000000000e+07
6.356364000000000000e+07
1.015786100000000000e+07
1.994588000000000000e+08
3.916570000000000000e+06
1.597294000000000000e+07
5.021133125000000000e+05
5.653111875000000000e+05
1.463072400000000000e+07
1.201660100000000000e+07
1.553457343750000000e+05
4.944075600000000000e+07
3.503361200000000000e+07
8.436763200000000000e+07
6.433696000000000000e+07
2.282826400000000000e+07
2.621505200000000000e+07
2.186384400000000000e+07
2.297766400000000000e+07
2.634100800000000000e+07
5.294179000000000000e+06
1.589766240000000000e+08
7.705644500000000000e+06
2.648948400000000000e+07
1.157284640000000000e+08
5.722466875000000000e+05
4.504647200000000000e+07
3.781522250000000000e+06
1.454231520000000000e+08
3.027705500000000000e+06
2.194913600000000000e+08
5.373093750000000000e+05
1.809748625000000000e+06
5.804430720000000000e+08
1.434746600000000000e+07
4.029604000000000000e+06
3.505359600000000000e+07
2.310872800000000000e+07
7.002032000000000000e+06
3.722444000000000000e+07
1.798695375000000000e+06
5.184750400000000000e+08
3.399410800000000000e+07
3.403380800000000000e+07
1.159206750000000000e+06
1.696510800000000000e+07
4.167771500000000000e+06
1.467298720000000000e+08
1.068205500000000000e+06
2.250871000000000000e+06
6.282000500000000000e+06
3.118379600000000000e+07
7.763301600000000000e+07
1.280206000000000000e+08
1.048471040000000000e+08
1.085648800000000000e+07
4.795863500000000000e+06
3.805954000000000000e+07
2.235775200000000000e+07
1.464145280000000000e+08
1.460090781250000000e+05
1.328967375000000000e+06
3.812879000000000000e+06
4.908183600000000000e+07
1.258301400000000000e+07
2.112048242187500000e+04
2.124215200000000000e+07
6.200184400000000000e+07
2.746020312500000000e+04
1.622355840000000000e+08
1.210335250000000000e+06
2.830714000000000000e+07
7.394877600000000000e+07
2.815342720000000000e+08
5.776029000000000000e+06
3.525532750000000000e+06
1.580809200000000000e+07
6.038339500000000000e+06
2.982129600000000000e+07
1.007821600000000000e+07
4.481308500000000000e+06
3.567053250000000000e+06
2.730143600000000000e+07
5.564143000000000000e+06
4.952664800000000000e+07
9.009814400000000000e+07
5.760192500000000000e+06
2.705477000000000000e+06
5.285253125000000000e+05
2.697919600000000000e+07
6.645234000000000000e+06
2.098998800000000000e+07
3.359850800000000000e+07
7.921010400000000000e+07
7.310020800000000000e+07
2.113108593750000000e+05
1.489520600000000000e+07
2.575684000000000000e+07
2.630445600000000000e+07
1.557141300000000000e+07
1.639749280000000000e+08
9.563769600000000000e+07
1.077289200000000000e+08
1.021942600000000000e+07
2.452523200000000000e+07
3.839332400000000000e+07
1.255065600000000000e+07
5.679922500000000000e+06
1.699143375000000000e+06
6.531729500000000000e+06
3.668453437500000000e+05
2.316530250000000000e+06
1.327566700000000000e+07
2.437632000000000000e+07
5.708675600000000000e+07
3.360749000000000000e+06
2.776704400000000000e+07
2.250931406250000000e+05
6.068635156250000000e+04
1.242186880000000000e+08
1.034038800000000000e+08
2.527446400000000000e+07
4.374010500000000000e+06
1.671879840000000000e+08
1.794783600000000000e+07
4.606830000000000000e+07
1.463748640000000000e+08
2.032441600000000000e+07
1.473597100000000000e+07
2.699036750000000000e+06
3.525414800000000000e+07
1.144772500000000000e+07
3.323400400000000000e+07
5.297548800000000000e+08
1.265947875000000000e+06
3.010602400000000000e+07
1.844504800000000000e+07
3.146279062500000000e+05
5.698592000000000000e+06
2.083643875000000000e+06
1.599904100000000000e+07
6.913476500000000000e+06
2.193594000000000000e+07
1.725430400000000000e+07
8.533051250000000000e+05
1.662629120000000000e+08
2.468895040000000000e+08
1.194106600000000000e+07
8.732411200000000000e+07
3.204056000000000000e+08
2.164118240000000000e+08
2.161107040000000000e+08
1.614875360000000000e+08
9.449314000000000000e+06
2.359783200000000000e+07
5.982453125000000000e+05
3.306484500000000000e+06
4.866518750000000000e+05
8.360602000000000000e+06
1.257704750000000000e+06
1.435554200000000000e+07
5.411778000000000000e+06
1.142092000000000000e+07
1.001359200000000000e+08
1.204236700000000000e+07
9.544615625000000000e+05
1.691315600000000000e+07
1.234562320000000000e+08
2.002450875000000000e+06
3.132503680000000000e+08
1.208189200000000000e+07
4.583259000000000000e+06
1.402971875000000000e+05
1.536196400000000000e+07
4.804559020996093750e+02
1.004243520000000000e+08
1.052232800000000000e+07
5.198300000000000000e+06
2.515692400000000000e+07
1.524914240000000000e+08
1.479215100000000000e+07
1.238821600000000000e+07
3.141348500000000000e+06
1.082450100000000000e+07
1.240754320000000000e+08
6.275168500000000000e+06
4.865221500000000000e+06
1.728572812500000000e+05
1.440910000000000000e+06
5.837396875000000000e+05
1.464113700000000000e+07
2.320899600000000000e+07
4.338801875000000000e+05
2.302772400000000000e+07
2.042238000000000000e+07
2.633730240000000000e+08
1.540331625000000000e+06
2.510862031250000000e+05
1.009326000000000000e+07
8.552297600000000000e+07
3.043517600000000000e+07
6.754116800000000000e+07
8.042705468750000000e+04
8.573660000000000000e+07
9.544394000000000000e+06
2.297806000000000000e+07
9.294180000000000000e+06
1.399655125000000000e+06
3.194708750000000000e+06
3.639682800000000000e+07
2.418486800000000000e+07
3.092542800000000000e+07
8.322008125000000000e+05
1.963023200000000000e+07
2.614529218750000000e+05
1.908308000000000000e+07
4.311181200000000000e+07
1.667450080000000000e+08
2.174525250000000000e+06
4.996206000000000000e+06
3.439144250000000000e+06
6.486180000000000000e+06
3.383678400000000000e+07
1.950494400000000000e+07
2.543308000000000000e+07
5.410973000000000000e+06
3.539199200000000000e+07
1.326633750000000000e+06
1.755239200000000000e+08
1.452160200000000000e+07
3.107720625000000000e+05
6.467062000000000000e+07
8.889030400000000000e+07
9.986350000000000000e+06
8.359105625000000000e+05
9.103798000000000000e+06
1.822842000000000000e+07
1.357581125000000000e+06
6.272081000000000000e+06
1.955262250000000000e+06
2.898926500000000000e+06
2.074624000000000000e+07
1.003346900000000000e+07
1.024902375000000000e+06
7.957656800000000000e+07
1.886687200000000000e+07
1.386586200000000000e+07
7.688827000000000000e+06
3.518640250000000000e+06
7.805915200000000000e+07
1.125076300000000000e+07
2.909351250000000000e+06
3.410717600000000000e+07
1.038586960000000000e+08
8.611161000000000000e+06
1.146366000000000000e+08
2.108532800000000000e+07
5.423594500000000000e+06
1.554566400000000000e+08
1.977269200000000000e+07
1.277045500000000000e+06
3.323400400000000000e+07
1.092584900000000000e+07
5.215087200000000000e+07
6.670130500000000000e+06
1.315117600000000000e+08
1.230324000000000000e+08
2.853465200000000000e+07
4.947794000000000000e+06
6.320273000000000000e+06
1.269895875000000000e+06
1.060617625000000000e+06
1.872973920000000000e+08
1.287703900000000000e+07
8.470165000000000000e+06
2.831637200000000000e+07
7.941068800000000000e+07
5.773356400000000000e+07
4.077822400000000000e+07
2.605302750000000000e+06
1.573172300000000000e+07
4.600085000000000000e+05
3.023728800000000000e+07
1.866358880000000000e+08
3.214782500000000000e+06
8.994870000000000000e+06
1.553385625000000000e+06
3.603250750000000000e+06
5.499054800000000000e+07
1.828504000000000000e+07
1.171683000000000000e+07
2.251600800000000000e+07
4.793550000000000000e+06
4.419657000000000000e+06
1.302759520000000000e+08
1.109609360000000000e+08
2.670040000000000000e+07
2.108154800000000000e+07
3.218871600000000000e+07
1.697077200000000000e+07
2.946408800000000000e+07
1.613296160000000000e+08
9.295300000000000000e+05
2.013008400000000000e+07
3.058969200000000000e+07
6.061343000000000000e+06
3.721279600000000000e+07
1.880889120000000000e+08
3.791149062500000000e+05
5.558261500000000000e+06
3.585152734375000000e+04
3.439170750000000000e+06
2.645020400000000000e+07
6.119598400000000000e+07
4.081527812500000000e+05
2.637582250000000000e+06
3.063593600000000000e+07
8.072279200000000000e+07
8.594423000000000000e+06
6.157083000000000000e+06
1.375179300000000000e+07
9.892249600000000000e+07
4.902570000000000000e+07
1.764150240000000000e+08
4.189889500000000000e+06
1.250479875000000000e+06
1.304387300000000000e+07
2.012537440000000000e+08
2.612614800000000000e+07
1.884245600000000000e+07
1.462221600000000000e+07
2.082394400000000000e+07
1.875232000000000000e+07
3.391846000000000000e+07
7.955046400000000000e+07
3.137025500000000000e+06
1.495649900000000000e+07
3.221936750000000000e+06
4.607295600000000000e+07
2.339214500000000000e+06
2.734665000000000000e+06
7.924172160000000000e+08
7.594693000000000000e+06
1.516840000000000000e+06
1.317281835937500000e+04
1.280164400000000000e+08
5.431102800000000000e+07
5.952899000000000000e+06
4.321068400000000000e+07
1.566629700000000000e+07
2.726220000000000000e+07
8.503738000000000000e+06
1.788449687500000000e+05
7.565776000000000000e+06
2.626119750000000000e+06
2.286792400000000000e+07
4.106417000000000000e+06
6.985176000000000000e+07
4.288321500000000000e+06
4.725054400000000000e+07
1.282471520000000000e+08
7.746883200000000000e+07
2.616789200000000000e+07
1.528690500000000000e+07
1.311046900000000000e+07
6.361834400000000000e+07
1.082450100000000000e+07
1.016556125000000000e+06
3.041005200000000000e+07
5.040156400000000000e+07
1.413568750000000000e+06
2.376704000000000000e+07
5.906781500000000000e+06
3.140967600000000000e+07
1.007205952000000000e+09
2.140459200000000000e+07
7.764596875000000000e+04
4.067227200000000000e+07
3.244343750000000000e+06
4.869292500000000000e+06
2.559796400000000000e+07
5.827315200000000000e+08
6.301834765625000000e+04
4.139902343750000000e+04
7.832476800000000000e+07
1.817331406250000000e+05
1.245760250000000000e+06
8.631894400000000000e+07
9.684826000000000000e+06
9.547088000000000000e+06
3.309957750000000000e+06
1.376757440000000000e+08
8.253183125000000000e+05
5.375769200000000000e+07
6.388951200000000000e+07
3.666131250000000000e+05
6.139356400000000000e+07
5.857489375000000000e+05
1.225581200000000000e+08
1.026579000000000000e+06
3.915311000000000000e+06
6.402811250000000000e+05
5.771233203125000000e+04
3.269648800000000000e+07
1.301911700000000000e+07
1.562952700000000000e+07
1.866084640000000000e+08
1.000186600000000000e+07
9.240027200000000000e+07
8.079133600000000000e+07
2.313849600000000000e+07
