2.465107500000000000e+05
1.300707714843750000e+04
6.085192800000000000e+07
4.320454296875000000e+04
6.198206250000000000e+04
1.309987109375000000e+05
1.321734218750000000e+05
6.087120625000000000e+05
1.642861093750000000e+05
5.424446484375000000e+04
8.512688000000000000e+06
6.886708750000000000e+05
4.457931250000000000e+04
2.474074414062500000e+04
6.076912500000000000e+06
1.649412625000000000e+06
3.873721250000000000e+05
1.207795781250000000e+05
1.015989843750000000e+04
4.900900000000000000e+05
5.057083203125000000e+04
3.948480078125000000e+04
4.851953750000000000e+05
1.072367000000000000e+06
1.078818000000000000e+06
1.635298875000000000e+06
2.885004687500000000e+05
6.692469375000000000e+05
3.614615000000000000e+05
1.987570875000000000e+06
1.760037343750000000e+05
4.484647500000000000e+06
6.512839375000000000e+05
1.905065875000000000e+06
3.619113125000000000e+05
2.276637500000000000e+05
2.532014000000000000e+06
1.876532500000000000e+06
3.767731562500000000e+05
3.509025625000000000e+05
3.580300292968750000e+03
3.365796250000000000e+05
1.535877500000000000e+05
1.043632100000000000e+07
1.923463125000000000e+05
3.480782812500000000e+04
1.011440000000000000e+07
5.597819921875000000e+04
1.771225000000000000e+04
6.185982812500000000e+04
1.572652343750000000e+05
3.488020703125000000e+04
5.298343750000000000e+05
2.276893000000000000e+06
1.996059375000000000e+05
8.878515000000000000e+05
1.197669843750000000e+05
1.038188875000000000e+06
7.614063750000000000e+05
7.910812500000000000e+04
9.420719000000000000e+06
2.544120312500000000e+05
2.584391875000000000e+05
5.077935000000000000e+06
2.577360250000000000e+06
1.918466375000000000e+06
1.354352416992187500e+03
1.793905781250000000e+05
7.541760000000000000e+05
2.228794750000000000e+06
1.652953750000000000e+05
2.530967968750000000e+05
2.819355750000000000e+06
1.301755156250000000e+05
4.334219062500000000e+05
5.762476875000000000e+05
1.138331625000000000e+06
2.551081250000000000e+05
2.285105625000000000e+05
1.147678625000000000e+06
2.045780273437500000e+04
3.462314375000000000e+05
4.884915500000000000e+06
1.736503750000000000e+05
9.127196093750000000e+04
9.994385000000000000e+05
5.282900000000000000e+05
3.998047265625000000e+04
1.333598125000000000e+05
4.114402812500000000e+05
3.943452343750000000e+04
4.977931250000000000e+05
3.248856562500000000e+05
1.047180390625000000e+05
3.301350625000000000e+05
1.674724250000000000e+06
1.175186375000000000e+06
2.663727734375000000e+04
3.226988125000000000e+05
4.922458203125000000e+04
5.644625390625000000e+04
4.714542812500000000e+05
8.345326250000000000e+05
4.294538000000000000e+06
4.051476953125000000e+04
2.762149500000000000e+06
4.610832187500000000e+05
4.967403437500000000e+05
7.030329687500000000e+04
1.626596500000000000e+06
3.595005625000000000e+05
1.418707375000000000e+06
4.987244687500000000e+05
6.619661000000000000e+06
8.828114000000000000e+06
4.970355625000000000e+05
1.859723437500000000e+04
4.718568750000000000e+05
2.735718750000000000e+04
2.604083250000000000e+06
1.918466375000000000e+06
5.909666250000000000e+05
5.992914375000000000e+05
1.175026250000000000e+06
2.146426093750000000e+05
1.101374140625000000e+05
9.386358750000000000e+05
5.067014687500000000e+05
6.692469375000000000e+05
7.914920625000000000e+05
1.937427343750000000e+05
7.630236500000000000e+06
5.081668125000000000e+05
1.893172968750000000e+05
2.240731600000000000e+07
2.270446750000000000e+06
5.008978515625000000e+04
7.779676500000000000e+06
1.918466375000000000e+06
3.824011250000000000e+05
5.396633984375000000e+04
1.551740722656250000e+04
3.879895625000000000e+05
2.813036562500000000e+05
9.982535937500000000e+04
4.511623437500000000e+05
6.655109375000000000e+05
1.553956718750000000e+05
1.936122250000000000e+06
4.489934375000000000e+05
1.639669875000000000e+06
5.984136250000000000e+05
3.336840000000000000e+05
6.096090234375000000e+04
5.981357500000000000e+05
4.739239500000000000e+06
8.485254375000000000e+05
7.779513000000000000e+06
2.819355750000000000e+06
6.522324375000000000e+05
3.092526875000000000e+05
7.918461875000000000e+05
7.653720000000000000e+05
1.496206125000000000e+06
1.372668847656250000e+04
6.942198125000000000e+05
3.965840937500000000e+05
1.135018750000000000e+06
4.148962812500000000e+05
4.070087812500000000e+05
4.691652500000000000e+06
2.048173437500000000e+04
7.541256250000000000e+05
3.167792500000000000e+06
8.424251562500000000e+04
2.508324804687500000e+04
5.173624062500000000e+05
2.627287890625000000e+04
2.328880312500000000e+05
2.583477343750000000e+04
1.483000468750000000e+05
5.992914375000000000e+05
1.804257031250000000e+04
1.290080750000000000e+06
5.498777500000000000e+05
8.205403750000000000e+05
5.963666250000000000e+05
5.638871500000000000e+06
3.683482500000000000e+05
8.828848437500000000e+04
4.506448046875000000e+04
5.562738671875000000e+04
1.023355468750000000e+05
1.305625468750000000e+05
5.791876953125000000e+04
5.499203500000000000e+06
9.673898437500000000e+04
7.128910937500000000e+04
3.288042000000000000e+06
3.034527500000000000e+06
7.861647656250000000e+04
1.465432226562500000e+04
3.088485742187500000e+04
6.626274375000000000e+05
4.456250937500000000e+05
5.281051250000000000e+05
5.063357812500000000e+05
4.375918437500000000e+05
6.985678750000000000e+05
1.793217968750000000e+04
2.773084500000000000e+06
1.585801875000000000e+05
1.473994750000000000e+06
3.705118250000000000e+06
4.174626562500000000e+05
1.225505375000000000e+06
2.358993500000000000e+06
2.256814062500000000e+04
5.890435937500000000e+04
4.458252812500000000e+05
6.996218750000000000e+04
4.931005078125000000e+04
1.417596875000000000e+05
6.403255468750000000e+04
7.622230000000000000e+05
8.419992500000000000e+05
1.642846875000000000e+05
2.013547656250000000e+05
1.768136250000000000e+05
5.815798125000000000e+05
2.552806875000000000e+05
1.067170000000000000e+06
5.870432031250000000e+04
9.611512500000000000e+04
3.595005625000000000e+05
3.370599750000000000e+06
3.512953125000000000e+05
1.221737375000000000e+06
7.187483593750000000e+04
6.074826250000000000e+05
3.966000312500000000e+05
8.843655625000000000e+05
1.249678515625000000e+05
7.893226875000000000e+05
1.016975156250000000e+05
1.104083375000000000e+06
4.472339687500000000e+05
6.194393125000000000e+05
4.981474375000000000e+05
2.807638750000000000e+05
5.003828437500000000e+05
1.683451093750000000e+05
6.476506875000000000e+05
6.962831250000000000e+05
7.637635000000000000e+05
1.499278027343750000e+04
2.774661000000000000e+06
1.209693500000000000e+06
3.171022187500000000e+05
4.078799250000000000e+06
1.709089375000000000e+05
6.186065234375000000e+04
2.844532500000000000e+05
2.319092773437500000e+03
2.819355750000000000e+06
9.228712890625000000e+03
1.184028906250000000e+04
1.659882500000000000e+06
7.231046093750000000e+04
3.181405937500000000e+05
2.284935625000000000e+05
3.988263671875000000e+04
2.789995500000000000e+06
2.135738906250000000e+05
1.743128125000000000e+04
5.837418750000000000e+05
2.314406000000000000e+07
9.762752343750000000e+04
7.452680000000000000e+05
2.338269687500000000e+05
3.719129687500000000e+05
6.031604687500000000e+04
3.833885000000000000e+05
1.802186406250000000e+05
4.268203750000000000e+05
2.873885937500000000e+05
1.654536100000000000e+07
3.184913500000000000e+06
4.999214062500000000e+04
6.297853750000000000e+05
2.145451171875000000e+04
1.110978359375000000e+05
6.237640234375000000e+04
2.678251875000000000e+05
3.455849750000000000e+06
1.084759667968750000e+04
7.607380468750000000e+04
5.546073046875000000e+04
7.411606875000000000e+05
3.410131875000000000e+05
1.635002187500000000e+05
6.537507031250000000e+04
1.212057600000000000e+07
2.751165937500000000e+05
7.371677343750000000e+04
1.020333515625000000e+05
8.141377500000000000e+05
1.229380859375000000e+05
1.280909500000000000e+06
2.063648437500000000e+05
2.257186875000000000e+05
3.132512812500000000e+05
2.858617968750000000e+04
4.007468359375000000e+04
7.868717500000000000e+05
3.084053437500000000e+05
2.274762343750000000e+05
1.027348125000000000e+05
7.510487500000000000e+04
9.964691875000000000e+05
2.886614375000000000e+05
4.496767500000000000e+06
2.523718500000000000e+06
2.305589648437500000e+04
9.501332500000000000e+05
5.277576875000000000e+05
2.104744921875000000e+04
4.737983203125000000e+04
1.186906406250000000e+05
2.509618000000000000e+06
6.674198437500000000e+04
5.013209687500000000e+05
2.450933200000000000e+07
6.107355625000000000e+05
4.677850800000000000e+07
6.766539550781250000e+03
6.049214843750000000e+04
2.330932500000000000e+06
7.902159375000000000e+05
4.456994375000000000e+05
1.613434531250000000e+05
6.194393125000000000e+05
1.606027343750000000e+05
3.203005468750000000e+04
4.132994921875000000e+04
4.640605000000000000e+05
1.093564296875000000e+05
2.252816210937500000e+04
5.369870703125000000e+04
4.922458203125000000e+04
4.007632812500000000e+04
2.461246500000000000e+06
2.114112500000000000e+06
1.454484250000000000e+06
2.777203906250000000e+04
1.287762890625000000e+04
6.824929375000000000e+05
1.424576250000000000e+05
1.655723242187500000e+04
3.110300390625000000e+04
2.540523046875000000e+04
2.272023500000000000e+06
3.449846093750000000e+04
2.943804687500000000e+04
3.802613125000000000e+05
3.980763125000000000e+05
5.096285156250000000e+04
8.536869375000000000e+05
4.936527600000000000e+07
1.391135312500000000e+05
1.010647000000000000e+06
3.629341796875000000e+04
3.782283125000000000e+05
1.059492968750000000e+05
1.211182343750000000e+05
3.297165234375000000e+04
4.546053125000000000e+04
1.354852812500000000e+05
1.918466375000000000e+06
3.824306562500000000e+05
2.844031250000000000e+04
2.259957031250000000e+05
2.249991000000000000e+06
6.421291250000000000e+05
3.076030859375000000e+04
7.056810000000000000e+05
1.032385312500000000e+06
4.070087812500000000e+05
5.478301953125000000e+04
2.133247851562500000e+04
3.097187500000000000e+04
1.123051562500000000e+04
1.015989843750000000e+04
9.082850000000000000e+05
3.171559960937500000e+04
6.428441250000000000e+05
2.873885937500000000e+05
5.574875625000000000e+05
3.112917500000000000e+05
5.994789500000000000e+06
1.883634800000000000e+07
5.790860937500000000e+04
4.510968750000000000e+05
2.711770898437500000e+04
2.216021484375000000e+03
6.846818750000000000e+04
4.996447753906250000e+03
2.200481000000000000e+06
4.087133984375000000e+04
2.360483500000000000e+06
2.791994250000000000e+06
1.762758593750000000e+04
5.356194140625000000e+04
1.766100125000000000e+06
2.341191750000000000e+06
3.824306562500000000e+05
4.746180000000000000e+05
8.971741875000000000e+05
5.847983125000000000e+05
5.973707500000000000e+05
1.282439750000000000e+06
3.624359375000000000e+05
8.977373750000000000e+05
1.452519335937500000e+04
5.384435000000000000e+05
2.286254218750000000e+05
1.056639875000000000e+06
2.826018750000000000e+05
6.651132812500000000e+04
8.206311718750000000e+04
7.191323437500000000e+04
6.010106250000000000e+04
4.182815625000000000e+05
3.703249500000000000e+06
9.317259200000000000e+07
4.473569921875000000e+04
1.308719375000000000e+06
8.160773125000000000e+05
2.882724687500000000e+05
7.179835000000000000e+05
1.118029531250000000e+05
2.990526562500000000e+04
8.911444531250000000e+04
2.477341406250000000e+05
3.941557421875000000e+04
4.957708496093750000e+03
2.544855781250000000e+05
1.131643437500000000e+05
3.124729296875000000e+04
3.284680937500000000e+05
2.376002968750000000e+05
1.249429453125000000e+05
1.595762968750000000e+05
3.711635937500000000e+05
3.611046000000000000e+06
3.622808984375000000e+04
2.147367750000000000e+06
1.632982656250000000e+05
2.836262000000000000e+06
2.370316500000000000e+06
1.026213125000000000e+05
8.609189062500000000e+04
2.823747500000000000e+05
6.010742578125000000e+04
4.443682031250000000e+04
1.435089875000000000e+06
9.485967500000000000e+05
1.015704980468750000e+04
2.858292187500000000e+05
2.658350195312500000e+04
8.833901562500000000e+04
1.021139312500000000e+06
1.597228250000000000e+06
1.348242375000000000e+06
4.268052500000000000e+06
2.056008875000000000e+06
3.763376953125000000e+04
5.747378906250000000e+04
6.999235625000000000e+05
7.068387500000000000e+05
5.885567578125000000e+04
1.183674125000000000e+06
4.414790400000000000e+07
7.052214843750000000e+04
1.027207968750000000e+05
3.590120703125000000e+04
2.440108437500000000e+05
2.461101000000000000e+06
6.160401953125000000e+04
2.336951000000000000e+06
4.307367578125000000e+04
1.903568359375000000e+04
8.382584375000000000e+05
2.978424687500000000e+05
2.664970312500000000e+04
3.665257187500000000e+05
7.641322656250000000e+04
3.295867431640625000e+03
2.715617812500000000e+05
2.603862000000000000e+06
2.046564125000000000e+06
4.325885937500000000e+05
3.485405312500000000e+05
8.681408125000000000e+05
3.534464599609375000e+03
7.178897500000000000e+05
3.199187750000000000e+06
3.124245937500000000e+05
7.541256250000000000e+05
1.990658437500000000e+05
7.748548750000000000e+05
3.330907500000000000e+05
2.996324804687500000e+04
3.141876000000000000e+06
9.439357500000000000e+05
2.840469062500000000e+05
3.303619500000000000e+06
1.445823046875000000e+04
1.126948906250000000e+05
1.126255750000000000e+06
2.599634250000000000e+06
8.823612500000000000e+04
7.502834000000000000e+06
1.672151250000000000e+05
8.026767968750000000e+04
1.027818187500000000e+06
8.496831000000000000e+06
1.693852656250000000e+05
3.446402099609375000e+03
2.812765625000000000e+05
1.084820605468750000e+04
1.176630234375000000e+05
7.572275000000000000e+04
9.254164062500000000e+04
1.875962343750000000e+05
6.273782421875000000e+04
3.418286000000000000e+06
1.445823046875000000e+04
2.071735156250000000e+05
4.687500000000000000e+05
2.840690500000000000e+06
1.638155156250000000e+05
7.471053125000000000e+04
6.357923750000000000e+05
3.339711562500000000e+05
5.402319140625000000e+04
3.598840625000000000e+05
8.437350000000000000e+04
2.504978437500000000e+05
4.954059500000000000e+06
7.944433593750000000e+04
1.960932656250000000e+05
9.267791406250000000e+04
7.371096250000000000e+05
2.173527099609375000e+03
6.140452500000000000e+05
6.925177500000000000e+05
3.156324250000000000e+06
9.060105625000000000e+05
1.385606500000000000e+06
2.553986000000000000e+06
1.009784843750000000e+05
8.791692968750000000e+04
1.154547812500000000e+05
4.415668437500000000e+05
5.297570625000000000e+05
9.208195000000000000e+06
3.159123750000000000e+05
7.583389648437500000e+03
1.093991875000000000e+05
3.796085937500000000e+04
4.382847187500000000e+05
1.863231125000000000e+06
3.008058125000000000e+05
3.278336328125000000e+04
1.057807375000000000e+06
2.756636562500000000e+05
7.440691406250000000e+04
6.746732031250000000e+04
4.488828000000000000e+06
8.045245312500000000e+04
9.594441406250000000e+04
6.017615000000000000e+05
1.011045125000000000e+06
4.771759062500000000e+05
9.810446093750000000e+04
3.437117187500000000e+04
1.773936914062500000e+04
2.619448281250000000e+05
2.009267968750000000e+05
3.071145000000000000e+05
2.147367750000000000e+06
4.625150390625000000e+04
2.101983500000000000e+06
1.372056000000000000e+06
6.138450390625000000e+04
7.136486000000000000e+06
6.591578906250000000e+04
3.986248750000000000e+05
7.478082031250000000e+04
2.329322343750000000e+05
1.019363750000000000e+05
2.951134687500000000e+05
3.664670000000000000e+05
1.179335468750000000e+05
2.269492656250000000e+05
1.680738281250000000e+05
3.929761875000000000e+05
1.592804687500000000e+04
2.626966250000000000e+06
6.834214843750000000e+04
8.402114843750000000e+04
5.951536250000000000e+05
2.943804687500000000e+04
1.717684250000000000e+06
1.547583375000000000e+06
9.221744140625000000e+03
9.972571289062500000e+03
5.870219140625000000e+04
1.355164062500000000e+05
1.905515625000000000e+05
2.809513250000000000e+06
7.076603906250000000e+04
6.131976562500000000e+03
3.918432031250000000e+04
2.384822070312500000e+04
7.846767500000000000e+05
3.111669250000000000e+06
3.325387207031250000e+03
5.007918359375000000e+04
4.527740800000000000e+07
2.820047187500000000e+05
1.300712734375000000e+05
1.868912500000000000e+04
2.099596484375000000e+04
8.667813281250000000e+04
5.197238281250000000e+04
1.093564296875000000e+05
7.068084472656250000e+03
1.491982055664062500e+03
5.099276000000000000e+07
4.714542812500000000e+05
1.866206250000000000e+06
9.562004687500000000e+04
1.066788800000000000e+07
8.847460000000000000e+05
3.071162812500000000e+05
3.478380078125000000e+04
2.885064453125000000e+04
1.064194250000000000e+06
2.655370312500000000e+05
2.402986800000000000e+07
4.584585312500000000e+05
2.184215156250000000e+05
2.818656750000000000e+06
1.542820214843750000e+04
3.753201171875000000e+04
4.596405625000000000e+05
1.206782875000000000e+06
2.885004687500000000e+05
2.210174500000000000e+06
1.089235500000000000e+06
3.451017500000000000e+05
3.996609765625000000e+04
3.545321000000000000e+06
2.834964648437500000e+04
2.260245250000000000e+06
3.953205078125000000e+04
7.876353125000000000e+05
3.029259250000000000e+06
2.262473593750000000e+05
1.371271125000000000e+06
3.782066875000000000e+05
2.895431250000000000e+06
1.263123515625000000e+05
6.152604000000000000e+06
6.203505078125000000e+04
1.785547000000000000e+06
1.986077031250000000e+05
4.456149062500000000e+05
1.248022000000000000e+06
9.577660000000000000e+05
8.369045000000000000e+05
4.769905000000000000e+06
1.269194765625000000e+05
5.415183750000000000e+05
2.789995500000000000e+06
3.581040937500000000e+05
1.003893457031250000e+04
4.808748437500000000e+05
1.835198375000000000e+06
4.543735312500000000e+05
6.267897265625000000e+04
4.597365625000000000e+05
1.148293203125000000e+05
1.839683125000000000e+05
1.872207187500000000e+05
6.171203125000000000e+05
1.658044531250000000e+04
7.571580625000000000e+05
2.023357187500000000e+05
4.362497187500000000e+05
4.524189453125000000e+04
1.582786093750000000e+05
1.998484570312500000e+04
2.282537890625000000e+04
8.352021875000000000e+05
1.372451250000000000e+06
7.230169531250000000e+04
3.160589200000000000e+07
5.499537500000000000e+05
1.354176855468750000e+04
2.813412187500000000e+05
1.078813875000000000e+06
2.065529000000000000e+06
2.774661000000000000e+06
1.261012421875000000e+05
3.809414062500000000e+04
1.661945703125000000e+04
2.319609750000000000e+06
1.436949625000000000e+06
6.127139062500000000e+04
2.177134179687500000e+04
1.602554875000000000e+06
2.719105273437500000e+04
8.268332500000000000e+05
3.578454000000000000e+06
2.088267000000000000e+06
8.729028125000000000e+05
7.846767500000000000e+05
1.747451500000000000e+06
1.227234765625000000e+05
9.149942500000000000e+05
7.503135625000000000e+05
6.390121484375000000e+04
1.539301562500000000e+04
9.685080625000000000e+05
6.855299218750000000e+04
9.089479687500000000e+04
3.484585500000000000e+06
5.813580000000000000e+05
2.678163281250000000e+04
3.648294687500000000e+05
6.957739843750000000e+04
2.886922070312500000e+04
4.069831750000000000e+06
2.568935750000000000e+06
9.675328906250000000e+04
2.818148500000000000e+06
1.501421875000000000e+06
2.084375390625000000e+04
2.434442750000000000e+06
5.258312890625000000e+04
6.110064941406250000e+03
2.672939750000000000e+06
9.101632031250000000e+04
1.120986953125000000e+05
1.255500000000000000e+04
3.284718437500000000e+05
1.319394218750000000e+05
1.289657812500000000e+05
2.054895500000000000e+06
8.413825000000000000e+06
1.152771679687500000e+04
2.147710000000000000e+05
3.285842578125000000e+04
9.682721875000000000e+04
3.703839062500000000e+05
5.754124375000000000e+05
2.541659062500000000e+05
4.339426562500000000e+05
4.899283437500000000e+05
4.320360156250000000e+04
3.682726562500000000e+04
1.419815781250000000e+05
6.733474375000000000e+05
6.871357500000000000e+05
2.654220703125000000e+04
8.216255000000000000e+06
3.437487812500000000e+05
1.127462625000000000e+06
1.062801171875000000e+05
6.569654800000000000e+07
4.981186718750000000e+04
1.883537109375000000e+04
3.522830312500000000e+05
1.198659875000000000e+06
2.048530625000000000e+06
1.403494000000000000e+06
3.110443750000000000e+06
1.682817578125000000e+04
1.109306750000000000e+06
8.249910156250000000e+04
1.377421484375000000e+04
3.570766500000000000e+06
5.977900000000000000e+04
6.356376171875000000e+04
1.488535156250000000e+04
7.277092968750000000e+04
1.988943500000000000e+06
7.758768750000000000e+05
1.389802656250000000e+05
1.103702187500000000e+05
2.335095500000000000e+06
3.141876000000000000e+06
6.626877343750000000e+04
1.560543261718750000e+04
1.623814500000000000e+06
3.929299218750000000e+04
2.371712812500000000e+05
1.047022656250000000e+05
1.871477343750000000e+04
6.368234375000000000e+05
3.550938250000000000e+06
7.139360937500000000e+04
1.294484453125000000e+05
1.300887375000000000e+06
6.541698437500000000e+04
3.060893310546875000e+03
1.487808500000000000e+07
1.486696406250000000e+05
3.029004492187500000e+04
7.862769375000000000e+05
4.085667000000000000e+06
2.564318750000000000e+05
1.802186406250000000e+05
2.523683984375000000e+04
6.677814843750000000e+04
1.904270375000000000e+06
2.048727656250000000e+05
1.846803625000000000e+06
1.044259000000000000e+06
6.504825625000000000e+05
1.866206250000000000e+06
2.649387695312500000e+04
2.223778125000000000e+05
9.052384375000000000e+05
1.549125125000000000e+06
1.871418334960937500e+03
1.405065937500000000e+05
6.885210000000000000e+06
6.553406250000000000e+05
1.897932656250000000e+05
7.806856875000000000e+05
8.267898750000000000e+05
5.556844375000000000e+05
3.104888437500000000e+05
4.458997187500000000e+05
4.014127812500000000e+05
6.059475625000000000e+05
7.229250000000000000e+05
2.316613769531250000e+03
2.372095156250000000e+05
3.722714453125000000e+04
1.879949804687500000e+04
7.698572500000000000e+05
3.407893000000000000e+06
3.089580750000000000e+06
6.050558984375000000e+04
1.361025375000000000e+06
3.873880312500000000e+05
1.568515312500000000e+05
3.664844687500000000e+05
1.232517000000000000e+07
1.586966718750000000e+05
1.235832109375000000e+05
1.477452800000000000e+07
5.333483398437500000e+03
1.757729000000000000e+06
8.436400000000000000e+04
3.695082500000000000e+05
6.668940625000000000e+05
1.723042968750000000e+05
4.481262812500000000e+05
4.739535625000000000e+05
1.280226875000000000e+06
1.622399218750000000e+05
9.899893554687500000e+03
1.309805750000000000e+06
2.912318750000000000e+06
1.103190781250000000e+05
7.286266406250000000e+04
4.507539843750000000e+04
2.520341500000000000e+06
5.949272000000000000e+06
1.564281000000000000e+06
2.440728500000000000e+06
3.062778750000000000e+06
3.487172265625000000e+04
1.030034875000000000e+06
2.604572460937500000e+04
9.664122000000000000e+06
5.019572187500000000e+05
5.806593359375000000e+04
1.336633125000000000e+06
7.357443125000000000e+05
1.833178437500000000e+05
5.204058593750000000e+04
3.058028437500000000e+05
5.604737500000000000e+04
6.503940429687500000e+03
7.048267500000000000e+05
1.602546718750000000e+05
1.227733515625000000e+05
1.137625125000000000e+06
3.289789000000000000e+06
1.587929531250000000e+05
6.271730859375000000e+04
1.363369000000000000e+06
5.166790312500000000e+05
2.126372070312500000e+04
6.476945000000000000e+05
5.357239000000000000e+06
2.885004687500000000e+05
4.376498750000000000e+05
4.684060546875000000e+04
5.372079375000000000e+05
4.252126000000000000e+06
2.439580468750000000e+05
8.539434375000000000e+05
2.890343750000000000e+06
9.483874000000000000e+06
1.379602734375000000e+04
6.916570625000000000e+05
1.200935750000000000e+06
1.467891093750000000e+05
2.557996679687500000e+04
2.819355750000000000e+06
2.474074414062500000e+04
3.433441250000000000e+05
1.246841875000000000e+06
6.282755000000000000e+06
1.417934667968750000e+04
7.698771250000000000e+05
3.610442812500000000e+05
1.725553750000000000e+06
1.137625125000000000e+06
1.945080781250000000e+05
1.111664250000000000e+06
1.966829492187500000e+04
5.340463281250000000e+04
8.058790625000000000e+04
3.240021093750000000e+04
9.883299375000000000e+05
1.095892421875000000e+05
5.436160644531250000e+03
6.210904687500000000e+04
3.351898437500000000e+04
1.676649375000000000e+05
5.449495625000000000e+05
1.735000976562500000e+04
6.123949609375000000e+04
1.030532343750000000e+05
2.201541250000000000e+05
1.103359125000000000e+06
6.414895000000000000e+05
3.873610312500000000e+05
7.318513125000000000e+05
3.535428250000000000e+06
2.476137695312500000e+04
8.772899218750000000e+04
1.509365781250000000e+05
9.045516250000000000e+05
6.594848125000000000e+05
2.928949750000000000e+06
1.527661230468750000e+04
5.642150878906250000e+03
2.861289375000000000e+05
8.274964599609375000e+02
8.226990625000000000e+05
5.690536328125000000e+04
1.153555156250000000e+05
1.590157343750000000e+05
4.826739000000000000e+06
4.361847656250000000e+04
2.622332500000000000e+05
8.836875781250000000e+04
2.082545156250000000e+05
1.795583007812500000e+04
1.246799125000000000e+06
3.416718250000000000e+06
1.389311718750000000e+04
5.140451250000000000e+05
5.209575781250000000e+04
2.760915234375000000e+04
6.815491875000000000e+05
1.826208789062500000e+04
1.384407250000000000e+06
1.624493906250000000e+05
4.023721250000000000e+05
3.129805273437500000e+04
1.177566484375000000e+05
2.878166750000000000e+06
1.635523125000000000e+05
1.984329687500000000e+05
6.649959375000000000e+04
3.960885937500000000e+05
2.906847187500000000e+05
1.820017500000000000e+06
3.619244250000000000e+06
3.074062500000000000e+06
1.055062597656250000e+04
1.736593359375000000e+04
4.374470312500000000e+04
2.215725195312500000e+04
9.880566406250000000e+04
1.212340625000000000e+06
5.472156000000000000e+06
8.973410937500000000e+04
1.309810750000000000e+06
9.045592968750000000e+04
2.499950000000000000e+05
2.895393125000000000e+05
2.539914800000000000e+07
4.700993437500000000e+05
1.533863125000000000e+05
3.157610156250000000e+04
5.929384375000000000e+05
4.069843000000000000e+06
2.230554101562500000e+04
5.880062000000000000e+06
3.988263671875000000e+04
3.581376500000000000e+06
4.335021250000000000e+05
2.428435156250000000e+04
2.827921875000000000e+05
5.076032226562500000e+03
4.201133593750000000e+04
3.312970750000000000e+06
5.043655078125000000e+04
4.833567968750000000e+04
1.322815750000000000e+06
3.147538085937500000e+04
6.431124511718750000e+03
2.737853750000000000e+05
1.375539218750000000e+05
3.723033437500000000e+05
1.489568900000000000e+07
4.733638281250000000e+04
7.686101250000000000e+05
1.014085000000000000e+06
4.079112500000000000e+04
7.001030500000000000e+06
3.353139000000000000e+06
5.113281250000000000e+05
6.211933750000000000e+05
7.914920625000000000e+05
1.718207812500000000e+04
7.613620000000000000e+06
6.199311718750000000e+04
4.476692500000000000e+05
8.624477500000000000e+05
8.069166250000000000e+05
9.781038125000000000e+05
3.637383000000000000e+06
4.670044687500000000e+05
2.970002500000000000e+06
1.468182500000000000e+07
2.373879500000000000e+06
8.893964375000000000e+05
8.180822500000000000e+05
8.107426250000000000e+05
7.914920625000000000e+05
3.141876000000000000e+06
9.805368125000000000e+05
9.967818750000000000e+04
1.644331250000000000e+05
1.331260875000000000e+06
3.010965820312500000e+03
3.508734375000000000e+05
1.559330781250000000e+05
1.017337031250000000e+05
2.415762500000000000e+04
3.851974687500000000e+05
9.346126875000000000e+05
1.576274902343750000e+04
1.075371191406250000e+04
1.146791375000000000e+06
1.318431625000000000e+06
1.295735058593750000e+04
4.022746875000000000e+05
1.843354800000000000e+07
2.449640000000000000e+05
7.049542968750000000e+03
5.168613437500000000e+05
3.044895000000000000e+05
4.818204296875000000e+04
1.202655546875000000e+05
1.766100125000000000e+06
2.469744000000000000e+06
1.253856796875000000e+05
2.617234375000000000e+04
4.528648000000000000e+07
5.444675000000000000e+05
1.674843593750000000e+05
3.317076562500000000e+04
1.463168500000000000e+06
3.394793750000000000e+05
9.929464000000000000e+06
1.642607226562500000e+04
4.458252812500000000e+05
1.495325750000000000e+06
3.287150800000000000e+07
9.021170312500000000e+04
1.384080781250000000e+05
5.481917500000000000e+05
5.871393125000000000e+05
2.361323242187500000e+04
7.482855625000000000e+05
2.343070250000000000e+06
1.112951953125000000e+05
3.215088125000000000e+05
2.466787500000000000e+06
2.377657656250000000e+05
2.684704250000000000e+06
2.495905750000000000e+06
9.440996093750000000e+03
9.537278000000000000e+06
1.054759250000000000e+06
7.244920312500000000e+04
2.393724804687500000e+04
9.053593750000000000e+05
3.285315000000000000e+06
6.448340234375000000e+04
1.449279531250000000e+05
1.575338375000000000e+06
3.439500937500000000e+05
5.700536875000000000e+05
7.098550781250000000e+04
3.887955312500000000e+05
1.359030000000000000e+05
2.690389250000000000e+06
6.549744921875000000e+04
4.161131562500000000e+05
3.343629750000000000e+06
4.884443125000000000e+05
9.067531250000000000e+04
1.788966250000000000e+06
4.161131562500000000e+05
2.033170000000000000e+05
1.994877656250000000e+05
5.349216875000000000e+05
7.914920625000000000e+05
6.185544375000000000e+05
6.525168125000000000e+05
9.487330000000000000e+06
2.984794062500000000e+05
7.654442500000000000e+05
5.615904296875000000e+04
7.645746250000000000e+05
5.592075625000000000e+05
6.187113750000000000e+05
9.902065000000000000e+05
3.602426000000000000e+06
1.021309200000000000e+07
1.599654531250000000e+05
2.509303320312500000e+04
2.604083250000000000e+06
1.111654625000000000e+06
1.137249625000000000e+06
1.364286718750000000e+05
3.635648437500000000e+05
1.489494750000000000e+06
2.200321500000000000e+06
1.433549625000000000e+06
2.110053600000000000e+07
2.204629296875000000e+04
5.024350781250000000e+04
5.205481562500000000e+05
9.471070625000000000e+05
9.691352539062500000e+03
8.930918750000000000e+04
4.564726250000000000e+05
1.307306640625000000e+04
2.678658125000000000e+05
2.819355750000000000e+06
1.485358593750000000e+05
2.147367750000000000e+06
8.172914550781250000e+03
3.034527500000000000e+06
5.891450625000000000e+05
1.005751093750000000e+05
1.176545625000000000e+06
3.824306562500000000e+05
2.432178320312500000e+04
1.466651250000000000e+06
3.020989648437500000e+04
2.215822656250000000e+05
4.094146875000000000e+05
6.118135000000000000e+05
1.059243000000000000e+06
4.123051875000000000e+05
2.749812695312500000e+04
8.084647656250000000e+04
4.930552400000000000e+07
5.070412812500000000e+05
2.786695625000000000e+05
2.136589062500000000e+04
5.820530625000000000e+05
1.456377656250000000e+05
4.732185546875000000e+03
2.371447265625000000e+04
1.426033750000000000e+06
1.374303613281250000e+04
4.515663500000000000e+06
3.537457812500000000e+05
4.765926500000000000e+06
1.767404531250000000e+05
1.296941796875000000e+04
4.960619375000000000e+05
3.363994140625000000e+04
3.299096875000000000e+05
8.407244531250000000e+04
7.698771250000000000e+05
2.165541875000000000e+05
6.009682421875000000e+04
8.475784375000000000e+05
1.975167031250000000e+05
1.165203437500000000e+05
9.404530000000000000e+05
3.158789062500000000e+05
2.107385000000000000e+05
1.322517187500000000e+05
2.096494000000000000e+06
8.056125625000000000e+05
5.311928125000000000e+05
2.283051000000000000e+06
6.640751562500000000e+04
1.337801513671875000e+03
2.394253500000000000e+06
9.877618125000000000e+05
1.754038085937500000e+04
9.414543750000000000e+05
2.102996250000000000e+06
1.280235500000000000e+06
1.235012250000000000e+06
3.367823437500000000e+04
1.428441800000000000e+07
1.172045100000000000e+07
4.527740800000000000e+07
7.601165625000000000e+04
1.394175468750000000e+05
6.309161875000000000e+05
8.205650390625000000e+03
1.629194843750000000e+05
2.278891750000000000e+06
4.447730859375000000e+04
5.281504375000000000e+05
9.438237000000000000e+06
1.138423750000000000e+06
1.468362875000000000e+06
8.916605625000000000e+05
4.292991562500000000e+05
3.119018125000000000e+05
1.435645468750000000e+05
2.655135000000000000e+05
4.765926500000000000e+06
2.257445468750000000e+05
4.397555468750000000e+04
8.103482812500000000e+04
1.420614687500000000e+05
1.476517250000000000e+06
7.365401562500000000e+04
6.124335156250000000e+04
1.725553750000000000e+06
6.464979375000000000e+05
4.374440625000000000e+04
1.125318500000000000e+06
5.854468125000000000e+05
3.929299218750000000e+04
3.690475781250000000e+04
1.567363906250000000e+05
5.785749000000000000e+06
9.507702148437500000e+03
9.907618750000000000e+05
4.307866250000000000e+05
1.101374140625000000e+05
2.585965250000000000e+06
2.515703515625000000e+04
7.637088750000000000e+05
8.011580625000000000e+05
3.523444687500000000e+05
4.248385625000000000e+05
7.853221875000000000e+05
2.979959062500000000e+05
1.310552031250000000e+05
7.796173125000000000e+05
3.394793750000000000e+05
2.024998500000000000e+06
1.101374140625000000e+05
6.469599375000000000e+05
2.319723437500000000e+05
5.657066000000000000e+06
5.773253125000000000e+04
1.292638625000000000e+06
2.472481562500000000e+05
3.007983789062500000e+04
2.612974250000000000e+06
2.747311500000000000e+06
4.279589453125000000e+04
3.890448828125000000e+04
1.502383125000000000e+05
7.926296875000000000e+03
1.783712656250000000e+05
5.760879000000000000e+06
1.137395234375000000e+05
2.311562500000000000e+06
6.691033750000000000e+05
1.273423750000000000e+06
1.195416625000000000e+06
7.158415000000000000e+05
1.920967250000000000e+06
3.600873500000000000e+06
2.030680375000000000e+06
3.213298046875000000e+04
4.685041875000000000e+05
3.167135625000000000e+05
2.333802000000000000e+06
1.610319300000000000e+07
1.327889843750000000e+05
5.532236250000000000e+05
7.389833750000000000e+05
3.290870312500000000e+05
4.524586500000000000e+06
1.078972375000000000e+06
5.016107812500000000e+05
2.571055600000000000e+07
1.697556093750000000e+05
2.915454101562500000e+04
2.273051562500000000e+05
6.342130000000000000e+05
7.744131875000000000e+05
1.741334687500000000e+05
1.364331625000000000e+06
1.487808500000000000e+07
2.152635250000000000e+06
1.773751625000000000e+06
3.870519921875000000e+04
1.308220250000000000e+06
4.833715000000000000e+05
1.633741750000000000e+06
1.392680078125000000e+04
8.314520312500000000e+04
3.885731250000000000e+05
6.361421484375000000e+04
2.056477343750000000e+05
9.997712500000000000e+04
1.054803984375000000e+05
3.257087187500000000e+05
2.247198750000000000e+06
1.805890125000000000e+06
2.016422656250000000e+05
3.602460500000000000e+06
1.805270625000000000e+05
5.574325781250000000e+04
3.657191562500000000e+05
3.485705859375000000e+04
7.849088750000000000e+05
1.052699125000000000e+06
9.349134375000000000e+04
2.054413625000000000e+06
2.789995500000000000e+06
3.353292724609375000e+03
2.744098828125000000e+04
8.287192500000000000e+05
4.639181152343750000e+03
1.414179600000000000e+07
4.883171875000000000e+05
9.667182000000000000e+06
2.524334750000000000e+06
5.648730625000000000e+05
1.782197812500000000e+05
4.032238281250000000e+04
1.137436250000000000e+06
2.863866562500000000e+05
2.991291250000000000e+05
8.885340625000000000e+04
1.071404000000000000e+06
1.534035937500000000e+05
7.971211250000000000e+05
1.074625375000000000e+06
4.501111250000000000e+05
1.161711125000000000e+06
2.731852148437500000e+04
1.363622031250000000e+05
1.006544687500000000e+06
2.459456000000000000e+07
2.701511750000000000e+06
2.271679000000000000e+06
3.752824250000000000e+06
8.539149375000000000e+05
1.944062656250000000e+05
1.774887187500000000e+05
6.445341250000000000e+05
2.724730664062500000e+04
3.444024062500000000e+05
3.366285500000000000e+06
6.396028808593750000e+03
7.206816875000000000e+05
3.436351000000000000e+06
8.709950000000000000e+04
9.792956250000000000e+04
3.179355625000000000e+05
2.833588750000000000e+05
2.760915234375000000e+04
5.957237500000000000e+05
4.140148437500000000e+05
1.876863625000000000e+06
7.622230000000000000e+05
1.487808500000000000e+07
1.372143432617187500e+03
1.253143359375000000e+04
1.360108750000000000e+05
2.247055500000000000e+06
3.034527500000000000e+06
5.697738125000000000e+05
6.651132812500000000e+04
2.546285625000000000e+05
1.929171093750000000e+05
2.997032750000000000e+06
2.810866796875000000e+04
1.092938875000000000e+06
1.183604125000000000e+06
6.835954687500000000e+04
6.252635625000000000e+05
8.688909375000000000e+04
5.917434082031250000e+03
1.255851750000000000e+06
1.853913375000000000e+06
4.770101000000000000e+06
1.198867875000000000e+06
1.301918847656250000e+04
1.137420000000000000e+06
1.686674750000000000e+06
5.274830000000000000e+05
2.190814208984375000e+03
5.599569500000000000e+06
9.611475781250000000e+04
8.710849375000000000e+05
1.529307031250000000e+04
4.489934375000000000e+05
1.149266750000000000e+06
1.228974062500000000e+05
1.346976500000000000e+06
3.949027250000000000e+06
3.705233642578125000e+03
2.190421093750000000e+05
3.873880312500000000e+05
2.338269687500000000e+05
8.192955625000000000e+05
4.527740800000000000e+07
9.987830078125000000e+03
1.002358500000000000e+06
5.732260500000000000e+06
1.560572968750000000e+05
5.025577343750000000e+04
5.796878000000000000e+06
6.304359375000000000e+04
2.215703906250000000e+04
1.776323000000000000e+06
9.682685156250000000e+04
1.386849250000000000e+06
4.897239500000000000e+06
3.324958984375000000e+03
1.420269531250000000e+05
7.967834472656250000e+03
1.038617968750000000e+05
1.479096375000000000e+06
1.064671250000000000e+06
2.417478593750000000e+05
1.062127421875000000e+05
4.392345937500000000e+05
5.083990000000000000e+05
7.191323437500000000e+04
5.572378125000000000e+05
7.931723437500000000e+04
3.155907500000000000e+05
1.443018066406250000e+04
1.682324500000000000e+06
8.568430468750000000e+04
1.319507500000000000e+05
1.909074500000000000e+06
7.468475000000000000e+04
6.569738125000000000e+05
9.999504687500000000e+04
4.302992500000000000e+05
1.622719824218750000e+04
5.244140234375000000e+04
1.029182625000000000e+06
4.167270703125000000e+04
3.750295703125000000e+04
1.419153750000000000e+05
1.155160875000000000e+06
5.604887695312500000e+03
8.228105000000000000e+05
2.873885937500000000e+05
1.093634375000000000e+06
1.109242109375000000e+05
9.208195000000000000e+06
9.667607421875000000e+03
8.172914550781250000e+03
1.993618437500000000e+05
8.702015625000000000e+05
5.577636250000000000e+05
1.589639250000000000e+06
2.208558906250000000e+05
6.436581250000000000e+05
7.130853750000000000e+05
3.460338250000000000e+06
4.525842578125000000e+04
3.882105000000000000e+05
9.733721600000000000e+07
1.246678828125000000e+05
4.993093437500000000e+05
2.981911718750000000e+04
2.352080312500000000e+05
7.087665625000000000e+05
1.243265234375000000e+05
1.091789750000000000e+06
2.269578906250000000e+04
4.621719687500000000e+05
1.608142750000000000e+06
1.306800488281250000e+04
1.317353750000000000e+05
1.345043906250000000e+05
2.020617375000000000e+06
8.082296093750000000e+04
4.754339062500000000e+05
1.208802890625000000e+05
1.341958789062500000e+04
1.067022070312500000e+04
5.343175000000000000e+05
5.995029375000000000e+05
1.302224609375000000e+03
6.915871875000000000e+05
3.883064375000000000e+05
7.873827500000000000e+06
2.065356835937500000e+04
1.307564125000000000e+06
5.502155000000000000e+05
5.001138125000000000e+05
1.993564000000000000e+06
3.739359062500000000e+05
1.433962625000000000e+06
1.294845703125000000e+04
6.337535000000000000e+06
1.022694062500000000e+05
1.138684375000000000e+06
4.443283593750000000e+04
8.911444531250000000e+04
3.896262187500000000e+05
8.456457031250000000e+03
5.886727500000000000e+05
1.159730156250000000e+05
3.928274687500000000e+05
9.356025625000000000e+05
6.883451250000000000e+05
7.672452343750000000e+04
4.504550937500000000e+05
8.530448750000000000e+05
1.538409179687500000e+04
6.073123000000000000e+06
1.217285375000000000e+06
3.848732421875000000e+04
2.653763000000000000e+06
9.183625000000000000e+05
4.243712500000000000e+05
4.684060546875000000e+04
1.870613000000000000e+06
1.425693437500000000e+05
3.668106250000000000e+04
8.438010156250000000e+04
1.438249218750000000e+05
1.896461875000000000e+05
2.435333437500000000e+05
1.899149531250000000e+05
9.560190625000000000e+04
3.870198437500000000e+05
1.112481750000000000e+06
4.229068359375000000e+04
9.357328750000000000e+05
5.759126250000000000e+05
2.885004687500000000e+05
2.816265625000000000e+05
1.321538906250000000e+05
4.530416015625000000e+04
4.109673125000000000e+05
1.017428500000000000e+07
1.023320390625000000e+05
4.237968000000000000e+07
3.423481875000000000e+05
1.159983125000000000e+06
6.386289062500000000e+04
1.124126100000000000e+07
4.367091500000000000e+06
5.133475312500000000e+05
7.333532031250000000e+04
3.039431000000000000e+06
2.015630875000000000e+06
2.626877148437500000e+04
1.336708375000000000e+06
1.539555664062500000e+04
9.308881875000000000e+05
6.719902343750000000e+04
4.684805312500000000e+05
9.517362000000000000e+06
2.832767187500000000e+05
5.753537500000000000e+04
1.496178875000000000e+06
8.981081250000000000e+05
5.953778750000000000e+05
1.736510468750000000e+05
8.567671000000000000e+06
3.748506562500000000e+05
1.654488700000000000e+07
2.046675500000000000e+06
3.153598000000000000e+07
1.289865500000000000e+06
3.462109687500000000e+05
6.257284375000000000e+04
3.595406562500000000e+05
6.672980625000000000e+05
2.118568750000000000e+05
1.936640468750000000e+05
2.835953750000000000e+06
5.301909000000000000e+06
6.314375000000000000e+05
2.036049687500000000e+05
4.009972500000000000e+05
6.938577000000000000e+06
7.491895000000000000e+05
1.895739500000000000e+06
3.411364687500000000e+05
1.129815625000000000e+05
7.541256250000000000e+05
2.793600500000000000e+06
4.551693750000000000e+05
2.570339062500000000e+04
1.896948437500000000e+05
9.357328750000000000e+05
1.079646500000000000e+06
4.161166500000000000e+06
3.398885600000000000e+07
1.444592031250000000e+05
3.985374687500000000e+05
9.736361328125000000e+03
3.918174218750000000e+04
6.014666500000000000e+06
4.299837812500000000e+05
1.580672656250000000e+05
8.140563125000000000e+05
6.104270000000000000e+05
6.666498500000000000e+06
6.644114843750000000e+04
2.365615781250000000e+05
3.941585000000000000e+05
7.018318750000000000e+05
5.705861328125000000e+04
2.181737250000000000e+06
2.163174062500000000e+05
9.337532031250000000e+04
8.915217968750000000e+04
1.923150024414062500e+03
8.350789062500000000e+04
4.118776250000000000e+05
2.510603593750000000e+05
1.454777000000000000e+06
4.240734000000000000e+06
9.161642500000000000e+05
3.640453750000000000e+05
2.895519750000000000e+06
2.845989375000000000e+05
1.216107187500000000e+05
2.404992031250000000e+05
4.296568750000000000e+04
6.353178125000000000e+05
9.881565625000000000e+05
2.362274843750000000e+05
4.385198242187500000e+03
1.611341562500000000e+05
7.817052343750000000e+04
2.427825750000000000e+06
1.036115625000000000e+06
4.287287812500000000e+05
1.549273281250000000e+05
3.673627343750000000e+04
1.684473046875000000e+04
3.992270703125000000e+04
2.353631445312500000e+04
7.321215000000000000e+05
1.458373375000000000e+06
6.958980468750000000e+04
5.602872656250000000e+04
1.037880312500000000e+05
2.034968625000000000e+06
1.706486718750000000e+05
2.266116562500000000e+05
6.532601875000000000e+05
6.795436250000000000e+05
3.915979687500000000e+05
1.425113281250000000e+05
1.054040250000000000e+06
3.215088125000000000e+05
2.528908000000000000e+06
1.070251000000000000e+06
1.760037343750000000e+05
2.372755078125000000e+04
2.208695781250000000e+05
3.626779687500000000e+05
1.616943437500000000e+05
1.620952000000000000e+06
1.087973125000000000e+06
1.611791894531250000e+04
8.834256875000000000e+05
1.486811250000000000e+05
1.422999843750000000e+05
2.885004687500000000e+05
1.155818125000000000e+05
1.918466375000000000e+06
3.395605078125000000e+04
7.749037500000000000e+05
8.131166250000000000e+05
3.543772187500000000e+05
7.562473750000000000e+05
5.134596800000000000e+07
9.813634000000000000e+06
1.084653593750000000e+05
6.725336250000000000e+05
9.343228515625000000e+03
3.513987109375000000e+04
1.812280625000000000e+06
2.938549250000000000e+06
9.224969375000000000e+05
6.624690625000000000e+04
1.207922343750000000e+05
4.491383984375000000e+04
1.802186406250000000e+05
2.120766000000000000e+06
7.819259375000000000e+04
5.396639375000000000e+05
3.033656500000000000e+06
3.843604248046875000e+03
1.703930375000000000e+06
1.782148281250000000e+05
1.246473125000000000e+05
2.256814062500000000e+04
1.392896125000000000e+06
8.265966250000000000e+05
3.143689500000000000e+06
9.401815625000000000e+04
1.379800000000000000e+05
1.213870125000000000e+06
1.622719824218750000e+04
2.181729000000000000e+06
1.729379218750000000e+05
1.386436625000000000e+06
2.585094218750000000e+05
2.117060156250000000e+05
2.217213476562500000e+04
5.314967968750000000e+04
4.005768437500000000e+05
6.860552500000000000e+06
7.575431250000000000e+04
8.954782031250000000e+04
3.406736000000000000e+06
7.123907500000000000e+05
1.811333750000000000e+06
3.984697750000000000e+06
4.714542812500000000e+05
1.136818125000000000e+06
2.819576875000000000e+05
6.531587109375000000e+04
3.516956250000000000e+06
2.707025312500000000e+05
1.188734765625000000e+05
9.863676250000000000e+05
7.698771250000000000e+05
3.004348242187500000e+04
2.974018500000000000e+06
8.213366250000000000e+05
3.037935156250000000e+04
2.293417031250000000e+05
9.146405000000000000e+06
1.287890125000000000e+06
3.714465234375000000e+04
4.971742187500000000e+04
1.443356750000000000e+06
1.026227625000000000e+06
9.747469375000000000e+05
1.358967871093750000e+04
8.056125625000000000e+05
2.783094062500000000e+05
8.787990625000000000e+05
1.622991718750000000e+05
5.474598437500000000e+04
2.011886523437500000e+04
5.246414375000000000e+05
1.971342187500000000e+04
3.521133750000000000e+05
3.055030664062500000e+04
8.403151000000000000e+06
8.748669000000000000e+06
7.622230000000000000e+05
8.911444531250000000e+04
4.984874000000000000e+06
2.088639218750000000e+05
1.464109250000000000e+06
4.210976875000000000e+05
1.337031000000000000e+06
6.314754375000000000e+05
1.006611750000000000e+06
3.328478515625000000e+04
3.915520000000000000e+06
1.327944000000000000e+07
8.259072500000000000e+05
1.962076367187500000e+04
1.556699218750000000e+05
4.765876500000000000e+06
2.649004000000000000e+07
3.274476750000000000e+06
1.144655250000000000e+06
2.771194250000000000e+06
9.005568750000000000e+04
4.922458203125000000e+04
1.006886484375000000e+05
1.308991796875000000e+05
3.983496484375000000e+04
3.142174062500000000e+05
9.209427500000000000e+05
4.001728437500000000e+05
6.167026000000000000e+06
8.021860351562500000e+03
1.963688281250000000e+04
3.647946562500000000e+05
8.390919921875000000e+03
3.176200000000000000e+04
1.164940000000000000e+05
4.649323125000000000e+05
5.982128000000000000e+06
3.359707421875000000e+04
5.790671875000000000e+05
1.776311125000000000e+06
3.848196562500000000e+05
2.220319250000000000e+06
1.323848828125000000e+04
1.809241250000000000e+06
6.098410625000000000e+05
2.888635937500000000e+05
1.117466718750000000e+05
9.291766406250000000e+04
1.348274500000000000e+06
1.489827125000000000e+06
1.083028000000000000e+06
4.621834375000000000e+04
1.097514750000000000e+06
7.993265000000000000e+05
1.383591625000000000e+06
2.911314257812500000e+04
3.513987109375000000e+04
3.140008437500000000e+05
1.712919125000000000e+06
3.223607812500000000e+05
6.649959375000000000e+04
6.836974375000000000e+05
8.402219531250000000e+04
2.966814750000000000e+06
4.187748828125000000e+04
2.403538281250000000e+05
1.351627500000000000e+05
1.455880312500000000e+05
2.664970312500000000e+04
3.350085312500000000e+05
3.401975312500000000e+05
9.186524375000000000e+05
5.668389200000000000e+07
2.084327375000000000e+06
6.612292500000000000e+05
6.638830625000000000e+05
3.088406250000000000e+04
4.681081640625000000e+04
2.973820000000000000e+06
1.428023730468750000e+04
6.215453750000000000e+05
2.337473828125000000e+04
1.728665156250000000e+05
2.047768593750000000e+05
4.327165312500000000e+05
5.745318125000000000e+05
6.208818750000000000e+05
3.592528125000000000e+04
2.359362750000000000e+06
3.778887000000000000e+06
3.930447750000000000e+06
1.092126125000000000e+06
2.799814257812500000e+04
1.078697343750000000e+05
3.409543125000000000e+05
1.678478125000000000e+05
1.570118125000000000e+05
5.727592578125000000e+04
9.690464062500000000e+04
8.074508750000000000e+05
3.082473828125000000e+04
6.774707812500000000e+04
1.257628000000000000e+06
2.584411406250000000e+05
6.558632812500000000e+04
6.755429687500000000e+04
4.765926500000000000e+06
8.258119375000000000e+05
6.819723750000000000e+05
1.602298906250000000e+05
7.489337500000000000e+05
1.715188125000000000e+06
7.216864375000000000e+05
5.147196250000000000e+05
9.897371875000000000e+04
4.815209765625000000e+04
2.147367750000000000e+06
4.959862500000000000e+05
2.801201250000000000e+05
7.795064000000000000e+06
6.547659375000000000e+04
1.617578906250000000e+05
3.093444375000000000e+05
2.055205250000000000e+06
2.964784250000000000e+06
9.556761000000000000e+06
1.403797875000000000e+06
1.062946750000000000e+06
6.914796250000000000e+05
1.202807031250000000e+05
1.744926875000000000e+06
4.213724000000000000e+06
5.242339843750000000e+04
3.104888437500000000e+05
1.046918750000000000e+05
2.282855625000000000e+05
5.173022187500000000e+05
1.798923500000000000e+06
3.968281000000000000e+06
2.276863281250000000e+04
7.405775781250000000e+04
3.974356250000000000e+06
2.045446679687500000e+04
1.216230078125000000e+05
5.626561718750000000e+04
4.303082812500000000e+05
1.284415468750000000e+05
1.361680625000000000e+05
6.593571875000000000e+04
1.521480937500000000e+05
8.408150781250000000e+04
4.666203515625000000e+04
1.840778437500000000e+05
7.808234375000000000e+05
6.955889375000000000e+05
1.794321125000000000e+06
7.646788750000000000e+05
5.529973125000000000e+05
2.462452343750000000e+05
2.762286562500000000e+05
2.653892250000000000e+06
3.037935156250000000e+04
2.982008750000000000e+05
2.030441601562500000e+04
2.183758500000000000e+06
4.942017000000000000e+06
1.763950750000000000e+06
4.289608984375000000e+04
4.616670937500000000e+05
7.796857500000000000e+05
1.085070546875000000e+05
4.221548125000000000e+05
3.926326875000000000e+05
2.995459062500000000e+05
6.525864843750000000e+04
1.059087375000000000e+06
7.897307500000000000e+05
2.173527099609375000e+03
3.502154052734375000e+03
7.712623125000000000e+05
7.647948125000000000e+05
3.325387207031250000e+03
1.471983000000000000e+06
1.053779375000000000e+05
2.717185000000000000e+06
6.513125625000000000e+05
4.163258750000000000e+06
2.034960468750000000e+05
2.934292500000000000e+06
8.156251875000000000e+05
4.005076875000000000e+05
1.890493906250000000e+05
2.220632750000000000e+06
6.709650781250000000e+04
2.589434375000000000e+05
9.426816250000000000e+05
1.907097265625000000e+04
1.311768432617187500e+03
2.159221250000000000e+05
7.524725625000000000e+05
1.301918847656250000e+04
1.418707375000000000e+06
7.094272500000000000e+05
8.046175000000000000e+05
2.903535750000000000e+06
5.523474400000000000e+07
