8.179930500000000000e+06
7.396552500000000000e+05
2.281660000000000000e+07
2.921034375000000000e+04
1.913420468750000000e+05
1.522470375000000000e+06
2.914472500000000000e+05
6.673021093750000000e+04
2.294067031250000000e+05
1.606491406250000000e+05
2.485805200000000000e+07
1.900560937500000000e+05
8.219771200000000000e+07
5.233473000000000000e+06
5.889125500000000000e+06
1.270444625000000000e+06
6.546965625000000000e+05
7.957095200000000000e+07
6.282739453125000000e+04
6.317879200000000000e+07
8.324693600000000000e+07
7.674639843750000000e+04
9.110108800000000000e+07
5.010373437500000000e+04
2.311708906250000000e+05
7.792140800000000000e+07
3.199872851562500000e+04
1.208233875000000000e+06
1.897877625000000000e+06
7.904860800000000000e+07
1.800784375000000000e+04
1.352964648437500000e+04
4.289292187500000000e+05
1.021765687500000000e+06
8.001138400000000000e+07
1.005074218750000000e+05
8.564540000000000000e+07
6.833460625000000000e+05
8.191396000000000000e+07
4.939343437500000000e+05
8.220621093750000000e+03
1.267662250000000000e+06
2.411014500000000000e+06
8.133648125000000000e+05
2.388737343750000000e+05
2.335688750000000000e+05
8.942118750000000000e+05
1.008977187500000000e+05
1.276036914062500000e+04
8.546068000000000000e+07
6.558557500000000000e+05
1.803762750000000000e+06
6.464331250000000000e+05
2.682140000000000000e+06
8.076283200000000000e+07
2.693423500000000000e+06
7.896317600000000000e+07
3.306774500000000000e+06
1.439058875000000000e+06
2.548458250000000000e+06
2.837617500000000000e+06
2.174031750000000000e+06
1.540779875000000000e+06
1.599745125000000000e+06
5.058569687500000000e+05
3.026570750000000000e+06
1.547238750000000000e+05
1.825905750000000000e+06
7.630412500000000000e+05
7.020371200000000000e+07
2.574459000000000000e+06
5.057469687500000000e+05
1.832811562500000000e+05
3.804818437500000000e+05
2.456864843750000000e+05
8.683647200000000000e+07
2.663903250000000000e+06
3.915553750000000000e+06
3.682678125000000000e+05
2.041961200000000000e+07
6.823985625000000000e+05
8.119190400000000000e+07
5.765582500000000000e+05
2.904090312500000000e+05
8.547747200000000000e+07
9.239109375000000000e+05
2.905228000000000000e+06
2.212486250000000000e+05
3.434143000000000000e+06
8.724101875000000000e+05
2.005087500000000000e+05
1.259986425781250000e+04
1.104764750000000000e+06
3.550196500000000000e+06
1.217204000000000000e+06
1.529722750000000000e+06
5.117364375000000000e+05
2.069288800000000000e+07
3.018270937500000000e+05
3.569339687500000000e+05
8.010744000000000000e+07
1.445857250000000000e+06
6.526928750000000000e+05
4.702147200000000000e+07
8.253437600000000000e+07
7.544436718750000000e+04
7.538136250000000000e+05
4.089808984375000000e+04
1.161054931640625000e+03
2.343079250000000000e+06
2.422240500000000000e+06
3.715099750000000000e+06
3.366991750000000000e+06
1.225548359375000000e+05
2.360630000000000000e+06
5.728785000000000000e+06
1.589284875000000000e+06
3.800206000000000000e+06
1.272694433593750000e+04
4.449001000000000000e+06
3.026570750000000000e+06
2.951950000000000000e+06
2.496810500000000000e+06
9.257949375000000000e+05
1.995346250000000000e+06
6.372918457031250000e+03
1.930977500000000000e+06
4.566740500000000000e+06
1.208233875000000000e+06
2.416214062500000000e+04
5.966340000000000000e+05
2.789814687500000000e+05
6.759989375000000000e+05
1.215113000000000000e+06
4.587632000000000000e+06
3.959971500000000000e+06
2.087659531250000000e+05
6.361866500000000000e+06
3.026570750000000000e+06
2.448041500000000000e+06
9.517220625000000000e+05
4.853386000000000000e+06
3.935399062500000000e+05
2.538478281250000000e+05
2.497065250000000000e+06
8.570747500000000000e+05
5.764807500000000000e+05
3.474839062500000000e+04
1.811572000000000000e+06
5.003566562500000000e+05
1.738689375000000000e+06
8.718371250000000000e+05
3.649540000000000000e+07
8.900022500000000000e+05
2.132454000000000000e+06
4.079496250000000000e+05
2.954570312500000000e+05
3.525788250000000000e+06
1.832811562500000000e+05
7.399091875000000000e+05
2.474733000000000000e+06
1.588363250000000000e+06
1.663927250000000000e+06
1.511805750000000000e+06
4.111698046875000000e+04
1.205452125000000000e+06
1.202032968750000000e+05
7.912159375000000000e+05
3.429504687500000000e+05
1.908448250000000000e+06
1.828017500000000000e+06
7.684177600000000000e+07
4.637170500000000000e+06
3.090199500000000000e+06
1.552331347656250000e+04
6.598346093750000000e+04
1.522601250000000000e+06
5.339395625000000000e+05
2.140671500000000000e+06
2.300481718750000000e+05
2.168410000000000000e+06
2.496810500000000000e+06
3.476137500000000000e+05
1.733013000000000000e+06
2.895503000000000000e+06
9.596128125000000000e+05
3.843678125000000000e+05
4.700676562500000000e+04
6.261612500000000000e+04
1.812830125000000000e+06
3.766678750000000000e+06
3.551150937500000000e+05
1.239548125000000000e+06
1.611009687500000000e+05
1.663471406250000000e+05
5.181145500000000000e+06
2.707358437500000000e+05
6.248224375000000000e+05
4.124633125000000000e+05
2.046287125000000000e+06
1.606690000000000000e+07
9.432550000000000000e+06
4.036453857421875000e+03
8.985291200000000000e+07
4.124766000000000000e+06
6.211258500000000000e+06
1.551889218750000000e+05
3.598137890625000000e+04
8.458062400000000000e+07
3.356455937500000000e+05
2.532842250000000000e+06
1.836657343750000000e+05
2.805462500000000000e+06
9.623950000000000000e+04
1.352293625000000000e+06
3.557974687500000000e+05
9.474006875000000000e+05
4.941557500000000000e+05
1.821032836914062500e+03
1.303573900000000000e+07
7.781258125000000000e+05
1.812889125000000000e+06
5.727467500000000000e+05
5.286392500000000000e+05
2.815425000000000000e+04
8.391200800000000000e+07
8.346267200000000000e+07
8.542679200000000000e+07
1.512712875000000000e+06
1.486944250000000000e+06
8.173375000000000000e+04
4.055248750000000000e+05
1.320922375000000000e+06
1.533494125000000000e+06
2.422240500000000000e+06
3.158239500000000000e+06
6.550606875000000000e+05
2.287697500000000000e+06
2.768412812500000000e+05
1.889851875000000000e+05
3.408038750000000000e+06
2.063557812500000000e+05
8.214219375000000000e+05
1.045653062500000000e+06
6.618929375000000000e+05
3.398993000000000000e+06
1.188466750000000000e+06
1.682051750000000000e+06
1.810565200000000000e+07
3.177339257812500000e+04
1.894487125000000000e+06
6.807092000000000000e+06
1.281982500000000000e+06
9.417911875000000000e+05
8.554347000000000000e+06
8.175864800000000000e+07
3.182516562500000000e+05
2.145824500000000000e+06
8.432708800000000000e+07
2.662613000000000000e+06
1.199907900000000000e+07
3.900779500000000000e+06
6.362000000000000000e+05
4.854193750000000000e+04
1.832811562500000000e+05
1.670346875000000000e+04
4.080128125000000000e+04
1.027400078125000000e+05
6.136253906250000000e+03
1.275334296875000000e+05
8.667593125000000000e+05
1.045761328125000000e+05
4.237455500000000000e+06
8.636159200000000000e+07
8.402644531250000000e+03
6.749373000000000000e+06
8.145760800000000000e+07
1.441058437500000000e+05
5.606936875000000000e+05
6.945647500000000000e+06
6.937418500000000000e+06
4.617512500000000000e+04
2.115185250000000000e+06
1.426753375000000000e+06
4.908021000000000000e+06
2.534379000000000000e+06
2.074560625000000000e+06
4.131298125000000000e+05
7.946827200000000000e+07
2.699404750000000000e+06
7.626114062500000000e+04
1.017153520000000000e+08
3.870350000000000000e+04
1.297076750000000000e+06
6.452777000000000000e+06
1.058843040000000000e+08
4.158580078125000000e+04
2.284517343750000000e+05
2.939580750000000000e+06
6.786395507812500000e+03
7.287607031250000000e+04
2.449296484375000000e+04
3.291307750000000000e+06
4.026300781250000000e+04
8.843911200000000000e+07
1.120663000000000000e+06
3.986275250000000000e+06
9.731826875000000000e+05
4.484605000000000000e+06
4.125525625000000000e+05
8.397685600000000000e+07
1.903983375000000000e+06
1.780021718750000000e+05
9.208437500000000000e+04
3.506821500000000000e+06
4.172439600000000000e+07
2.037459687500000000e+05
8.997713750000000000e+05
4.533367578125000000e+04
6.299564400000000000e+07
8.405110000000000000e+05
1.041434500000000000e+06
3.227703500000000000e+06
7.267116250000000000e+05
1.462814000000000000e+06
1.045610600000000000e+07
4.041862812500000000e+05
4.975653125000000000e+05
8.756549000000000000e+06
1.833966625000000000e+06
2.657098125000000000e+05
4.009104250000000000e+06
6.248963500000000000e+06
2.927740500000000000e+06
1.090505100000000000e+07
1.365369000000000000e+06
6.437134375000000000e+05
1.055503875000000000e+06
2.043223375000000000e+06
4.340290500000000000e+06
1.179525625000000000e+05
1.682051750000000000e+06
7.890716000000000000e+07
3.794817000000000000e+06
1.020964062500000000e+06
1.377717187500000000e+05
3.958518125000000000e+05
1.369913000000000000e+06
1.690897625000000000e+06
3.569339687500000000e+05
9.530113281250000000e+04
2.611334400000000000e+07
1.535373000000000000e+06
1.231986750000000000e+06
4.668648500000000000e+06
2.078523437500000000e+03
1.255698625000000000e+06
2.258825781250000000e+05
2.980589453125000000e+04
8.030978906250000000e+04
1.141042421875000000e+05
6.059902734375000000e+04
4.249447500000000000e+05
5.462129500000000000e+06
8.625464375000000000e+05
9.513931250000000000e+04
3.801284765625000000e+04
5.449199200000000000e+07
1.085551500000000000e+07
9.001635000000000000e+05
3.348863250000000000e+06
5.152616000000000000e+06
1.568813750000000000e+06
7.652508125000000000e+05
1.420379375000000000e+06
2.336135500000000000e+06
5.815161328125000000e+04
4.381246484375000000e+04
3.026570750000000000e+06
2.421277500000000000e+06
2.954922500000000000e+05
8.571156250000000000e+05
1.892285875000000000e+06
4.795545625000000000e+05
5.024720625000000000e+05
1.470577125000000000e+06
9.233964375000000000e+05
1.908448250000000000e+06
6.431474800000000000e+07
5.963638125000000000e+05
1.288262578125000000e+05
3.545161250000000000e+05
6.282739453125000000e+04
6.368015000000000000e+05
8.111249600000000000e+07
3.660146875000000000e+05
2.534379000000000000e+06
6.015102000000000000e+06
2.143284250000000000e+06
2.476109200000000000e+07
2.467046250000000000e+06
6.256756000000000000e+07
4.013293437500000000e+05
9.766469375000000000e+05
2.579690625000000000e+04
3.178412812500000000e+05
4.211980937500000000e+05
1.698738281250000000e+05
7.175948125000000000e+05
9.782387000000000000e+06
4.231422000000000000e+06
3.669111500000000000e+06
2.754516601562500000e+02
8.387516000000000000e+06
1.914770375000000000e+06
2.421277500000000000e+06
6.499536000000000000e+06
9.326466875000000000e+05
7.513474000000000000e+06
5.816780000000000000e+05
4.155654500000000000e+06
3.062511250000000000e+05
9.088950625000000000e+05
6.165720000000000000e+06
6.850848437500000000e+04
8.870569600000000000e+07
2.404997750000000000e+06
1.975171375000000000e+06
1.658290875000000000e+06
1.174500875000000000e+06
3.097987812500000000e+05
1.722526875000000000e+05
3.080912500000000000e+06
8.801824000000000000e+07
1.111428200000000000e+07
1.059253027343750000e+04
1.001521484375000000e+05
8.121528800000000000e+07
1.073538625000000000e+06
8.659611250000000000e+05
8.877508800000000000e+07
5.513096000000000000e+07
9.256530468750000000e+04
1.651157875000000000e+06
7.810860000000000000e+07
3.969623828125000000e+04
3.679122500000000000e+06
8.251915625000000000e+05
3.313187500000000000e+05
1.130561484375000000e+05
3.286253750000000000e+05
4.693568000000000000e+06
2.580586562500000000e+05
8.005219375000000000e+05
2.067531250000000000e+06
4.502665312500000000e+05
1.928594125000000000e+06
4.684363125000000000e+05
1.984294375000000000e+06
6.460732500000000000e+05
1.405047500000000000e+06
4.981307500000000000e+05
7.653720000000000000e+05
1.739094218750000000e+05
4.413142187500000000e+05
5.173253750000000000e+05
4.936920000000000000e+06
5.043885156250000000e+04
2.359740750000000000e+06
8.252792000000000000e+07
8.272823200000000000e+07
4.895033437500000000e+05
3.012914750000000000e+06
5.646533125000000000e+05
2.868212000000000000e+06
5.267420000000000000e+05
8.045564000000000000e+07
3.964623437500000000e+05
3.868047265625000000e+04
4.001068125000000000e+05
3.073256250000000000e+06
2.233180312500000000e+05
2.485235781250000000e+05
8.661164375000000000e+05
6.298560156250000000e+04
1.108786250000000000e+06
2.247505500000000000e+06
1.573028200000000000e+07
7.776050000000000000e+05
5.761076250000000000e+05
1.721224625000000000e+06
2.206150250000000000e+06
7.425576000000000000e+07
9.286052343750000000e+04
2.143572500000000000e+06
3.853264453125000000e+04
1.727918500000000000e+06
2.563947343750000000e+05
8.580471250000000000e+05
4.507075500000000000e+06
2.599673750000000000e+06
1.691628250000000000e+06
6.623956250000000000e+05
1.597018250000000000e+06
1.265223535156250000e+04
6.456132000000000000e+06
3.556848437500000000e+05
8.242910156250000000e+04
4.637170500000000000e+06
8.679474400000000000e+07
2.117898000000000000e+06
1.349189062500000000e+04
7.804276562500000000e+04
1.830250375000000000e+06
1.273712750000000000e+06
3.374494500000000000e+06
6.784111875000000000e+05
2.797279250000000000e+06
1.452070000000000000e+06
8.543460800000000000e+07
5.417342800000000000e+07
8.678364800000000000e+07
3.740822000000000000e+06
1.520727625000000000e+06
1.972352812500000000e+05
1.668083625000000000e+06
7.741109500000000000e+06
8.179842400000000000e+07
2.354800625000000000e+05
1.119976400000000000e+07
1.137018828125000000e+05
1.440700976562500000e+04
2.986558400000000000e+07
8.191411200000000000e+07
3.238436250000000000e+06
5.507520625000000000e+05
4.044064250000000000e+06
2.797279250000000000e+06
1.607564875000000000e+06
2.943640000000000000e+06
4.098874000000000000e+06
5.719050781250000000e+04
2.674097250000000000e+06
2.663535000000000000e+06
5.172065600000000000e+07
2.576202750000000000e+06
3.699973437500000000e+05
6.154335000000000000e+05
3.178024023437500000e+04
2.464243250000000000e+06
1.509759875000000000e+06
2.598513750000000000e+06
8.099824000000000000e+07
8.277494400000000000e+07
2.642513671875000000e+04
5.002308500000000000e+06
7.928961600000000000e+07
1.062812875000000000e+06
8.006680000000000000e+07
3.209158750000000000e+06
2.471063250000000000e+06
6.546098125000000000e+05
2.495892968750000000e+05
8.434292968750000000e+04
1.578797750000000000e+06
6.517853750000000000e+05
1.810829687500000000e+05
7.665625500000000000e+06
4.428119140625000000e+03
8.333743500000000000e+06
3.963043125000000000e+05
1.523882250000000000e+06
8.663814000000000000e+06
5.782130500000000000e+06
5.233907421875000000e+04
2.904691562500000000e+05
3.967630500000000000e+06
7.356524375000000000e+05
1.972881406250000000e+05
1.777160125000000000e+06
2.118790937500000000e+05
3.331288437500000000e+05
3.051341500000000000e+06
4.259350500000000000e+06
5.322475625000000000e+05
1.846699750000000000e+06
1.277262988281250000e+04
1.110507000000000000e+06
2.249652343750000000e+05
7.597815625000000000e+05
7.757225000000000000e+04
1.928594125000000000e+06
8.031777500000000000e+05
8.513143000000000000e+06
6.522504500000000000e+06
5.929427343750000000e+04
1.009254700000000000e+07
7.541461600000000000e+07
1.277810500000000000e+06
1.191610500000000000e+06
1.990159218750000000e+05
1.065452031250000000e+05
3.171038750000000000e+06
2.438869500000000000e+06
2.007236500000000000e+06
5.043747500000000000e+05
1.173957750000000000e+06
1.467962625000000000e+06
2.369263200000000000e+07
1.128525375000000000e+06
8.116290625000000000e+04
4.251980000000000000e+06
1.596191700000000000e+07
5.462129500000000000e+06
2.442754250000000000e+06
3.342400937500000000e+05
7.867422400000000000e+07
1.858994726562500000e+04
1.242163250000000000e+06
3.147559000000000000e+06
1.385400000000000000e+05
4.740964062500000000e+05
3.539829687500000000e+04
5.431776562500000000e+04
1.618199625000000000e+06
4.715959687500000000e+05
2.227942400000000000e+07
2.661800500000000000e+06
5.357614453125000000e+04
3.794075000000000000e+05
6.974487500000000000e+06
1.262583100000000000e+07
1.172989625000000000e+06
6.607257031250000000e+04
8.604113600000000000e+07
1.537244000000000000e+06
2.240418125000000000e+05
3.958518125000000000e+05
9.622337500000000000e+05
5.786426875000000000e+05
1.499680250000000000e+06
1.445857250000000000e+06
7.429382000000000000e+06
1.811931375000000000e+06
3.611414250000000000e+06
3.001134000000000000e+06
5.718174000000000000e+06
6.361308125000000000e+05
3.829945500000000000e+06
1.188488250000000000e+06
6.226897600000000000e+07
6.783405500000000000e+06
1.972243750000000000e+05
3.169040500000000000e+06
1.857972500000000000e+05
1.988218437500000000e+05
8.108253750000000000e+05
4.929726500000000000e+06
2.351603750000000000e+06
3.199872851562500000e+04
1.859668250000000000e+06
3.061631000000000000e+06
1.722247500000000000e+06
1.774193437500000000e+05
2.066841125000000000e+06
2.948008500000000000e+06
3.159260750000000000e+06
6.439694375000000000e+05
2.085182375000000000e+06
2.088211125000000000e+06
2.246558250000000000e+06
1.191372875000000000e+06
8.343800800000000000e+07
7.962190625000000000e+04
8.816475200000000000e+07
4.547887000000000000e+06
8.227801600000000000e+07
1.647828750000000000e+05
6.736146000000000000e+06
8.554415000000000000e+05
2.816507000000000000e+06
8.278614843750000000e+04
4.756406875000000000e+05
2.503142750000000000e+06
1.988708375000000000e+06
8.225181600000000000e+07
4.237455500000000000e+06
6.692740625000000000e+04
4.462655937500000000e+05
1.347991601562500000e+04
4.165022500000000000e+05
5.729346875000000000e+05
2.158529000000000000e+06
7.188448125000000000e+05
5.358761500000000000e+06
1.005177625000000000e+06
3.090059375000000000e+05
5.319859000000000000e+06
6.629707500000000000e+05
7.342505625000000000e+05
8.477217600000000000e+07
2.200615250000000000e+06
5.454423750000000000e+05
7.907228800000000000e+07
5.155124687500000000e+05
3.961629750000000000e+06
1.903992400000000000e+07
6.025540625000000000e+05
9.328720312500000000e+04
1.152473200000000000e+07
9.512557600000000000e+07
2.745520000000000000e+06
1.810460156250000000e+05
2.311708906250000000e+05
1.936754687500000000e+05
3.182516562500000000e+05
2.110578750000000000e+06
8.421880000000000000e+05
3.092327750000000000e+06
1.595585625000000000e+06
6.084700625000000000e+05
2.177818906250000000e+05
1.430654687500000000e+04
3.911603125000000000e+04
3.663178250000000000e+06
1.346412750000000000e+06
1.437290875000000000e+06
6.978274375000000000e+05
5.306865000000000000e+05
2.227942400000000000e+07
1.048297062500000000e+06
3.058578515625000000e+04
9.462810625000000000e+05
2.052790000000000000e+07
2.949027500000000000e+05
6.565248437500000000e+04
1.167815000000000000e+06
9.790399375000000000e+05
9.722967500000000000e+05
8.157768750000000000e+04
2.437523250000000000e+06
2.463705250000000000e+06
4.432603000000000000e+06
6.653484375000000000e+05
7.248496875000000000e+05
7.752668750000000000e+04
2.401770500000000000e+06
1.220729875000000000e+06
5.215800000000000000e+06
2.880476000000000000e+06
1.366695250000000000e+06
1.884353250000000000e+06
8.329458400000000000e+07
3.130522250000000000e+06
9.067376800000000000e+07
8.146799375000000000e+05
7.793671200000000000e+07
4.200192578125000000e+04
2.010699218750000000e+04
2.057341601562500000e+04
7.093647200000000000e+07
2.710727250000000000e+06
1.092464100000000000e+07
8.617796875000000000e+04
2.653076875000000000e+05
8.407461600000000000e+07
1.950899414062500000e+04
1.490762890625000000e+04
7.696569375000000000e+05
2.864555000000000000e+05
1.788812875000000000e+06
3.905890625000000000e+05
3.834419250000000000e+06
2.138637890625000000e+04
4.686540625000000000e+04
8.459770625000000000e+05
2.484631406250000000e+05
7.176795625000000000e+05
1.813231375000000000e+06
3.443712109375000000e+04
4.251000000000000000e+05
8.937130625000000000e+05
1.618210375000000000e+06
9.932650781250000000e+04
1.297331542968750000e+04
6.439712109375000000e+04
1.739090750000000000e+06
1.616404250000000000e+06
1.878450000000000000e+07
7.269615200000000000e+07
2.250832656250000000e+05
1.612840468750000000e+05
4.055422812500000000e+05
4.631318500000000000e+06
7.026776500000000000e+06
8.996254687500000000e+04
2.242019921875000000e+04
8.852226000000000000e+06
1.156474875000000000e+06
1.709188750000000000e+06
8.803441250000000000e+05
3.008545625000000000e+05
6.656296250000000000e+05
5.268783984375000000e+04
1.830250375000000000e+06
1.217356125000000000e+06
1.882091093750000000e+05
5.109775937500000000e+05
7.499192968750000000e+04
7.602800000000000000e+07
8.487604800000000000e+07
1.286541250000000000e+05
1.674371250000000000e+06
3.480075750000000000e+06
4.451408750000000000e+05
7.934785600000000000e+07
3.059780250000000000e+06
1.294279250000000000e+06
9.078425781250000000e+04
6.503988125000000000e+05
1.361843375000000000e+06
1.367907750000000000e+06
4.717668750000000000e+05
3.784054750000000000e+06
6.324795625000000000e+05
1.426753375000000000e+06
2.029987125000000000e+06
1.609282750000000000e+06
8.502108000000000000e+06
2.699374000000000000e+06
1.505282875000000000e+06
3.588053125000000000e+04
1.276993400000000000e+07
7.429382000000000000e+06
1.262572753906250000e+04
6.265899375000000000e+05
7.724765600000000000e+07
3.566926953125000000e+04
2.082831542968750000e+03
6.407313000000000000e+06
7.283046250000000000e+05
1.798568125000000000e+06
6.298100625000000000e+05
2.512745750000000000e+06
7.319535200000000000e+07
1.400972000000000000e+06
3.961067500000000000e+05
2.078350781250000000e+05
3.628691406250000000e+04
4.934710000000000000e+05
6.148738125000000000e+05
3.071129882812500000e+04
8.445424000000000000e+07
3.775202187500000000e+05
2.893574062500000000e+05
3.455367812500000000e+05
3.210254250000000000e+06
1.778589250000000000e+06
7.762368000000000000e+07
4.566401953125000000e+04
6.548583125000000000e+05
2.974720625000000000e+05
5.230447500000000000e+05
1.695092375000000000e+06
3.945048750000000000e+05
1.194486250000000000e+05
8.523078000000000000e+06
5.322760253906250000e+03
4.321172000000000000e+06
8.101258125000000000e+05
1.690157750000000000e+06
1.056126125000000000e+06
7.204125000000000000e+04
3.446123437500000000e+05
1.934228625000000000e+06
1.222831875000000000e+06
5.259815000000000000e+05
6.189451953125000000e+04
7.767300800000000000e+07
2.653499600000000000e+07
1.824581125000000000e+06
6.214588750000000000e+05
9.070732031250000000e+04
8.599275200000000000e+07
2.432273000000000000e+06
2.813320937500000000e+05
4.756450000000000000e+06
7.528429000000000000e+06
1.154138000000000000e+06
8.628168000000000000e+06
1.271933691406250000e+04
2.407475000000000000e+05
1.151492750000000000e+06
9.034273125000000000e+05
8.429315200000000000e+07
1.389333437500000000e+05
1.014048312500000000e+06
3.620293750000000000e+06
5.536421250000000000e+05
1.227448125000000000e+06
9.824301562500000000e+04
4.010427812500000000e+05
8.324900000000000000e+07
1.484793250000000000e+06
2.280455468750000000e+05
1.857942187500000000e+05
1.042041600000000000e+08
8.240696000000000000e+07
3.383398000000000000e+06
5.347357000000000000e+06
6.528298500000000000e+06
8.180450400000000000e+07
8.358534400000000000e+07
3.199872851562500000e+04
7.935713750000000000e+05
6.281428125000000000e+04
1.691547750000000000e+06
6.711676250000000000e+05
3.712935750000000000e+06
1.898433500000000000e+06
7.744101875000000000e+05
5.380987000000000000e+06
5.751430625000000000e+05
1.698615600000000000e+07
4.704895312500000000e+05
1.711727125000000000e+06
3.711462890625000000e+04
1.832811562500000000e+05
5.233473000000000000e+06
1.445953875000000000e+06
1.948638800000000000e+07
6.902693125000000000e+05
2.302436500000000000e+06
8.799361875000000000e+05
3.866195500000000000e+06
1.162159200000000000e+07
2.280455468750000000e+05
1.484453375000000000e+06
1.710946750000000000e+06
8.872786400000000000e+07
1.061404003906250000e+04
2.279059000000000000e+06
8.603769600000000000e+07
2.310679687500000000e+05
3.022159062500000000e+05
1.109242553710937500e+03
5.250012500000000000e+05
9.045136250000000000e+05
2.054929000000000000e+06
1.235294875000000000e+06
1.119517968750000000e+05
1.963996406250000000e+05
5.076200000000000000e+07
1.036075125000000000e+06
8.346936000000000000e+07
1.087363046875000000e+05
6.545723125000000000e+05
9.071702400000000000e+07
1.867107250000000000e+06
3.321825000000000000e+05
9.748867187500000000e+03
1.782807031250000000e+04
1.910037109375000000e+04
1.312575781250000000e+05
2.244449218750000000e+05
2.818629750000000000e+06
5.698520000000000000e+05
1.286281125000000000e+06
2.701875976562500000e+04
2.367811250000000000e+06
1.597495781250000000e+05
2.042260781250000000e+05
8.082585600000000000e+07
7.972515200000000000e+07
9.976815625000000000e+04
7.748748750000000000e+05
4.656569375000000000e+05
1.340066625000000000e+06
3.194075250000000000e+06
1.087788281250000000e+05
9.632047000000000000e+06
5.369082031250000000e+04
1.454528750000000000e+06
1.583656500000000000e+06
1.673414687500000000e+05
2.639472250000000000e+06
7.427307500000000000e+05
7.674991406250000000e+04
1.172890546875000000e+05
1.070338437500000000e+05
2.728979882812500000e+04
2.384381054687500000e+04
2.884816750000000000e+06
3.271656875000000000e+05
6.249499375000000000e+05
3.210204375000000000e+05
3.139430312500000000e+05
5.110580625000000000e+05
7.529622500000000000e+05
1.995372875000000000e+06
3.772589500000000000e+06
8.286756875000000000e+05
7.108190000000000000e+05
6.564827500000000000e+06
4.560262187500000000e+05
8.302700000000000000e+07
7.746764800000000000e+07
5.313212000000000000e+06
1.613885875000000000e+06
4.423152500000000000e+06
2.789777000000000000e+06
2.295263000000000000e+06
3.443019140625000000e+04
8.470122400000000000e+07
1.520138875000000000e+06
1.420785750000000000e+06
1.475792250000000000e+06
6.174747500000000000e+05
7.848560937500000000e+04
8.357801600000000000e+07
6.417330000000000000e+05
1.045761328125000000e+05
9.783324375000000000e+05
6.975692500000000000e+05
5.005720500000000000e+06
6.022638500000000000e+06
4.826662292480468750e+02
1.288206000000000000e+06
7.532581250000000000e+04
5.811990000000000000e+06
7.789881600000000000e+07
9.919861718750000000e+04
3.186671562500000000e+05
6.840356000000000000e+07
6.975286875000000000e+05
2.663163750000000000e+06
7.327011875000000000e+05
9.248400625000000000e+05
2.541773125000000000e+05
4.766015312500000000e+05
1.615645625000000000e+05
4.183561328125000000e+04
1.691197500000000000e+05
1.101525468750000000e+05
4.607577500000000000e+06
1.561621875000000000e+06
2.416214062500000000e+04
1.379336875000000000e+05
8.144498000000000000e+06
1.726831054687500000e+04
2.885805312500000000e+05
5.625828125000000000e+05
3.609565250000000000e+06
5.097909687500000000e+05
8.021219531250000000e+04
7.261435000000000000e+05
5.615370625000000000e+05
9.189153750000000000e+05
3.390527000000000000e+06
1.750412125000000000e+06
1.338282500000000000e+06
1.983268875000000000e+06
2.416214062500000000e+04
1.830250375000000000e+06
8.505793125000000000e+05
3.269869062500000000e+05
8.075143200000000000e+07
4.617171500000000000e+06
2.554795312500000000e+04
1.336225781250000000e+05
2.358340820312500000e+03
4.821942500000000000e+05
2.073658625000000000e+06
7.899601600000000000e+07
6.995178125000000000e+05
1.075942578125000000e+04
8.359777600000000000e+07
5.079366562500000000e+05
8.257133000000000000e+06
1.284920312500000000e+05
1.427544125000000000e+06
3.296541250000000000e+06
3.359337812500000000e+05
9.064707031250000000e+03
7.659692500000000000e+05
2.144308500000000000e+06
1.161846375000000000e+06
1.480002400000000000e+07
8.387516000000000000e+06
4.355160312500000000e+05
8.380868000000000000e+07
9.472236250000000000e+05
2.066933593750000000e+05
1.847279125000000000e+06
1.077860500000000000e+06
8.617187200000000000e+07
4.789498750000000000e+05
7.539479687500000000e+04
2.772100400000000000e+07
8.246762500000000000e+05
1.303573900000000000e+07
2.434582000000000000e+06
6.896086000000000000e+06
3.564696750000000000e+06
5.540850000000000000e+04
2.635392187500000000e+05
3.229969750000000000e+06
8.365871200000000000e+07
1.679642500000000000e+06
4.711729375000000000e+05
8.776438281250000000e+04
2.975005750000000000e+06
1.537526093750000000e+05
8.862247500000000000e+05
1.291685156250000000e+05
7.833186718750000000e+04
3.611342000000000000e+06
4.239784000000000000e+06
2.209283000000000000e+06
8.307689600000000000e+07
7.567350625000000000e+05
7.854930000000000000e+05
7.887447500000000000e+05
6.762316875000000000e+05
8.291195200000000000e+07
2.530403750000000000e+06
7.990680625000000000e+05
1.181326796875000000e+05
1.023797437500000000e+06
4.313419000000000000e+06
8.303301600000000000e+07
1.855630875000000000e+06
1.475682500000000000e+06
4.342087000000000000e+06
2.979421000000000000e+06
7.508718000000000000e+06
4.977007500000000000e+06
1.029985812500000000e+06
4.342087000000000000e+06
8.186363281250000000e+04
1.346314531250000000e+05
1.729684250000000000e+06
2.416214062500000000e+04
8.476457600000000000e+07
7.928233125000000000e+05
3.788019500000000000e+06
7.871306875000000000e+05
1.318087250000000000e+06
4.717390000000000000e+05
4.719723000000000000e+06
2.193878250000000000e+06
4.659204800000000000e+07
1.132444375000000000e+06
4.059419750000000000e+06
6.605075500000000000e+06
5.405127734375000000e+04
4.255985312500000000e+05
4.449001000000000000e+06
1.710933875000000000e+06
5.357691875000000000e+05
2.784827812500000000e+05
4.089603750000000000e+06
6.589811875000000000e+05
1.685870750000000000e+06
2.699057200000000000e+07
1.016552343750000000e+05
1.543962875000000000e+06
8.405553600000000000e+07
9.318397656250000000e+04
8.467052800000000000e+07
7.125769375000000000e+05
1.194678125000000000e+06
5.715824000000000000e+06
1.044379980468750000e+04
1.704068625000000000e+06
1.832811562500000000e+05
4.512008000000000000e+07
1.928594125000000000e+06
2.361908593750000000e+04
2.046287125000000000e+06
1.107583625000000000e+06
7.030510000000000000e+06
2.388253500000000000e+06
2.421277500000000000e+06
3.410370250000000000e+06
3.710281000000000000e+06
4.154058125000000000e+05
6.936188281250000000e+04
9.384943750000000000e+05
1.824866800000000000e+07
3.566202750000000000e+06
8.281806400000000000e+07
6.903640625000000000e+05
8.155352800000000000e+07
1.653568875000000000e+06
1.122491015625000000e+05
6.172933750000000000e+05
4.762298437500000000e+05
4.135460000000000000e+06
6.114781500000000000e+06
5.479523125000000000e+05
3.064403000000000000e+06
6.444351250000000000e+05
4.880039200000000000e+07
4.697381250000000000e+05
1.602892500000000000e+06
2.350393250000000000e+06
6.843327500000000000e+05
2.978372250000000000e+06
2.965465750000000000e+06
8.604670000000000000e+05
3.375630750000000000e+06
1.609002000000000000e+06
8.799361875000000000e+05
3.407180400000000000e+07
4.783006640625000000e+04
6.560127500000000000e+06
1.068222875000000000e+06
4.515568500000000000e+06
1.271162000000000000e+06
1.543534500000000000e+06
5.102921500000000000e+06
5.522636875000000000e+05
4.920518125000000000e+05
4.433250937500000000e+05
4.477183437500000000e+05
3.923362500000000000e+05
4.782953125000000000e+03
3.386284000000000000e+06
3.711232187500000000e+05
3.073869000000000000e+06
2.557871500000000000e+06
3.164457812500000000e+05
6.620919531250000000e+04
1.391515250000000000e+06
4.412166406250000000e+04
1.943418375000000000e+06
1.735277187500000000e+05
6.602475000000000000e+05
6.974487500000000000e+06
7.078525500000000000e+06
2.748627500000000000e+05
5.924847000000000000e+06
3.005052000000000000e+06
2.336187890625000000e+04
2.167977750000000000e+06
8.763056250000000000e+04
6.462001875000000000e+05
5.589590625000000000e+05
1.592891500000000000e+06
3.715365250000000000e+06
3.187140400000000000e+07
8.466229600000000000e+07
1.096637300000000000e+07
9.968522500000000000e+05
2.052482500000000000e+06
2.350393250000000000e+06
2.886658000000000000e+06
3.295534375000000000e+05
4.576521093750000000e+04
7.484904375000000000e+05
1.493894750000000000e+06
2.385694750000000000e+06
7.969296250000000000e+05
1.162159200000000000e+07
2.552873250000000000e+06
1.187045000000000000e+06
1.326617125000000000e+06
2.663433250000000000e+06
7.499192968750000000e+04
1.345227500000000000e+05
8.295481600000000000e+07
6.419417500000000000e+05
1.202510000000000000e+05
4.724751250000000000e+05
1.585447949218750000e+04
6.372918457031250000e+03
3.147520000000000000e+06
3.915203000000000000e+06
5.623879296875000000e+04
9.146410400000000000e+07
2.139755000000000000e+06
5.538258750000000000e+05
8.778801875000000000e+05
9.286432812500000000e+04
7.189740234375000000e+03
1.321825875000000000e+06
7.539479687500000000e+04
1.369833250000000000e+06
6.372918457031250000e+03
8.939608000000000000e+06
1.575159765625000000e+04
3.532432500000000000e+06
2.198310250000000000e+06
2.329661250000000000e+06
4.370419600000000000e+07
2.971668250000000000e+06
6.069151500000000000e+06
1.729082250000000000e+06
7.636243125000000000e+05
1.682144875000000000e+06
1.194968125000000000e+05
5.235502812500000000e+05
5.717005625000000000e+05
3.530457031250000000e+04
6.215540800000000000e+07
7.731424375000000000e+05
1.288436000000000000e+07
9.500404000000000000e+06
2.882869750000000000e+06
8.941829375000000000e+05
4.790056250000000000e+05
6.777055500000000000e+06
2.649244500000000000e+06
2.336195750000000000e+06
1.341148250000000000e+06
7.796440625000000000e+05
1.374236375000000000e+06
1.195669750000000000e+06
2.424052250000000000e+06
1.033806000000000000e+06
3.931209000000000000e+06
2.744750250000000000e+06
5.054134062500000000e+05
4.752213125000000000e+05
3.239263125000000000e+05
4.413061000000000000e+06
1.917185742187500000e+04
1.003907812500000000e+04
4.017992500000000000e+05
2.604530250000000000e+06
2.420561750000000000e+06
8.323391200000000000e+07
3.588162500000000000e+04
6.503988125000000000e+05
9.985716406250000000e+04
1.086364000000000000e+06
2.247246562500000000e+05
6.371411500000000000e+06
1.050134609375000000e+05
1.024624062500000000e+05
6.542221875000000000e+05
4.309920000000000000e+06
9.132576250000000000e+05
2.811974375000000000e+05
5.302418750000000000e+05
1.873914250000000000e+06
3.211015429687500000e+04
3.255596250000000000e+05
1.316382625000000000e+06
1.128413593750000000e+05
9.915048750000000000e+05
1.331953437500000000e+05
1.327957750000000000e+06
2.815505625000000000e+05
1.488422812500000000e+05
7.847771250000000000e+05
5.761866875000000000e+05
7.829067500000000000e+05
3.364993750000000000e+05
1.051982625000000000e+06
4.237455500000000000e+06
2.263200390625000000e+04
4.082009750000000000e+06
1.079572375000000000e+06
2.784184179687500000e+04
1.306452250000000000e+06
3.489942500000000000e+05
2.382283281250000000e+05
1.520397500000000000e+05
2.894291250000000000e+05
5.491895625000000000e+05
6.098393125000000000e+05
2.177937250000000000e+06
5.067169062500000000e+05
8.146926400000000000e+07
2.436524609375000000e+04
1.106323125000000000e+06
7.005679000000000000e+06
6.498761875000000000e+05
2.926777500000000000e+06
2.587454687500000000e+05
3.973965937500000000e+05
1.293516750000000000e+06
1.147776000000000000e+06
3.419205500000000000e+06
2.321105500000000000e+06
2.378051250000000000e+06
1.346224000000000000e+06
2.630767000000000000e+06
7.276353750000000000e+05
7.008170400000000000e+07
1.944393250000000000e+06
8.132351000000000000e+06
7.734613600000000000e+07
3.252282187500000000e+05
1.857782375000000000e+06
4.586099062500000000e+05
1.612632968750000000e+05
9.350599000000000000e+06
1.590864750000000000e+06
8.920928800000000000e+07
7.902136875000000000e+05
2.263504500000000000e+06
1.673414687500000000e+05
5.574264375000000000e+05
1.011959625000000000e+06
4.821477812500000000e+05
2.815425000000000000e+04
6.503988125000000000e+05
1.276603437500000000e+05
1.043517734375000000e+05
1.711811875000000000e+06
1.889858375000000000e+06
2.046287125000000000e+06
2.064497000000000000e+06
1.658290875000000000e+06
1.028154500000000000e+06
9.821708125000000000e+05
9.971735937500000000e+04
2.005512890625000000e+04
4.017034500000000000e+06
7.614976000000000000e+07
8.005977600000000000e+07
1.151367625000000000e+06
3.259451875000000000e+05
4.237941562500000000e+05
1.651189062500000000e+05
4.574653750000000000e+05
4.333888437500000000e+05
1.659594375000000000e+06
1.362257875000000000e+06
5.468831250000000000e+05
4.447348125000000000e+05
1.621181875000000000e+05
1.045037000000000000e+06
8.631529375000000000e+05
2.238052031250000000e+05
3.120041562500000000e+05
1.128457625000000000e+06
5.003566562500000000e+05
6.572043750000000000e+05
2.529573242187500000e+04
7.121320312500000000e+04
2.608298500000000000e+06
5.203790625000000000e+04
1.002196080000000000e+08
6.548583125000000000e+05
6.945647500000000000e+06
1.984634875000000000e+06
6.974487500000000000e+06
3.549824000000000000e+06
5.877943000000000000e+06
1.669463375000000000e+06
1.224292500000000000e+05
8.430826400000000000e+07
1.052834625000000000e+06
3.199870000000000000e+05
3.810697812500000000e+05
1.345505125000000000e+06
5.175139062500000000e+05
1.700876562500000000e+05
7.033642968750000000e+04
3.421637812500000000e+05
8.277384800000000000e+07
3.183413750000000000e+06
8.393602400000000000e+07
2.343262500000000000e+06
1.789026000000000000e+06
1.303160875000000000e+06
9.973771875000000000e+04
2.514749062500000000e+05
8.583655625000000000e+05
3.097987812500000000e+05
2.151968250000000000e+06
5.281302500000000000e+05
3.618561250000000000e+06
2.167690429687500000e+04
1.772853625000000000e+06
3.328081562500000000e+05
1.436760156250000000e+04
3.548097187500000000e+05
8.454982400000000000e+07
4.391700312500000000e+05
4.456735312500000000e+05
1.582839500000000000e+06
3.034433125000000000e+05
5.754360000000000000e+07
1.783782500000000000e+05
7.522200781250000000e+04
1.772955000000000000e+06
5.539103750000000000e+05
2.409129500000000000e+06
6.213422265625000000e+04
5.283803500000000000e+06
2.534379000000000000e+06
3.683426750000000000e+06
2.122653750000000000e+05
1.810829687500000000e+05
5.238314375000000000e+05
2.361908593750000000e+04
1.460021125000000000e+06
1.212917343750000000e+05
3.817332250000000000e+06
8.408360000000000000e+07
8.378582400000000000e+07
1.128207300000000000e+07
1.403405312500000000e+05
2.457367250000000000e+06
6.273672500000000000e+05
3.129397250000000000e+06
1.064638300000000000e+07
9.971393750000000000e+05
3.270082500000000000e+06
1.587440625000000000e+05
5.013525312500000000e+05
8.224347500000000000e+05
2.766449375000000000e+05
2.581170500000000000e+06
8.278411200000000000e+07
1.395527500000000000e+06
6.807644375000000000e+05
2.068022400000000000e+07
7.999292000000000000e+07
2.711820937500000000e+05
4.757568125000000000e+05
1.712131875000000000e+06
5.583682500000000000e+05
1.607698250000000000e+06
1.660504750000000000e+06
1.334630957031250000e+04
5.049879062500000000e+05
1.988209625000000000e+06
4.384415000000000000e+05
1.517327968750000000e+05
8.208693600000000000e+07
1.790741625000000000e+06
1.308030625000000000e+06
1.846109875000000000e+06
1.171219000000000000e+06
8.364372000000000000e+07
4.689210500000000000e+06
2.522580500000000000e+06
2.069280781250000000e+05
1.259732265625000000e+05
6.439479500000000000e+06
1.762852734375000000e+04
1.593377750000000000e+06
7.849092000000000000e+07
9.256530468750000000e+04
1.501453375000000000e+06
2.755485312500000000e+05
3.137682187500000000e+05
8.181485156250000000e+04
5.306998000000000000e+06
2.881806000000000000e+06
2.750994800000000000e+07
1.582972375000000000e+06
3.183714000000000000e+06
6.136718000000000000e+06
5.284850000000000000e+05
2.699796000000000000e+06
8.928824218750000000e+04
7.365551875000000000e+05
2.440818281250000000e+05
1.285296375000000000e+06
2.059580625000000000e+06
6.281428125000000000e+04
2.621268000000000000e+06
8.211011200000000000e+07
4.576917000000000000e+06
3.601299500000000000e+06
8.556996000000000000e+07
6.781996000000000000e+06
3.771388000000000000e+06
1.224040625000000000e+06
5.706422500000000000e+05
5.005615500000000000e+06
5.825518125000000000e+05
1.275090429687500000e+04
2.841059250000000000e+06
8.258980800000000000e+07
3.199872851562500000e+04
1.749804500000000000e+06
9.082127685546875000e+02
8.233814400000000000e+07
4.265297500000000000e+06
6.389458500000000000e+06
3.653977500000000000e+05
6.210477000000000000e+06
1.749080500000000000e+06
6.046464000000000000e+06
1.373500125000000000e+06
6.011369000000000000e+06
6.662329375000000000e+05
2.352209500000000000e+06
8.296904800000000000e+07
1.363221100000000000e+07
1.642842625000000000e+06
9.114781875000000000e+05
1.770934375000000000e+05
4.164823000000000000e+06
7.831413125000000000e+05
5.348242500000000000e+05
7.839561600000000000e+07
1.177867000000000000e+06
1.770319375000000000e+06
3.314120400000000000e+07
2.172999500000000000e+06
4.603787500000000000e+06
1.418585625000000000e+06
3.998024250000000000e+06
8.020438500000000000e+06
1.194153000000000000e+06
4.394058000000000000e+06
6.301260625000000000e+05
3.132980250000000000e+06
9.606283125000000000e+05
6.045905000000000000e+06
1.192333375000000000e+06
4.217555500000000000e+06
2.995566400000000000e+07
5.807972656250000000e+04
6.590478750000000000e+05
7.301882400000000000e+07
9.140610000000000000e+05
8.508092000000000000e+07
5.972818750000000000e+05
2.088083750000000000e+06
7.901135000000000000e+05
3.101590250000000000e+06
8.553917500000000000e+05
1.934704750000000000e+06
8.348941406250000000e+04
4.637170500000000000e+06
3.002929250000000000e+06
9.200168750000000000e+04
7.855063000000000000e+06
3.724631562500000000e+05
2.841059250000000000e+06
8.971487200000000000e+07
3.878034500000000000e+06
5.381895000000000000e+06
1.954315125000000000e+06
6.645919375000000000e+05
2.274554062500000000e+05
3.991350312500000000e+05
7.431203000000000000e+06
5.982179500000000000e+06
5.511298125000000000e+05
2.150524218750000000e+05
6.316145625000000000e+05
8.353063500000000000e+06
2.650677250000000000e+06
1.298906375000000000e+06
7.306149375000000000e+05
8.725122000000000000e+06
2.310770156250000000e+05
7.070956875000000000e+05
7.403880800000000000e+07
2.497540781250000000e+05
4.257852500000000000e+05
8.460030273437500000e+03
2.600873437500000000e+05
1.514078710937500000e+04
9.702281250000000000e+04
1.210850125000000000e+06
1.981858375000000000e+06
1.452180875000000000e+06
1.634122000000000000e+06
2.100905200000000000e+07
1.523301718750000000e+05
3.838648046875000000e+04
6.105568000000000000e+06
1.769209062500000000e+05
5.628640000000000000e+05
4.623972500000000000e+05
1.407082000000000000e+07
1.250904700000000000e+07
2.972099250000000000e+06
4.673818437500000000e+05
1.508543625000000000e+06
6.844548000000000000e+06
5.384442000000000000e+06
1.016223562500000000e+06
9.345405000000000000e+05
4.039188437500000000e+05
2.640778750000000000e+06
9.759756875000000000e+05
1.771910375000000000e+06
2.133878000000000000e+06
1.839069218750000000e+05
2.456744000000000000e+06
5.744179500000000000e+06
2.979679500000000000e+06
3.179800000000000000e+06
1.128001440000000000e+08
2.473335312500000000e+05
4.294890500000000000e+06
9.763358750000000000e+05
5.819333000000000000e+06
2.884676750000000000e+06
2.975005750000000000e+06
4.093834000000000000e+06
2.203148281250000000e+05
1.800784375000000000e+04
1.648810125000000000e+06
7.427558400000000000e+07
1.068347250000000000e+06
3.636165500000000000e+06
2.340653750000000000e+06
7.517638750000000000e+05
7.406482000000000000e+06
1.641641500000000000e+06
8.428524375000000000e+05
7.022536718750000000e+04
3.199872851562500000e+04
1.024649453125000000e+05
3.026570750000000000e+06
2.046907750000000000e+06
1.270201400000000000e+07
5.930036000000000000e+06
1.171144125000000000e+06
9.611038125000000000e+05
3.847517812500000000e+05
2.390241718750000000e+05
8.046177600000000000e+07
1.767800781250000000e+05
7.243083200000000000e+07
7.605463750000000000e+05
6.221081500000000000e+06
6.485145200000000000e+07
1.805387375000000000e+06
8.081645600000000000e+07
2.668589375000000000e+05
5.639326660156250000e+03
1.426753375000000000e+06
2.700993750000000000e+06
7.700445000000000000e+05
1.210657968750000000e+05
2.057232875000000000e+06
2.826910937500000000e+05
1.425953500000000000e+06
4.528956875000000000e+05
3.550605625000000000e+05
4.941557500000000000e+05
2.599131000000000000e+06
3.835369687500000000e+05
7.658055000000000000e+06
2.766098437500000000e+05
6.518964800000000000e+07
7.608453125000000000e+05
3.034433125000000000e+05
3.938402500000000000e+05
8.365280800000000000e+07
8.123836800000000000e+07
4.015529375000000000e+05
5.844230800000000000e+07
6.814067000000000000e+06
7.125745600000000000e+07
5.929384375000000000e+05
1.677072100000000000e+07
7.928069600000000000e+07
2.151131093750000000e+05
9.712171875000000000e+05
4.753046562500000000e+05
2.055610800000000000e+07
6.189740500000000000e+06
1.445857250000000000e+06
7.547649600000000000e+07
1.513606562500000000e+05
9.314875625000000000e+05
2.660108000000000000e+06
4.960401875000000000e+05
7.688692800000000000e+07
3.575462250000000000e+06
8.799361875000000000e+05
2.297602000000000000e+06
5.987790000000000000e+05
3.333256500000000000e+06
5.359512500000000000e+06
1.997208125000000000e+06
2.904699687500000000e+05
3.025884000000000000e+06
4.872328437500000000e+05
3.575124750000000000e+06
1.751911875000000000e+06
2.064294250000000000e+06
3.750953250000000000e+06
8.043722400000000000e+07
4.433250937500000000e+05
8.729430400000000000e+07
3.395826800000000000e+07
7.884270312500000000e+04
4.232993437500000000e+05
6.988810625000000000e+05
6.990896875000000000e+05
1.528338750000000000e+06
2.387549750000000000e+06
1.493730175781250000e+04
5.570312500000000000e+06
9.892126250000000000e+05
2.815425000000000000e+04
9.256530468750000000e+04
1.267756406250000000e+05
1.416748375000000000e+06
1.495643875000000000e+06
9.945230000000000000e+05
1.234295250000000000e+06
2.944741562500000000e+05
2.920131562500000000e+05
3.660548750000000000e+06
6.085617500000000000e+06
3.502319500000000000e+06
1.189842890625000000e+05
1.057343261718750000e+04
8.687539200000000000e+07
2.389905500000000000e+06
2.476827250000000000e+06
8.669166400000000000e+07
2.132657250000000000e+06
2.518597250000000000e+06
9.967106250000000000e+05
3.569339687500000000e+05
3.410196875000000000e+05
2.824208398437500000e+04
3.269549500000000000e+06
2.989862500000000000e+05
2.664889250000000000e+06
8.360225600000000000e+07
1.328294625000000000e+06
2.652183984375000000e+04
1.275411523437500000e+04
2.089066406250000000e+04
6.201447753906250000e+03
2.271872000000000000e+06
5.866790800000000000e+07
6.563820625000000000e+05
7.200097000000000000e+06
8.868318125000000000e+05
5.267444335937500000e+03
1.345507750000000000e+06
1.932133593750000000e+05
1.867885375000000000e+06
3.113949000000000000e+06
3.703620500000000000e+06
8.297586400000000000e+07
2.145055000000000000e+06
3.138495000000000000e+06
8.439852800000000000e+07
1.215232250000000000e+06
1.959408000000000000e+06
1.819023125000000000e+06
8.570028125000000000e+05
7.418593125000000000e+05
9.164211875000000000e+05
7.445810000000000000e+05
2.656052250000000000e+06
7.605463750000000000e+05
3.736105000000000000e+06
8.064088750000000000e+05
2.700285250000000000e+06
3.210204375000000000e+05
4.495167187500000000e+04
1.189610351562500000e+04
2.742528750000000000e+06
2.269630859375000000e+04
1.900149531250000000e+05
2.550531406250000000e+05
6.126839600000000000e+07
2.143572500000000000e+06
1.140627000000000000e+07
3.592610000000000000e+05
3.066920500000000000e+06
2.263569843750000000e+05
5.612908500000000000e+06
5.090757812500000000e+05
3.217207500000000000e+05
5.019112812500000000e+05
7.547502343750000000e+04
1.027587937500000000e+06
2.678750312500000000e+05
1.361660250000000000e+06
8.227252800000000000e+07
1.033951875000000000e+06
3.487384750000000000e+06
1.364447375000000000e+06
6.682781875000000000e+05
4.277439062500000000e+04
9.097570000000000000e+05
1.344872750000000000e+06
5.449528000000000000e+06
1.179755625000000000e+06
2.099950000000000000e+06
2.025986914062500000e+04
1.607847812500000000e+05
1.756780625000000000e+05
1.719142875000000000e+06
4.035264500000000000e+06
1.045587312500000000e+06
5.172538750000000000e+05
1.198368375000000000e+06
1.320427734375000000e+04
2.153769062500000000e+05
3.622870500000000000e+06
9.193527500000000000e+05
2.978427812500000000e+05
4.194008125000000000e+05
2.350393250000000000e+06
4.852724500000000000e+06
2.897578125000000000e+05
1.246021625000000000e+06
4.298849687500000000e+05
3.121864500000000000e+06
3.099261875000000000e+05
3.517016500000000000e+06
4.492936875000000000e+05
5.242504687500000000e+04
1.928594125000000000e+06
9.826318750000000000e+05
4.056010937500000000e+05
8.563119200000000000e+07
1.100669687500000000e+05
1.491162187500000000e+05
8.705850000000000000e+05
2.726704062500000000e+05
2.869651250000000000e+06
3.386619750000000000e+06
4.809285625000000000e+05
5.078569500000000000e+06
8.257820000000000000e+05
2.138102812500000000e+05
9.956551875000000000e+05
1.180147734375000000e+05
5.610729375000000000e+05
3.961067500000000000e+05
3.798398000000000000e+06
8.376760800000000000e+07
7.593911875000000000e+05
4.440482187500000000e+05
2.654342750000000000e+06
8.070567500000000000e+05
3.705153437500000000e+05
3.139561875000000000e+05
5.748388500000000000e+06
8.390704800000000000e+07
4.803220937500000000e+05
2.056101250000000000e+06
8.822108125000000000e+05
7.831565600000000000e+07
8.945327200000000000e+07
4.910678125000000000e+05
5.793964375000000000e+05
8.297839200000000000e+07
1.136935125000000000e+06
1.555024875000000000e+06
1.728777250000000000e+06
4.785271250000000000e+05
4.665529000000000000e+06
1.397648750000000000e+05
8.206847200000000000e+07
1.403095375000000000e+06
7.686567200000000000e+07
5.359512500000000000e+06
1.222745800000000000e+07
5.609883750000000000e+05
2.062245750000000000e+06
1.585759531250000000e+05
2.837198437500000000e+05
6.608251250000000000e+05
7.188721875000000000e+05
1.183103125000000000e+06
5.615799375000000000e+05
7.223888125000000000e+05
1.729220937500000000e+05
8.057696000000000000e+07
9.487644000000000000e+07
3.455148000000000000e+06
2.284429500000000000e+06
2.642513671875000000e+04
9.886457031250000000e+04
6.024075000000000000e+05
8.224331250000000000e+05
5.357614453125000000e+04
1.030777812500000000e+06
5.470276800000000000e+07
2.334060000000000000e+06
4.717880312500000000e+05
4.726484000000000000e+06
7.051131875000000000e+05
5.727292500000000000e+05
3.284046250000000000e+06
1.171261500000000000e+06
2.318960156250000000e+05
5.652083500000000000e+06
9.095661875000000000e+05
3.996891796875000000e+04
5.360867500000000000e+06
3.611508203125000000e+04
7.454925781250000000e+04
3.938912400000000000e+07
6.759950625000000000e+05
1.362257875000000000e+06
3.715099750000000000e+06
6.348205625000000000e+05
1.227105400000000000e+07
1.326780500000000000e+06
3.929615937500000000e+05
