3.944378000000000000e+07
2.762534250000000000e+06
4.514385937500000000e+05
1.138127900000000000e+07
5.016773600000000000e+07
2.780992000000000000e+07
1.822526560000000000e+08
2.593871093750000000e+04
8.789694400000000000e+07
1.122996800000000000e+07
4.908923200000000000e+07
5.334831500000000000e+06
1.281810500000000000e+07
1.022718700000000000e+07
9.263283750000000000e+05
1.288134625000000000e+06
5.739792000000000000e+07
4.481066240000000000e+08
5.854266875000000000e+05
3.511242000000000000e+07
7.638399375000000000e+05
8.199159500000000000e+06
5.897978000000000000e+06
1.661537900000000000e+07
5.635849500000000000e+06
5.084349200000000000e+07
3.873225600000000000e+07
9.511050625000000000e+05
1.118056125000000000e+06
1.501400781250000000e+05
1.559929800000000000e+07
1.558008900000000000e+07
5.572254800000000000e+07
4.766862500000000000e+06
2.387758007812500000e+04
4.361034800000000000e+07
1.291183900000000000e+07
3.988233500000000000e+06
4.820638500000000000e+06
1.866457200000000000e+07
1.270669000000000000e+07
2.049505625000000000e+06
1.051127600000000000e+07
1.025156560000000000e+08
3.034467000000000000e+06
2.888015200000000000e+07
9.661380800000000000e+07
1.037076625000000000e+06
1.088460703125000000e+05
3.317257600000000000e+07
4.859843000000000000e+06
3.762890400000000000e+07
4.009574000000000000e+07
1.014738671875000000e+04
1.390038085937500000e+04
1.267382000000000000e+07
3.232247000000000000e+06
2.162280800000000000e+07
2.532592656250000000e+05
1.056259125000000000e+06
4.871093600000000000e+07
3.391082400000000000e+07
2.881181600000000000e+07
9.440865000000000000e+06
1.489359520000000000e+08
5.258136500000000000e+06
1.805850625000000000e+06
3.322646400000000000e+07
2.090414875000000000e+06
2.822497600000000000e+07
2.738428437500000000e+05
1.076014000000000000e+08
5.512130500000000000e+06
1.072145500000000000e+07
2.679749500000000000e+06
5.129444500000000000e+06
4.156351750000000000e+06
1.096179400000000000e+07
3.284650400000000000e+07
2.530046400000000000e+07
5.960260500000000000e+06
3.727108750000000000e+06
6.284278400000000000e+08
5.612286400000000000e+07
5.054261000000000000e+06
3.786057600000000000e+07
1.493665700000000000e+07
3.012064250000000000e+06
1.311685625000000000e+06
1.930760125000000000e+06
4.431491500000000000e+06
1.177263200000000000e+07
1.401216500000000000e+06
1.480600750000000000e+06
1.565772400000000000e+07
6.538435500000000000e+06
1.236742320000000000e+08
1.706516400000000000e+07
2.084409200000000000e+07
3.814849600000000000e+07
5.328921200000000000e+07
2.764774500000000000e+06
2.940710400000000000e+07
5.559218800000000000e+07
1.410166400000000000e+07
8.273135625000000000e+05
1.953047343750000000e+05
1.138388769531250000e+04
2.365283250000000000e+06
6.046868000000000000e+06
2.633507600000000000e+07
5.164317600000000000e+07
9.261230000000000000e+06
7.185140800000000000e+07
8.959632000000000000e+06
1.700842800000000000e+07
8.733496000000000000e+06
8.977644000000000000e+06
1.054045781250000000e+05
2.388697200000000000e+07
5.258136500000000000e+06
2.312482000000000000e+07
3.674234500000000000e+06
1.165564600000000000e+07
2.277299250000000000e+06
3.770527600000000000e+07
1.255758500000000000e+06
7.855722000000000000e+06
9.511050625000000000e+05
1.071424511718750000e+04
7.674748750000000000e+05
2.682877343750000000e+04
1.115121375000000000e+06
2.587013200000000000e+07
1.340129687500000000e+04
4.270455000000000000e+05
3.276422400000000000e+07
4.667877600000000000e+07
5.258136500000000000e+06
1.067216300000000000e+07
2.422316750000000000e+06
4.496275625000000000e+05
2.499884000000000000e+06
2.093692800000000000e+07
6.314212500000000000e+06
4.306753125000000000e+05
8.913286000000000000e+06
1.347372500000000000e+07
2.525032800000000000e+07
3.871416250000000000e+05
2.820506400000000000e+07
1.830733750000000000e+06
1.367601500000000000e+07
4.389617600000000000e+07
8.808259000000000000e+06
4.202822800000000000e+07
3.681041200000000000e+07
1.722557600000000000e+08
5.512130500000000000e+06
2.168745200000000000e+07
2.662234400000000000e+07
4.064761750000000000e+06
5.458811250000000000e+05
6.270508000000000000e+06
4.770455500000000000e+06
9.330658125000000000e+05
4.469071600000000000e+07
1.161459600000000000e+08
4.851782421875000000e+04
8.512471250000000000e+05
2.241578400000000000e+07
2.907420400000000000e+07
4.769741000000000000e+06
1.066438046875000000e+05
1.022861100000000000e+07
2.029729600000000000e+07
4.062534062500000000e+05
5.497808593750000000e+04
1.541579600000000000e+07
7.276394000000000000e+06
8.022702148437500000e+03
3.674234500000000000e+06
1.079077700000000000e+07
9.394008593750000000e+04
1.501910125000000000e+06
2.887754000000000000e+06
7.156381250000000000e+05
3.181868000000000000e+07
1.580881700000000000e+07
6.601782000000000000e+06
1.046427312500000000e+06
6.086256000000000000e+06
3.982797600000000000e+07
2.829726000000000000e+07
3.830028800000000000e+07
5.615443359375000000e+04
3.844300800000000000e+07
3.733657750000000000e+06
3.788109200000000000e+07
5.645683500000000000e+06
1.962950375000000000e+06
1.051245900000000000e+07
1.324252656250000000e+05
4.491496000000000000e+06
8.815158000000000000e+06
5.110757500000000000e+06
1.626246000000000000e+06
1.214012700000000000e+07
1.003262700000000000e+07
8.027333500000000000e+06
6.921049218750000000e+04
6.134100400000000000e+07
2.058070800000000000e+07
3.243406000000000000e+07
2.309454000000000000e+07
9.455661000000000000e+06
7.472179000000000000e+06
3.138021600000000000e+07
1.483453200000000000e+07
1.108181680000000000e+08
9.897792000000000000e+06
9.988807000000000000e+06
1.642386523437500000e+04
8.686880000000000000e+06
4.721182000000000000e+06
2.615881250000000000e+06
1.024364960000000000e+08
7.413904375000000000e+05
1.657321800000000000e+07
9.158698125000000000e+05
2.540547250000000000e+06
1.715710000000000000e+07
3.130166800000000000e+07
9.449597500000000000e+05
2.633507600000000000e+07
4.345787500000000000e+05
6.599553500000000000e+06
1.540459800000000000e+07
1.004438880000000000e+08
8.097847200000000000e+07
4.116308400000000000e+07
1.238386500000000000e+06
1.246684100000000000e+07
3.801206750000000000e+06
1.516059500000000000e+07
5.729320000000000000e+06
2.485160500000000000e+06
4.252625000000000000e+06
3.625935600000000000e+07
1.377113800000000000e+07
4.583470625000000000e+05
6.586869200000000000e+07
4.395806000000000000e+06
2.637829000000000000e+06
5.229090800000000000e+07
6.753229500000000000e+06
8.523388750000000000e+05
5.649265920000000000e+08
1.478056100000000000e+07
8.255103125000000000e+05
1.730301600000000000e+07
2.313280400000000000e+07
4.820156000000000000e+06
2.644821500000000000e+06
5.512130500000000000e+06
3.452282000000000000e+06
4.657931000000000000e+06
3.822975750000000000e+06
1.112013400000000000e+07
2.528642400000000000e+07
3.804821875000000000e+05
9.789834000000000000e+06
5.630391500000000000e+06
5.587577000000000000e+06
2.038445375000000000e+06
2.975386875000000000e+05
2.833008007812500000e+04
3.463900500000000000e+06
5.692372500000000000e+06
9.309686000000000000e+06
2.479877656250000000e+05
5.751474000000000000e+07
2.600712400000000000e+07
8.871080000000000000e+06
1.768141200000000000e+07
3.908833600000000000e+07
2.681511523437500000e+04
8.520217000000000000e+06
4.774263600000000000e+07
1.509297280000000000e+08
8.383553125000000000e+04
2.570430750000000000e+06
2.863713250000000000e+06
3.066821289062500000e+04
3.312818800000000000e+07
1.837657600000000000e+07
1.635250625000000000e+06
1.575974400000000000e+07
1.299177750000000000e+06
7.431571500000000000e+06
9.721507000000000000e+06
4.073399750000000000e+06
1.460910742187500000e+04
9.426739062500000000e+04
2.839593500000000000e+06
2.026051200000000000e+07
2.217838800000000000e+07
1.496811500000000000e+07
1.550736400000000000e+07
1.594271700000000000e+07
1.803262400000000000e+07
2.599656000000000000e+07
3.958325250000000000e+06
8.129428000000000000e+06
1.456070800000000000e+07
4.082572265625000000e+04
2.984425750000000000e+06
1.302935000000000000e+07
3.281795250000000000e+06
1.094467000000000000e+06
6.606965625000000000e+05
7.401567500000000000e+06
6.869356800000000000e+07
7.544499500000000000e+06
1.255368000000000000e+06
9.024362500000000000e+04
1.651006875000000000e+06
1.178233600000000000e+07
2.837192750000000000e+06
7.382095200000000000e+07
1.051216480000000000e+08
2.592629375000000000e+05
1.900111132812500000e+04
7.205118000000000000e+06
1.999897265625000000e+04
2.418955664062500000e+04
6.065095625000000000e+05
1.228745680000000000e+08
1.561347875000000000e+06
2.978051750000000000e+06
3.732959687500000000e+05
4.252625000000000000e+06
4.273399500000000000e+06
4.702329687500000000e+05
8.547440000000000000e+06
5.942336400000000000e+07
1.986196800000000000e+07
6.219414500000000000e+06
4.995852000000000000e+07
3.814849600000000000e+07
8.129412000000000000e+06
2.415720800000000000e+07
8.739929687500000000e+04
6.525460500000000000e+06
1.716840937500000000e+05
5.752539500000000000e+06
1.153774875000000000e+06
2.663585200000000000e+07
3.357644500000000000e+06
1.004126100000000000e+07
6.231336500000000000e+06
2.994144000000000000e+07
4.135992500000000000e+06
5.523386000000000000e+06
1.069480100000000000e+07
4.167556000000000000e+07
1.002000600000000000e+07
3.497052400000000000e+07
1.017106875000000000e+06
1.776738400000000000e+07
2.690366000000000000e+06
2.411826000000000000e+07
3.025136400000000000e+07
9.999056875000000000e+05
1.263786250000000000e+06
1.115752600000000000e+07
4.468219200000000000e+07
3.272331600000000000e+07
5.258136500000000000e+06
1.067291500000000000e+07
6.424500500000000000e+06
6.593476875000000000e+05
1.705990080000000000e+08
3.290167500000000000e+05
4.327460000000000000e+07
4.997247500000000000e+05
8.949674000000000000e+06
8.512471250000000000e+05
1.649566040039062500e+03
3.688125750000000000e+06
3.131994400000000000e+07
6.374547000000000000e+06
5.854266875000000000e+05
4.564133000000000000e+06
2.783128500000000000e+06
3.302208000000000000e+07
3.908833600000000000e+07
2.128260742187500000e+04
1.201087200000000000e+07
4.877726562500000000e+04
1.503189746093750000e+04
3.529889200000000000e+07
1.124265500000000000e+07
7.339247200000000000e+07
1.506647125000000000e+06
5.816451600000000000e+07
6.068092187500000000e+04
3.735274687500000000e+05
6.394847000000000000e+06
1.050003400000000000e+07
7.992459200000000000e+07
1.402526625000000000e+06
1.424776600000000000e+07
2.488416750000000000e+06
3.675562000000000000e+07
1.067291500000000000e+07
1.822348250000000000e+06
2.405562000000000000e+06
1.063235078125000000e+05
3.665869000000000000e+06
5.411740625000000000e+05
6.380884500000000000e+06
2.498868400000000000e+07
6.304085500000000000e+06
5.132664500000000000e+06
3.031649500000000000e+06
7.580517000000000000e+06
1.409386700000000000e+07
2.042615600000000000e+07
8.516223125000000000e+05
1.325572900000000000e+07
3.375279200000000000e+07
1.101871360000000000e+08
6.739785937500000000e+04
1.320665375000000000e+06
1.791059125000000000e+06
4.443174000000000000e+07
1.919116960000000000e+08
1.972101600000000000e+07
8.292486000000000000e+06
5.433736000000000000e+06
4.647772800000000000e+07
2.571399000000000000e+06
1.464038200000000000e+07
1.508268875000000000e+06
2.988889250000000000e+06
9.547840000000000000e+07
1.268872720000000000e+08
1.115439900000000000e+07
3.029496000000000000e+07
2.145364960000000000e+08
1.243834625000000000e+06
2.636875600000000000e+07
1.299239900000000000e+07
1.400941125000000000e+06
3.269324400000000000e+07
6.971050625000000000e+05
4.847354000000000000e+06
1.499835100000000000e+07
1.081816400000000000e+07
1.682663200000000000e+07
9.554629000000000000e+06
7.799596875000000000e+04
3.375388800000000000e+07
9.679729000000000000e+06
1.081518593750000000e+05
1.317438750000000000e+06
3.672287000000000000e+06
3.893186000000000000e+07
2.657529000000000000e+06
3.278035500000000000e+06
3.289378000000000000e+06
1.043958600000000000e+07
9.603031875000000000e+05
1.009985156250000000e+05
4.466480859375000000e+04
1.175282200000000000e+07
1.594548300000000000e+07
4.534208007812500000e+03
2.625583200000000000e+07
4.550326875000000000e+05
5.340154400000000000e+07
1.035337011718750000e+04
1.492472500000000000e+07
7.375284000000000000e+07
3.530546250000000000e+06
1.064312578125000000e+05
3.916827812500000000e+05
3.880261750000000000e+06
1.026801800000000000e+07
6.944587000000000000e+06
7.194016875000000000e+05
1.070390300000000000e+07
4.159043600000000000e+07
1.023682700000000000e+07
1.273891700000000000e+07
5.250154500000000000e+06
1.517468000000000000e+06
3.251731200000000000e+07
2.388342000000000000e+07
1.446650500000000000e+07
7.066460937500000000e+04
2.782740750000000000e+06
1.776868625000000000e+06
2.745896875000000000e+05
4.007621562500000000e+05
7.633484375000000000e+05
1.504781600000000000e+08
4.769741000000000000e+06
9.269253000000000000e+06
1.673123200000000000e+07
8.102185156250000000e+04
1.442716875000000000e+06
3.070150800000000000e+07
2.843230000000000000e+07
3.047342750000000000e+06
1.128113375000000000e+06
9.153630000000000000e+06
2.435859500000000000e+06
5.624626250000000000e+05
9.948616875000000000e+05
7.087367500000000000e+06
3.815315200000000000e+07
8.912150625000000000e+05
3.034522000000000000e+06
1.615580100000000000e+07
1.513003125000000000e+05
2.946676250000000000e+06
3.583528125000000000e+05
2.437724800000000000e+07
1.936028000000000000e+07
5.781103600000000000e+07
6.999715625000000000e+05
2.651984500000000000e+06
1.750065000000000000e+05
8.161993652343750000e+03
2.802934960937500000e+04
9.153630000000000000e+06
5.496827500000000000e+06
2.886638400000000000e+07
5.676716000000000000e+06
9.175695200000000000e+07
2.133958007812500000e+04
7.249484500000000000e+06
1.338162700000000000e+07
6.511982421875000000e+04
1.583298800000000000e+07
1.686338800000000000e+07
4.497581600000000000e+07
1.566985000000000000e+06
2.836359500000000000e+06
1.695787109375000000e+04
3.281763750000000000e+06
5.206723125000000000e+05
1.392969125000000000e+06
1.459577300000000000e+07
1.228616100000000000e+07
3.692898000000000000e+07
2.495934000000000000e+07
2.694047600000000000e+07
3.450988000000000000e+07
1.517129600000000000e+07
3.703556400000000000e+07
1.167716300000000000e+07
2.699085750000000000e+06
4.009635200000000000e+07
4.861950000000000000e+07
2.241347250000000000e+06
4.399060500000000000e+06
7.348545000000000000e+05
3.432682750000000000e+06
8.638548000000000000e+07
2.380054500000000000e+06
4.430938750000000000e+05
1.084223000000000000e+07
1.187982100000000000e+07
5.717770000000000000e+05
1.173523800000000000e+07
2.992528000000000000e+07
4.262414000000000000e+06
5.333056000000000000e+06
1.499094300000000000e+07
3.762474400000000000e+07
8.041618125000000000e+05
3.300379000000000000e+06
8.080585500000000000e+06
3.506151875000000000e+05
8.289466000000000000e+06
1.034167480468750000e+04
2.123498125000000000e+05
3.045747600000000000e+07
6.971050625000000000e+05
4.949209500000000000e+06
1.235023920000000000e+08
2.727442400000000000e+07
8.246880625000000000e+05
2.006413625000000000e+06
9.558038000000000000e+06
4.050147000000000000e+06
3.473188800000000000e+07
4.582592500000000000e+05
1.813759200000000000e+07
3.149180000000000000e+07
1.598751100000000000e+07
1.984682400000000000e+07
5.063947600000000000e+07
4.747068000000000000e+07
2.370298500000000000e+06
4.060953000000000000e+06
3.399164000000000000e+07
2.771201600000000000e+07
6.759770000000000000e+06
4.947858400000000000e+07
5.523386000000000000e+06
4.593151600000000000e+07
1.250240125000000000e+06
3.778944375000000000e+05
3.648332812500000000e+05
4.733864062500000000e+04
5.086079101562500000e+03
1.390962200000000000e+07
3.105778000000000000e+07
1.879027200000000000e+07
3.758035000000000000e+05
1.382210625000000000e+06
1.346545200000000000e+07
1.956426000000000000e+07
4.125187812500000000e+05
6.242649500000000000e+06
1.631247900000000000e+07
1.486709179687500000e+04
1.943957600000000000e+07
1.984591375000000000e+06
1.013497250000000000e+06
2.353374000000000000e+07
1.021315100000000000e+07
4.614195500000000000e+06
1.986196800000000000e+07
6.698369500000000000e+06
1.030916437500000000e+06
2.002093945312500000e+04
2.764774500000000000e+06
2.421219200000000000e+07
2.372274800000000000e+07
5.781501953125000000e+04
3.422663750000000000e+06
3.103297500000000000e+06
8.078920500000000000e+06
4.080647812500000000e+05
4.603818500000000000e+06
9.445567000000000000e+06
1.276288769531250000e+04
1.093363200000000000e+08
3.730005600000000000e+07
5.512225000000000000e+06
5.594662400000000000e+07
2.986416000000000000e+07
4.400053600000000000e+07
3.693419200000000000e+07
3.873225600000000000e+07
1.710192800000000000e+08
1.658982300000000000e+07
2.445315600000000000e+07
2.331206000000000000e+07
1.476411718750000000e+05
3.939244062500000000e+05
4.541813600000000000e+07
2.752582750000000000e+06
3.275528800000000000e+07
1.576789300000000000e+07
1.646613125000000000e+05
1.013879500000000000e+07
5.993250000000000000e+04
6.222962500000000000e+06
2.317682500000000000e+05
2.432393750000000000e+04
6.626811500000000000e+06
1.987352800000000000e+07
6.190383500000000000e+06
6.927053125000000000e+05
1.082734625000000000e+06
2.471998800000000000e+07
1.438160500000000000e+07
4.906461200000000000e+07
1.974525200000000000e+07
1.430426700000000000e+07
5.630391500000000000e+06
1.155334300000000000e+07
5.250878800000000000e+07
1.061884200000000000e+07
3.403264000000000000e+07
3.750458800000000000e+07
3.677721600000000000e+07
9.468003906250000000e+04
4.948208000000000000e+07
2.564875680000000000e+08
3.544536000000000000e+07
7.541616250000000000e+05
1.249236484375000000e+05
8.040026400000000000e+07
7.677166406250000000e+04
6.448917600000000000e+07
3.374169500000000000e+06
3.030663500000000000e+06
7.789138400000000000e+07
3.666956000000000000e+07
6.907286400000000000e+07
5.345810000000000000e+07
2.706865250000000000e+06
7.500874375000000000e+05
1.357935000000000000e+07
1.643400500000000000e+06
1.097302250000000000e+06
5.635849500000000000e+06
1.785162400000000000e+07
8.523388750000000000e+05
7.633009000000000000e+06
2.103746562500000000e+05
3.148624750000000000e+06
9.518311200000000000e+07
9.309478125000000000e+04
4.413022000000000000e+07
1.000873187500000000e+06
5.943453500000000000e+06
1.081731900000000000e+07
1.063173200000000000e+07
2.593500500000000000e+06
7.182176500000000000e+06
4.924299500000000000e+06
1.956426000000000000e+07
2.479270400000000000e+07
5.092958400000000000e+07
2.700702750000000000e+06
1.555502900000000000e+07
1.962705200000000000e+07
1.598369900000000000e+07
9.613446093750000000e+04
5.345902000000000000e+07
2.959652480000000000e+08
7.026917968750000000e+04
1.749279200000000000e+07
1.116539921875000000e+05
2.471153000000000000e+06
4.659356400000000000e+07
4.512800500000000000e+06
4.378479200000000000e+07
1.686921200000000000e+07
1.046975700000000000e+07
2.991881875000000000e+05
1.054654000000000000e+07
1.243585520000000000e+08
2.214461600000000000e+07
2.992539600000000000e+07
5.944237304687500000e+03
9.138858125000000000e+05
1.967255200000000000e+07
3.769072000000000000e+06
1.486083750000000000e+06
1.157315000000000000e+07
4.000549375000000000e+05
6.452943000000000000e+06
2.004585125000000000e+06
6.287621200000000000e+07
1.871776400000000000e+07
1.487360200000000000e+07
8.139240500000000000e+06
8.906947000000000000e+06
1.002874400000000000e+07
9.873752000000000000e+06
3.475780000000000000e+07
4.760378400000000000e+07
3.198333500000000000e+06
5.055965625000000000e+05
1.552386000000000000e+06
7.515581875000000000e+05
2.443236400000000000e+07
7.467632000000000000e+07
6.103779600000000000e+07
1.665723828125000000e+04
1.873805600000000000e+07
1.755214800000000000e+07
4.097885312500000000e+05
2.361151953125000000e+04
1.209297875000000000e+06
5.259655000000000000e+05
2.756709600000000000e+07
1.420031500000000000e+07
2.009111600000000000e+07
4.110597200000000000e+07
2.488870312500000000e+04
3.603335600000000000e+07
2.022379500000000000e+06
7.089287500000000000e+06
1.871675312500000000e+05
2.857493437500000000e+05
7.099179000000000000e+06
3.817190500000000000e+06
1.105679100000000000e+07
3.394175312500000000e+05
5.805700400000000000e+07
1.979586000000000000e+07
1.363863500000000000e+07
2.473753600000000000e+07
8.261499375000000000e+05
3.070150800000000000e+07
1.158474300000000000e+07
4.925192000000000000e+06
4.103876000000000000e+06
9.767434000000000000e+06
1.457623906250000000e+05
5.286116500000000000e+06
3.083949000000000000e+06
8.914204000000000000e+06
4.531456000000000000e+07
1.585956750000000000e+06
2.201589250000000000e+06
2.553559750000000000e+06
1.180740500000000000e+06
4.733729000000000000e+06
6.214652000000000000e+07
3.076223600000000000e+07
1.647155400000000000e+07
2.672771200000000000e+07
2.454742968750000000e+04
5.831194000000000000e+06
8.871080000000000000e+06
7.300096000000000000e+06
2.151223600000000000e+07
2.765272750000000000e+06
3.862830400000000000e+07
3.309547200000000000e+07
4.541975000000000000e+06
7.418667200000000000e+07
2.421219200000000000e+07
1.310540250000000000e+06
1.509221250000000000e+06
1.416533500000000000e+06
5.878716500000000000e+06
8.797516250000000000e+05
2.359758750000000000e+06
3.452962812500000000e+05
1.055022300000000000e+07
1.815549609375000000e+04
1.024167100000000000e+07
2.283120500000000000e+06
4.125473600000000000e+07
3.943551250000000000e+06
4.348095703125000000e+04
7.817268000000000000e+07
9.969564000000000000e+06
2.228480250000000000e+06
4.351664375000000000e+05
8.002113769531250000e+03
1.225288200000000000e+07
1.942023200000000000e+07
1.397789300000000000e+07
4.542965600000000000e+07
3.074774400000000000e+07
5.827213500000000000e+06
1.120980500000000000e+06
5.739792000000000000e+07
5.156528500000000000e+06
1.609585125000000000e+06
6.828064000000000000e+07
1.653783040000000000e+08
8.717728000000000000e+06
2.460367968750000000e+04
3.711077000000000000e+06
1.817455625000000000e+06
2.599408400000000000e+07
3.871209200000000000e+07
1.152095100000000000e+07
1.011264500000000000e+07
1.469968160000000000e+08
3.057444000000000000e+06
1.240079200000000000e+07
7.723468800000000000e+07
1.228951875000000000e+05
1.849232400000000000e+07
3.054605273437500000e+04
2.534784800000000000e+07
3.659934000000000000e+07
3.365328000000000000e+07
1.939850000000000000e+07
4.012894400000000000e+07
1.797069280000000000e+08
1.940980000000000000e+08
3.672485600000000000e+07
6.501700000000000000e+06
1.774357600000000000e+07
7.381810625000000000e+05
1.407635000000000000e+07
5.736745000000000000e+06
4.627486500000000000e+06
1.670315500000000000e+06
6.583780000000000000e+07
6.437242800000000000e+07
1.712367000000000000e+06
1.542607040000000000e+08
5.712935500000000000e+06
5.098284000000000000e+07
3.959541000000000000e+06
2.124369200000000000e+07
9.008210000000000000e+06
4.890729000000000000e+06
1.387431040000000000e+08
4.567144400000000000e+07
2.535524800000000000e+07
1.941134400000000000e+07
3.514039062500000000e+05
1.817021093750000000e+05
1.794020000000000000e+07
1.064531280000000000e+08
3.873225600000000000e+07
1.451952500000000000e+07
1.267489375000000000e+06
7.912934500000000000e+06
7.303317600000000000e+07
3.354171250000000000e+05
2.081250800000000000e+07
1.054777375000000000e+06
4.678880312500000000e+05
1.894503250000000000e+06
6.575680000000000000e+06
6.120393000000000000e+06
5.644772500000000000e+05
7.295405000000000000e+06
5.512130500000000000e+06
1.022718700000000000e+07
3.739035000000000000e+06
9.329315200000000000e+07
1.017079840000000000e+08
1.840775875000000000e+06
1.980545200000000000e+07
3.710966800000000000e+07
2.145724000000000000e+07
4.890729000000000000e+06
8.570777000000000000e+06
2.043665875000000000e+06
3.568601750000000000e+06
7.834311250000000000e+05
3.768715600000000000e+07
3.298447000000000000e+06
3.872314062500000000e+04
1.336212400000000000e+08
5.618644500000000000e+06
3.865834250000000000e+06
5.851282000000000000e+06
2.004533600000000000e+07
1.143681200000000000e+07
2.258267200000000000e+07
5.458051200000000000e+07
3.981704500000000000e+06
3.610240000000000000e+06
1.789830000000000000e+07
1.586541503906250000e+04
5.739758400000000000e+07
3.480248250000000000e+06
6.423035156250000000e+04
1.155889609375000000e+05
5.887390000000000000e+05
2.054133375000000000e+06
6.081711600000000000e+07
9.864880000000000000e+05
3.034599414062500000e+04
2.594876000000000000e+06
1.444620937500000000e+05
1.368067000000000000e+06
6.082473125000000000e+05
2.166876250000000000e+05
2.016274800000000000e+07
1.201508800000000000e+07
9.226426000000000000e+06
1.075040900000000000e+07
5.303091250000000000e+05
1.023103750000000000e+05
2.572414750000000000e+06
4.151368250000000000e+06
3.148138750000000000e+06
1.962207600000000000e+07
7.269388500000000000e+06
1.050889100000000000e+07
2.673255600000000000e+07
3.526871250000000000e+06
1.616992000000000000e+07
4.119690937500000000e+05
4.613005000000000000e+05
6.982913500000000000e+06
1.812645200000000000e+07
1.523080375000000000e+06
3.029756000000000000e+07
1.021012812500000000e+06
6.122168125000000000e+05
2.439837250000000000e+06
4.240383437500000000e+05
1.485591000000000000e+07
2.687657600000000000e+07
1.893245600000000000e+08
2.531610400000000000e+07
1.584791300000000000e+07
2.580245000000000000e+06
5.825007500000000000e+06
4.613399500000000000e+06
1.635946400000000000e+07
3.165264400000000000e+07
2.587580800000000000e+07
4.651829062500000000e+05
8.512053125000000000e+04
9.600830000000000000e+06
2.807539200000000000e+07
6.338156000000000000e+07
4.534836800000000000e+07
2.683989600000000000e+07
1.638784375000000000e+04
1.368155750000000000e+06
3.532998000000000000e+06
2.466223000000000000e+06
3.775969250000000000e+06
4.377786000000000000e+07
3.499027200000000000e+07
2.796012500000000000e+05
9.789834000000000000e+06
6.355093000000000000e+06
2.675120312500000000e+04
1.013042500000000000e+07
1.550110400000000000e+08
8.657874000000000000e+06
1.592165800000000000e+07
1.010482187500000000e+05
3.703683600000000000e+07
3.975459375000000000e+05
1.995386000000000000e+07
1.307822600000000000e+07
2.401695000000000000e+06
3.903625600000000000e+07
1.406344200000000000e+07
2.658038500000000000e+06
1.206591840000000000e+08
1.722507200000000000e+07
2.555654800000000000e+07
9.543634400000000000e+07
6.131453000000000000e+06
4.905610000000000000e+07
5.035130800000000000e+07
5.590438125000000000e+05
2.709858750000000000e+06
1.071424511718750000e+04
7.021477500000000000e+06
4.106576562500000000e+04
2.068986750000000000e+06
2.576308500000000000e+06
4.750099500000000000e+06
1.412810200000000000e+07
1.092451600000000000e+07
1.974847375000000000e+06
1.845145200000000000e+07
1.287883920000000000e+08
1.210748400000000000e+08
1.760636400000000000e+07
1.013153062500000000e+06
2.474985200000000000e+07
1.210773000000000000e+07
1.071424511718750000e+04
3.070150800000000000e+07
8.565695000000000000e+06
8.672985000000000000e+05
3.697783000000000000e+06
3.199474000000000000e+07
2.919084687500000000e+05
2.603050000000000000e+07
9.498012000000000000e+06
2.237773120000000000e+08
1.531541900000000000e+07
3.551831562500000000e+05
7.904396500000000000e+06
1.389890800000000000e+07
2.577660000000000000e+06
1.607176171875000000e+04
1.842954000000000000e+07
1.887468400000000000e+07
5.674723125000000000e+05
1.262644921875000000e+04
9.206316000000000000e+06
1.020281200000000000e+07
1.654147900000000000e+07
5.148617000000000000e+06
1.191647000000000000e+07
4.171657187500000000e+05
2.488416750000000000e+06
1.977012400000000000e+07
2.288521093750000000e+05
2.314262500000000000e+06
8.729037109375000000e+03
3.644715937500000000e+05
7.495560000000000000e+06
4.288575000000000000e+06
3.306821200000000000e+07
6.000395000000000000e+05
7.601450400000000000e+07
5.966904000000000000e+06
1.108181680000000000e+08
1.408945800000000000e+07
4.247761875000000000e+05
2.366554531250000000e+05
6.121688000000000000e+07
6.593980000000000000e+05
6.822812500000000000e+03
1.727768800000000000e+07
7.652536000000000000e+06
5.056411500000000000e+06
6.523230800000000000e+07
4.656243500000000000e+06
1.024943520000000000e+08
3.055744400000000000e+07
5.442993125000000000e+05
1.976024800000000000e+07
2.934590000000000000e+05
1.983789200000000000e+07
5.840577000000000000e+06
1.950379200000000000e+07
1.109257300000000000e+07
2.245192187500000000e+05
6.508915234375000000e+04
5.304446250000000000e+05
1.490492600000000000e+07
1.658238800000000000e+07
8.334006000000000000e+06
8.411389375000000000e+05
1.519156700000000000e+07
2.679432500000000000e+06
7.026763000000000000e+06
9.659878750000000000e+05
5.684326000000000000e+07
2.825490250000000000e+06
2.913535250000000000e+06
1.311964750000000000e+06
2.402615600000000000e+07
1.071221796875000000e+05
2.825490250000000000e+06
3.967115750000000000e+06
9.990979000000000000e+06
5.021106500000000000e+06
1.071424511718750000e+04
1.730661000000000000e+06
1.598802900000000000e+07
1.129747000000000000e+07
1.205995200000000000e+07
7.825573000000000000e+06
7.028177000000000000e+06
3.119947500000000000e+06
3.878260250000000000e+06
8.598850000000000000e+06
3.188773250000000000e+06
1.476797280000000000e+08
4.687407600000000000e+07
1.020229280000000000e+08
2.060176000000000000e+07
2.388697200000000000e+07
2.043679625000000000e+06
1.089783600000000000e+07
5.794843125000000000e+05
1.731909600000000000e+07
1.825301600000000000e+07
1.265560800000000000e+07
6.601119200000000000e+07
1.511653320312500000e+04
4.004832000000000000e+06
3.829872750000000000e+06
4.371868125000000000e+05
4.994510000000000000e+06
1.889469140625000000e+04
4.751443600000000000e+07
8.550649600000000000e+07
6.668692000000000000e+06
9.383460000000000000e+07
5.512130500000000000e+06
1.422214750000000000e+06
6.971050625000000000e+05
1.228569300000000000e+07
5.645683500000000000e+06
3.390073125000000000e+05
1.069660250000000000e+06
1.583331900000000000e+07
1.067291500000000000e+07
2.803712800000000000e+07
2.425856000000000000e+07
3.737751500000000000e+06
1.076793000000000000e+06
5.308864375000000000e+05
5.505414800000000000e+07
2.303031600000000000e+07
4.319368750000000000e+05
6.555181000000000000e+06
9.806135000000000000e+05
1.027260687500000000e+06
2.219918080000000000e+08
9.404345000000000000e+06
3.140692000000000000e+07
6.115492500000000000e+06
2.018219875000000000e+06
4.107067000000000000e+06
6.259329500000000000e+06
2.774036400000000000e+07
3.250530625000000000e+05
2.225484640000000000e+08
6.775370240000000000e+08
2.433028800000000000e+07
1.397142343750000000e+05
1.385434375000000000e+05
4.084794250000000000e+06
2.747072800000000000e+07
3.581000400000000000e+07
5.089282500000000000e+05
1.980545200000000000e+07
8.989231250000000000e+05
5.933672000000000000e+07
1.171982250000000000e+06
5.063341760000000000e+08
2.493088800000000000e+07
2.841169600000000000e+07
9.174552000000000000e+06
5.330229000000000000e+06
6.561343360000000000e+08
6.178132400000000000e+07
4.764108500000000000e+06
2.715679600000000000e+07
1.257432800000000000e+07
7.022630625000000000e+05
3.716120500000000000e+06
1.011322968750000000e+05
4.433035000000000000e+05
1.267899500000000000e+07
1.103739120000000000e+08
5.346648000000000000e+06
8.231111718750000000e+04
4.134162250000000000e+06
1.185013000000000000e+07
1.171694960000000000e+08
6.341796875000000000e+05
1.486709179687500000e+04
3.942979687500000000e+05
8.704540800000000000e+07
3.633260400000000000e+07
3.992629394531250000e+02
1.238271000000000000e+07
6.093510000000000000e+05
3.519092800000000000e+07
4.067491200000000000e+07
4.856334000000000000e+07
2.375602800000000000e+07
7.365902000000000000e+06
2.410358800000000000e+07
2.714794000000000000e+07
1.310114500000000000e+07
1.449000600000000000e+07
1.075541300000000000e+07
2.433028800000000000e+07
5.854590625000000000e+05
2.129488800000000000e+07
3.410666250000000000e+06
3.774290800000000000e+07
1.637558625000000000e+06
1.733623125000000000e+06
2.283606000000000000e+07
2.145724000000000000e+07
1.618892900000000000e+07
6.417782500000000000e+06
4.084142400000000000e+07
1.213292800000000000e+07
9.767434000000000000e+06
5.193052500000000000e+06
2.694093600000000000e+07
3.487507200000000000e+07
6.087347000000000000e+06
2.063886500000000000e+06
8.978642400000000000e+07
3.770527600000000000e+07
3.493030468750000000e+04
7.187865000000000000e+05
1.970356800000000000e+07
1.828101250000000000e+06
5.237655600000000000e+07
1.060036250000000000e+06
1.024135800000000000e+07
4.158234400000000000e+07
7.978175500000000000e+06
3.776134000000000000e+07
6.000395000000000000e+05
2.333502560000000000e+08
3.770527600000000000e+07
1.683787200000000000e+07
3.273230400000000000e+07
1.279712000000000000e+07
6.502022500000000000e+05
1.206337500000000000e+04
2.333408000000000000e+07
6.506025390625000000e+03
7.076568500000000000e+06
1.062624250000000000e+06
2.224420500000000000e+06
1.294135000000000000e+06
2.089986400000000000e+07
1.362272125000000000e+06
1.618079250000000000e+06
1.487331800000000000e+07
2.941054492187500000e+04
4.633248400000000000e+07
7.410056000000000000e+07
4.372745600000000000e+07
4.999089500000000000e+06
6.324554500000000000e+06
1.871220800000000000e+08
2.259706400000000000e+07
4.264409600000000000e+07
1.160210200000000000e+07
4.046800640000000000e+08
8.895436000000000000e+06
1.099134080000000000e+08
9.092522500000000000e+05
2.674543500000000000e+06
1.261478200000000000e+07
3.164399000000000000e+06
5.130935156250000000e+04
1.226382519531250000e+04
3.389271600000000000e+07
6.012979200000000000e+07
2.149327929687500000e+04
3.182141600000000000e+07
3.300536500000000000e+06
5.161158000000000000e+06
3.693132160000000000e+08
5.613394375000000000e+05
5.619341000000000000e+06
5.601727000000000000e+06
6.214652000000000000e+07
6.886997500000000000e+05
1.886981406250000000e+05
1.303527625000000000e+06
2.747644000000000000e+07
5.415245600000000000e+07
2.788141200000000000e+07
6.972260000000000000e+06
4.894461500000000000e+06
3.446505500000000000e+06
6.380220000000000000e+07
6.693720000000000000e+06
7.636075000000000000e+06
3.246178800000000000e+07
6.336023750000000000e+05
6.959545000000000000e+05
6.221807031250000000e+04
2.305462000000000000e+07
1.175134100000000000e+07
1.877246800000000000e+07
1.574676400000000000e+07
1.656187125000000000e+06
2.915316800000000000e+07
1.662410875000000000e+06
1.330794960000000000e+08
3.865055600000000000e+07
1.328834160000000000e+08
5.630391500000000000e+06
7.319803500000000000e+06
1.669355300000000000e+07
2.032007200000000000e+07
1.313981875000000000e+06
7.728877600000000000e+07
4.540052000000000000e+06
1.407594700000000000e+07
1.973486400000000000e+07
4.788492968750000000e+04
2.915100250000000000e+06
5.990549000000000000e+06
2.565280400000000000e+07
5.778728125000000000e+05
2.426264531250000000e+05
1.497057000000000000e+07
1.966006000000000000e+07
7.725840800000000000e+07
2.204646400000000000e+07
2.320802400000000000e+07
1.084238080000000000e+08
1.366346000000000000e+06
4.685620000000000000e+07
1.016379100000000000e+07
1.843389875000000000e+06
7.209895996093750000e+03
2.390128400000000000e+07
4.493142500000000000e+05
3.258318400000000000e+07
6.366884000000000000e+07
1.106117800000000000e+07
3.928285625000000000e+05
1.866755156250000000e+05
1.077625125000000000e+06
7.882535500000000000e+06
1.617125468750000000e+05
1.677979125000000000e+06
1.727071625000000000e+06
6.808156000000000000e+06
1.595290800000000000e+07
1.541236750000000000e+06
2.084227812500000000e+05
3.436389687500000000e+05
1.616992000000000000e+07
1.377187300000000000e+07
1.769733625000000000e+06
1.114742875000000000e+06
4.721182000000000000e+06
6.214652000000000000e+07
1.710017250000000000e+06
5.241659500000000000e+06
4.172770750000000000e+06
1.706328480000000000e+08
5.645683500000000000e+06
9.397514000000000000e+06
2.042615600000000000e+07
4.762807500000000000e+05
2.765631200000000000e+07
1.661163437500000000e+05
1.590726900000000000e+07
5.307798000000000000e+06
2.314757000000000000e+06
9.357378000000000000e+06
3.563578000000000000e+07
1.463393300000000000e+07
5.289980000000000000e+06
2.406071250000000000e+06
4.872454062500000000e+05
7.545205625000000000e+05
3.546686875000000000e+05
1.899549200000000000e+07
7.504107500000000000e+06
2.585972000000000000e+07
5.105874687500000000e+05
1.666209000000000000e+06
2.037729280000000000e+08
1.950808000000000000e+08
7.823888750000000000e+05
6.115224218750000000e+04
3.871416250000000000e+05
2.518375600000000000e+07
1.131929800000000000e+07
9.518319375000000000e+05
5.374887600000000000e+07
3.576424000000000000e+06
3.141996000000000000e+06
5.739792000000000000e+07
9.309686000000000000e+06
2.988512400000000000e+07
1.486709179687500000e+04
1.387269875000000000e+06
4.590745625000000000e+05
5.425015625000000000e+04
3.759913200000000000e+07
4.215625937500000000e+05
9.649250781250000000e+04
3.646520400000000000e+07
1.616856300000000000e+07
7.322044500000000000e+06
2.914216000000000000e+07
3.131325200000000000e+07
1.660055200000000000e+07
5.869598046875000000e+04
7.393920000000000000e+06
1.490180078125000000e+04
1.361989300000000000e+07
2.310568400000000000e+07
3.296538000000000000e+06
4.951890000000000000e+07
4.772999500000000000e+06
6.175142000000000000e+06
2.762260000000000000e+06
1.325572900000000000e+07
4.965130000000000000e+05
6.026109000000000000e+06
5.994486250000000000e+05
1.734148750000000000e+05
1.640818300000000000e+07
3.210263200000000000e+07
1.347418800000000000e+07
6.809745312500000000e+04
6.150479200000000000e+07
2.765992750000000000e+06
3.100226400000000000e+07
6.365277000000000000e+06
5.617069500000000000e+06
7.218034000000000000e+06
2.691749250000000000e+06
2.869299200000000000e+08
1.334171800000000000e+07
1.612172500000000000e+07
1.123555900000000000e+07
1.720374500000000000e+06
1.168017109375000000e+05
3.908833600000000000e+07
4.866203125000000000e+05
4.052081600000000000e+07
4.861950000000000000e+07
8.484593600000000000e+07
1.228569300000000000e+07
7.527897500000000000e+06
1.744868750000000000e+06
6.379947500000000000e+06
5.342448000000000000e+06
2.646956500000000000e+06
5.196077500000000000e+05
6.699805200000000000e+07
6.017780859375000000e+04
2.336167000000000000e+06
5.410450683593750000e+03
1.884779125000000000e+06
1.493500500000000000e+07
1.420446000000000000e+07
1.687403600000000000e+07
7.245722400000000000e+07
5.593223000000000000e+06
4.312752000000000000e+07
1.618201500000000000e+07
6.481461500000000000e+06
1.047774800000000000e+07
3.072456250000000000e+06
7.818486500000000000e+06
5.430281000000000000e+06
3.896001200000000000e+07
8.134903000000000000e+06
1.511929625000000000e+06
2.464823750000000000e+06
7.163577000000000000e+06
5.261907600000000000e+07
2.054658125000000000e+05
2.182147200000000000e+07
5.352641250000000000e+05
1.331772750000000000e+06
8.012638400000000000e+07
3.002402000000000000e+07
1.395665136718750000e+04
3.669097750000000000e+06
1.028390750000000000e+06
1.284705859375000000e+05
8.094344500000000000e+06
8.680743000000000000e+06
4.573118125000000000e+05
1.758601093750000000e+05
1.947468400000000000e+07
6.966202400000000000e+07
3.916641000000000000e+06
2.375358400000000000e+07
5.387749500000000000e+06
2.571399000000000000e+06
1.779706000000000000e+07
3.506901750000000000e+06
1.118182000000000000e+06
1.073029200000000000e+07
4.274939600000000000e+07
1.162513900000000000e+07
1.614099520000000000e+08
4.414520800000000000e+07
2.069991200000000000e+07
1.189149500000000000e+07
8.816848000000000000e+06
1.715392800000000000e+07
1.969669200000000000e+07
2.223968400000000000e+07
5.823330000000000000e+05
4.229521200000000000e+07
8.296971500000000000e+06
1.267489375000000000e+06
1.134584100000000000e+07
2.962461000000000000e+06
6.033866500000000000e+06
1.289151125000000000e+06
3.266052400000000000e+07
6.562966800000000000e+07
1.265782800000000000e+07
1.136468400000000000e+07
1.508251900000000000e+07
2.292959200000000000e+07
1.561814300000000000e+07
3.549606250000000000e+04
1.162474000000000000e+07
3.261689453125000000e+04
3.873225600000000000e+07
1.392755250000000000e+06
1.327546500000000000e+07
1.458391600000000000e+07
4.742365937500000000e+05
6.089767200000000000e+07
5.839285000000000000e+06
9.573016601562500000e+03
6.264142500000000000e+06
2.754208000000000000e+07
6.248609600000000000e+07
3.528087500000000000e+04
3.054183203125000000e+04
4.351722187500000000e+05
2.363102800000000000e+07
9.637487500000000000e+04
1.984590820312500000e+04
6.449011500000000000e+06
2.166454400000000000e+07
8.614742000000000000e+06
9.970995200000000000e+07
7.332400500000000000e+06
1.836700800000000000e+07
1.426016300000000000e+07
2.033216800000000000e+07
9.107926250000000000e+05
1.651484200000000000e+07
4.203685500000000000e+06
5.720878750000000000e+05
2.962598800000000000e+07
4.834117200000000000e+07
3.362036800000000000e+07
1.455853515625000000e+04
1.630852700000000000e+07
2.189145703125000000e+04
7.813090000000000000e+06
3.045168437500000000e+05
2.289782000000000000e+07
2.559843000000000000e+06
4.221542400000000000e+07
6.447610000000000000e+06
3.731558000000000000e+06
5.773760000000000000e+06
4.819242560000000000e+08
1.001321812500000000e+06
5.645966015625000000e+04
2.307111600000000000e+07
1.507058398437500000e+04
9.483023437500000000e+04
5.126132400000000000e+07
1.305654200000000000e+07
1.716764000000000000e+07
4.769741000000000000e+06
6.840604687500000000e+04
4.183292800000000000e+07
1.153162125000000000e+06
3.093363200000000000e+07
1.162474000000000000e+07
9.390347000000000000e+06
8.589768750000000000e+04
2.964982031250000000e+04
8.200678750000000000e+05
7.044031200000000000e+07
1.213537750000000000e+06
1.154259500000000000e+07
3.385188800000000000e+07
2.552459250000000000e+06
6.787871000000000000e+06
5.231851000000000000e+06
3.735872800000000000e+07
4.316826171875000000e+04
6.792858125000000000e+05
7.454634500000000000e+06
1.227581625000000000e+06
3.896120400000000000e+07
1.417514900000000000e+07
3.457958437500000000e+05
4.254344000000000000e+07
5.520763000000000000e+06
4.809742000000000000e+06
3.204906250000000000e+05
1.192665900000000000e+07
9.929010000000000000e+06
1.948727187500000000e+05
3.475978400000000000e+07
8.615085937500000000e+04
1.215053750000000000e+06
4.424830800000000000e+07
1.075161171875000000e+05
1.451242125000000000e+06
1.194901700000000000e+07
1.966430937500000000e+05
2.257642800000000000e+07
1.063083900000000000e+07
6.268774375000000000e+05
3.920964750000000000e+06
4.253598500000000000e+06
1.557165200000000000e+07
6.720226000000000000e+06
3.774140000000000000e+05
7.113987500000000000e+06
8.752591000000000000e+06
2.988917600000000000e+07
5.567279500000000000e+06
4.729418400000000000e+07
2.234760400000000000e+07
2.186918400000000000e+07
2.425226800000000000e+07
8.010784500000000000e+06
3.376425600000000000e+07
1.770538875000000000e+06
1.250546500000000000e+06
1.659355700000000000e+07
2.314035200000000000e+07
5.034565500000000000e+06
4.733597200000000000e+07
4.074027343750000000e+04
1.016421800000000000e+07
1.136555750000000000e+06
3.718328750000000000e+06
4.656243500000000000e+06
4.051801562500000000e+04
2.043443750000000000e+06
1.559929800000000000e+07
7.296998500000000000e+06
7.668482910156250000e+03
2.486073250000000000e+06
4.420901562500000000e+05
6.041455500000000000e+06
3.066692000000000000e+07
3.356466500000000000e+06
2.376402750000000000e+06
2.708356640625000000e+04
1.647488600000000000e+07
3.873225600000000000e+07
1.970356800000000000e+07
5.258136500000000000e+06
3.433891000000000000e+06
1.672577400000000000e+07
3.207760000000000000e+07
3.282120000000000000e+07
1.985011600000000000e+07
1.988341796875000000e+04
1.374568300000000000e+07
1.476797656250000000e+05
8.083623750000000000e+05
6.119283600000000000e+07
2.003318000000000000e+07
2.598233200000000000e+07
4.807188000000000000e+06
2.458711520000000000e+08
5.499936000000000000e+07
1.605504300000000000e+07
5.472874800000000000e+07
8.871080000000000000e+06
6.526661500000000000e+06
1.439326375000000000e+06
2.857512000000000000e+07
5.645634500000000000e+06
4.522899500000000000e+06
7.273682500000000000e+05
2.906422000000000000e+07
1.638820480000000000e+08
3.138021600000000000e+07
1.905166000000000000e+07
1.296695000000000000e+07
1.442353440000000000e+08
1.286849400000000000e+07
2.245939200000000000e+07
1.027552100000000000e+07
5.617069500000000000e+06
2.634552800000000000e+07
2.996292250000000000e+06
2.313913867187500000e+04
4.214253200000000000e+07
4.391226500000000000e+06
2.691305200000000000e+07
2.925493200000000000e+07
9.160441000000000000e+06
2.474932812500000000e+05
3.831874500000000000e+06
1.637529200000000000e+07
4.744072800000000000e+07
2.836778750000000000e+06
9.315225000000000000e+04
9.378198125000000000e+05
2.764774500000000000e+06
1.349687500000000000e+07
4.532776875000000000e+05
1.924687031250000000e+05
2.843408400000000000e+07
1.130818400000000000e+07
4.870252187500000000e+05
5.966050500000000000e+06
1.980545200000000000e+07
5.409564000000000000e+06
2.829116000000000000e+07
9.477238000000000000e+06
4.972851500000000000e+06
4.579407812500000000e+05
1.211124023437500000e+04
3.830259521484375000e+03
3.098852000000000000e+06
2.797548400000000000e+07
1.036602937500000000e+06
3.480168500000000000e+06
1.252464453125000000e+05
2.312272500000000000e+06
4.764108500000000000e+06
5.752649500000000000e+06
2.319709200000000000e+07
5.863636800000000000e+07
3.784033250000000000e+06
1.590660200000000000e+07
5.602656500000000000e+06
2.087584000000000000e+07
2.784808800000000000e+07
5.596033750000000000e+05
9.107891875000000000e+05
9.031867000000000000e+06
4.721182000000000000e+06
2.571399000000000000e+06
1.558521375000000000e+06
1.634795400000000000e+07
7.833555500000000000e+06
1.478763800000000000e+07
1.447976750000000000e+06
4.152382500000000000e+05
8.017106875000000000e+05
7.860916875000000000e+05
5.145705078125000000e+04
2.221313085937500000e+04
5.407150500000000000e+06
4.567318800000000000e+07
1.852699200000000000e+07
2.432912800000000000e+07
1.278573339843750000e+04
2.579402929687500000e+04
9.820603750000000000e+05
9.513169000000000000e+06
8.853244000000000000e+07
3.814849600000000000e+07
8.679513125000000000e+05
1.427856300000000000e+07
7.829290000000000000e+06
3.359920937500000000e+05
2.655864750000000000e+06
8.156663000000000000e+06
1.993845200000000000e+07
7.145223000000000000e+06
8.722734375000000000e+04
1.087429600000000000e+08
2.829235250000000000e+06
1.183912700000000000e+07
3.182196500000000000e+06
1.657891113281250000e+03
4.255407200000000000e+07
1.925382000000000000e+07
1.288919140625000000e+04
7.322002500000000000e+06
8.490757000000000000e+06
1.709191520000000000e+08
2.622067750000000000e+06
2.662186523437500000e+03
5.875908500000000000e+06
9.735837500000000000e+05
2.720099250000000000e+06
6.987550000000000000e+06
8.029740000000000000e+05
1.544304600000000000e+07
5.621594921875000000e+04
1.374397800000000000e+07
1.038017900000000000e+07
1.994712400000000000e+07
3.611231750000000000e+06
1.247803000000000000e+06
2.003318000000000000e+07
1.619825800000000000e+07
2.235634400000000000e+07
1.035653375000000000e+06
1.485591000000000000e+07
1.927233600000000000e+07
1.149605900000000000e+07
2.401491000000000000e+06
1.859972000000000000e+07
2.495229600000000000e+07
1.541746875000000000e+06
1.336020500000000000e+07
1.023682700000000000e+07
2.546002000000000000e+07
2.393746400000000000e+07
5.811905200000000000e+07
8.945581250000000000e+05
1.548741200000000000e+07
6.275605000000000000e+06
7.381866875000000000e+05
3.838524250000000000e+06
5.537811000000000000e+06
1.645114700000000000e+07
1.062388700000000000e+07
3.673088437500000000e+05
1.597121750000000000e+06
6.909865625000000000e+05
3.789380800000000000e+07
8.361873125000000000e+05
1.124355600000000000e+07
1.900221250000000000e+06
5.217830000000000000e+06
2.151978400000000000e+07
4.689553600000000000e+07
3.262416000000000000e+07
1.695847600000000000e+07
1.597278800000000000e+07
4.476955200000000000e+07
4.179145600000000000e+07
2.360080400000000000e+07
2.710256400000000000e+07
2.102304500000000000e+06
2.914694000000000000e+07
8.776064375000000000e+05
9.587416000000000000e+06
4.723432400000000000e+07
3.551134000000000000e+07
1.116481250000000000e+06
2.599448000000000000e+07
2.850183437500000000e+05
2.433028800000000000e+07
2.390645000000000000e+05
1.052489800000000000e+07
9.179133125000000000e+05
8.998416875000000000e+05
6.108992578125000000e+04
2.194084640000000000e+08
7.311118000000000000e+06
2.578788750000000000e+06
4.446828400000000000e+07
6.971050625000000000e+05
3.763199750000000000e+06
1.477859360000000000e+08
2.775624400000000000e+07
9.810101250000000000e+05
2.379452800000000000e+07
1.786652000000000000e+08
1.453116000000000000e+07
1.063275120000000000e+08
1.423676400000000000e+07
1.993054400000000000e+07
4.143232500000000000e+06
5.756341250000000000e+05
9.659834400000000000e+07
6.149061000000000000e+06
1.013457734375000000e+05
4.487128000000000000e+07
3.943551250000000000e+06
2.211249600000000000e+07
8.526417187500000000e+04
5.834040000000000000e+07
4.878947000000000000e+06
9.258207031250000000e+04
5.758571484375000000e+04
1.497451000000000000e+07
1.659961406250000000e+05
3.417291750000000000e+06
6.929286000000000000e+06
1.591085100000000000e+07
4.176589375000000000e+05
1.605732375000000000e+06
1.223263375000000000e+06
3.617970400000000000e+07
1.008189250000000000e+06
2.696258250000000000e+06
1.661466375000000000e+06
3.396876400000000000e+07
4.491012000000000000e+06
1.269276100000000000e+07
1.941616960000000000e+08
3.119947500000000000e+06
4.896062500000000000e+06
9.993075000000000000e+06
1.004574300000000000e+07
1.978019600000000000e+07
4.972851500000000000e+06
2.408621600000000000e+07
2.013842000000000000e+07
8.354116875000000000e+05
1.563486125000000000e+06
6.035219000000000000e+06
2.265787200000000000e+07
6.025217200000000000e+07
3.870012800000000000e+07
3.927157600000000000e+07
5.992129687500000000e+04
5.826729375000000000e+05
3.828222000000000000e+06
3.236398000000000000e+07
5.810881500000000000e+06
3.019976800000000000e+07
1.392969125000000000e+06
1.093306875000000000e+06
4.794653125000000000e+04
7.417650500000000000e+06
6.242649500000000000e+06
7.143690000000000000e+06
2.555569500000000000e+06
5.717170500000000000e+06
1.813431875000000000e+06
4.338187600000000000e+07
2.097538000000000000e+07
5.222442400000000000e+07
7.200496250000000000e+05
6.666551562500000000e+04
1.261189500000000000e+07
2.744663600000000000e+07
6.937760000000000000e+07
1.999508000000000000e+07
1.206795900000000000e+07
6.242889453125000000e+04
4.744121250000000000e+05
2.000347600000000000e+07
5.238445200000000000e+07
1.899549200000000000e+07
5.164317600000000000e+07
3.900247200000000000e+07
1.821253600000000000e+07
5.534016015625000000e+04
1.838480273437500000e+04
