8.919153000000000000e+06
6.185668750000000000e+05
1.807554080000000000e+08
3.709534375000000000e+04
4.260187500000000000e+06
1.187209600000000000e+07
6.146393500000000000e+06
4.333358500000000000e+06
8.405581000000000000e+06
3.525926000000000000e+07
1.622358100000000000e+07
5.076442000000000000e+07
4.668261500000000000e+06
4.627632500000000000e+06
1.531566080000000000e+08
2.128733500000000000e+06
1.863146000000000000e+07
9.680431000000000000e+06
3.815173437500000000e+04
1.335577200000000000e+07
1.240036375000000000e+06
4.872261000000000000e+06
7.078239200000000000e+07
3.415411600000000000e+07
5.422554500000000000e+06
5.181457500000000000e+06
6.844606500000000000e+06
1.456243200000000000e+07
1.936541600000000000e+07
1.891609600000000000e+07
4.983833593750000000e+04
1.348130800000000000e+07
6.176871600000000000e+07
4.238385000000000000e+06
1.182691700000000000e+07
1.545383200000000000e+07
2.736882750000000000e+06
1.936859200000000000e+07
5.332201500000000000e+06
1.460335750000000000e+06
2.351721875000000000e+04
2.285586750000000000e+06
8.139854500000000000e+06
8.841840000000000000e+06
1.598473500000000000e+07
2.691328250000000000e+06
1.062818400000000000e+07
1.825202968750000000e+05
1.376317343750000000e+05
3.743712750000000000e+06
4.203881200000000000e+07
1.798518500000000000e+06
3.271513600000000000e+07
1.513450500000000000e+07
4.653526500000000000e+06
1.645265125000000000e+06
2.041219375000000000e+06
5.285192800000000000e+07
3.683830000000000000e+05
1.849292812500000000e+05
1.661867400000000000e+07
1.136906300000000000e+07
1.216853500000000000e+06
2.130346000000000000e+07
9.143945000000000000e+06
4.783707200000000000e+07
1.790398242187500000e+04
2.841476250000000000e+06
6.138128500000000000e+06
1.461728000000000000e+07
4.241608000000000000e+06
2.175346500000000000e+06
3.886434800000000000e+07
5.789209500000000000e+06
1.701028906250000000e+05
9.782484800000000000e+07
3.236750400000000000e+07
6.649323750000000000e+05
9.674930000000000000e+06
7.377337600000000000e+07
2.641363250000000000e+06
3.288885750000000000e+06
3.529666800000000000e+07
5.055191000000000000e+06
3.149577000000000000e+06
5.247321000000000000e+06
2.935207600000000000e+07
1.685701718750000000e+05
4.424599500000000000e+06
4.359135500000000000e+06
1.900297250000000000e+06
4.622238000000000000e+06
3.476254500000000000e+06
7.963512500000000000e+06
2.367089531250000000e+05
2.242544400000000000e+07
1.225562400000000000e+08
1.122781125000000000e+06
5.143817500000000000e+06
3.101155500000000000e+06
1.929933600000000000e+07
3.360011600000000000e+07
2.827026500000000000e+06
6.695917000000000000e+06
4.691824687500000000e+05
1.605531900000000000e+07
7.671293000000000000e+06
2.794578000000000000e+06
2.745328750000000000e+05
2.610856400000000000e+07
4.637418000000000000e+06
4.164723750000000000e+06
6.035788125000000000e+05
2.219866400000000000e+07
3.255808400000000000e+07
3.530589600000000000e+07
4.684675312500000000e+05
2.005704000000000000e+07
5.213798437500000000e+05
3.613043750000000000e+06
4.783707200000000000e+07
3.998824750000000000e+06
6.298676000000000000e+07
1.550685875000000000e+06
1.519063800000000000e+07
1.424879625000000000e+06
2.001891375000000000e+06
1.072104250000000000e+06
1.456243200000000000e+07
5.759539000000000000e+06
3.548409500000000000e+06
3.498266400000000000e+07
1.854810000000000000e+07
1.421714400000000000e+07
1.185459040000000000e+08
1.260025700000000000e+07
1.250432400000000000e+07
9.418276000000000000e+06
4.783707200000000000e+07
6.259687500000000000e+06
1.736836625000000000e+06
5.549938750000000000e+05
8.632143000000000000e+06
6.305059500000000000e+06
1.281295625000000000e+06
1.582391375000000000e+06
1.965053600000000000e+07
5.826273750000000000e+05
1.465004800000000000e+07
2.537082400000000000e+07
1.180609200000000000e+07
3.234627200000000000e+07
4.323587500000000000e+06
7.768653125000000000e+05
5.598458500000000000e+06
1.123911800000000000e+07
2.991855250000000000e+06
1.743925600000000000e+07
3.886434800000000000e+07
4.078430000000000000e+06
3.213994750000000000e+06
1.191947200000000000e+07
1.029150600000000000e+07
7.163884500000000000e+06
3.522627343750000000e+04
1.460134200000000000e+07
4.174116000000000000e+06
4.350964800000000000e+07
1.269595800000000000e+07
1.109202400000000000e+07
1.417301300000000000e+07
6.453140000000000000e+05
3.793141200000000000e+07
4.428376800000000000e+07
3.243690000000000000e+05
2.264042382812500000e+04
4.444951000000000000e+06
2.354087304687500000e+04
3.904963437500000000e+05
1.622798750000000000e+06
3.221736250000000000e+05
6.298676000000000000e+07
3.602330250000000000e+06
6.600439600000000000e+07
6.214304000000000000e+06
3.202280000000000000e+06
1.242778600000000000e+07
5.154899600000000000e+07
1.973561600000000000e+07
5.931303000000000000e+06
3.021588750000000000e+05
9.377902500000000000e+05
4.226494687500000000e+05
4.090660400000000000e+07
2.328266500000000000e+06
1.442012320000000000e+08
1.621765375000000000e+06
8.779370625000000000e+05
1.445834000000000000e+07
3.998446800000000000e+07
6.763594375000000000e+05
2.938311000000000000e+06
4.072974609375000000e+04
9.525371000000000000e+06
5.117910937500000000e+05
8.608376000000000000e+06
8.591608125000000000e+05
3.801855312500000000e+05
5.144066000000000000e+07
4.430870937500000000e+05
1.274718720000000000e+08
3.403835600000000000e+07
3.070554800000000000e+07
7.997411000000000000e+06
1.472459300000000000e+07
2.795900625000000000e+05
1.591695100000000000e+07
5.908720000000000000e+06
8.385696093750000000e+04
2.124839200000000000e+07
2.214721500000000000e+06
4.778738000000000000e+06
9.962333984375000000e+03
4.477408500000000000e+06
3.745290400000000000e+07
6.218596250000000000e+05
1.283892800000000000e+07
1.203050625000000000e+06
3.735011250000000000e+06
1.232540500000000000e+07
4.764642500000000000e+05
3.165252400000000000e+07
1.800686125000000000e+06
1.965789687500000000e+05
4.637418000000000000e+06
1.261600900000000000e+07
4.065370250000000000e+06
1.781736800000000000e+07
7.561391000000000000e+06
1.261141400000000000e+07
7.610216875000000000e+05
1.529474625000000000e+06
9.456436000000000000e+06
2.618246800000000000e+07
9.315761000000000000e+06
3.987187750000000000e+06
8.874968125000000000e+05
2.544402750000000000e+06
1.960464000000000000e+06
2.580544843750000000e+05
2.238606500000000000e+06
1.190922000000000000e+06
6.515396800000000000e+07
6.354141500000000000e+06
1.957501200000000000e+07
5.618353750000000000e+05
1.652870600000000000e+07
3.450942000000000000e+07
1.534774375000000000e+06
8.384623125000000000e+05
6.173003750000000000e+05
1.114090250000000000e+06
1.605518000000000000e+06
1.590345507812500000e+04
3.886434800000000000e+07
2.216044335937500000e+04
1.697936328125000000e+04
1.983047600000000000e+07
6.009970000000000000e+05
3.018992250000000000e+06
1.937537000000000000e+06
5.830665500000000000e+06
3.925120400000000000e+07
1.975180800000000000e+07
2.292287500000000000e+04
1.491684200000000000e+07
4.932276480000000000e+08
1.756680000000000000e+06
3.116203600000000000e+07
8.924905000000000000e+06
4.984474500000000000e+06
3.918370250000000000e+06
3.246432800000000000e+07
1.052451125000000000e+06
1.587293100000000000e+07
6.850053000000000000e+06
9.226291200000000000e+07
1.264248200000000000e+07
3.921966750000000000e+06
4.752052000000000000e+06
4.087332812500000000e+04
2.238143250000000000e+06
1.185624511718750000e+04
4.982500000000000000e+05
5.786466000000000000e+06
3.889891250000000000e+05
9.663801562500000000e+04
3.429576562500000000e+05
1.359363750000000000e+06
5.114907000000000000e+06
6.124416250000000000e+05
5.341621250000000000e+05
6.036604800000000000e+07
1.177301400000000000e+07
1.120743600000000000e+07
8.067627500000000000e+05
1.878199600000000000e+07
9.801886000000000000e+06
4.579461600000000000e+07
1.490048750000000000e+06
4.217744500000000000e+06
3.997948000000000000e+06
3.382698000000000000e+06
5.229217000000000000e+06
1.035313100000000000e+07
1.782673750000000000e+05
1.049062600000000000e+07
4.300362000000000000e+06
2.592924250000000000e+06
1.794206625000000000e+06
3.540921500000000000e+06
1.274470000000000000e+07
1.084357400000000000e+07
6.150744500000000000e+06
2.032548125000000000e+06
3.551005750000000000e+06
2.217120312500000000e+04
1.835798875000000000e+06
1.300733828125000000e+05
1.032292200000000000e+07
2.464184400000000000e+07
8.727011000000000000e+06
3.387438080000000000e+08
4.489907000000000000e+06
1.746543040000000000e+08
8.507748046875000000e+03
2.524153808593750000e+03
7.506397500000000000e+06
1.279805750000000000e+06
3.033352400000000000e+07
4.986909375000000000e+04
2.544436500000000000e+06
1.710806750000000000e+06
8.981912500000000000e+04
2.399042812500000000e+05
1.459329500000000000e+07
3.057700500000000000e+06
7.670380000000000000e+05
2.069067875000000000e+06
3.101155500000000000e+06
5.229775500000000000e+06
6.209849000000000000e+06
9.739590400000000000e+07
3.142885600000000000e+07
5.218738125000000000e+05
1.150681875000000000e+05
4.885506400000000000e+07
8.124020000000000000e+05
1.149526171875000000e+04
3.669783500000000000e+06
2.379777750000000000e+06
1.561436000000000000e+07
4.908596093750000000e+04
3.770165000000000000e+06
6.331542500000000000e+06
1.128492000000000000e+06
1.725422031250000000e+05
5.309583600000000000e+07
1.978884800000000000e+08
4.763334062500000000e+05
1.884806400000000000e+07
1.550666625000000000e+06
1.971386800000000000e+07
3.193046000000000000e+06
1.518606406250000000e+05
4.935941000000000000e+06
4.161143000000000000e+06
1.111862800000000000e+07
4.783707200000000000e+07
6.259813000000000000e+06
8.557491875000000000e+05
3.892496250000000000e+06
4.852824400000000000e+07
8.339366875000000000e+05
1.339077750000000000e+06
1.708100500000000000e+06
1.238852200000000000e+07
1.109202400000000000e+07
1.867503125000000000e+04
2.168937250000000000e+06
1.992607625000000000e+06
6.252563750000000000e+05
3.815173437500000000e+04
2.506554000000000000e+06
7.445560937500000000e+04
1.774638400000000000e+07
6.850053000000000000e+06
3.341336800000000000e+07
1.236457000000000000e+06
2.392620160000000000e+08
7.924728800000000000e+07
1.379440300000000000e+07
2.003509200000000000e+07
1.487157000000000000e+06
1.413702734375000000e+04
3.705404500000000000e+06
2.148524169921875000e+03
1.194350400000000000e+07
5.273830500000000000e+06
7.063191500000000000e+06
1.123118800000000000e+07
7.081923437500000000e+04
8.287168750000000000e+05
1.918384000000000000e+07
4.375445500000000000e+06
6.259813000000000000e+06
7.899869375000000000e+05
2.817694400000000000e+07
5.305267500000000000e+06
5.547757600000000000e+07
5.440752000000000000e+06
7.003969500000000000e+06
6.540512500000000000e+06
2.144228750000000000e+06
6.098189375000000000e+05
9.533404000000000000e+06
5.643029500000000000e+06
4.239453125000000000e+05
6.323191000000000000e+06
1.348318500000000000e+07
1.689181200000000000e+07
3.949602400000000000e+07
2.052073600000000000e+07
1.391199200000000000e+08
2.472372960000000000e+08
6.326496250000000000e+05
8.646032000000000000e+07
9.370291000000000000e+06
1.826796000000000000e+07
6.274761500000000000e+06
4.606097500000000000e+06
1.255928500000000000e+06
2.580574750000000000e+06
1.020871562500000000e+06
6.480274609375000000e+04
4.274050390625000000e+04
4.793499500000000000e+06
1.894160000000000000e+06
2.162409218750000000e+05
6.787169531250000000e+04
7.930438500000000000e+06
2.194979250000000000e+06
3.689790000000000000e+06
1.439758720000000000e+08
7.425246000000000000e+06
2.014048906250000000e+05
2.497372000000000000e+07
1.695362400000000000e+07
3.124738400000000000e+07
2.426466400000000000e+07
6.889835000000000000e+05
5.224332000000000000e+06
2.046415875000000000e+06
3.950190400000000000e+07
6.137578000000000000e+06
6.286087000000000000e+06
1.259881600000000000e+07
2.092982187500000000e+05
6.761800500000000000e+06
4.347176250000000000e+05
1.204919100000000000e+07
6.718116800000000000e+07
1.537082400000000000e+08
3.247466800000000000e+07
1.998121600000000000e+08
1.386039000000000000e+07
3.676582750000000000e+06
3.712404500000000000e+06
4.510929000000000000e+06
3.290368800000000000e+07
7.686701000000000000e+06
1.905402000000000000e+07
1.378376000000000000e+08
8.897710000000000000e+06
7.256436500000000000e+06
1.480713625000000000e+06
3.485812000000000000e+06
7.518964000000000000e+06
2.425995000000000000e+06
2.447723600000000000e+07
3.543566500000000000e+06
1.706472187500000000e+05
5.133065500000000000e+06
9.770155000000000000e+06
4.692995500000000000e+06
2.291962500000000000e+06
4.688544000000000000e+06
4.248138750000000000e+05
5.249481875000000000e+05
3.613753750000000000e+06
1.943387840000000000e+08
1.461122875000000000e+06
4.004032800000000000e+07
3.066160000000000000e+07
2.896831835937500000e+04
1.433515700000000000e+07
6.376134000000000000e+06
1.592408600000000000e+07
3.793141200000000000e+07
3.981050800000000000e+07
2.055066000000000000e+07
3.120069750000000000e+06
1.983508437500000000e+05
9.446233000000000000e+06
5.958736400000000000e+07
8.548813125000000000e+05
1.186616500000000000e+07
1.079923625000000000e+06
8.942681875000000000e+05
1.205119875000000000e+06
1.892623600000000000e+07
2.632204750000000000e+06
7.477290500000000000e+06
9.310875000000000000e+06
3.724908437500000000e+05
9.677108000000000000e+06
2.349437120000000000e+08
4.123019750000000000e+06
4.654891796875000000e+04
5.577222000000000000e+06
3.640738437500000000e+05
7.353953906250000000e+04
4.150956640625000000e+04
1.371058000000000000e+06
3.946369375000000000e+05
1.422455957031250000e+04
6.654440400000000000e+07
1.079923625000000000e+06
6.869535000000000000e+06
5.345623000000000000e+06
3.883885600000000000e+07
8.700029000000000000e+06
2.656880000000000000e+05
2.251749250000000000e+06
2.382126406250000000e+05
3.306773437500000000e+05
1.110392500000000000e+06
7.636941500000000000e+06
7.516735000000000000e+06
4.044722400000000000e+07
1.215741400000000000e+07
1.344664375000000000e+05
8.126833125000000000e+05
2.992716800000000000e+07
2.613530468750000000e+04
4.174244062500000000e+05
6.753919000000000000e+06
7.156851000000000000e+06
1.871401600000000000e+07
1.257838960000000000e+08
6.329948500000000000e+06
9.303597000000000000e+06
3.377524250000000000e+06
6.305703500000000000e+06
1.541670800000000000e+07
3.271800800000000000e+07
1.629058900000000000e+07
1.390610500000000000e+06
1.507518593750000000e+05
1.650880875000000000e+06
8.209247500000000000e+05
5.767743200000000000e+07
1.528777900000000000e+07
5.632190500000000000e+06
2.131644750000000000e+06
1.682024800000000000e+07
7.464893000000000000e+06
6.552518500000000000e+06
6.018745500000000000e+06
1.344217800000000000e+07
2.612996500000000000e+06
1.880963600000000000e+07
6.686472000000000000e+06
1.559368750000000000e+06
7.214290000000000000e+06
4.069229750000000000e+06
6.854980625000000000e+05
6.272320000000000000e+05
7.877856250000000000e+05
9.960540625000000000e+05
5.114580500000000000e+06
2.497372000000000000e+07
4.542928000000000000e+06
3.123922000000000000e+07
3.787379200000000000e+07
2.617900000000000000e+05
3.679569280000000000e+08
5.854350400000000000e+07
2.731313000000000000e+06
6.260744375000000000e+05
1.704743200000000000e+07
1.735068625000000000e+06
1.983091000000000000e+06
1.996676800000000000e+07
1.039730000000000000e+07
3.938784800000000000e+07
2.206644800000000000e+07
5.341073000000000000e+06
6.805025000000000000e+04
1.278658875000000000e+06
7.458347500000000000e+05
2.687758000000000000e+06
1.371663800000000000e+07
3.770165000000000000e+06
7.409532000000000000e+07
1.921198000000000000e+06
1.442620507812500000e+04
2.589679101562500000e+04
3.258853320312500000e+04
2.483120750000000000e+06
5.563437000000000000e+06
5.435099500000000000e+06
2.849753750000000000e+05
3.139952539062500000e+04
1.110128984375000000e+05
2.760058750000000000e+06
1.747521600000000000e+07
1.236762800000000000e+07
2.711999375000000000e+05
3.552780000000000000e+05
1.221203600000000000e+08
6.017345500000000000e+06
5.092122187500000000e+05
6.761601875000000000e+05
5.202516000000000000e+06
5.534115500000000000e+06
4.344390234375000000e+04
3.057700500000000000e+06
1.684295875000000000e+06
1.227977734375000000e+04
1.761383200000000000e+08
3.360011600000000000e+07
4.854537200000000000e+07
1.663168593750000000e+05
1.097567120000000000e+08
3.105126400000000000e+07
6.931387500000000000e+05
1.645385875000000000e+06
1.443736718750000000e+04
2.383149062500000000e+05
2.833158500000000000e+06
1.388572000000000000e+08
8.433386000000000000e+06
8.309728000000000000e+06
3.886856800000000000e+07
6.217659500000000000e+06
1.244634375000000000e+06
2.169684400000000000e+07
1.736590000000000000e+07
6.844606500000000000e+06
4.895281200000000000e+07
1.807546000000000000e+07
2.856648250000000000e+06
7.518348750000000000e+05
1.875440480000000000e+08
5.189008000000000000e+06
6.160565500000000000e+06
5.013869687500000000e+05
8.616398400000000000e+07
3.081220800000000000e+07
5.314278125000000000e+04
1.177335100000000000e+07
1.667525500000000000e+07
2.445544400000000000e+07
2.810306875000000000e+05
1.354526240000000000e+08
1.564730125000000000e+06
4.070936800000000000e+07
5.632131500000000000e+06
1.211209700000000000e+07
8.962147500000000000e+05
8.049708800000000000e+07
1.620475520000000000e+08
6.823880500000000000e+06
1.025819000000000000e+07
2.391991750000000000e+06
3.925120400000000000e+07
1.186116500000000000e+07
9.542940625000000000e+05
2.215560000000000000e+06
2.108150800000000000e+07
1.636353625000000000e+06
5.282024500000000000e+06
1.922680800000000000e+07
4.954558437500000000e+05
2.547551750000000000e+06
1.225178250000000000e+06
7.720505000000000000e+05
1.853207641601562500e+03
2.684015200000000000e+07
1.235494300000000000e+07
4.554080500000000000e+06
4.571117187500000000e+05
1.380209875000000000e+06
4.356758000000000000e+06
5.333707000000000000e+06
7.592607000000000000e+06
3.037170750000000000e+06
3.895567500000000000e+05
1.812162400000000000e+08
5.436188000000000000e+06
5.048288671875000000e+04
6.650024800000000000e+07
5.422559500000000000e+06
5.659174400000000000e+07
1.652870600000000000e+07
4.921459000000000000e+06
1.096677578125000000e+05
2.301652750000000000e+06
9.912533125000000000e+05
1.734269600000000000e+07
1.031542400000000000e+07
8.018235351562500000e+03
2.651693600000000000e+07
2.693850000000000000e+06
2.609880800000000000e+07
6.378366000000000000e+06
2.509871750000000000e+06
5.444565600000000000e+07
1.747521600000000000e+07
4.706974400000000000e+07
9.381057000000000000e+06
7.548614400000000000e+07
1.980356400000000000e+07
2.569734062500000000e+05
4.845780468750000000e+04
4.549894800000000000e+07
1.825911406250000000e+05
1.595540000000000000e+06
1.694794400000000000e+08
1.057167600000000000e+07
2.679167187500000000e+04
5.501488800000000000e+07
1.219857400000000000e+07
3.627859062500000000e+05
1.024077300000000000e+07
4.622388000000000000e+06
5.821119375000000000e+05
1.680713200000000000e+07
7.478630500000000000e+06
9.179541000000000000e+06
1.970450800000000000e+07
3.837539500000000000e+06
1.264675937500000000e+05
1.788796000000000000e+07
3.286854000000000000e+06
1.075010875000000000e+06
2.259090039062500000e+04
5.460550000000000000e+05
9.883214062500000000e+04
1.531787500000000000e+05
2.037479600000000000e+07
1.739865600000000000e+07
1.509605750000000000e+06
9.926270400000000000e+07
8.371638750000000000e+05
4.448784500000000000e+06
4.127347812500000000e+05
1.807956400000000000e+07
5.356874400000000000e+07
3.294709000000000000e+06
3.699604480000000000e+08
9.622104687500000000e+04
5.545266875000000000e+05
3.720800937500000000e+05
8.942200000000000000e+06
5.578733500000000000e+06
3.125759687500000000e+05
8.980681600000000000e+07
2.263726800000000000e+07
3.232030800000000000e+07
1.327896875000000000e+06
2.466485280000000000e+08
7.956181250000000000e+05
4.149002187500000000e+05
4.914325500000000000e+06
6.644915200000000000e+07
5.812045000000000000e+06
5.531813200000000000e+07
6.195278000000000000e+07
1.718355937500000000e+05
3.297761250000000000e+06
1.540599000000000000e+06
3.768055250000000000e+06
1.457721600000000000e+07
1.087230500000000000e+06
5.234354375000000000e+05
5.284784375000000000e+05
1.176606640625000000e+05
6.454610500000000000e+06
1.769423200000000000e+07
1.538476000000000000e+06
1.711159125000000000e+06
5.584285000000000000e+06
9.446233000000000000e+06
8.253584375000000000e+04
1.593524375000000000e+05
2.976231200000000000e+07
5.937347000000000000e+06
2.461617250000000000e+06
1.579257200000000000e+07
8.842989375000000000e+05
1.642419625000000000e+06
9.664473000000000000e+06
1.122145250000000000e+06
5.427546250000000000e+05
2.059747600000000000e+07
3.546700750000000000e+06
1.414370625000000000e+05
1.345780000000000000e+07
1.922602125000000000e+06
4.581193750000000000e+04
2.777388000000000000e+06
4.717688000000000000e+07
4.251895000000000000e+06
1.052451125000000000e+06
3.930432750000000000e+06
6.772365000000000000e+06
2.114465200000000000e+07
1.714434400000000000e+07
9.182366400000000000e+07
4.921513600000000000e+07
1.223856500000000000e+07
4.854537200000000000e+07
6.021237500000000000e+05
2.848718250000000000e+06
2.998510750000000000e+06
2.725378000000000000e+07
2.204320117187500000e+04
1.733948750000000000e+06
4.558409280000000000e+08
1.240957875000000000e+06
9.535095312500000000e+04
1.069610700000000000e+07
5.422425000000000000e+06
1.706711600000000000e+07
1.095780800000000000e+08
1.000942400000000000e+07
9.314588000000000000e+06
1.189140400000000000e+07
2.898290750000000000e+06
1.269946875000000000e+04
2.147003437500000000e+05
1.115828875000000000e+06
2.204110250000000000e+06
2.259344400000000000e+07
9.476822000000000000e+06
9.321199000000000000e+06
8.684025000000000000e+05
8.737195000000000000e+06
1.862169200000000000e+07
9.812365600000000000e+07
1.855556800000000000e+07
1.295733200000000000e+07
9.987226000000000000e+06
5.713938500000000000e+06
8.237097600000000000e+07
1.149391015625000000e+05
3.443861000000000000e+06
3.153802800000000000e+07
2.041091000000000000e+06
6.013731000000000000e+06
3.201704296875000000e+04
1.577079125000000000e+06
1.203464875000000000e+06
2.823940800000000000e+07
9.368879000000000000e+06
1.476772343750000000e+05
8.328078500000000000e+06
1.135203760000000000e+08
6.545348750000000000e+05
1.173924125000000000e+06
3.247962750000000000e+06
2.150081000000000000e+06
8.092762500000000000e+06
9.286117000000000000e+06
2.378309200000000000e+07
7.555156000000000000e+06
6.403361250000000000e+05
1.373336700000000000e+07
1.334726250000000000e+06
4.896635600000000000e+07
9.440398000000000000e+06
5.915040500000000000e+06
1.413901900000000000e+07
1.631142100000000000e+07
4.277897500000000000e+06
1.676769750000000000e+06
1.605776800000000000e+07
2.839360750000000000e+06
9.244176250000000000e+05
8.200429375000000000e+05
6.878004000000000000e+06
1.342054687500000000e+05
3.140992000000000000e+07
3.572731600000000000e+07
2.077265200000000000e+07
6.940668000000000000e+06
3.288023000000000000e+06
3.406294250000000000e+06
6.869103125000000000e+05
1.274027800000000000e+07
2.001813200000000000e+07
6.844606500000000000e+06
1.781465200000000000e+07
1.029220875000000000e+06
1.955635200000000000e+07
1.172575000000000000e+07
2.213718500000000000e+06
1.152462200000000000e+07
1.038897500000000000e+07
3.631950400000000000e+07
2.672034687500000000e+05
1.693950000000000000e+07
3.284556400000000000e+07
1.088699453125000000e+05
1.585914375000000000e+06
3.886434800000000000e+07
4.627632500000000000e+06
9.046930625000000000e+05
4.918914400000000000e+07
2.461370800000000000e+07
1.220764750000000000e+06
1.768444800000000000e+07
1.643185750000000000e+06
1.394240000000000000e+07
3.140992000000000000e+07
2.290041750000000000e+06
3.302343750000000000e+06
3.756372500000000000e+05
6.710680468750000000e+04
3.671971500000000000e+06
4.328551875000000000e+05
1.978562800000000000e+07
6.934852500000000000e+05
1.359144218750000000e+05
2.397696750000000000e+06
1.709456250000000000e+06
1.014132800000000000e+07
3.527271500000000000e+06
4.215617000000000000e+06
4.074468250000000000e+06
3.893906875000000000e+05
1.813274800000000000e+07
9.596752000000000000e+07
5.972744500000000000e+06
1.863910000000000000e+07
5.543791600000000000e+07
1.778355600000000000e+07
1.177651074218750000e+04
6.451878750000000000e+05
3.432897812500000000e+05
1.688933200000000000e+07
1.216567200000000000e+07
1.131188000000000000e+08
1.631807187500000000e+05
3.036184570312500000e+03
1.693810800000000000e+07
4.114585937500000000e+03
9.937290000000000000e+06
4.968389200000000000e+07
3.225295937500000000e+05
1.088408400000000000e+07
4.600460500000000000e+06
5.509498046875000000e+04
3.905405600000000000e+07
2.992551500000000000e+06
8.549373000000000000e+06
2.333361250000000000e+06
5.101335000000000000e+06
2.049437200000000000e+07
1.080573500000000000e+06
1.360541375000000000e+06
1.110033671875000000e+05
5.914059000000000000e+06
2.033602750000000000e+06
4.889784375000000000e+05
3.709997200000000000e+07
1.104937000000000000e+07
4.511224800000000000e+07
2.114261500000000000e+06
3.098493437500000000e+05
1.950598800000000000e+07
1.882016625000000000e+06
1.230797400000000000e+07
9.061338000000000000e+06
3.597231250000000000e+05
1.177788700000000000e+07
1.470811600000000000e+07
2.375489600000000000e+07
2.926743200000000000e+07
9.785900000000000000e+05
5.705383125000000000e+05
1.757094000000000000e+07
5.309403000000000000e+06
2.593030000000000000e+07
2.424750000000000000e+07
5.140584000000000000e+07
5.115912000000000000e+06
6.616750000000000000e+07
1.251810125000000000e+06
7.531531500000000000e+06
1.065060700000000000e+07
1.384679040000000000e+08
1.285116125000000000e+06
3.310160000000000000e+06
1.555627812500000000e+05
5.830636000000000000e+07
1.024237400000000000e+07
6.991270625000000000e+05
3.576380800000000000e+08
5.830665500000000000e+06
3.296195750000000000e+06
1.771856718750000000e+05
4.574953500000000000e+06
2.888847200000000000e+07
2.096935937500000000e+05
1.788110000000000000e+07
1.591025280000000000e+08
3.111256750000000000e+06
1.998196250000000000e+05
9.192196800000000000e+07
7.081565000000000000e+05
5.027029687500000000e+04
6.937028000000000000e+06
1.040116700000000000e+07
1.633054218750000000e+05
1.987857200000000000e+07
3.790328125000000000e+05
1.370333600000000000e+08
1.412298300000000000e+07
7.864625000000000000e+04
1.579495200000000000e+07
1.225052300000000000e+07
1.940771600000000000e+07
3.786411600000000000e+07
5.759539000000000000e+06
3.128898500000000000e+06
3.564055680000000000e+08
5.438706875000000000e+05
1.106245040000000000e+08
6.057342400000000000e+07
2.353183000000000000e+06
6.504180000000000000e+06
9.086815000000000000e+06
2.688819250000000000e+06
9.418024000000000000e+06
1.983009600000000000e+07
2.695641250000000000e+06
1.374860250000000000e+06
2.975164400000000000e+07
2.462838500000000000e+06
5.759539000000000000e+06
9.446233000000000000e+06
1.502168500000000000e+07
1.065284875000000000e+06
2.634324500000000000e+06
1.435503040000000000e+08
1.525871679687500000e+04
4.697580500000000000e+06
4.870976171875000000e+04
4.081375250000000000e+06
3.382391500000000000e+06
1.203720000000000000e+07
7.959769000000000000e+06
1.834691562500000000e+05
6.202215625000000000e+04
1.767422875000000000e+06
9.079365000000000000e+06
2.051764500000000000e+06
1.951004400000000000e+07
7.969884000000000000e+07
8.976018000000000000e+06
9.432521875000000000e+04
2.753068400000000000e+07
2.301150937500000000e+05
5.905046250000000000e+05
7.449390625000000000e+05
1.918384000000000000e+07
2.269407600000000000e+07
1.828151875000000000e+06
1.008371125000000000e+06
2.097243040000000000e+08
1.664087625000000000e+06
4.408026000000000000e+06
3.294806250000000000e+06
9.639845600000000000e+07
1.809930000000000000e+07
9.162748000000000000e+06
2.659151750000000000e+06
2.124839200000000000e+07
3.024017600000000000e+07
1.224567040000000000e+08
4.145509687500000000e+05
6.857988750000000000e+05
1.163370750000000000e+06
9.624830000000000000e+06
3.841680625000000000e+05
4.316241600000000000e+07
8.809062400000000000e+07
2.085938125000000000e+06
1.134586200000000000e+07
1.332229760000000000e+08
1.408714800000000000e+07
1.514654600000000000e+07
2.156416000000000000e+07
1.130283250000000000e+06
7.770252000000000000e+06
3.297185200000000000e+07
6.660778500000000000e+06
1.252044218750000000e+05
2.914388400000000000e+07
2.499526000000000000e+07
1.337309000000000000e+06
6.031939000000000000e+06
1.044986700000000000e+07
7.964598500000000000e+06
1.228257500000000000e+07
9.246757000000000000e+06
2.881582800000000000e+07
7.816860500000000000e+06
7.334058000000000000e+06
3.669297250000000000e+06
2.957021200000000000e+07
1.116969040000000000e+08
8.422986000000000000e+06
8.404252500000000000e+05
2.588577600000000000e+07
2.957021200000000000e+07
1.836638125000000000e+05
1.806336000000000000e+07
2.408292480000000000e+08
5.759539000000000000e+06
2.910575000000000000e+06
2.416610000000000000e+07
4.213370500000000000e+06
8.592796250000000000e+05
1.229847875000000000e+06
1.562146125000000000e+06
3.548392000000000000e+07
6.435373000000000000e+06
2.280618000000000000e+06
4.484104500000000000e+06
4.574747200000000000e+07
1.293804500000000000e+07
2.515214375000000000e+05
3.487387750000000000e+06
3.613043750000000000e+06
3.302318750000000000e+06
8.045905000000000000e+06
2.343405500000000000e+06
7.572583000000000000e+06
8.022007000000000000e+06
3.244390000000000000e+07
1.311089500000000000e+07
8.102822400000000000e+07
1.472258250000000000e+06
4.783674062500000000e+05
4.436125500000000000e+06
1.743609600000000000e+07
5.682236328125000000e+03
1.196884875000000000e+06
1.502254200000000000e+07
9.497236875000000000e+05
1.204574125000000000e+06
3.886434800000000000e+07
5.122942500000000000e+06
2.497372000000000000e+07
1.514784843750000000e+05
3.998446800000000000e+07
9.062582000000000000e+06
2.899775937500000000e+05
1.793736000000000000e+07
6.259813000000000000e+06
2.228601250000000000e+06
5.695667200000000000e+07
1.143009250000000000e+06
1.283139843750000000e+05
1.568498200000000000e+07
1.294110250000000000e+06
1.257610400000000000e+07
7.991601000000000000e+06
2.114033750000000000e+06
5.558074375000000000e+05
2.004928480000000000e+08
3.663080500000000000e+06
9.301539000000000000e+06
2.586315500000000000e+06
1.670610125000000000e+06
2.735997750000000000e+06
5.323339375000000000e+05
2.079149750000000000e+06
7.887405600000000000e+07
1.560979375000000000e+05
7.653242400000000000e+07
1.129219200000000000e+07
9.516671000000000000e+06
2.348638750000000000e+06
7.466957812500000000e+04
8.996861000000000000e+06
2.933554000000000000e+06
7.210597500000000000e+05
2.786809500000000000e+06
1.768444800000000000e+07
5.419044500000000000e+06
3.865690750000000000e+06
2.929251200000000000e+07
1.328882500000000000e+06
1.630750000000000000e+07
5.963875200000000000e+07
9.198070000000000000e+05
1.839368500000000000e+06
2.241740400000000000e+07
5.175652500000000000e+05
3.906702000000000000e+07
4.202566400000000000e+07
1.826466625000000000e+06
3.723903437500000000e+05
1.548859843750000000e+05
9.202120000000000000e+06
9.577400000000000000e+06
1.059019296875000000e+05
1.370863500000000000e+07
4.087748000000000000e+06
3.566726400000000000e+07
8.202295500000000000e+06
5.695598500000000000e+06
1.975983200000000000e+07
2.172148960000000000e+08
1.221203600000000000e+08
3.608986562500000000e+05
5.098558000000000000e+06
1.981724400000000000e+07
9.268985156250000000e+04
6.343303750000000000e+05
2.031995600000000000e+07
3.141426500000000000e+06
3.261116000000000000e+07
1.653384600000000000e+07
3.740592800000000000e+07
2.351236000000000000e+06
2.868712400000000000e+07
1.700563500000000000e+06
1.449310200000000000e+07
2.472004000000000000e+06
1.548596500000000000e+07
9.516671000000000000e+06
5.595202500000000000e+06
6.224482500000000000e+05
1.018574609375000000e+04
8.522777000000000000e+06
1.388752500000000000e+06
1.743867500000000000e+05
3.512407750000000000e+06
1.394240000000000000e+07
2.449853600000000000e+07
5.165964500000000000e+06
1.241346125000000000e+06
1.215778500000000000e+07
5.937347000000000000e+06
1.057061250000000000e+06
5.237715600000000000e+07
1.073952700000000000e+07
6.944467968750000000e+04
1.645371800000000000e+07
9.207474000000000000e+06
1.424879625000000000e+06
3.340948400000000000e+07
1.006022625000000000e+06
1.966328400000000000e+07
2.986188000000000000e+07
6.092261000000000000e+06
1.339007700000000000e+07
5.524474400000000000e+07
9.782461000000000000e+06
1.065010000000000000e+05
1.759972800000000000e+08
1.809930000000000000e+07
1.818088400000000000e+07
1.424879625000000000e+06
1.868477200000000000e+07
1.001771200000000000e+07
5.712025500000000000e+06
3.703097500000000000e+05
1.394873000000000000e+07
2.004342250000000000e+06
1.467466875000000000e+06
3.678268800000000000e+07
1.612790600000000000e+07
1.148206375000000000e+06
7.785808125000000000e+05
1.119391200000000000e+07
3.119247187500000000e+05
1.308107324218750000e+04
1.273804200000000000e+07
7.443766250000000000e+05
8.734329000000000000e+06
1.254194400000000000e+07
7.392493600000000000e+07
3.222072000000000000e+07
1.981608875000000000e+06
8.809099000000000000e+06
4.566064800000000000e+07
1.610479100000000000e+07
5.285320500000000000e+06
7.845300000000000000e+06
1.366472600000000000e+07
7.535109500000000000e+06
1.541218880000000000e+08
1.080663600000000000e+07
9.086035000000000000e+06
3.359876400000000000e+07
3.235651600000000000e+07
4.602018500000000000e+06
2.238811500000000000e+06
3.920553250000000000e+06
1.541892160000000000e+08
7.533593000000000000e+06
2.176789453125000000e+04
4.624126562500000000e+05
1.586733100000000000e+07
1.130784500000000000e+06
1.400134500000000000e+06
3.422362800000000000e+07
1.345780000000000000e+07
2.465044400000000000e+07
7.564857600000000000e+07
6.339968750000000000e+04
3.674574000000000000e+07
1.762060750000000000e+06
4.783825600000000000e+07
6.378810000000000000e+05
2.723079000000000000e+06
5.069608984375000000e+04
4.369949500000000000e+06
5.449590000000000000e+06
3.793308250000000000e+06
3.540189000000000000e+06
1.783318000000000000e+07
2.537832400000000000e+07
3.482502000000000000e+07
1.363971125000000000e+06
1.942727200000000000e+07
5.834281000000000000e+06
3.490621562500000000e+05
3.862521250000000000e+05
2.686189750000000000e+06
5.373780400000000000e+07
2.254755200000000000e+07
1.757866375000000000e+06
7.416102500000000000e+06
3.925120400000000000e+07
1.471836132812500000e+04
1.597706750000000000e+06
3.442487600000000000e+07
2.506502539062500000e+04
1.411124300000000000e+07
1.088761400000000000e+07
4.895776800000000000e+07
2.174154000000000000e+07
5.001636000000000000e+06
2.642091500000000000e+06
2.557015250000000000e+06
8.920945600000000000e+07
8.180455625000000000e+05
7.846966400000000000e+07
9.045365000000000000e+06
9.206865600000000000e+07
6.103604800000000000e+07
1.848378800000000000e+07
1.219334000000000000e+07
3.210799250000000000e+06
2.769899687500000000e+05
2.033304125000000000e+06
1.056510000000000000e+06
1.152032125000000000e+06
1.137188880000000000e+08
3.688509250000000000e+06
1.124248300000000000e+07
7.973148500000000000e+06
2.885060160000000000e+08
5.455637500000000000e+06
1.456441500000000000e+06
5.410560000000000000e+06
2.619520781250000000e+05
3.849752800000000000e+07
1.780131360000000000e+08
5.824378750000000000e+05
2.246131600000000000e+07
2.477564400000000000e+07
2.632900250000000000e+06
5.195007500000000000e+05
3.120605200000000000e+07
5.313490500000000000e+06
5.914059000000000000e+06
2.566205200000000000e+07
2.201557600000000000e+07
1.341579500000000000e+07
3.745290400000000000e+07
1.345780000000000000e+07
2.191000585937500000e+04
1.642095000000000000e+05
1.966761625000000000e+06
4.856176800000000000e+07
3.998446800000000000e+07
6.195959000000000000e+06
6.323191000000000000e+06
1.782552800000000000e+07
4.179545937500000000e+05
4.859481000000000000e+06
5.858540500000000000e+06
2.699484400000000000e+07
1.156741100000000000e+07
2.534062250000000000e+06
1.871995875000000000e+06
9.256709000000000000e+06
8.695030000000000000e+05
6.884309600000000000e+07
1.888069600000000000e+07
1.223627700000000000e+07
7.934622000000000000e+06
2.064477250000000000e+06
3.211763600000000000e+07
7.596010500000000000e+06
9.274576000000000000e+06
1.485582324218750000e+04
4.934984000000000000e+07
2.873323200000000000e+07
1.058943400000000000e+07
9.281643676757812500e+02
2.537082400000000000e+07
7.354928800000000000e+07
2.766467812500000000e+05
3.207276800000000000e+07
9.250107000000000000e+06
3.193936718750000000e+04
8.356125781250000000e+04
1.862169200000000000e+07
8.924905000000000000e+06
9.694404800000000000e+07
1.221203600000000000e+08
2.832534687500000000e+05
6.111481250000000000e+05
6.606258400000000000e+07
8.270388000000000000e+06
9.633279687500000000e+04
1.349690720000000000e+08
6.143363750000000000e+05
6.313910500000000000e+06
4.882252000000000000e+06
1.952169200000000000e+07
1.019223840000000000e+08
7.391495500000000000e+06
2.071584014892578125e+02
3.162486000000000000e+06
1.750852968750000000e+05
9.664786000000000000e+06
1.059300900000000000e+07
2.319974800000000000e+07
5.077145500000000000e+06
1.290156093750000000e+05
7.195821250000000000e+05
3.469083600000000000e+07
1.689181200000000000e+07
3.194339062500000000e+05
5.808975000000000000e+06
8.210255000000000000e+06
1.232018125000000000e+05
7.455520000000000000e+07
1.777380500000000000e+06
7.006695312500000000e+04
4.386964400000000000e+07
2.681395200000000000e+07
2.721059000000000000e+06
2.806335000000000000e+05
5.313440000000000000e+06
3.400973125000000000e+05
6.592534375000000000e+05
1.852296400000000000e+07
1.082846500000000000e+07
2.723458000000000000e+06
5.524049500000000000e+06
2.592760625000000000e+05
4.787287109375000000e+04
1.010635900000000000e+07
6.850053000000000000e+06
1.467300700000000000e+07
2.049756000000000000e+06
1.629058900000000000e+07
1.430017250000000000e+06
1.514784843750000000e+05
5.009302000000000000e+06
3.049618800000000000e+07
9.087312500000000000e+05
5.700636000000000000e+06
2.518767750000000000e+06
3.579682750000000000e+06
1.580957000000000000e+07
1.759374400000000000e+07
4.539248125000000000e+05
5.088682500000000000e+06
3.258637120000000000e+08
9.820749000000000000e+06
2.865906800000000000e+07
3.374916000000000000e+06
2.529742500000000000e+06
3.330978000000000000e+07
1.863824875000000000e+06
1.941834400000000000e+07
1.300971875000000000e+06
6.707229000000000000e+06
1.723559200000000000e+07
8.534605625000000000e+05
4.089089500000000000e+06
1.013102400000000000e+07
9.209635000000000000e+06
2.102162000000000000e+06
4.061676400000000000e+07
4.310709500000000000e+06
2.631570000000000000e+06
2.941334375000000000e+05
3.947717000000000000e+06
7.579483500000000000e+06
1.120726367187500000e+04
3.976092250000000000e+06
1.623286700000000000e+07
6.320446400000000000e+07
5.302676250000000000e+05
4.243242500000000000e+06
2.781199200000000000e+07
8.686855000000000000e+06
2.478452800000000000e+07
9.736376250000000000e+05
4.585570800000000000e+07
1.946040875000000000e+06
1.273381400000000000e+07
3.673418000000000000e+06
3.740828400000000000e+07
6.186311500000000000e+06
2.580574750000000000e+06
1.171341875000000000e+06
1.305934453125000000e+05
4.357636250000000000e+05
1.131423281250000000e+05
1.777046375000000000e+06
2.637972000000000000e+07
2.314918000000000000e+07
1.908717375000000000e+06
1.307466000000000000e+07
3.131696000000000000e+06
2.935485000000000000e+06
5.063136000000000000e+07
5.550700800000000000e+07
1.340999875000000000e+06
1.660242000000000000e+07
1.736603200000000000e+07
1.854136000000000000e+06
1.029220875000000000e+06
2.283686750000000000e+06
1.287081000000000000e+06
1.970935000000000000e+05
7.940930000000000000e+05
3.292422250000000000e+06
1.100732750000000000e+06
5.376268000000000000e+06
1.308779250000000000e+06
9.525625000000000000e+06
8.307454500000000000e+06
2.039855200000000000e+07
2.212195156250000000e+05
2.637620000000000000e+07
4.601799000000000000e+06
6.844606500000000000e+06
5.703872000000000000e+06
8.036985156250000000e+04
4.016655000000000000e+06
9.112878750000000000e+05
2.877952400000000000e+07
8.474703906250000000e+04
1.336026480000000000e+08
7.636869375000000000e+05
3.273024000000000000e+07
3.658702500000000000e+06
9.218005600000000000e+07
1.157456800000000000e+08
1.985812375000000000e+06
1.869639200000000000e+07
1.737343040000000000e+08
2.042748400000000000e+07
2.426376500000000000e+06
2.164434800000000000e+07
2.289890000000000000e+05
4.020586400000000000e+07
7.639630625000000000e+05
7.993501250000000000e+05
5.010070000000000000e+07
8.484645000000000000e+06
1.493296875000000000e+05
3.468164000000000000e+07
5.128156400000000000e+07
1.720534000000000000e+07
2.195159200000000000e+07
1.028581600000000000e+07
6.918925625000000000e+05
9.589177600000000000e+07
1.535613500000000000e+07
1.374503520000000000e+08
2.043632800000000000e+07
3.446048400000000000e+07
1.513199125000000000e+06
1.025233750000000000e+06
5.131894800000000000e+07
4.529747812500000000e+05
2.488260250000000000e+06
2.757603600000000000e+07
1.085763360000000000e+08
5.023351600000000000e+07
1.020294900000000000e+07
1.247191500000000000e+06
8.130316800000000000e+07
3.520811600000000000e+07
1.815866800000000000e+07
2.677276750000000000e+06
6.167367000000000000e+06
3.793141200000000000e+07
1.274991200000000000e+08
1.202466750000000000e+06
3.117706562500000000e+05
2.818145600000000000e+07
2.637620000000000000e+07
2.760316750000000000e+06
1.774225200000000000e+07
9.134328000000000000e+07
1.720046625000000000e+06
2.450124400000000000e+07
1.676083593750000000e+05
4.906413750000000000e+05
7.891584500000000000e+06
3.282465250000000000e+06
8.861526000000000000e+06
1.153695900000000000e+07
1.650145900000000000e+07
2.116520160000000000e+08
1.332646875000000000e+06
4.342708500000000000e+06
1.808146000000000000e+07
2.716466800000000000e+07
3.596251171875000000e+04
1.178406700000000000e+07
2.557480468750000000e+05
7.473069500000000000e+06
4.225635500000000000e+06
6.850644042968750000e+03
1.493777875000000000e+06
6.845925500000000000e+06
6.459666015625000000e+04
8.073018400000000000e+07
1.801852800000000000e+07
1.938803250000000000e+06
2.991626800000000000e+07
1.709292640000000000e+08
3.578945500000000000e+06
1.306447250000000000e+06
2.450540750000000000e+06
2.627670500000000000e+06
1.408585156250000000e+05
5.063830937500000000e+05
5.048914843750000000e+04
8.613306250000000000e+05
6.307934500000000000e+06
1.683868625000000000e+06
1.741682000000000000e+07
3.141986400000000000e+07
5.397114000000000000e+06
3.936536562500000000e+05
3.891271875000000000e+05
1.133212500000000000e+06
9.913744375000000000e+05
2.635211500000000000e+06
4.544990500000000000e+06
2.303246800000000000e+07
3.785051000000000000e+06
2.174087968750000000e+05
1.223318250000000000e+06
3.375534250000000000e+06
1.062680500000000000e+07
2.000713875000000000e+06
3.094484000000000000e+07
2.420245200000000000e+07
1.430936900000000000e+07
2.006855625000000000e+06
3.340438400000000000e+07
1.134586200000000000e+07
9.482391000000000000e+06
1.189923200000000000e+07
4.983833593750000000e+04
3.875927000000000000e+06
1.963401750000000000e+06
9.458045625000000000e+05
8.504655000000000000e+06
2.620480400000000000e+07
8.582556000000000000e+06
5.563279296875000000e+04
2.216887600000000000e+07
2.601518750000000000e+05
4.226015625000000000e+05
6.844606500000000000e+06
1.029046600000000000e+07
4.783707200000000000e+07
2.960630750000000000e+06
1.721600800000000000e+07
3.824050937500000000e+05
1.488864250000000000e+06
1.955762000000000000e+07
1.753937440000000000e+08
4.970057200000000000e+07
1.485187000000000000e+06
3.036276000000000000e+06
4.326422187500000000e+05
9.287198000000000000e+06
6.233360800000000000e+07
1.598537500000000000e+07
1.359528700000000000e+07
1.538873900000000000e+07
3.504029687500000000e+05
1.994632187500000000e+05
1.052451125000000000e+06
4.540879000000000000e+06
2.571374750000000000e+06
1.830566400000000000e+07
3.998904400000000000e+07
2.168981093750000000e+05
2.351018400000000000e+07
2.373152800000000000e+07
5.450279600000000000e+07
5.908720000000000000e+06
4.765947600000000000e+07
1.777240000000000000e+07
3.694701200000000000e+07
1.763385600000000000e+07
9.813272500000000000e+05
2.031988000000000000e+07
3.400973125000000000e+05
6.062921000000000000e+06
1.862806500000000000e+06
1.214981100000000000e+07
1.634661250000000000e+06
6.489508500000000000e+06
5.366773750000000000e+05
2.491541750000000000e+06
9.018439000000000000e+06
2.244582720000000000e+08
5.039708750000000000e+05
9.497608750000000000e+05
1.482090000000000000e+07
6.722450500000000000e+06
1.517130560000000000e+08
1.803476480000000000e+08
3.360011600000000000e+07
7.865768000000000000e+06
8.173523125000000000e+05
4.145239843750000000e+04
6.783567500000000000e+06
7.348501500000000000e+06
2.773259000000000000e+06
2.506616000000000000e+06
1.768444800000000000e+07
3.273321250000000000e+06
1.050794800000000000e+07
3.346395250000000000e+06
3.651410250000000000e+06
4.459602800000000000e+07
9.144195200000000000e+07
3.997658250000000000e+06
3.767100830078125000e+03
1.784280750000000000e+06
1.494112875000000000e+06
1.314576000000000000e+06
1.117207000000000000e+07
1.075247265625000000e+05
3.906702000000000000e+07
1.871248000000000000e+07
2.573818000000000000e+07
1.357706750000000000e+06
3.156741250000000000e+05
1.030196062500000000e+06
6.658556500000000000e+06
2.648532000000000000e+06
4.918170000000000000e+06
7.824548437500000000e+04
6.818537600000000000e+07
3.274766400000000000e+07
3.745290400000000000e+07
2.580574750000000000e+06
4.021168800000000000e+07
4.857725000000000000e+06
5.333100400000000000e+07
1.069166000000000000e+07
8.758430000000000000e+05
5.931653125000000000e+05
6.614821000000000000e+06
2.191812656250000000e+05
8.445649600000000000e+07
1.101121200000000000e+08
7.216809375000000000e+05
1.057860390625000000e+05
7.055752500000000000e+05
9.515964000000000000e+06
1.403536640000000000e+08
2.795057600000000000e+07
2.551979500000000000e+06
9.469937000000000000e+06
1.401466500000000000e+06
3.101155500000000000e+06
1.077798875000000000e+06
9.052580000000000000e+06
8.585423125000000000e+05
6.622561523437500000e+03
2.958104400000000000e+07
4.292306500000000000e+06
6.225176500000000000e+06
2.101225195312500000e+04
8.356071093750000000e+04
2.931378250000000000e+06
7.776185937500000000e+04
5.422208000000000000e+06
3.341452250000000000e+06
9.668750000000000000e+06
7.990214500000000000e+06
2.362100250000000000e+06
1.255312875000000000e+06
4.882247500000000000e+06
4.319507500000000000e+06
4.884956400000000000e+07
1.847377875000000000e+06
2.101005600000000000e+07
6.929153500000000000e+06
8.928804000000000000e+06
4.046814750000000000e+06
3.850450400000000000e+07
2.466418000000000000e+07
6.073075600000000000e+07
2.261189600000000000e+07
3.288691250000000000e+06
6.992062500000000000e+06
1.697320000000000000e+07
1.110118800000000000e+07
1.828244000000000000e+06
9.287198000000000000e+06
3.725225000000000000e+05
2.305882000000000000e+06
7.639389500000000000e+06
9.061338000000000000e+06
2.893214400000000000e+07
4.131033750000000000e+05
8.303312000000000000e+06
5.005661562500000000e+05
2.085164648437500000e+04
1.499600250000000000e+06
1.022170700000000000e+07
4.692995500000000000e+06
1.360614843750000000e+05
2.872707000000000000e+06
4.893523000000000000e+06
1.746739520000000000e+08
2.796044400000000000e+07
7.066526875000000000e+05
8.926287500000000000e+05
7.192740625000000000e+05
1.361654100000000000e+07
1.964105600000000000e+07
1.099272500000000000e+06
8.397664000000000000e+06
5.965151500000000000e+06
3.517821500000000000e+06
8.797673000000000000e+06
8.263230000000000000e+06
9.988978000000000000e+06
2.319930400000000000e+07
1.075028250000000000e+06
1.868494800000000000e+07
7.956999500000000000e+06
8.134554000000000000e+06
6.249480000000000000e+07
5.861893500000000000e+06
9.836332500000000000e+05
1.229895875000000000e+06
1.859267500000000000e+06
8.330088500000000000e+06
9.720715000000000000e+05
1.953558400000000000e+07
1.449274200000000000e+07
4.842537187500000000e+05
3.036638000000000000e+06
2.295396800000000000e+07
4.780744000000000000e+06
6.860853000000000000e+06
8.488074218750000000e+04
9.516671000000000000e+06
1.746932000000000000e+07
9.740532000000000000e+06
4.075277500000000000e+05
5.932705500000000000e+06
3.902114400000000000e+07
3.732446800000000000e+07
5.321247500000000000e+05
2.786969000000000000e+06
3.126634500000000000e+06
2.497372000000000000e+07
6.405352000000000000e+06
5.897179500000000000e+06
5.944134000000000000e+06
8.804323750000000000e+05
2.474693000000000000e+06
2.462206750000000000e+06
4.570299600000000000e+07
1.596304100000000000e+07
4.936462000000000000e+07
2.889568800000000000e+07
3.189554400000000000e+07
3.990512750000000000e+06
1.393957750000000000e+06
2.785664500000000000e+06
1.997462400000000000e+08
7.647568750000000000e+05
1.095780800000000000e+08
1.080234625000000000e+06
3.618478250000000000e+06
4.256275600000000000e+07
2.386129200000000000e+07
1.432001800000000000e+07
3.462651953125000000e+04
9.249543000000000000e+06
1.524876480000000000e+08
2.095946375000000000e+06
6.156734400000000000e+07
3.506636875000000000e+05
1.046364800000000000e+07
1.749524250000000000e+06
3.488213281250000000e+04
1.884175250000000000e+06
9.910303125000000000e+05
2.864964500000000000e+06
2.257468906250000000e+05
2.807638500000000000e+06
1.230602500000000000e+07
5.342239000000000000e+06
8.734471000000000000e+06
3.547708400000000000e+07
9.383347000000000000e+06
5.796966500000000000e+06
9.357051875000000000e+05
3.201586750000000000e+06
3.651410250000000000e+06
1.814343625000000000e+06
3.029825750000000000e+06
2.838721200000000000e+07
4.079892000000000000e+07
2.553603200000000000e+07
2.640821750000000000e+06
1.465725900000000000e+07
1.968517120000000000e+08
1.260863250000000000e+06
8.636811718750000000e+04
2.270290800000000000e+07
2.661348750000000000e+06
4.508310937500000000e+05
3.243131000000000000e+06
9.175695200000000000e+07
2.613530468750000000e+04
1.221385449218750000e+04
2.506787600000000000e+07
1.460085000000000000e+06
2.711999375000000000e+05
4.949054000000000000e+06
2.317447250000000000e+06
7.473654000000000000e+06
2.565006400000000000e+07
1.079483100000000000e+07
2.334759000000000000e+06
4.874524000000000000e+06
8.487874000000000000e+06
1.247210500000000000e+06
1.180467400000000000e+07
4.330260000000000000e+06
9.631372500000000000e+05
3.075095117187500000e+04
8.993412000000000000e+06
2.432825390625000000e+04
1.188533007812500000e+04
6.055975000000000000e+05
1.866231375000000000e+06
2.064477250000000000e+06
4.164723750000000000e+06
1.286692400000000000e+07
1.008758200000000000e+07
4.119789000000000000e+06
1.271746320000000000e+08
