1.550626754760742188e-02
1.096582412719726562e-02
6.928682327270507812e-03
5.527496337890625000e-03
1.158452033996582031e-02
8.088588714599609375e-03
3.003883361816406250e-02
5.109214782714843750e-02
1.088500022888183594e-02
4.942178726196289062e-03
1.708865165710449219e-02
7.657289505004882812e-03
9.160423278808593750e-02
4.349684715270996094e-02
8.530139923095703125e-03
7.387638092041015625e-03
7.091760635375976562e-03
1.788997650146484375e-02
1.353931427001953125e-02
6.949663162231445312e-03
2.606558799743652344e-02
4.964590072631835938e-03
1.889371871948242188e-02
1.087617874145507812e-02
4.604816436767578125e-03
7.006883621215820312e-03
1.264948844909667969e-01
7.135629653930664062e-03
8.995056152343750000e-03
6.402254104614257812e-03
4.763772487640380859e-01
2.937102317810058594e-02
2.009820938110351562e-02
7.985115051269531250e-03
9.940624237060546875e-03
3.996682167053222656e-02
6.451845169067382812e-03
2.199482917785644531e-02
1.677298545837402344e-02
5.594968795776367188e-03
2.987360954284667969e-02
5.098342895507812500e-03
5.090236663818359375e-03
1.608705520629882812e-02
4.449844360351562500e-03
1.775622367858886719e-02
1.331925392150878906e-02
4.119873046875000000e-03
5.397081375122070312e-03
6.420373916625976562e-03
9.574055671691894531e-02
4.847121238708496094e-02
5.093336105346679688e-03
9.016990661621093750e-03
4.728794097900390625e-03
9.978294372558593750e-03
8.451700210571289062e-03
6.363868713378906250e-03
5.383253097534179688e-03
1.176762580871582031e-02
1.006889343261718750e-02
1.241230964660644531e-02
4.419565200805664062e-03
5.467653274536132812e-03
1.257998943328857422e-01
8.807182312011718750e-03
4.143238067626953125e-03
5.554199218750000000e-03
4.837751388549804688e-03
8.955955505371093750e-03
1.377844810485839844e-02
8.597612380981445312e-03
6.765842437744140625e-03
4.334688186645507812e-03
5.060434341430664062e-03
4.201650619506835938e-03
5.430936813354492188e-03
6.901741027832031250e-03
8.059501647949218750e-03
4.823923110961914062e-03
6.950616836547851562e-03
4.953384399414062500e-03
1.127922534942626953e-01
1.147127151489257812e-02
1.068878173828125000e-02
4.164314270019531250e-02
9.515762329101562500e-03
1.132988929748535156e-02
8.024859428405761719e-02
7.565736770629882812e-03
6.835222244262695312e-03
1.562452316284179688e-02
1.734566688537597656e-02
3.528118133544921875e-02
7.092714309692382812e-03
4.508681297302246094e-01
4.536390304565429688e-03
4.507303237915039062e-03
5.520820617675781250e-03
8.882999420166015625e-03
1.314163208007812500e-02
3.507685661315917969e-02
1.214122772216796875e-02
1.078174114227294922e-01
2.840657234191894531e-01
7.520294189453125000e-02
3.629755973815917969e-02
4.458427429199218750e-03
2.053403854370117188e-02
1.132512092590332031e-02
6.064414978027343750e-03
6.390810012817382812e-03
5.539417266845703125e-03
9.212732315063476562e-03
7.276296615600585938e-03
7.532835006713867188e-03
6.469488143920898438e-03
8.488178253173828125e-03
4.607200622558593750e-03
4.438638687133789062e-03
8.592128753662109375e-03
9.218215942382812500e-03
5.806922912597656250e-03
1.049232482910156250e-02
1.259064674377441406e-02
8.417367935180664062e-03
6.172895431518554688e-03
6.534337997436523438e-03
7.634639739990234375e-03
4.645347595214843750e-03
8.647680282592773438e-03
4.825830459594726562e-03
1.174426078796386719e-02
2.490687370300292969e-02
1.169085502624511719e-02
1.422071456909179688e-02
1.185846328735351562e-02
8.395195007324218750e-02
3.129506111145019531e-02
7.714271545410156250e-03
4.956221580505371094e-02
8.649630546569824219e-01
6.878614425659179688e-03
9.689092636108398438e-03
6.095075607299804688e-02
2.796292304992675781e-02
9.238719940185546875e-03
1.084613800048828125e-02
6.607055664062500000e-03
4.607439041137695312e-02
1.480412483215332031e-02
9.216547012329101562e-03
1.294374465942382812e-02
3.520584106445312500e-02
1.262450218200683594e-02
5.025625228881835938e-03
5.921602249145507812e-03
6.119251251220703125e-03
1.057481765747070312e-02
8.050441741943359375e-03
8.657455444335937500e-03
5.406379699707031250e-03
2.619576454162597656e-02
2.072358131408691406e-02
4.431486129760742188e-03
9.041786193847656250e-03
4.297018051147460938e-03
5.479097366333007812e-03
6.174087524414062500e-03
6.258010864257812500e-03
1.081728935241699219e-02
1.372098922729492188e-02
6.027030944824218750e-02
4.735946655273437500e-03
1.045274734497070312e-02
9.013962745666503906e-02
1.771593093872070312e-02
1.046276092529296875e-02
1.330327987670898438e-02
8.437156677246093750e-03
1.420331001281738281e-02
5.463695526123046875e-02
9.324789047241210938e-03
6.778955459594726562e-03
7.025241851806640625e-03
1.507067680358886719e-02
1.947662830352783203e-01
1.178169250488281250e-02
4.670619964599609375e-03
6.450295448303222656e-02
2.005624771118164062e-02
1.063299179077148438e-02
1.926660537719726562e-02
1.218461990356445312e-02
1.114559173583984375e-02
1.385331153869628906e-02
9.504556655883789062e-03
9.017944335937500000e-03
1.492452621459960938e-02
9.196281433105468750e-03
