4.324884414672851562e-01
2.085590362548828125e-02
9.536743164062500000e-03
7.385015487670898438e-03
1.595592498779296875e-02
2.557873725891113281e-02
6.551623344421386719e-02
6.628441810607910156e-02
1.886081695556640625e-02
6.411314010620117188e-03
2.062535285949707031e-02
9.419441223144531250e-03
1.166198253631591797e-01
5.486035346984863281e-02
1.010107994079589844e-02
1.332736015319824219e-02
1.781773567199707031e-02
3.969931602478027344e-02
3.321671485900878906e-02
1.684904098510742188e-02
3.467559814453125000e-02
6.476640701293945312e-03
2.295732498168945312e-02
1.179099082946777344e-02
6.573438644409179688e-03
8.715629577636718750e-03
1.894707679748535156e-01
1.323246955871582031e-02
1.578593254089355469e-02
1.673054695129394531e-02
6.008093357086181641e-01
3.171873092651367188e-02
2.412009239196777344e-02
1.019310951232910156e-02
1.585054397583007812e-02
6.230306625366210938e-02
1.274514198303222656e-02
3.038835525512695312e-02
2.463817596435546875e-02
7.013559341430664062e-03
4.530000686645507812e-02
7.171392440795898438e-03
6.589174270629882812e-03
2.305722236633300781e-02
5.688667297363281250e-03
2.391600608825683594e-02
1.791930198669433594e-02
5.580425262451171875e-03
7.406234741210937500e-03
8.347511291503906250e-03
1.414172649383544922e-01
7.368278503417968750e-02
4.921913146972656250e-03
8.950471878051757812e-03
4.987716674804687500e-03
9.917259216308593750e-03
5.127191543579101562e-03
6.029129028320312500e-03
5.367517471313476562e-03
1.148080825805664062e-02
9.975194931030273438e-03
1.340103149414062500e-02
5.097866058349609375e-03
6.031274795532226562e-03
1.387870311737060547e-01
1.486873626708984375e-02
8.693933486938476562e-03
1.110768318176269531e-02
6.535291671752929688e-03
1.131415367126464844e-02
1.723480224609375000e-02
1.088738441467285156e-02
8.283853530883789062e-03
4.755973815917968750e-03
4.865169525146484375e-03
4.594802856445312500e-03
5.372524261474609375e-03
8.661031723022460938e-03
9.610176086425781250e-03
5.630731582641601562e-03
8.695602416992187500e-03
7.010221481323242188e-03
1.246364116668701172e-01
1.010107994079589844e-02
7.055044174194335938e-03
3.195118904113769531e-02
6.759881973266601562e-03
6.350755691528320312e-03
5.940699577331542969e-02
1.034832000732421875e-02
1.088619232177734375e-02
1.894760131835937500e-02
1.756739616394042969e-02
4.549002647399902344e-02
1.035237312316894531e-02
5.000927448272705078e-01
5.207061767578125000e-03
5.251646041870117188e-03
6.114721298217773438e-03
6.276369094848632812e-03
7.078886032104492188e-03
2.290034294128417969e-02
1.090335845947265625e-02
1.147673130035400391e-01
2.321465015411376953e-01
5.596232414245605469e-02
3.408718109130859375e-02
4.587888717651367188e-03
1.984143257141113281e-02
1.279234886169433594e-02
5.954742431640625000e-03
5.850315093994140625e-03
6.498336791992187500e-03
9.655952453613281250e-03
6.939649581909179688e-03
1.043295860290527344e-02
1.147460937500000000e-02
2.221870422363281250e-02
6.955623626708984375e-03
9.963512420654296875e-03
1.818418502807617188e-02
1.797175407409667969e-02
1.423168182373046875e-02
2.373194694519042969e-02
2.678489685058593750e-02
1.072692871093750000e-02
6.362915039062500000e-03
1.057720184326171875e-02
1.028180122375488281e-02
8.951902389526367188e-03
8.908987045288085938e-03
9.598493576049804688e-03
1.406645774841308594e-02
2.599835395812988281e-02
9.159803390502929688e-03
1.265811920166015625e-02
9.000539779663085938e-03
8.082485198974609375e-02
3.195357322692871094e-02
8.438348770141601562e-03
4.759764671325683594e-02
9.258198738098144531e-01
5.265951156616210938e-03
5.446434020996093750e-03
3.771233558654785156e-02
2.456426620483398438e-02
5.476474761962890625e-03
1.059055328369140625e-02
9.789228439331054688e-03
4.650974273681640625e-02
8.308887481689453125e-03
4.541635513305664062e-03
7.073402404785156250e-03
1.927447319030761719e-02
1.571655273437500000e-02
5.333662033081054688e-03
7.118463516235351562e-03
7.698774337768554688e-03
2.023911476135253906e-02
1.321744918823242188e-02
1.475715637207031250e-02
9.997367858886718750e-03
4.022121429443359375e-02
3.289413452148437500e-02
5.502939224243164062e-03
1.196718215942382812e-02
8.914232254028320312e-03
9.119749069213867188e-03
7.750511169433593750e-03
8.369445800781250000e-03
2.082800865173339844e-02
1.471638679504394531e-02
5.614256858825683594e-02
4.682302474975585938e-03
1.796603202819824219e-02
1.030330657958984375e-01
2.031421661376953125e-02
6.886243820190429688e-03
1.241087913513183594e-02
8.530616760253906250e-03
1.318144798278808594e-02
5.382919311523437500e-02
8.554935455322265625e-03
1.028394699096679688e-02
1.061534881591796875e-02
2.433490753173828125e-02
2.519307136535644531e-01
1.676440238952636719e-02
5.598306655883789062e-03
6.375980377197265625e-02
9.206056594848632812e-03
7.689714431762695312e-03
9.575366973876953125e-03
6.022691726684570312e-03
4.456996917724609375e-03
6.717681884765625000e-03
4.826307296752929688e-03
6.732225418090820312e-03
9.243965148925781250e-03
4.849910736083984375e-03
