1.542305946350097656e-02
8.906841278076171875e-03
7.231950759887695312e-03
6.734848022460937500e-03
1.147079467773437500e-02
6.960868835449218750e-03
2.370262145996093750e-02
3.886222839355468750e-02
1.003432273864746094e-02
6.218433380126953125e-03
1.438498497009277344e-02
6.085157394409179688e-03
7.195067405700683594e-02
3.860783576965332031e-02
7.200002670288085938e-03
6.203174591064453125e-03
6.065607070922851562e-03
1.401758193969726562e-02
1.078391075134277344e-02
6.287574768066406250e-03
2.394342422485351562e-02
6.477355957031250000e-03
1.570868492126464844e-02
8.983135223388671875e-03
4.346370697021484375e-03
6.226301193237304688e-03
1.013824939727783203e-01
6.148815155029296875e-03
7.917404174804687500e-03
5.736589431762695312e-03
3.446331024169921875e-01
2.737903594970703125e-02
1.938724517822265625e-02
6.919860839843750000e-03
8.946657180786132812e-03
3.187131881713867188e-02
5.826234817504882812e-03
1.857018470764160156e-02
1.793050765991210938e-02
6.510496139526367188e-03
2.447104454040527344e-02
4.310131072998046875e-03
4.631042480468750000e-03
1.284790039062500000e-02
4.033088684082031250e-03
1.531457901000976562e-02
9.440660476684570312e-03
3.923177719116210938e-03
5.038976669311523438e-03
6.661653518676757812e-03
9.102010726928710938e-02
4.430437088012695312e-02
4.941225051879882812e-03
8.614301681518554688e-03
4.511117935180664062e-03
9.013652801513671875e-03
7.116794586181640625e-03
5.407571792602539062e-03
5.082607269287109375e-03
1.046252250671386719e-02
8.010625839233398438e-03
1.061105728149414062e-02
4.089832305908203125e-03
5.436658859252929688e-03
1.169202327728271484e-01
7.941484451293945312e-03
3.826141357421875000e-03
4.850387573242187500e-03
4.222154617309570312e-03
7.440567016601562500e-03
1.139211654663085938e-02
7.314443588256835938e-03
5.707502365112304688e-03
5.502700805664062500e-03
6.060600280761718750e-03
5.655527114868164062e-03
6.076335906982421875e-03
8.067131042480468750e-03
9.272813796997070312e-03
5.818605422973632812e-03
6.664752960205078125e-03
4.141569137573242188e-03
8.948016166687011719e-02
1.106858253479003906e-02
6.035566329956054688e-03
2.472853660583496094e-02
5.644798278808593750e-03
5.375862121582031250e-03
4.081869125366210938e-02
6.920576095581054688e-03
6.686449050903320312e-03
1.075911521911621094e-02
7.628440856933593750e-03
2.276086807250976562e-02
5.614757537841796875e-03
3.300039768218994141e-01
6.443977355957031250e-03
5.839347839355468750e-03
7.063388824462890625e-03
6.376743316650390625e-03
7.516384124755859375e-03
2.181243896484375000e-02
5.686283111572265625e-03
6.796216964721679688e-02
1.562418937683105469e-01
3.720045089721679688e-02
3.139948844909667969e-02
3.957271575927734375e-03
9.802818298339843750e-03
9.741783142089843750e-03
5.026817321777343750e-03
4.954576492309570312e-03
4.196166992187500000e-03
6.710529327392578125e-03
5.751132965087890625e-03
5.907773971557617188e-03
6.864786148071289062e-03
1.003694534301757812e-02
5.313873291015625000e-03
4.530668258666992188e-03
9.861230850219726562e-03
1.020789146423339844e-02
6.036996841430664062e-03
8.573055267333984375e-03
1.079130172729492188e-02
7.186889648437500000e-03
5.357027053833007812e-03
5.611658096313476562e-03
6.146430969238281250e-03
3.933668136596679688e-03
3.891944885253906250e-03
4.936218261718750000e-03
8.412837982177734375e-03
1.286888122558593750e-02
7.711887359619140625e-03
8.588075637817382812e-03
7.111787796020507812e-03
4.794263839721679688e-02
1.023030281066894531e-02
8.588552474975585938e-03
2.861285209655761719e-02
5.383784770965576172e-01
5.879878997802734375e-03
4.845857620239257812e-03
2.815794944763183594e-02
1.636075973510742188e-02
4.569530487060546875e-03
6.722450256347656250e-03
6.001949310302734375e-03
2.959394454956054688e-02
9.164333343505859375e-03
4.192829132080078125e-03
6.026506423950195312e-03
1.389455795288085938e-02
1.077413558959960938e-02
4.359245300292968750e-03
5.176067352294921875e-03
4.885196685791015625e-03
9.404659271240234375e-03
9.444236755371093750e-03
9.630441665649414062e-03
5.670785903930664062e-03
2.376699447631835938e-02
1.720309257507324219e-02
3.923892974853515625e-03
7.586717605590820312e-03
3.798007965087890625e-03
4.626989364624023438e-03
5.130767822265625000e-03
5.079507827758789062e-03
9.901762008666992188e-03
1.268792152404785156e-02
3.356838226318359375e-02
3.967285156250000000e-03
8.019208908081054688e-03
5.813169479370117188e-02
1.239585876464843750e-02
5.992650985717773438e-03
7.407903671264648438e-03
5.191564559936523438e-03
6.807565689086914062e-03
3.991031646728515625e-02
6.810665130615234375e-03
5.223751068115234375e-03
6.645202636718750000e-03
1.489090919494628906e-02
1.398508548736572266e-01
9.366750717163085938e-03
4.149913787841796875e-03
3.382825851440429688e-02
7.279634475708007812e-03
8.181095123291015625e-03
9.499788284301757812e-03
6.516695022583007812e-03
4.517316818237304688e-03
7.907152175903320312e-03
6.073236465454101562e-03
8.110284805297851562e-03
8.322477340698242188e-03
4.322528839111328125e-03
2.098035812377929688e-02
9.574365615844726562e-02
4.565656185150146484e-01
9.958505630493164062e-03
5.215716361999511719e-02
6.037473678588867188e-03
6.723880767822265625e-03
1.351165771484375000e-02
8.444547653198242188e-03
6.362676620483398438e-03
4.201412200927734375e-03
4.002571105957031250e-03
7.904529571533203125e-03
5.135059356689453125e-03
5.234582424163818359e-01
4.433393478393554688e-03
8.978128433227539062e-03
1.128101348876953125e-02
6.596565246582031250e-03
9.213685989379882812e-03
9.227275848388671875e-03
1.487326622009277344e-02
6.625652313232421875e-03
9.921550750732421875e-03
1.711702346801757812e-02
5.088806152343750000e-03
9.302139282226562500e-03
4.099607467651367188e-03
5.837202072143554688e-03
1.651954650878906250e-02
6.247282028198242188e-03
3.072412014007568359e-01
9.839487075805664062e-02
5.186080932617187500e-03
1.856970787048339844e-02
4.223823547363281250e-03
6.429839134216308594e-02
1.005363464355468750e-02
4.090309143066406250e-03
4.528045654296875000e-03
3.997325897216796875e-03
4.388332366943359375e-03
5.684852600097656250e-03
3.944635391235351562e-03
8.165121078491210938e-03
4.332065582275390625e-03
9.502649307250976562e-03
6.230115890502929688e-03
4.097461700439453125e-03
5.355834960937500000e-03
3.704071044921875000e-02
1.647925376892089844e-02
1.299142837524414062e-02
1.444029808044433594e-02
7.316589355468750000e-03
1.944923400878906250e-02
7.802963256835937500e-03
7.046699523925781250e-03
1.166033744812011719e-02
7.417917251586914062e-03
5.930185317993164062e-03
3.824710845947265625e-03
9.361028671264648438e-03
3.856658935546875000e-03
5.860090255737304688e-03
4.499435424804687500e-03
4.527330398559570312e-03
5.145788192749023438e-03
5.326747894287109375e-03
4.583835601806640625e-03
7.823705673217773438e-03
5.640983581542968750e-03
5.679607391357421875e-03
3.948211669921875000e-03
4.410266876220703125e-03
2.164506912231445312e-02
8.632421493530273438e-03
7.472515106201171875e-03
8.241415023803710938e-03
7.339477539062500000e-03
6.554841995239257812e-03
1.696205139160156250e-02
8.798122406005859375e-03
1.030540466308593750e-02
1.585166454315185547e-01
7.845878601074218750e-03
3.930330276489257812e-03
3.138017654418945312e-02
1.024055480957031250e-02
9.082078933715820312e-03
8.025884628295898438e-03
2.867650985717773438e-02
8.510351181030273438e-03
1.316642761230468750e-02
4.777431488037109375e-03
1.565432548522949219e-02
8.331251144409179688e-02
4.922151565551757812e-03
4.716396331787109375e-03
5.956411361694335938e-03
5.227327346801757812e-03
1.545572280883789062e-02
1.372575759887695312e-02
8.032321929931640625e-03
4.211425781250000000e-03
5.905506610870361328e-01
3.003430366516113281e-02
7.325649261474609375e-03
9.600400924682617188e-03
4.233598709106445312e-03
1.322054862976074219e-02
1.221179962158203125e-02
8.294105529785156250e-03
2.011322975158691406e-02
6.293940544128417969e-02
7.458686828613281250e-03
5.548715591430664062e-03
8.308649063110351562e-03
1.052570343017578125e-02
7.849931716918945312e-03
1.137590408325195312e-02
1.283979415893554688e-02
4.250049591064453125e-03
6.433248519897460938e-03
5.099773406982421875e-03
6.249189376831054688e-03
2.271962165832519531e-02
4.312753677368164062e-03
9.488821029663085938e-03
6.848812103271484375e-03
8.339881896972656250e-03
8.908271789550781250e-03
3.396654129028320312e-02
7.128238677978515625e-03
6.657600402832031250e-03
8.960485458374023438e-03
4.672288894653320312e-03
4.211902618408203125e-03
4.354715347290039062e-03
2.928423881530761719e-02
6.975412368774414062e-03
6.891965866088867188e-03
1.076364517211914062e-02
4.704236984252929688e-03
5.123615264892578125e-03
4.377603530883789062e-03
3.325707912445068359e-01
4.897594451904296875e-03
2.373480796813964844e-02
5.089521408081054688e-03
4.939317703247070312e-03
4.528760910034179688e-03
2.083897590637207031e-02
4.269361495971679688e-03
4.065275192260742188e-03
1.179027557373046875e-02
5.287408828735351562e-03
6.115674972534179688e-03
4.868745803833007812e-03
2.107858657836914062e-02
4.225969314575195312e-03
7.483959197998046875e-03
5.147218704223632812e-03
4.980802536010742188e-03
4.966020584106445312e-03
3.629922866821289062e-03
3.546714782714843750e-03
5.807638168334960938e-03
5.561113357543945312e-03
4.577636718750000000e-03
1.460838317871093750e-02
8.154153823852539062e-03
1.380491256713867188e-02
1.735067367553710938e-02
3.803968429565429688e-03
3.738880157470703125e-03
6.813049316406250000e-03
4.026000499725341797e-01
6.131410598754882812e-03
5.931854248046875000e-03
1.730871200561523438e-02
6.031274795532226562e-03
6.492853164672851562e-03
5.109548568725585938e-03
6.093740463256835938e-03
4.452943801879882812e-03
9.728193283081054688e-03
6.589889526367187500e-03
8.157730102539062500e-03
9.273529052734375000e-03
4.752635955810546875e-03
6.118059158325195312e-03
4.650592803955078125e-03
6.359577178955078125e-03
3.694796562194824219e-02
2.461552619934082031e-02
8.708477020263671875e-03
5.701065063476562500e-03
7.902622222900390625e-03
6.262779235839843750e-03
3.957748413085937500e-03
7.150650024414062500e-03
6.618976593017578125e-03
6.075859069824218750e-03
5.399227142333984375e-03
7.694482803344726562e-03
5.094528198242187500e-03
8.979797363281250000e-03
4.708051681518554688e-03
3.837347030639648438e-03
6.553411483764648438e-03
4.727602005004882812e-03
1.169347763061523438e-02
1.065540313720703125e-02
1.236271858215332031e-02
1.003503799438476562e-02
5.854845046997070312e-03
5.600452423095703125e-03
1.388907432556152344e-02
9.789228439331054688e-03
4.541158676147460938e-03
5.387306213378906250e-03
3.937482833862304688e-03
1.055622100830078125e-02
8.738756179809570312e-03
2.176022529602050781e-02
8.205652236938476562e-03
1.648139953613281250e-02
4.566383361816406250e-02
4.981756210327148438e-03
6.490707397460937500e-03
1.243531703948974609e-01
4.894495010375976562e-03
6.649971008300781250e-03
6.817817687988281250e-03
5.872488021850585938e-03
9.690284729003906250e-03
1.184010505676269531e-02
1.251792907714843750e-02
5.513668060302734375e-03
5.407571792602539062e-03
5.492687225341796875e-03
5.447149276733398438e-03
5.712032318115234375e-03
1.747035980224609375e-02
4.201173782348632812e-03
5.882978439331054688e-03
6.977903842926025391e-01
5.479812622070312500e-03
4.397153854370117188e-03
3.704071044921875000e-03
4.407405853271484375e-03
8.231639862060546875e-03
4.045248031616210938e-03
1.432108879089355469e-02
3.169918060302734375e-02
9.779930114746093750e-03
1.315355300903320312e-02
3.856182098388671875e-03
9.764432907104492188e-03
5.522012710571289062e-03
4.699945449829101562e-03
1.749157905578613281e-02
8.339643478393554688e-03
4.423379898071289062e-03
4.543542861938476562e-03
9.930133819580078125e-03
7.280611991882324219e-02
4.330873489379882812e-03
4.654645919799804688e-03
4.481792449951171875e-03
1.897478103637695312e-02
4.765987396240234375e-03
8.469581604003906250e-03
6.790876388549804688e-03
5.917310714721679688e-03
5.825281143188476562e-03
5.065679550170898438e-03
4.153013229370117188e-03
2.156019210815429688e-02
2.424073219299316406e-02
6.321668624877929688e-03
1.332521438598632812e-02
4.834890365600585938e-03
7.212400436401367188e-03
6.773948669433593750e-03
1.730537414550781250e-02
1.586866378784179688e-02
3.976106643676757812e-03
9.372234344482421875e-03
1.174426078796386719e-02
1.820683479309082031e-02
1.205801963806152344e-02
1.182222366333007812e-02
5.162715911865234375e-03
9.192228317260742188e-03
7.560729980468750000e-03
5.765914916992187500e-03
7.453441619873046875e-02
1.633882522583007812e-02
4.589262008666992188e-01
7.829189300537109375e-03
2.708387374877929688e-02
4.629373550415039062e-03
1.342773437500000000e-02
5.069017410278320312e-03
1.285395622253417969e-01
3.962278366088867188e-03
4.123687744140625000e-03
5.934143066406250000e-02
2.403306961059570312e-02
1.183104515075683594e-02
5.055904388427734375e-03
7.397413253784179688e-03
3.607034683227539062e-03
1.269006729125976562e-02
7.544755935668945312e-03
8.088350296020507812e-03
5.477428436279296875e-03
6.266117095947265625e-03
5.532979965209960938e-03
7.111787796020507812e-03
1.523971557617187500e-02
5.996227264404296875e-03
4.303216934204101562e-03
4.732608795166015625e-03
8.480310440063476562e-03
8.008718490600585938e-03
6.989955902099609375e-03
1.447677612304687500e-02
5.346488952636718750e-02
7.310628890991210938e-03
4.908800125122070312e-03
4.749774932861328125e-03
9.517431259155273438e-03
2.228069305419921875e-02
3.804206848144531250e-03
3.725528717041015625e-03
1.030707359313964844e-02
1.002073287963867188e-02
9.422302246093750000e-03
1.057934761047363281e-02
5.450248718261718750e-03
6.015539169311523438e-03
8.327007293701171875e-03
7.683992385864257812e-03
5.051136016845703125e-03
4.271268844604492188e-03
4.090547561645507812e-03
3.747224807739257812e-03
3.770351409912109375e-03
6.491661071777343750e-03
4.087448120117187500e-03
2.516651153564453125e-02
1.728725433349609375e-02
5.814075469970703125e-03
8.278369903564453125e-03
6.649971008300781250e-03
1.315045356750488281e-02
6.367206573486328125e-03
7.995843887329101562e-03
4.583835601806640625e-03
8.652925491333007812e-03
1.725335121154785156e-01
1.272706985473632812e-01
6.550073623657226562e-03
6.297588348388671875e-03
5.796909332275390625e-03
3.158068656921386719e-02
8.208751678466796875e-03
6.662845611572265625e-03
8.035421371459960938e-03
9.957075119018554688e-03
7.771492004394531250e-03
8.712530136108398438e-03
6.657838821411132812e-03
9.611845016479492188e-03
7.370710372924804688e-03
7.406949996948242188e-03
3.578281402587890625e-02
2.139806747436523438e-02
7.193565368652343750e-03
6.966590881347656250e-03
3.963947296142578125e-03
1.005554199218750000e-02
3.376770019531250000e-02
8.417844772338867188e-03
9.139060974121093750e-03
5.663633346557617188e-03
1.547355651855468750e-01
4.257202148437500000e-03
6.182909011840820312e-03
3.443217277526855469e-02
5.761146545410156250e-03
1.122522354125976562e-02
3.988504409790039062e-03
7.791280746459960938e-03
1.691102981567382812e-02
1.115083694458007812e-02
3.774642944335937500e-03
9.588718414306640625e-03
4.519224166870117188e-03
5.251169204711914062e-03
8.554935455322265625e-03
1.099181175231933594e-02
1.102852821350097656e-02
4.179477691650390625e-03
1.280879974365234375e-02
3.545808792114257812e-02
5.069971084594726562e-03
1.136970520019531250e-02
4.851818084716796875e-03
8.005857467651367188e-03
4.413414001464843750e-02
9.306192398071289062e-03
3.115034103393554688e-02
4.954576492309570312e-02
3.311920166015625000e-02
7.174968719482421875e-03
7.830142974853515625e-03
5.738973617553710938e-03
1.121997833251953125e-02
1.515173912048339844e-02
1.462030410766601562e-02
9.399890899658203125e-03
1.279783248901367188e-02
5.355119705200195312e-03
2.485921382904052734e-01
4.592585563659667969e-02
5.482649803161621094e-02
6.063461303710937500e-03
4.439353942871093750e-03
1.215052604675292969e-02
7.046461105346679688e-03
2.542757987976074219e-02
1.571416854858398438e-02
4.617929458618164062e-03
1.190114021301269531e-02
4.869461059570312500e-03
1.121354103088378906e-02
1.833343505859375000e-02
6.793022155761718750e-03
1.784515380859375000e-02
5.248069763183593750e-03
6.978273391723632812e-03
9.755134582519531250e-03
4.202604293823242188e-03
5.132913589477539062e-03
4.043102264404296875e-03
3.750085830688476562e-03
3.859519958496093750e-03
4.150867462158203125e-03
3.106894493103027344e-01
1.482152938842773438e-02
9.691715240478515625e-03
8.496999740600585938e-03
2.914023399353027344e-02
1.500272750854492188e-02
1.258540153503417969e-02
6.251573562622070312e-03
7.946491241455078125e-03
2.075743675231933594e-02
1.952242851257324219e-02
1.009130477905273438e-02
6.198883056640625000e-03
9.225368499755859375e-03
1.232528686523437500e-02
5.649566650390625000e-03
9.860754013061523438e-03
5.264043807983398438e-03
7.185220718383789062e-03
6.241559982299804688e-03
7.172107696533203125e-03
4.041910171508789062e-03
8.927345275878906250e-03
5.100727081298828125e-03
6.554365158081054688e-03
5.748271942138671875e-03
9.982585906982421875e-03
9.142875671386718750e-03
5.681514739990234375e-03
7.992267608642578125e-03
7.338142395019531250e-02
6.427049636840820312e-03
5.198001861572265625e-03
7.623195648193359375e-03
1.004123687744140625e-02
9.720563888549804688e-03
1.442813873291015625e-02
8.154392242431640625e-03
7.169723510742187500e-03
1.374602317810058594e-02
3.187034130096435547e-01
5.869102478027343750e-02
8.430051803588867188e-02
1.835656166076660156e-02
1.480698585510253906e-01
1.699233055114746094e-01
3.044652938842773438e-02
3.441143035888671875e-02
3.687047958374023438e-02
1.672768592834472656e-02
3.666925430297851562e-02
6.139206886291503906e-02
5.918240547180175781e-02
9.878826141357421875e-02
3.344798088073730469e-02
1.714463233947753906e-01
1.630997657775878906e-02
2.996993064880371094e-02
3.758955001831054688e-02
8.297204971313476562e-02
4.202675819396972656e-02
4.161047935485839844e-02
1.005928516387939453e-01
1.726555824279785156e-02
5.138676166534423828e-01
1.649961471557617188e-01
3.140687942504882812e-02
5.370788574218750000e-01
1.824369430541992188e-01
1.518301963806152344e-01
1.797132492065429688e-01
5.334162712097167969e-02
4.373264312744140625e-02
2.664682865142822266e-01
2.412605285644531250e-02
3.807649612426757812e-01
2.640295028686523438e-01
3.682303428649902344e-02
1.592295169830322266e-01
2.100298404693603516e-01
9.284663200378417969e-02
1.010808944702148438e-01
1.306271553039550781e-02
4.371094703674316406e-02
2.403354644775390625e-02
6.525611877441406250e-02
5.729539394378662109e-01
9.471416473388671875e-03
3.482413291931152344e-02
3.063166141510009766e-01
1.518223285675048828e-01
3.274180889129638672e-01
6.094813346862792969e-02
2.195229530334472656e-01
3.766846656799316406e-02
3.856015205383300781e-02
7.324514389038085938e-01
3.588867187500000000e-02
1.375174522399902344e-02
1.077452421188354492e+00
1.891469955444335938e-02
1.377356052398681641e-01
2.279865741729736328e-01
8.431410789489746094e-02
1.496386528015136719e-02
4.482054710388183594e-02
9.131026268005371094e-02
1.635050773620605469e-02
3.394594192504882812e-01
2.499651908874511719e-02
3.578722476959228516e-01
2.159988880157470703e-01
1.790220737457275391e-01
6.474661827087402344e-02
4.415631294250488281e-02
7.823896408081054688e-02
4.302382469177246094e-02
5.992650985717773438e-02
6.897354125976562500e-02
1.341216564178466797e-01
1.514568328857421875e+00
2.513837814331054688e-02
1.598198413848876953e-01
3.111338615417480469e-02
2.021384239196777344e-01
3.877258300781250000e-02
4.255659580230712891e-01
6.203866004943847656e-02
3.781232833862304688e-01
3.047964572906494141e-01
5.114865303039550781e-01
2.187714576721191406e-01
5.006051063537597656e-02
1.579980850219726562e-01
8.163356781005859375e-02
1.825380325317382812e-02
1.109392642974853516e-01
2.875089645385742188e-02
2.573907375335693359e-01
5.906953811645507812e-01
3.122735023498535156e-02
1.391651630401611328e-01
8.484530448913574219e-02
2.307894229888916016e-01
2.446782588958740234e-01
1.169013977050781250e-02
3.989112377166748047e-01
1.023249626159667969e-01
7.426571846008300781e-02
5.053257942199707031e-02
5.200715065002441406e-01
3.616735935211181641e-01
1.473736763000488281e-02
1.949930191040039062e-02
1.046147108078002930e+00
1.235640048980712891e-01
1.387486457824707031e+00
2.219295501708984375e-02
1.209852695465087891e-01
5.855822563171386719e-01
3.816404342651367188e-01
9.855341911315917969e-02
2.796101570129394531e-02
3.875522613525390625e-01
1.970255374908447266e-01
1.344001293182373047e-01
2.103543281555175781e-02
2.178192138671875000e-02
1.061344146728515625e-01
2.794289588928222656e-02
2.886333465576171875e-01
5.565547943115234375e-01
6.661581993103027344e-02
8.196926116943359375e-02
5.955018997192382812e-01
3.658714294433593750e-01
2.056050300598144531e-02
5.925080776214599609e-01
3.725676536560058594e-01
3.686928749084472656e-02
1.979401111602783203e-01
2.255301475524902344e-01
3.708767890930175781e-02
4.445340633392333984e-01
2.422595024108886719e-01
1.228404045104980469e-02
5.642032623291015625e-01
9.292507171630859375e-02
1.526757001876831055e+00
5.285048484802246094e-02
4.775071144104003906e-02
2.031381130218505859e-01
4.303760528564453125e-01
5.412435531616210938e-02
3.634984493255615234e-01
2.355408668518066406e-02
2.358593940734863281e-01
2.472019195556640625e-02
2.493755817413330078e-01
2.278900146484375000e-02
4.573404788970947266e-01
1.162591934204101562e+00
2.517824172973632812e-01
3.901236057281494141e-01
9.251260757446289062e-02
8.963727951049804688e-02
3.182942867279052734e-01
5.302190780639648438e-02
1.490061283111572266e-01
8.645291328430175781e-01
2.948975563049316406e-02
1.744053363800048828e-01
4.909160137176513672e-01
1.320428848266601562e-01
6.785287857055664062e-01
9.555602073669433594e-02
7.945275306701660156e-02
2.736210823059082031e-02
1.599118709564208984e-01
5.269885063171386719e-02
5.973267555236816406e-02
3.509259223937988281e-02
4.147856235504150391e-01
1.092977523803710938e-01
8.959245681762695312e-02
2.509846687316894531e-01
2.308909893035888672e-01
3.974614143371582031e-01
1.959238052368164062e-01
2.787606716156005859e-01
1.461157798767089844e-01
1.155675649642944336e+00
2.838945388793945312e-02
3.025586605072021484e-01
2.630956172943115234e-01
6.010937690734863281e-02
1.656363010406494141e-01
5.586004257202148438e-02
2.036588191986083984e-01
3.018250465393066406e-01
2.556824684143066406e-02
1.754202842712402344e-01
1.361231803894042969e-01
2.856159210205078125e-02
1.499538421630859375e-01
5.290403366088867188e-01
5.176544189453125000e-02
4.090671539306640625e-01
6.986117362976074219e-02
1.062428951263427734e-01
4.126641750335693359e-01
8.434915542602539062e-02
1.763737201690673828e-01
2.271032333374023438e-02
1.141328573226928711e+00
2.513718605041503906e-02
3.379034996032714844e-02
8.397078514099121094e-02
1.994123458862304688e-01
3.912091255187988281e-02
1.874110698699951172e-01
2.270841598510742188e-02
1.001371622085571289e+00
3.195977210998535156e-02
1.276803016662597656e-02
9.670932292938232422e-01
8.564009666442871094e-01
7.364535331726074219e-02
3.642983436584472656e-01
5.337238311767578125e-02
3.705942630767822266e-01
7.581615447998046875e-02
2.541041374206542969e-02
3.310012817382812500e-02
3.107476234436035156e-02
3.385014533996582031e-01
6.759281158447265625e-01
6.874477863311767578e-01
2.417397499084472656e-02
1.285080909729003906e-01
1.467339992523193359e-01
6.163120269775390625e-02
1.571583747863769531e-02
6.956720352172851562e-02
8.312702178955078125e-03
1.622123718261718750e-01
4.276418685913085938e-02
1.723031997680664062e-01
3.630259037017822266e-01
3.392219543457031250e-02
1.608829498291015625e-01
5.730860233306884766e-01
4.968409538269042969e-01
1.813001632690429688e-01
7.822084426879882812e-02
1.463940143585205078e-01
1.375403404235839844e-01
1.476645469665527344e-02
1.639559268951416016e-01
2.111394405364990234e-01
7.993626594543457031e-02
6.891326904296875000e-01
1.495909690856933594e-02
6.564903259277343750e-02
5.125136375427246094e-01
9.305381774902343750e-02
4.308223724365234375e-02
9.079694747924804688e-03
3.001785278320312500e-02
4.130363464355468750e-03
3.416872024536132812e-02
1.213288307189941406e-02
1.223375797271728516e-01
1.445550918579101562e-01
1.581406593322753906e-02
1.271259784698486328e-01
5.573749542236328125e-02
7.256984710693359375e-02
3.407382965087890625e-02
2.816510200500488281e-02
4.647073745727539062e-01
1.962256431579589844e-02
1.307182312011718750e-01
2.526807785034179688e-02
1.076116561889648438e-01
1.084988117218017578e-01
3.211140632629394531e-02
8.151698112487792969e-02
1.651980876922607422e-01
5.071425437927246094e-02
1.157736778259277344e-02
1.847290992736816406e-02
8.888173103332519531e-02
2.006769180297851562e-02
9.224987030029296875e-02
5.215954780578613281e-02
2.658629417419433594e-02
3.687858581542968750e-01
4.436659812927246094e-02
2.896928787231445312e-02
5.167841911315917969e-02
8.557629585266113281e-02
2.517540454864501953e-01
1.185185909271240234e-01
1.687159538269042969e-01
1.125965118408203125e-01
1.453328132629394531e-02
2.311975955963134766e-01
6.595973968505859375e-01
5.479145050048828125e-02
7.162332534790039062e-03
3.834629058837890625e-02
1.000525951385498047e-01
1.231981515884399414e+00
2.609801292419433594e-02
3.043532371520996094e-02
8.925724029541015625e-02
3.916883468627929688e-02
7.157444953918457031e-02
5.053067207336425781e-02
2.492833137512207031e-02
2.554082870483398438e-01
2.035617828369140625e-02
5.936944484710693359e-01
1.740353107452392578e-01
1.531817913055419922e-01
4.743957519531250000e-02
1.578223705291748047e-01
4.051222801208496094e-01
4.368710517883300781e-02
1.281828880310058594e-01
1.217298507690429688e-01
1.931159496307373047e-01
1.199364662170410156e-01
8.384652137756347656e-01
3.543400764465332031e-02
9.344792366027832031e-02
5.666317939758300781e-01
9.446430206298828125e-02
6.054337024688720703e-01
1.248860359191894531e-02
1.937913894653320312e-02
1.398777961730957031e-02
3.715538978576660156e-02
4.688727855682373047e-01
1.592717170715332031e-01
1.101183891296386719e-02
5.761384963989257812e-02
2.045044898986816406e-01
1.745581626892089844e-02
2.530219554901123047e-01
1.096138000488281250e+00
6.880164146423339844e-02
8.716199398040771484e-01
1.317691802978515625e-02
1.845264434814453125e-02
3.526074886322021484e-01
1.516146659851074219e-01
7.663869857788085938e-02
2.703790664672851562e-01
1.029484272003173828e-01
2.167313098907470703e-01
2.138733863830566406e-02
2.283811569213867188e-02
2.373886108398437500e-02
7.429096698760986328e-01
9.472017288208007812e-01
2.082157135009765625e-02
5.466525554656982422e-01
1.430344581604003906e-02
6.921172142028808594e-02
2.397649288177490234e-01
6.061022281646728516e-01
1.873860359191894531e-01
1.222848892211914062e-02
3.516156673431396484e-01
1.460640430450439453e-01
1.622736454010009766e-01
1.481914520263671875e-02
8.752822875976562500e-03
1.068675518035888672e-01
1.779534816741943359e-01
2.644975185394287109e-01
3.676793575286865234e-01
1.865959167480468750e-02
6.567406654357910156e-02
5.490770339965820312e-01
1.731276512145996094e-02
1.757168769836425781e-02
2.562451362609863281e-02
1.849644184112548828e-01
7.077693939208984375e-03
3.362178802490234375e-02
3.524618148803710938e-01
1.128530502319335938e-01
1.502499580383300781e-01
2.305717468261718750e-01
3.635816574096679688e-01
1.094040870666503906e-01
3.702306747436523438e-02
1.216888427734375000e-02
1.101388931274414062e-01
1.277425289154052734e-01
1.138536930084228516e-01
6.878113746643066406e-02
7.965707778930664062e-02
5.849273204803466797e-01
7.458806037902832031e-02
1.978063583374023438e-02
1.314575672149658203e-01
1.043343544006347656e-02
1.439828872680664062e-01
4.138255119323730469e-02
7.722833156585693359e-01
9.675455093383789062e-02
5.511569976806640625e-02
1.672403812408447266e-01
5.948066711425781250e-02
4.122495651245117188e-03
7.904529571533203125e-03
1.618456840515136719e-02
2.073621749877929688e-02
1.162595748901367188e-01
6.838250160217285156e-02
4.197080135345458984e-01
2.987461090087890625e-01
5.415821075439453125e-02
1.801085472106933594e-02
1.221680641174316406e-02
5.109667778015136719e-02
2.484917640686035156e-02
8.376216888427734375e-02
3.577184677124023438e-02
2.274422645568847656e-01
9.858489036560058594e-02
1.452970504760742188e-02
6.758809089660644531e-02
2.364921569824218750e-01
1.723623275756835938e-02
9.149765968322753906e-02
6.488156318664550781e-02
2.119491100311279297e-01
2.491569519042968750e-02
4.288523197174072266e-01
3.113815784454345703e-01
6.798124313354492188e-02
1.334671974182128906e-01
6.964135169982910156e-02
2.694816589355468750e-01
1.572322845458984375e-02
1.243281364440917969e-02
2.626309394836425781e-01
5.898547172546386719e-02
1.457040309906005859e-01
1.752662658691406250e-02
1.830985546112060547e-01
5.366516113281250000e-02
2.654361724853515625e-02
5.673027038574218750e-02
5.087161064147949219e-02
8.749818801879882812e-02
8.805346488952636719e-02
9.710574150085449219e-02
2.796006202697753906e-02
7.308602333068847656e-02
1.092259883880615234e-01
1.439118385314941406e-02
6.230902671813964844e-02
2.448854446411132812e-01
3.676247596740722656e-02
2.284431457519531250e-02
3.321981430053710938e-02
7.026672363281250000e-03
1.104426383972167969e-02
1.580739021301269531e-02
1.059060096740722656e-01
1.164608001708984375e-01
1.946043968200683594e-02
2.752575874328613281e-01
2.735297679901123047e-01
5.841732025146484375e-03
2.524948120117187500e-02
3.531141281127929688e-01
1.284665822982788086e+00
3.978967666625976562e-03
4.449820518493652344e-01
6.978034973144531250e-03
1.275444030761718750e-01
8.766150474548339844e-02
2.276916503906250000e-01
9.268283843994140625e-03
1.342725753784179688e-02
5.975584983825683594e-01
7.011680603027343750e-01
1.205401420593261719e-01
4.716515541076660156e-02
6.687879562377929688e-03
9.574890136718750000e-02
2.547550201416015625e-02
8.974146842956542969e-02
1.241898536682128906e-02
3.597362041473388672e-01
8.471655845642089844e-02
3.023362159729003906e-02
3.473804712295532227e+00
1.129536628723144531e-01
5.348253250122070312e-02
1.958394050598144531e-02
1.181574583053588867e+00
1.455907821655273438e-01
2.273440361022949219e-02
8.598089218139648438e-03
1.820540428161621094e-02
1.991770267486572266e-01
1.310148239135742188e-01
4.653060436248779297e-01
5.714550018310546875e-01
1.672852039337158203e-01
1.584219932556152344e-02
1.906228065490722656e-02
4.515204429626464844e-01
1.180167198181152344e-01
7.521319389343261719e-02
1.324000358581542969e-01
2.903151512145996094e-02
1.172053813934326172e-01
3.132271766662597656e-02
1.089982986450195312e-01
1.615738868713378906e-02
5.411739349365234375e-01
6.564545631408691406e-02
2.552187442779541016e-01
5.929160118103027344e-02
3.732197284698486328e-01
1.954736232757568359e+00
1.337840557098388672e-01
9.672403335571289062e-03
1.682538986206054688e-01
1.858396530151367188e-01
8.195590972900390625e-02
9.616684913635253906e-02
3.169441223144531250e-02
3.755440711975097656e-01
3.527185916900634766e-01
5.244684219360351562e-02
1.219694614410400391e-01
1.323604583740234375e-02
1.274108886718750000e-01
2.435445785522460938e-02
2.820184230804443359e-01
8.424997329711914062e-03
2.467894554138183594e-02
1.264190673828125000e+00
1.718475818634033203e-01
1.652669906616210938e-02
1.073334217071533203e-01
6.610822677612304688e-02
2.063434123992919922e-01
5.946090221405029297e-01
7.124018669128417969e-02
4.954767227172851562e-02
1.082558631896972656e-01
1.011819839477539062e-01
1.096367835998535156e-02
4.273152351379394531e-02
1.123642921447753906e-02
5.474948883056640625e-02
3.770399093627929688e-02
4.604959487915039062e-02
7.044804096221923828e-01
2.206492424011230469e-02
2.087841033935546875e-01
1.630926132202148438e-01
3.935432434082031250e-02
1.498420238494873047e-01
2.056097984313964844e-02
2.275562286376953125e-02
1.496375560760498047e+00
1.241159439086914062e-02
1.134204864501953125e-02
1.249599456787109375e-02
7.270789146423339844e-02
1.523439884185791016e-01
4.503011703491210938e-02
1.048896312713623047e-01
3.165602684020996094e-02
2.896761894226074219e-02
2.242994308471679688e-02
2.547571659088134766e-01
1.680066585540771484e-01
1.239570379257202148e+00
8.265542984008789062e-02
8.545827865600585938e-02
2.171468734741210938e-02
4.335713386535644531e-02
5.399537086486816406e-02
1.730039119720458984e-01
1.551008224487304688e-01
1.383368968963623047e-01
1.025371551513671875e-01
2.089993953704833984e-01
1.878356933593750000e-02
1.174950599670410156e-02
1.218051910400390625e-01
6.176209449768066406e-02
2.900242805480957031e-02
5.805659294128417969e-02
4.730877876281738281e-01
6.912095546722412109e-01
2.553296089172363281e-02
1.407096385955810547e-01
1.032900810241699219e-02
1.806044578552246094e-02
5.072927474975585938e-02
8.686304092407226562e-03
2.412557601928710938e-02
4.298415184020996094e-01
4.580998420715332031e-02
1.327123641967773438e-01
7.005500793457031250e-02
4.295277595520019531e-02
5.103826522827148438e-02
4.552490711212158203e-01
7.578611373901367188e-02
5.314850807189941406e-02
4.428982734680175781e-02
6.997251510620117188e-02
8.204486370086669922e-01
1.530082225799560547e-01
2.241802215576171875e-02
1.735930442810058594e-01
8.695244789123535156e-02
1.839995384216308594e-02
7.538557052612304688e-03
2.033948898315429688e-02
8.722186088562011719e-02
1.138782501220703125e-02
2.717781066894531250e-02
1.905267238616943359e-01
2.491641044616699219e-02
6.317806243896484375e-02
3.474307060241699219e-02
3.752470016479492188e-02
1.041364669799804688e-02
1.718163490295410156e-02
5.020933151245117188e-01
9.030103683471679688e-02
4.145860671997070312e-02
4.958891868591308594e-02
2.421078681945800781e-01
2.878203392028808594e-01
1.405773162841796875e-01
1.481900215148925781e-01
2.357506752014160156e-02
1.631417274475097656e-01
7.508802413940429688e-02
1.786346435546875000e-01
1.693773269653320312e-02
9.073257446289062500e-03
5.238342285156250000e-02
5.892777442932128906e-01
3.565526008605957031e-02
8.613145351409912109e-01
7.863354682922363281e-02
1.364707946777343750e-02
2.575469017028808594e-01
2.561545372009277344e-02
1.008515357971191406e-01
1.006102561950683594e-02
4.166829586029052734e-01
1.250100135803222656e-02
2.508654594421386719e-01
3.972792625427246094e-02
1.169037818908691406e-01
8.638429641723632812e-02
6.173992156982421875e-02
1.520419120788574219e-02
5.695748329162597656e-02
2.682662010192871094e-02
1.199684143066406250e-01
3.338940143585205078e-01
1.003432273864746094e-01
1.354248523712158203e-01
4.860649108886718750e-01
8.032894134521484375e-02
2.736046314239501953e-01
1.479935646057128906e-02
2.959704399108886719e-02
3.434953689575195312e-01
4.560184478759765625e-02
2.064888477325439453e-01
8.445239067077636719e-02
1.169748306274414062e-01
8.363866806030273438e-02
8.977651596069335938e-03
5.666699409484863281e-01
1.875958442687988281e-01
1.502656936645507812e-02
7.820653915405273438e-02
7.958285808563232422e-01
1.219620704650878906e-01
6.410772800445556641e-01
1.898167133331298828e-01
5.655813217163085938e-02
6.357724666595458984e-01
5.094242095947265625e-02
2.471518516540527344e-02
1.019160747528076172e-01
5.442214012145996094e-02
3.115415573120117188e-02
4.413843154907226562e-03
2.019910812377929688e-01
7.545948028564453125e-02
2.122735977172851562e-02
8.648204803466796875e-01
1.630640029907226562e-02
6.729125976562500000e-03
3.044247627258300781e-02
1.688256263732910156e-01
1.740872859954833984e-01
5.523681640625000000e-03
6.936240196228027344e-02
1.238393783569335938e-02
1.375465393066406250e-01
5.258321762084960938e-03
5.646896362304687500e-02
2.720804214477539062e-01
1.696681976318359375e-02
9.310936927795410156e-02
3.895473480224609375e-02
1.288032531738281250e-02
1.743569374084472656e-01
2.913639545440673828e-01
1.407909393310546875e-02
1.858091354370117188e-02
2.485265731811523438e-01
6.868379116058349609e-01
1.777710914611816406e-01
3.281688690185546875e-02
9.190146923065185547e-01
1.574718952178955078e-01
2.307605743408203125e-02
2.118921279907226562e-02
2.993822097778320312e-02
1.313996315002441406e-02
2.975502014160156250e-01
2.498145103454589844e-01
9.799273014068603516e-01
1.202507019042968750e-01
3.699684143066406250e-02
1.215314865112304688e-02
1.585054397583007812e-02
7.125473022460937500e-02
6.160044670104980469e-02
9.500741958618164062e-02
1.026010513305664062e-02
1.883010864257812500e-01
4.895186424255371094e-02
1.507391929626464844e-01
4.932856559753417969e-02
3.649783134460449219e-02
1.115107536315917969e-02
1.934196949005126953e-01
5.258178710937500000e-01
6.747722625732421875e-02
4.418611526489257812e-03
1.084208488464355469e-02
9.179115295410156250e-03
1.907515525817871094e-02
1.115465164184570312e-01
3.041410446166992188e-02
1.676273345947265625e-02
1.748478412628173828e-01
5.385160446166992188e-03
4.371500015258789062e-02
5.876779556274414062e-03
6.867647171020507812e-03
2.463827133178710938e-01
4.658951759338378906e-01
1.062748432159423828e-01
8.603503704071044922e-01
2.216217517852783203e-01
4.558753967285156250e-02
1.727414131164550781e-02
6.238079071044921875e-02
1.768128871917724609e-01
6.226229667663574219e-02
3.856658935546875000e-02
1.152501106262207031e-01
2.905561923980712891e-01
6.856417655944824219e-02
2.716708183288574219e-02
4.732944965362548828e-01
7.676327228546142578e-01
7.393360137939453125e-02
2.197718620300292969e-02
5.179262161254882812e-02
6.876111030578613281e-02
9.930920600891113281e-02
1.313948631286621094e-02
6.794440746307373047e-01
4.180121421813964844e-02
1.737377643585205078e-01
2.839279174804687500e-02
4.883718490600585938e-02
8.613824844360351562e-03
8.747816085815429688e-02
1.201629638671875000e-02
3.828496932983398438e-01
1.092951297760009766e-01
1.383116245269775391e-01
1.978874206542968750e-02
3.299641609191894531e-01
1.181054115295410156e-02
1.367473602294921875e-02
7.324306964874267578e-01
1.566333770751953125e-01
1.305077075958251953e-01
3.038268089294433594e-01
2.270770072937011719e-02
6.144428253173828125e-02
3.033769130706787109e-01
1.363706588745117188e-02
3.550100326538085938e-02
1.770505905151367188e-01
3.273591995239257812e-01
8.556628227233886719e-02
1.508235931396484375e-02
2.412567138671875000e-01
7.578434944152832031e-01
9.239435195922851562e-02
5.962038040161132812e-02
2.681930065155029297e-01
6.761074066162109375e-03
4.026246070861816406e-02
3.720164299011230469e-02
2.722184658050537109e-01
1.662182807922363281e-01
2.004330158233642578e-01
9.413242340087890625e-03
2.337765693664550781e-02
1.939628124237060547e-01
1.560339927673339844e-01
5.059146881103515625e-02
2.055740356445312500e-02
3.648281097412109375e-02
3.942966461181640625e-03
8.985614776611328125e-02
1.018595695495605469e-01
1.211524009704589844e-02
2.651886940002441406e-01
7.146024703979492188e-02
7.856826782226562500e-01
2.213954925537109375e-02
2.015781402587890625e-02
4.885363578796386719e-02
1.410508155822753906e-02
1.999535560607910156e-01
5.799889564514160156e-02
9.462833404541015625e-03
3.176546096801757812e-02
1.620156764984130859e-01
4.254221916198730469e-02
2.285528182983398438e-02
7.237815856933593750e-02
1.418924331665039062e-02
2.048420906066894531e-02
3.818578720092773438e-01
1.230056285858154297e-01
1.000061035156250000e-01
1.919722557067871094e-02
1.039924621582031250e-01
1.126837730407714844e-02
1.621286869049072266e-01
4.683709144592285156e-02
4.036734104156494141e-01
1.197967529296875000e-01
8.985121250152587891e-01
2.500844001770019531e-02
1.085495948791503906e-02
1.280770301818847656e-01
1.132011413574218750e-02
7.214832305908203125e-02
6.562995910644531250e-02
1.399827003479003906e-02
1.768317222595214844e-01
2.725577354431152344e-02
2.028346061706542969e-02
1.829326152801513672e-01
2.953267097473144531e-02
3.567767143249511719e-02
2.117872238159179688e-02
9.345078468322753906e-02
2.072570323944091797e-01
1.072242259979248047e-01
2.268457412719726562e-02
4.272747039794921875e-02
2.421538829803466797e-01
1.696019172668457031e-01
1.879618167877197266e-01
6.558823585510253906e-02
4.826951026916503906e-02
1.025614738464355469e-01
2.331280708312988281e-02
6.371736526489257812e-02
7.513928413391113281e-02
1.475052833557128906e-01
1.528525352478027344e-02
2.781748771667480469e-01
4.524612426757812500e-02
1.575181484222412109e-01
7.866406440734863281e-02
5.231547355651855469e-02
3.402359485626220703e-01
4.087400436401367188e-02
1.496386528015136719e-01
9.208440780639648438e-03
3.241100311279296875e-01
6.016790866851806641e-01
8.511447906494140625e-02
2.530183792114257812e-01
1.071739196777343750e-02
8.692502975463867188e-02
1.178357601165771484e-01
1.177439689636230469e-01
1.820039749145507812e-02
1.272132396697998047e-01
9.342670440673828125e-03
3.190176486968994141e-01
8.931159973144531250e-03
4.531598091125488281e-02
4.305546283721923828e-01
2.862191200256347656e-02
1.236281394958496094e-01
1.766910552978515625e-01
1.763799190521240234e-01
6.106126308441162109e-01
1.633262634277343750e-02
8.021807670593261719e-02
1.103742122650146484e-01
1.742720603942871094e-02
4.449038505554199219e-01
8.843493461608886719e-02
3.515291213989257812e-02
2.529048919677734375e-02
1.942343711853027344e-01
2.587599754333496094e-01
1.261591911315917969e-02
2.745723724365234375e-02
1.443374156951904297e-01
8.162736892700195312e-03
8.295249938964843750e-02
1.897859573364257812e-02
5.962443351745605469e-02
3.288769721984863281e-02
4.269568920135498047e-01
1.131002902984619141e-01
1.487245559692382812e-01
2.294349670410156250e-02
2.356743812561035156e-02
5.568242073059082031e-02
2.643060684204101562e-02
1.428194046020507812e-01
2.638578414916992188e-02
2.950859069824218750e-02
2.450563907623291016e-01
1.322722434997558594e-02
1.723599433898925781e-02
4.597663879394531250e-03
1.751027107238769531e-01
1.336221694946289062e-01
1.402852535247802734e-01
3.057909011840820312e-02
1.591370105743408203e-01
6.992292404174804688e-02
7.274365425109863281e-02
7.264089584350585938e-02
1.629924774169921875e-02
9.460282325744628906e-02
1.801300048828125000e-02
2.112531661987304688e-02
3.098626136779785156e-01
2.528192996978759766e-01
6.693840026855468750e-03
6.122136116027832031e-02
7.213687896728515625e-02
3.422784805297851562e-02
1.893386840820312500e-01
1.209158897399902344e-01
2.025556564331054688e-02
2.605154514312744141e-01
5.078768730163574219e-02
9.306287765502929688e-02
5.347824096679687500e-02
5.193495750427246094e-02
6.649780273437500000e-02
2.056264877319335938e-02
1.423088788986206055e+00
3.289556503295898438e-02
4.045162200927734375e-01
1.433517932891845703e-01
6.036591529846191406e-02
6.833124160766601562e-02
1.491379737854003906e-02
5.184340476989746094e-02
1.542162895202636719e-02
1.803154945373535156e-01
7.966303825378417969e-01
1.692605018615722656e-02
4.761099815368652344e-02
4.624943733215332031e-01
3.276848793029785156e-02
2.217769622802734375e-01
4.577553272247314453e-01
3.995990753173828125e-02
1.209312438964843750e+00
5.765175819396972656e-02
6.353394985198974609e-01
1.131256341934204102e+00
6.547331809997558594e-02
1.477687358856201172e-01
8.871293067932128906e-02
1.330876350402832031e-02
7.775783538818359375e-03
3.219032287597656250e-02
1.429390907287597656e-02
1.761004924774169922e-01
2.492012977600097656e-01
1.331615447998046875e-02
6.542301177978515625e-02
1.962947845458984375e-02
2.354853153228759766e-01
6.675004959106445312e-02
7.127285003662109375e-03
2.017235755920410156e-02
1.965522766113281250e-02
1.723384857177734375e-02
1.648211479187011719e-02
1.657652854919433594e-02
3.748893737792968750e-03
1.352286338806152344e-02
1.457500457763671875e-02
2.474451065063476562e-02
2.025818824768066406e-02
1.181840896606445312e-02
1.236224174499511719e-02
1.096296310424804688e-02
7.357597351074218750e-03
1.147747039794921875e-02
5.510568618774414062e-03
2.886462211608886719e-02
2.680850028991699219e-02
5.590200424194335938e-03
7.699012756347656250e-03
1.742506027221679688e-02
2.656555175781250000e-02
6.145238876342773438e-03
1.213812828063964844e-02
4.678249359130859375e-03
1.007986068725585938e-02
1.955461502075195312e-02
2.045226097106933594e-02
1.516182422637939453e-01
1.109051704406738281e-02
5.830764770507812500e-03
1.334285736083984375e-02
1.592969894409179688e-02
3.118014335632324219e-02
1.065182685852050781e-02
2.087593078613281250e-02
1.460814476013183594e-01
1.232361793518066406e-02
1.723980903625488281e-02
1.516628265380859375e-02
3.565406799316406250e-02
7.310461997985839844e-02
4.159545898437500000e-02
1.647853851318359375e-02
1.662039756774902344e-02
1.224398612976074219e-02
7.493972778320312500e-03
3.599309921264648438e-01
5.691528320312500000e-02
1.493358612060546875e-02
1.861524581909179688e-02
3.061318397521972656e-02
1.066637039184570312e-02
7.153511047363281250e-03
5.162954330444335938e-03
3.598499298095703125e-02
5.513787269592285156e-02
4.998826980590820312e-02
8.123397827148437500e-03
8.339166641235351562e-03
5.629777908325195312e-03
3.806114196777343750e-02
1.069998741149902344e-02
4.462504386901855469e-02
3.395366668701171875e-02
2.512836456298828125e-02
2.918324470520019531e-01
5.860805511474609375e-03
7.967233657836914062e-03
2.661585807800292969e-02
9.826183319091796875e-03
7.868289947509765625e-03
7.674360275268554688e-02
7.437944412231445312e-03
7.236242294311523438e-03
8.420825004577636719e-02
6.218671798706054688e-03
3.172826766967773438e-02
1.370906829833984375e-02
9.432077407836914062e-03
7.811307907104492188e-03
1.144897937774658203e-01
1.603150367736816406e-02
8.838891983032226562e-03
2.070641517639160156e-02
2.519297599792480469e-02
1.876378059387207031e-02
4.527068138122558594e-02
1.707720756530761719e-02
9.353876113891601562e-03
4.977703094482421875e-03
1.924872398376464844e-02
8.455276489257812500e-03
5.108118057250976562e-03
1.923465728759765625e-02
9.353160858154296875e-03
5.308389663696289062e-03
9.918451309204101562e-03
6.909608840942382812e-03
2.092194557189941406e-02
6.419897079467773438e-03
6.420373916625976562e-03
9.735584259033203125e-03
1.632976531982421875e-02
1.438975334167480469e-02
1.570701599121093750e-02
5.453109741210937500e-03
4.132986068725585938e-03
1.461958885192871094e-02
1.229810714721679688e-02
6.666898727416992188e-03
2.834630012512207031e-02
5.663394927978515625e-03
5.601174831390380859e-01
2.411341667175292969e-02
3.620433807373046875e-02
5.942304134368896484e-01
2.558803558349609375e-02
9.358882904052734375e-03
1.255035400390625000e-02
5.641937255859375000e-03
4.676795005798339844e-02
1.505470275878906250e-02
1.277804374694824219e-02
1.975679397583007812e-02
4.025459289550781250e-03
3.762245178222656250e-03
4.993128776550292969e-02
8.570432662963867188e-02
8.854389190673828125e-03
5.647659301757812500e-03
7.934522628784179688e-02
1.547741889953613281e-02
1.848244667053222656e-02
2.003026008605957031e-02
2.496218681335449219e-02
3.956389427185058594e-02
8.859395980834960938e-03
1.526045799255371094e-02
8.207559585571289062e-03
1.204013824462890625e-02
3.964662551879882812e-02
4.019021987915039062e-03
1.568222045898437500e-02
7.968902587890625000e-03
1.690483093261718750e-02
2.347683906555175781e-02
4.872655868530273438e-02
6.645202636718750000e-03
1.094722747802734375e-02
1.333761215209960938e-02
4.281759262084960938e-03
1.984572410583496094e-02
1.512527465820312500e-02
5.661821365356445312e-02
2.479457855224609375e-02
2.719235420227050781e-02
2.536177635192871094e-02
5.236387252807617188e-03
5.425453186035156250e-03
1.101040840148925781e-02
9.880781173706054688e-03
7.441520690917968750e-03
7.391452789306640625e-03
4.613089561462402344e-02
3.112721443176269531e-02
2.641153335571289062e-02
1.087474822998046875e-02
1.286411285400390625e-02
1.203107833862304688e-02
1.535630226135253906e-02
1.743221282958984375e-02
6.207942962646484375e-02
3.530144691467285156e-02
2.031493186950683594e-02
1.269626617431640625e-02
1.391601562500000000e-02
1.070451736450195312e-02
9.699821472167968750e-03
9.669542312622070312e-03
7.849931716918945312e-03
2.755284309387207031e-02
9.208202362060546875e-03
5.647635459899902344e-02
1.493644714355468750e-02
1.617336273193359375e-02
1.330304145812988281e-02
3.455710411071777344e-02
1.038789749145507812e-02
7.494521141052246094e-02
1.253724098205566406e-02
1.328444480895996094e-02
1.094532012939453125e-02
1.564311981201171875e-02
1.054930686950683594e-02
1.336193084716796875e-02
9.526491165161132812e-03
5.257678031921386719e-02
3.893613815307617188e-03
6.152987480163574219e-02
5.107457637786865234e-01
4.536724090576171875e-02
1.121640205383300781e-02
1.229739189147949219e-02
1.893067359924316406e-02
2.786707878112792969e-02
1.840257644653320312e-02
1.235866546630859375e-02
2.851915359497070312e-02
7.245540618896484375e-03
1.330065727233886719e-02
1.467967033386230469e-02
1.523184776306152344e-02
1.494073867797851562e-02
2.878546714782714844e-02
2.156162261962890625e-02
2.008152008056640625e-02
9.315013885498046875e-03
1.072597503662109375e-02
1.039671897888183594e-02
1.108479499816894531e-02
4.254341125488281250e-03
1.741371154785156250e-01
2.678084373474121094e-02
3.362703323364257812e-02
3.739738464355468750e-02
1.650381088256835938e-02
8.887290954589843750e-03
2.878904342651367188e-02
1.992821693420410156e-02
2.983617782592773438e-02
1.476335525512695312e-02
1.054716110229492188e-02
8.453130722045898438e-03
6.532669067382812500e-03
1.656031608581542969e-02
4.575490951538085938e-03
1.225042343139648438e-02
2.411055564880371094e-02
8.335320949554443359e-01
9.101390838623046875e-03
2.245354652404785156e-02
3.817009925842285156e-02
3.282546997070312500e-02
9.363651275634765625e-03
7.362937927246093750e-02
2.034044265747070312e-02
2.359986305236816406e-02
1.703596115112304688e-02
2.089262008666992188e-02
9.824109077453613281e-02
1.105117797851562500e-02
1.628971099853515625e-02
2.409195899963378906e-02
2.219367027282714844e-02
1.505613327026367188e-02
2.689266204833984375e-02
1.176095008850097656e-02
2.566936016082763672e-01
3.772506713867187500e-01
3.470182418823242188e-02
7.852363586425781250e-02
2.162790298461914062e-02
7.877826690673828125e-03
3.833794593811035156e-02
2.013921737670898438e-02
1.595997810363769531e-02
2.348875999450683594e-02
2.501535415649414062e-02
3.044486045837402344e-02
2.731826305389404297e-01
2.327489852905273438e-02
1.126408576965332031e-02
1.513462066650390625e-01
