1.313595771789550781e-01
1.573562622070312500e-05
1.263618469238281250e-05
1.406669616699218750e-05
1.406669616699218750e-05
1.406669616699218750e-05
1.287460327148437500e-05
1.525878906250000000e-05
1.120567321777343750e-05
1.144409179687500000e-05
1.502037048339843750e-05
1.358985900878906250e-05
1.692771911621093750e-05
1.144409179687500000e-05
1.239776611328125000e-05
1.621246337890625000e-05
1.144409179687500000e-05
1.192092895507812500e-05
1.263618469238281250e-05
1.144409179687500000e-05
1.072883605957031250e-05
1.192092895507812500e-05
1.192092895507812500e-05
1.168251037597656250e-05
1.168251037597656250e-05
1.907348632812500000e-05
1.120567321777343750e-05
1.144409179687500000e-05
1.192092895507812500e-05
1.835823059082031250e-05
1.192092895507812500e-05
1.144409179687500000e-05
1.072883605957031250e-05
1.168251037597656250e-05
1.144409179687500000e-05
1.239776611328125000e-05
1.072883605957031250e-05
1.192092895507812500e-05
1.120567321777343750e-05
1.168251037597656250e-05
1.120567321777343750e-05
1.287460327148437500e-05
1.335144042968750000e-05
1.406669616699218750e-05
1.192092895507812500e-05
1.192092895507812500e-05
1.096725463867187500e-05
1.215934753417968750e-05
1.144409179687500000e-05
1.287460327148437500e-05
1.168251037597656250e-05
1.168251037597656250e-05
1.120567321777343750e-05
1.192092895507812500e-05
1.168251037597656250e-05
1.144409179687500000e-05
1.215934753417968750e-05
1.168251037597656250e-05
1.263618469238281250e-05
1.215934753417968750e-05
1.168251037597656250e-05
1.192092895507812500e-05
1.192092895507812500e-05
1.168251037597656250e-05
1.096725463867187500e-05
1.096725463867187500e-05
1.120567321777343750e-05
1.144409179687500000e-05
1.120567321777343750e-05
1.263618469238281250e-05
1.168251037597656250e-05
1.883506774902343750e-05
1.192092895507812500e-05
1.096725463867187500e-05
1.311302185058593750e-05
1.382827758789062500e-05
1.239776611328125000e-05
1.263618469238281250e-05
1.120567321777343750e-05
1.120567321777343750e-05
1.215934753417968750e-05
1.168251037597656250e-05
1.144409179687500000e-05
1.120567321777343750e-05
1.072883605957031250e-05
1.120567321777343750e-05
1.049041748046875000e-05
1.215934753417968750e-05
1.144409179687500000e-05
1.192092895507812500e-05
1.120567321777343750e-05
1.120567321777343750e-05
1.239776611328125000e-05
1.120567321777343750e-05
1.144409179687500000e-05
1.168251037597656250e-05
1.192092895507812500e-05
1.192092895507812500e-05
1.096725463867187500e-05
1.168251037597656250e-05
1.120567321777343750e-05
1.239776611328125000e-05
1.120567321777343750e-05
1.144409179687500000e-05
1.144409179687500000e-05
1.144409179687500000e-05
1.192092895507812500e-05
1.096725463867187500e-05
1.215934753417968750e-05
1.382827758789062500e-05
1.215934753417968750e-05
1.168251037597656250e-05
1.215934753417968750e-05
1.168251037597656250e-05
1.096725463867187500e-05
1.263618469238281250e-05
1.263618469238281250e-05
1.454353332519531250e-05
1.144409179687500000e-05
1.144409179687500000e-05
1.239776611328125000e-05
1.335144042968750000e-05
1.168251037597656250e-05
1.287460327148437500e-05
1.287460327148437500e-05
1.120567321777343750e-05
1.335144042968750000e-05
1.239776611328125000e-05
1.406669616699218750e-05
1.215934753417968750e-05
1.263618469238281250e-05
1.263618469238281250e-05
1.311302185058593750e-05
1.406669616699218750e-05
1.192092895507812500e-05
1.192092895507812500e-05
1.168251037597656250e-05
1.215934753417968750e-05
1.168251037597656250e-05
1.144409179687500000e-05
1.287460327148437500e-05
1.168251037597656250e-05
1.215934753417968750e-05
1.192092895507812500e-05
1.239776611328125000e-05
1.120567321777343750e-05
1.263618469238281250e-05
1.168251037597656250e-05
1.120567321777343750e-05
1.239776611328125000e-05
1.168251037597656250e-05
1.168251037597656250e-05
1.144409179687500000e-05
1.192092895507812500e-05
1.168251037597656250e-05
1.287460327148437500e-05
1.382827758789062500e-05
1.144409179687500000e-05
1.096725463867187500e-05
1.382827758789062500e-05
1.406669616699218750e-05
1.168251037597656250e-05
1.192092895507812500e-05
1.311302185058593750e-05
1.263618469238281250e-05
1.430511474609375000e-05
1.096725463867187500e-05
1.215934753417968750e-05
1.335144042968750000e-05
1.358985900878906250e-05
1.239776611328125000e-05
1.335144042968750000e-05
1.263618469238281250e-05
1.239776611328125000e-05
1.311302185058593750e-05
1.311302185058593750e-05
1.263618469238281250e-05
1.311302185058593750e-05
1.263618469238281250e-05
1.192092895507812500e-05
1.192092895507812500e-05
1.215934753417968750e-05
1.168251037597656250e-05
1.215934753417968750e-05
1.144409179687500000e-05
1.215934753417968750e-05
1.239776611328125000e-05
1.311302185058593750e-05
1.096725463867187500e-05
1.096725463867187500e-05
1.144409179687500000e-05
1.096725463867187500e-05
1.168251037597656250e-05
1.144409179687500000e-05
1.740455627441406250e-05
1.215934753417968750e-05
1.382827758789062500e-05
1.168251037597656250e-05
1.239776611328125000e-05
1.478195190429687500e-05
