1.640343666076660156e-02
1.786231994628906250e-02
1.231145858764648438e-02
8.064508438110351562e-03
2.214217185974121094e-02
1.203012466430664062e-02
4.067921638488769531e-02
8.492779731750488281e-02
1.349782943725585938e-02
7.500648498535156250e-03
2.825641632080078125e-02
9.049415588378906250e-03
1.446113586425781250e-01
7.587480545043945312e-02
1.687383651733398438e-02
1.149582862854003906e-02
7.926940917968750000e-03
3.041648864746093750e-02
2.512788772583007812e-02
1.323986053466796875e-02
4.932332038879394531e-02
7.619380950927734375e-03
2.570676803588867188e-02
1.612114906311035156e-02
8.520364761352539062e-03
1.012730598449707031e-02
1.765997409820556641e-01
1.158404350280761719e-02
1.665925979614257812e-02
1.358199119567871094e-02
5.578429698944091797e-01
4.524636268615722656e-02
1.983880996704101562e-02
1.240754127502441406e-02
1.788234710693359375e-02
5.021595954895019531e-02
7.269382476806640625e-03
2.382993698120117188e-02
2.720522880554199219e-02
1.144623756408691406e-02
4.328846931457519531e-02
1.102447509765625000e-02
1.025366783142089844e-02
3.099179267883300781e-02
4.546880722045898438e-03
2.215766906738281250e-02
1.974630355834960938e-02
8.698225021362304688e-03
8.235692977905273438e-03
1.020908355712890625e-02
1.228389739990234375e-01
5.984258651733398438e-02
6.653785705566406250e-03
1.101660728454589844e-02
7.801055908203125000e-03
1.690006256103515625e-02
1.516699790954589844e-02
1.233839988708496094e-02
1.082825660705566406e-02
1.658606529235839844e-02
1.338458061218261719e-02
2.048897743225097656e-02
6.870269775390625000e-03
1.094484329223632812e-02
1.330621242523193359e-01
9.111404418945312500e-03
4.219293594360351562e-03
5.410432815551757812e-03
6.165027618408203125e-03
1.955199241638183594e-02
2.441120147705078125e-02
1.809501647949218750e-02
1.281929016113281250e-02
7.655620574951171875e-03
6.163358688354492188e-03
9.083271026611328125e-03
1.115751266479492188e-02
1.404809951782226562e-02
1.591229438781738281e-02
8.413076400756835938e-03
6.786584854125976562e-03
7.162570953369140625e-03
1.533339023590087891e-01
1.621222496032714844e-02
1.237082481384277344e-02
5.287885665893554688e-02
1.190829277038574219e-02
1.047587394714355469e-02
6.070303916931152344e-02
5.764484405517578125e-03
6.231069564819335938e-03
1.889300346374511719e-02
1.752996444702148438e-02
3.748297691345214844e-02
7.703781127929687500e-03
4.605195522308349609e-01
6.308317184448242188e-03
5.349874496459960938e-03
6.715297698974609375e-03
6.207227706909179688e-03
6.454944610595703125e-03
2.658462524414062500e-02
7.601261138916015625e-03
9.297323226928710938e-02
2.068166732788085938e-01
4.812550544738769531e-02
5.727171897888183594e-02
8.281946182250976562e-03
3.206992149353027344e-02
1.947999000549316406e-02
6.587266921997070312e-03
6.124258041381835938e-03
4.887104034423828125e-03
1.625728607177734375e-02
1.365232467651367188e-02
1.395249366760253906e-02
1.141524314880371094e-02
1.111936569213867188e-02
4.440307617187500000e-03
3.940105438232421875e-03
9.057521820068359375e-03
8.759737014770507812e-03
5.829334259033203125e-03
1.202225685119628906e-02
1.435470581054687500e-02
1.017665863037109375e-02
5.657672882080078125e-03
6.753206253051757812e-03
7.308006286621093750e-03
4.380702972412109375e-03
4.244565963745117188e-03
4.886150360107421875e-03
6.892204284667968750e-03
1.313328742980957031e-02
7.808208465576171875e-03
8.308887481689453125e-03
7.795810699462890625e-03
9.266591072082519531e-02
4.486751556396484375e-02
1.509881019592285156e-02
7.306814193725585938e-02
8.054070472717285156e-01
5.751132965087890625e-03
5.543947219848632812e-03
3.924465179443359375e-02
2.494716644287109375e-02
5.927085876464843750e-03
5.656480789184570312e-03
5.062341690063476562e-03
3.286314010620117188e-02
8.953571319580078125e-03
4.916429519653320312e-03
7.930994033813476562e-03
1.995801925659179688e-02
1.518511772155761719e-02
9.778976440429687500e-03
1.243615150451660156e-02
8.782625198364257812e-03
1.543331146240234375e-02
1.369476318359375000e-02
1.405692100524902344e-02
1.001954078674316406e-02
4.287767410278320312e-02
3.504896163940429688e-02
7.441997528076171875e-03
1.908898353576660156e-02
9.055614471435546875e-03
1.156806945800781250e-02
1.285529136657714844e-02
8.094549179077148438e-03
1.085996627807617188e-02
1.384568214416503906e-02
3.517055511474609375e-02
4.838705062866210938e-03
1.083946228027343750e-02
8.253121376037597656e-02
1.574301719665527344e-02
5.473375320434570312e-03
7.725715637207031250e-03
4.709959030151367188e-03
7.571697235107421875e-03
5.556178092956542969e-02
8.676528930664062500e-03
6.389379501342773438e-03
6.032943725585937500e-03
1.494264602661132812e-02
1.733012199401855469e-01
1.274275779724121094e-02
4.897117614746093750e-03
6.363701820373535156e-02
9.012222290039062500e-03
7.842540740966796875e-03
8.692502975463867188e-03
5.786418914794921875e-03
4.712581634521484375e-03
7.267951965332031250e-03
4.992246627807617188e-03
6.917715072631835938e-03
9.286165237426757812e-03
4.893302917480468750e-03
