2.177000045776367188e-02
1.699304580688476562e-02
1.037526130676269531e-02
7.001161575317382812e-03
1.642823219299316406e-02
1.122045516967773438e-02
4.268336296081542969e-02
7.576084136962890625e-02
1.357173919677734375e-02
6.303310394287109375e-03
2.053594589233398438e-02
8.414745330810546875e-03
1.159245967864990234e-01
5.526518821716308594e-02
1.056814193725585938e-02
1.244425773620605469e-02
1.078104972839355469e-02
1.992225646972656250e-02
1.695394515991210938e-02
9.503364562988281250e-03
3.451943397521972656e-02
6.466627120971679688e-03
2.406406402587890625e-02
1.224493980407714844e-02
6.315231323242187500e-03
8.745908737182617188e-03
1.391441822052001953e-01
5.884647369384765625e-03
8.510589599609375000e-03
6.567955017089843750e-03
5.004329681396484375e-01
3.047728538513183594e-02
2.148246765136718750e-02
8.018970489501953125e-03
1.026487350463867188e-02
4.224777221679687500e-02
6.692171096801757812e-03
2.286767959594726562e-02
1.695942878723144531e-02
5.703687667846679688e-03
3.364109992980957031e-02
5.209922790527343750e-03
5.049705505371093750e-03
2.177095413208007812e-02
5.660533905029296875e-03
1.732182502746582031e-02
1.461911201477050781e-02
5.109548568725585938e-03
5.751848220825195312e-03
8.076429367065429688e-03
1.151516437530517578e-01
5.840206146240234375e-02
5.877494812011718750e-03
9.702682495117187500e-03
5.838871002197265625e-03
1.154756546020507812e-02
1.071596145629882812e-02
7.404565811157226562e-03
6.592273712158203125e-03
1.356577873229980469e-02
1.563811302185058594e-02
2.221345901489257812e-02
6.322383880615234375e-03
6.605386734008789062e-03
1.600992679595947266e-01
1.064133644104003906e-02
5.092620849609375000e-03
6.450653076171875000e-03
5.722999572753906250e-03
1.113486289978027344e-02
1.673674583435058594e-02
1.077795028686523438e-02
8.261919021606445312e-03
5.359888076782226562e-03
5.908727645874023438e-03
6.985425949096679688e-03
6.528854370117187500e-03
8.359909057617187500e-03
1.650595664978027344e-02
5.503654479980468750e-03
1.272034645080566406e-02
1.021623611450195312e-02
1.558983325958251953e-01
1.116895675659179688e-02
9.419918060302734375e-03
4.262518882751464844e-02
8.893013000488281250e-03
7.479906082153320312e-03
5.829191207885742188e-02
7.307052612304687500e-03
5.366086959838867188e-03
1.604461669921875000e-02
1.181077957153320312e-02
2.892684936523437500e-02
8.442640304565429688e-03
4.623394012451171875e-01
4.558086395263671875e-03
4.601478576660156250e-03
9.158372879028320312e-03
7.429599761962890625e-03
8.238554000854492188e-03
2.837133407592773438e-02
1.340842247009277344e-02
1.436443328857421875e-01
2.667620182037353516e-01
5.994629859924316406e-02
4.071688652038574219e-02
5.424499511718750000e-03
2.495360374450683594e-02
1.505684852600097656e-02
7.133960723876953125e-03
6.956100463867187500e-03
5.807876586914062500e-03
1.485443115234375000e-02
1.016736030578613281e-02
8.994102478027343750e-03
7.189512252807617188e-03
1.218438148498535156e-02
7.768154144287109375e-03
7.858753204345703125e-03
1.452350616455078125e-02
1.123809814453125000e-02
6.967544555664062500e-03
1.284193992614746094e-02
1.841807365417480469e-02
1.069760322570800781e-02
7.787942886352539062e-03
1.093220710754394531e-02
1.151061058044433594e-02
5.419492721557617188e-03
5.500078201293945312e-03
6.203889846801757812e-03
9.598016738891601562e-03
1.693201065063476562e-02
8.822202682495117188e-03
9.393215179443359375e-03
7.364511489868164062e-03
7.831358909606933594e-02
2.619481086730957031e-02
9.933471679687500000e-03
5.838871002197265625e-02
7.288053035736083984e-01
5.404472351074218750e-03
5.699872970581054688e-03
4.008674621582031250e-02
2.208924293518066406e-02
5.888462066650390625e-03
5.693912506103515625e-03
5.271673202514648438e-03
3.229713439941406250e-02
8.559942245483398438e-03
4.662752151489257812e-03
7.059812545776367188e-03
1.821589469909667969e-02
1.795792579650878906e-02
1.268053054809570312e-02
1.173472404479980469e-02
7.164955139160156250e-03
1.538515090942382812e-02
1.387333869934082031e-02
1.564908027648925781e-02
6.033182144165039062e-03
3.387069702148437500e-02
2.656126022338867188e-02
5.593776702880859375e-03
1.140260696411132812e-02
5.393981933593750000e-03
6.845474243164062500e-03
7.623672485351562500e-03
7.278680801391601562e-03
1.336002349853515625e-02
1.383543014526367188e-02
4.219126701354980469e-02
5.297660827636718750e-03
1.203227043151855469e-02
1.064994335174560547e-01
1.777243614196777344e-02
1.078891754150390625e-02
9.553670883178710938e-03
5.093812942504882812e-03
9.333372116088867188e-03
6.670475006103515625e-02
1.047992706298828125e-02
8.035898208618164062e-03
7.731676101684570312e-03
1.781415939331054688e-02
2.149271965026855469e-01
1.417779922485351562e-02
5.951881408691406250e-03
5.753207206726074219e-02
1.103520393371582031e-02
9.074687957763671875e-03
1.035952568054199219e-02
6.818771362304687500e-03
5.483388900756835938e-03
8.190631866455078125e-03
6.117343902587890625e-03
8.441925048828125000e-03
1.154470443725585938e-02
6.035327911376953125e-03
