1.315698623657226562e-01
1.072883605957031250e-05
7.152557373046875000e-06
6.675720214843750000e-06
6.675720214843750000e-06
6.675720214843750000e-06
6.914138793945312500e-06
6.675720214843750000e-06
6.914138793945312500e-06
1.120567321777343750e-05
6.914138793945312500e-06
6.675720214843750000e-06
8.821487426757812500e-06
6.914138793945312500e-06
6.914138793945312500e-06
6.675720214843750000e-06
6.914138793945312500e-06
6.675720214843750000e-06
1.382827758789062500e-05
6.914138793945312500e-06
9.059906005859375000e-06
6.914138793945312500e-06
6.675720214843750000e-06
9.775161743164062500e-06
6.914138793945312500e-06
6.914138793945312500e-06
6.675720214843750000e-06
8.106231689453125000e-06
6.675720214843750000e-06
6.914138793945312500e-06
1.859664916992187500e-05
6.437301635742187500e-06
6.437301635742187500e-06
6.675720214843750000e-06
6.914138793945312500e-06
7.152557373046875000e-06
7.867813110351562500e-06
6.914138793945312500e-06
6.675720214843750000e-06
6.675720214843750000e-06
6.675720214843750000e-06
6.437301635742187500e-06
6.914138793945312500e-06
7.152557373046875000e-06
6.675720214843750000e-06
6.914138793945312500e-06
6.675720214843750000e-06
6.675720214843750000e-06
6.437301635742187500e-06
6.675720214843750000e-06
6.675720214843750000e-06
6.675720214843750000e-06
9.536743164062500000e-06
9.298324584960937500e-06
6.675720214843750000e-06
6.675720214843750000e-06
6.914138793945312500e-06
6.675720214843750000e-06
9.059906005859375000e-06
6.675720214843750000e-06
6.437301635742187500e-06
6.675720214843750000e-06
7.152557373046875000e-06
6.437301635742187500e-06
6.675720214843750000e-06
9.059906005859375000e-06
6.675720214843750000e-06
1.001358032226562500e-05
6.675720214843750000e-06
1.096725463867187500e-05
6.675720214843750000e-06
6.675720214843750000e-06
6.675720214843750000e-06
6.675720214843750000e-06
6.675720214843750000e-06
6.675720214843750000e-06
6.437301635742187500e-06
9.775161743164062500e-06
9.298324584960937500e-06
6.437301635742187500e-06
6.675720214843750000e-06
6.675720214843750000e-06
6.675720214843750000e-06
6.675720214843750000e-06
6.675720214843750000e-06
6.675720214843750000e-06
6.675720214843750000e-06
6.675720214843750000e-06
6.675720214843750000e-06
1.454353332519531250e-05
6.675720214843750000e-06
6.675720214843750000e-06
6.675720214843750000e-06
6.675720214843750000e-06
6.675720214843750000e-06
6.437301635742187500e-06
6.675720214843750000e-06
6.675720214843750000e-06
6.675720214843750000e-06
6.675720214843750000e-06
6.675720214843750000e-06
8.344650268554687500e-06
7.390975952148437500e-06
6.675720214843750000e-06
6.437301635742187500e-06
6.675720214843750000e-06
6.675720214843750000e-06
6.675720214843750000e-06
6.437301635742187500e-06
6.675720214843750000e-06
6.675720214843750000e-06
6.437301635742187500e-06
6.675720214843750000e-06
6.914138793945312500e-06
9.059906005859375000e-06
6.675720214843750000e-06
6.675720214843750000e-06
6.675720214843750000e-06
6.675720214843750000e-06
6.675720214843750000e-06
6.675720214843750000e-06
6.675720214843750000e-06
6.675720214843750000e-06
6.675720214843750000e-06
6.675720214843750000e-06
6.675720214843750000e-06
7.629394531250000000e-06
6.437301635742187500e-06
9.059906005859375000e-06
6.675720214843750000e-06
6.437301635742187500e-06
6.675720214843750000e-06
6.437301635742187500e-06
6.675720214843750000e-06
1.382827758789062500e-05
6.675720214843750000e-06
1.239776611328125000e-05
6.675720214843750000e-06
9.059906005859375000e-06
7.629394531250000000e-06
1.096725463867187500e-05
6.675720214843750000e-06
7.152557373046875000e-06
6.675720214843750000e-06
7.390975952148437500e-06
6.675720214843750000e-06
7.152557373046875000e-06
6.437301635742187500e-06
1.001358032226562500e-05
6.437301635742187500e-06
6.675720214843750000e-06
6.675720214843750000e-06
6.437301635742187500e-06
6.914138793945312500e-06
6.675720214843750000e-06
6.675720214843750000e-06
6.675720214843750000e-06
8.106231689453125000e-06
6.675720214843750000e-06
7.152557373046875000e-06
6.437301635742187500e-06
7.390975952148437500e-06
6.675720214843750000e-06
6.675720214843750000e-06
6.675720214843750000e-06
6.437301635742187500e-06
6.914138793945312500e-06
6.437301635742187500e-06
6.675720214843750000e-06
6.914138793945312500e-06
6.675720214843750000e-06
1.049041748046875000e-05
6.675720214843750000e-06
6.675720214843750000e-06
6.675720214843750000e-06
6.675720214843750000e-06
6.675720214843750000e-06
6.675720214843750000e-06
6.437301635742187500e-06
6.437301635742187500e-06
6.675720214843750000e-06
6.437301635742187500e-06
6.675720214843750000e-06
7.867813110351562500e-06
8.344650268554687500e-06
6.675720214843750000e-06
6.675720214843750000e-06
6.675720214843750000e-06
6.675720214843750000e-06
1.144409179687500000e-05
6.675720214843750000e-06
6.437301635742187500e-06
6.675720214843750000e-06
6.437301635742187500e-06
6.437301635742187500e-06
6.675720214843750000e-06
9.298324584960937500e-06
6.675720214843750000e-06
6.675720214843750000e-06
6.437301635742187500e-06
