2.846336364746093750e-02
2.089643478393554688e-02
1.124382019042968750e-02
5.505561828613281250e-03
1.288437843322753906e-02
9.471893310546875000e-03
3.184151649475097656e-02
7.303452491760253906e-02
1.746463775634765625e-02
7.618904113769531250e-03
2.907252311706542969e-02
1.368665695190429688e-02
1.603796482086181641e-01
5.104279518127441406e-02
8.641958236694335938e-03
7.611274719238281250e-03
8.089542388916015625e-03
2.832245826721191406e-02
2.736878395080566406e-02
1.010513305664062500e-02
3.589034080505371094e-02
8.694171905517578125e-03
3.986477851867675781e-02
1.947975158691406250e-02
6.641864776611328125e-03
1.089072227478027344e-02
1.764371395111083984e-01
1.039099693298339844e-02
1.406407356262207031e-02
1.014780998229980469e-02
5.056519508361816406e-01
4.953265190124511719e-02
2.024579048156738281e-02
8.416652679443359375e-03
1.031374931335449219e-02
4.333114624023437500e-02
6.468772888183593750e-03
2.505111694335937500e-02
2.543401718139648438e-02
8.056879043579101562e-03
4.708456993103027344e-02
7.425785064697265625e-03
7.107019424438476562e-03
2.529382705688476562e-02
7.835149765014648438e-03
2.909946441650390625e-02
2.223658561706542969e-02
8.290529251098632812e-03
1.076674461364746094e-02
1.209712028503417969e-02
1.272096633911132812e-01
5.082678794860839844e-02
5.543947219848632812e-03
9.580135345458984375e-03
4.984378814697265625e-03
1.050901412963867188e-02
8.875370025634765625e-03
6.238698959350585938e-03
5.478382110595703125e-03
1.249623298645019531e-02
1.137256622314453125e-02
1.326441764831542969e-02
4.745960235595703125e-03
5.847692489624023438e-03
1.612541675567626953e-01
9.701490402221679688e-03
4.297256469726562500e-03
6.030797958374023438e-03
4.981756210327148438e-03
9.627580642700195312e-03
1.625442504882812500e-02
9.318590164184570312e-03
7.249355316162109375e-03
4.590511322021484375e-03
5.241632461547851562e-03
4.605770111083984375e-03
5.605697631835937500e-03
7.629632949829101562e-03
9.010553359985351562e-03
4.893779754638671875e-03
7.199287414550781250e-03
5.321979522705078125e-03
1.205608844757080078e-01
1.105761528015136719e-02
7.248878479003906250e-03
5.812478065490722656e-02
7.059574127197265625e-03
6.453752517700195312e-03
5.213761329650878906e-02
6.272554397583007812e-03
5.985736846923828125e-03
1.016116142272949219e-02
9.637355804443359375e-03
3.182625770568847656e-02
7.376194000244140625e-03
4.256916046142578125e-01
5.725860595703125000e-03
4.906177520751953125e-03
6.086587905883789062e-03
5.802869796752929688e-03
6.480455398559570312e-03
2.397179603576660156e-02
7.476568222045898438e-03
8.214497566223144531e-02
1.991045475006103516e-01
4.696893692016601562e-02
3.479480743408203125e-02
4.545927047729492188e-03
1.980924606323242188e-02
1.289749145507812500e-02
6.082057952880859375e-03
6.134748458862304688e-03
5.229234695434570312e-03
8.867740631103515625e-03
7.217407226562500000e-03
7.605314254760742188e-03
1.063895225524902344e-02
1.310706138610839844e-02
5.582809448242187500e-03
5.521774291992187500e-03
1.151156425476074219e-02
1.127338409423828125e-02
7.370948791503906250e-03
1.388788223266601562e-02
1.731443405151367188e-02
1.064443588256835938e-02
7.943630218505859375e-03
8.018016815185546875e-03
8.965253829956054688e-03
5.490779876708984375e-03
5.413532257080078125e-03
5.769729614257812500e-03
8.790969848632812500e-03
1.597881317138671875e-02
8.840560913085937500e-03
9.035825729370117188e-03
7.532358169555664062e-03
8.232998847961425781e-02
3.056573867797851562e-02
1.211881637573242188e-02
6.559348106384277344e-02
7.642707824707031250e-01
6.667852401733398438e-03
5.935907363891601562e-03
3.991603851318359375e-02
2.578496932983398438e-02
5.897283554077148438e-03
5.914688110351562500e-03
5.052804946899414062e-03
3.063201904296875000e-02
1.316332817077636719e-02
5.177021026611328125e-03
6.961584091186523438e-03
1.697635650634765625e-02
1.554656028747558594e-02
5.624055862426757812e-03
6.260156631469726562e-03
6.338119506835937500e-03
1.045489311218261719e-02
8.524894714355468750e-03
8.806705474853515625e-03
4.749774932861328125e-03
2.579665184020996094e-02
2.661204338073730469e-02
5.442857742309570312e-03
1.087951660156250000e-02
8.940219879150390625e-03
6.948232650756835938e-03
8.268117904663085938e-03
7.556676864624023438e-03
1.425719261169433594e-02
1.592707633972167969e-02
4.672265052795410156e-02
5.780458450317382812e-03
1.235175132751464844e-02
9.441089630126953125e-02
1.413059234619140625e-02
5.863428115844726562e-03
7.564067840576171875e-03
5.048751831054687500e-03
8.443355560302734375e-03
6.646299362182617188e-02
9.132146835327148438e-03
7.764577865600585938e-03
7.332563400268554688e-03
1.504158973693847656e-02
1.834127902984619141e-01
1.099610328674316406e-02
4.431247711181640625e-03
4.386949539184570312e-02
8.992195129394531250e-03
8.426904678344726562e-03
9.329080581665039062e-03
5.755186080932617188e-03
4.728794097900390625e-03
7.215499877929687500e-03
4.862785339355468750e-03
6.908893585205078125e-03
9.720563888549804688e-03
4.888772964477539062e-03
