1.883029937744140625e-02
1.284313201904296875e-02
7.894992828369140625e-03
7.055997848510742188e-03
2.149486541748046875e-02
1.010084152221679688e-02
3.911614418029785156e-02
6.491899490356445312e-02
1.190757751464843750e-02
6.308794021606445312e-03
2.118420600891113281e-02
8.921861648559570312e-03
1.399452686309814453e-01
8.044910430908203125e-02
8.656501770019531250e-03
7.843732833862304688e-03
7.706165313720703125e-03
1.793575286865234375e-02
1.380276679992675781e-02
7.250070571899414062e-03
2.809309959411621094e-02
5.204677581787109375e-03
2.018046379089355469e-02
1.102352142333984375e-02
4.685640335083007812e-03
7.394075393676757812e-03
1.312434673309326172e-01
7.857322692871093750e-03
1.690077781677246094e-02
1.143527030944824219e-02
5.939326286315917969e-01
3.598499298095703125e-02
2.596974372863769531e-02
9.851932525634765625e-03
1.237106323242187500e-02
5.196619033813476562e-02
8.319139480590820312e-03
2.782750129699707031e-02
2.658677101135253906e-02
1.398849487304687500e-02
5.724191665649414062e-02
7.765054702758789062e-03
8.430242538452148438e-03
2.298927307128906250e-02
1.150870323181152344e-02
3.315067291259765625e-02
2.561378479003906250e-02
5.711317062377929688e-03
6.556749343872070312e-03
7.787704467773437500e-03
1.397187709808349609e-01
6.103444099426269531e-02
6.253004074096679688e-03
1.337790489196777344e-02
1.013374328613281250e-02
1.994395256042480469e-02
1.926565170288085938e-02
1.385068893432617188e-02
1.409626007080078125e-02
2.212285995483398438e-02
2.416610717773437500e-02
2.785181999206542969e-02
1.185655593872070312e-02
1.412320137023925781e-02
1.735143661499023438e-01
1.151609420776367188e-02
4.295825958251953125e-03
5.685329437255859375e-03
4.834175109863281250e-03
9.385347366333007812e-03
1.927709579467773438e-02
1.725983619689941406e-02
1.514625549316406250e-02
1.030588150024414062e-02
7.881641387939453125e-03
7.746696472167968750e-03
1.111626625061035156e-02
1.276278495788574219e-02
1.580572128295898438e-02
6.288528442382812500e-03
6.510496139526367188e-03
1.103854179382324219e-02
1.880083084106445312e-01
1.709914207458496094e-02
1.040458679199218750e-02
5.023574829101562500e-02
9.366273880004882812e-03
1.091980934143066406e-02
5.650162696838378906e-02
6.053924560546875000e-03
6.143808364868164062e-03
1.122879981994628906e-02
9.003639221191406250e-03
2.976846694946289062e-02
6.623983383178710938e-03
5.087027549743652344e-01
9.213209152221679688e-03
7.150888442993164062e-03
5.899429321289062500e-03
9.860992431640625000e-03
8.887529373168945312e-03
3.506398200988769531e-02
1.315116882324218750e-02
8.235096931457519531e-02
2.807140350341796875e-01
5.410289764404296875e-02
5.700659751892089844e-02
4.821538925170898438e-03
2.166485786437988281e-02
1.316905021667480469e-02
5.915164947509765625e-03
6.566047668457031250e-03
9.809732437133789062e-03
1.432967185974121094e-02
9.764432907104492188e-03
1.114749908447265625e-02
5.795240402221679688e-03
9.989023208618164062e-03
7.211446762084960938e-03
8.994102478027343750e-03
1.411700248718261719e-02
1.213884353637695312e-02
8.833885192871093750e-03
1.178693771362304688e-02
2.129411697387695312e-02
9.434938430786132812e-03
9.688377380371093750e-03
1.199674606323242188e-02
1.282835006713867188e-02
8.977651596069335938e-03
5.770444869995117188e-03
8.916378021240234375e-03
9.269475936889648438e-03
1.293468475341796875e-02
8.064746856689453125e-03
1.430130004882812500e-02
1.199293136596679688e-02
7.693886756896972656e-02
2.207922935485839844e-02
1.257634162902832031e-02
7.756948471069335938e-02
8.917961120605468750e-01
6.392478942871093750e-03
5.274534225463867188e-03
3.847479820251464844e-02
2.193093299865722656e-02
6.173610687255859375e-03
9.482145309448242188e-03
7.543087005615234375e-03
4.307508468627929688e-02
1.479625701904296875e-02
4.996538162231445312e-03
1.041507720947265625e-02
3.022336959838867188e-02
2.421784400939941406e-02
6.052970886230468750e-03
6.413698196411132812e-03
6.683349609375000000e-03
1.170706748962402344e-02
9.359359741210937500e-03
9.127378463745117188e-03
5.216836929321289062e-03
2.403163909912109375e-02
2.092123031616210938e-02
4.686355590820312500e-03
8.991479873657226562e-03
4.762887954711914062e-03
1.105785369873046875e-02
1.055955886840820312e-02
1.223182678222656250e-02
1.673531532287597656e-02
1.555466651916503906e-02
5.728316307067871094e-02
4.378795623779296875e-03
1.786327362060546875e-02
9.497547149658203125e-02
1.176905632019042969e-02
5.002975463867187500e-03
6.211519241333007812e-03
4.337310791015625000e-03
7.164716720581054688e-03
6.495881080627441406e-02
9.153366088867187500e-03
8.362054824829101562e-03
9.728670120239257812e-03
2.070069313049316406e-02
2.368636131286621094e-01
1.232528686523437500e-02
4.650354385375976562e-03
5.904960632324218750e-02
1.221823692321777344e-02
1.383304595947265625e-02
1.317334175109863281e-02
6.208181381225585938e-03
4.688739776611328125e-03
7.046699523925781250e-03
4.851102828979492188e-03
1.356434822082519531e-02
1.462221145629882812e-02
1.000976562500000000e-02
