2.487635612487792969e-02
1.505565643310546875e-02
8.193969726562500000e-03
6.903648376464843750e-03
1.431465148925781250e-02
9.620189666748046875e-03
3.855085372924804688e-02
7.042217254638671875e-02
1.266384124755859375e-02
6.267786026000976562e-03
2.078890800476074219e-02
8.592605590820312500e-03
1.464776992797851562e-01
5.821394920349121094e-02
9.612321853637695312e-03
8.806943893432617188e-03
8.842945098876953125e-03
2.015948295593261719e-02
1.433730125427246094e-02
7.905483245849609375e-03
2.896952629089355469e-02
5.154371261596679688e-03
2.049779891967773438e-02
1.408934593200683594e-02
6.042718887329101562e-03
8.900642395019531250e-03
2.198448181152343750e-01
9.178400039672851562e-03
1.276564598083496094e-02
9.181499481201171875e-03
8.216736316680908203e-01
3.421568870544433594e-02
2.391862869262695312e-02
8.147716522216796875e-03
1.801323890686035156e-02
4.868173599243164062e-02
7.645845413208007812e-03
2.514076232910156250e-02
1.790976524353027344e-02
5.734443664550781250e-03
3.176116943359375000e-02
4.895687103271484375e-03
5.203485488891601562e-03
1.714205741882324219e-02
4.811525344848632812e-03
1.846241950988769531e-02
1.430821418762207031e-02
4.375934600830078125e-03
5.839109420776367188e-03
6.757020950317382812e-03
1.078176498413085938e-01
6.161117553710937500e-02
5.345106124877929688e-03
9.654045104980468750e-03
5.044937133789062500e-03
1.110243797302246094e-02
9.093046188354492188e-03
6.296873092651367188e-03
5.657196044921875000e-03
1.280260086059570312e-02
1.033520698547363281e-02
1.626014709472656250e-02
5.831480026245117188e-03
8.816003799438476562e-03
1.773531436920166016e-01
1.112103462219238281e-02
5.123376846313476562e-03
6.673097610473632812e-03
5.873441696166992188e-03
1.120615005493164062e-02
1.776385307312011719e-02
1.135063171386718750e-02
8.510112762451171875e-03
5.376338958740234375e-03
6.013870239257812500e-03
5.480289459228515625e-03
6.615877151489257812e-03
8.603572845458984375e-03
9.877920150756835938e-03
5.483627319335937500e-03
7.856845855712890625e-03
5.749464035034179688e-03
1.385014057159423828e-01
1.249909400939941406e-02
8.029699325561523438e-03
3.439831733703613281e-02
7.323503494262695312e-03
6.529092788696289062e-03
5.917620658874511719e-02
7.195711135864257812e-03
6.019353866577148438e-03
1.203632354736328125e-02
1.132225990295410156e-02
3.741312026977539062e-02
9.543180465698242188e-03
4.285883903503417969e-01
5.523204803466796875e-03
4.751443862915039062e-03
5.996227264404296875e-03
5.794525146484375000e-03
6.538152694702148438e-03
2.681779861450195312e-02
7.163763046264648438e-03
8.605909347534179688e-02
2.086181640625000000e-01
4.666566848754882812e-02
3.335881233215332031e-02
4.559993743896484375e-03
2.279257774353027344e-02
1.498293876647949219e-02
6.205797195434570312e-03
6.040334701538085938e-03
4.954338073730468750e-03
9.164333343505859375e-03
8.176326751708984375e-03
8.448123931884765625e-03
5.661249160766601562e-03
1.108264923095703125e-02
5.659580230712890625e-03
4.548788070678710938e-03
8.355855941772460938e-03
1.295924186706542969e-02
7.946014404296875000e-03
9.915351867675781250e-03
1.220488548278808594e-02
1.026725769042968750e-02
7.043123245239257812e-03
6.881475448608398438e-03
7.302522659301757812e-03
4.750490188598632812e-03
4.178524017333984375e-03
5.148410797119140625e-03
6.777763366699218750e-03
1.316094398498535156e-02
6.440401077270507812e-03
7.221937179565429688e-03
6.226778030395507812e-03
6.632256507873535156e-02
2.059245109558105469e-02
8.067607879638671875e-03
4.786539077758789062e-02
7.062861919403076172e-01
5.741357803344726562e-03
5.859375000000000000e-03
4.091739654541015625e-02
2.230691909790039062e-02
5.508184432983398438e-03
5.376577377319335938e-03
4.505395889282226562e-03
3.286719322204589844e-02
8.980035781860351562e-03
4.560470581054687500e-03
7.244586944580078125e-03
1.897168159484863281e-02
1.331615447998046875e-02
5.278110504150390625e-03
6.271362304687500000e-03
6.043195724487304688e-03
1.060891151428222656e-02
8.412599563598632812e-03
8.985280990600585938e-03
4.860639572143554688e-03
2.373957633972167969e-02
2.085947990417480469e-02
4.614114761352539062e-03
1.070284843444824219e-02
5.345344543457031250e-03
5.609035491943359375e-03
1.017451286315917969e-02
9.556055068969726562e-03
1.358699798583984375e-02
1.503062248229980469e-02
3.722262382507324219e-02
4.323005676269531250e-03
9.624481201171875000e-03
6.911635398864746094e-02
1.181030273437500000e-02
4.634618759155273438e-03
5.814313888549804688e-03
3.850460052490234375e-03
6.579399108886718750e-03
4.913020133972167969e-02
7.477045059204101562e-03
6.227970123291015625e-03
5.776405334472656250e-03
1.304054260253906250e-02
1.585125923156738281e-01
1.155376434326171875e-02
4.473686218261718750e-03
4.302668571472167969e-02
8.775472640991210938e-03
7.432222366333007812e-03
8.104085922241210938e-03
5.218744277954101562e-03
4.423856735229492188e-03
6.467342376708984375e-03
4.802942276000976562e-03
6.633281707763671875e-03
8.968353271484375000e-03
4.955768585205078125e-03
