1.446049213409423828e-01
2.837181091308593750e-05
6.675720214843750000e-06
8.106231689453125000e-06
7.390975952148437500e-06
1.287460327148437500e-05
1.168251037597656250e-05
7.867813110351562500e-06
7.152557373046875000e-06
1.382827758789062500e-05
6.675720214843750000e-06
6.675720214843750000e-06
6.675720214843750000e-06
6.437301635742187500e-06
2.288818359375000000e-05
6.437301635742187500e-06
1.072883605957031250e-05
6.675720214843750000e-06
6.675720214843750000e-06
7.152557373046875000e-06
6.914138793945312500e-06
6.675720214843750000e-06
6.437301635742187500e-06
6.437301635742187500e-06
7.152557373046875000e-06
6.675720214843750000e-06
6.198883056640625000e-06
6.437301635742187500e-06
8.344650268554687500e-06
6.675720214843750000e-06
7.152557373046875000e-06
6.914138793945312500e-06
7.629394531250000000e-06
6.675720214843750000e-06
6.675720214843750000e-06
6.675720214843750000e-06
6.675720214843750000e-06
1.096725463867187500e-05
6.675720214843750000e-06
6.437301635742187500e-06
6.914138793945312500e-06
7.152557373046875000e-06
6.914138793945312500e-06
8.344650268554687500e-06
6.437301635742187500e-06
9.298324584960937500e-06
6.675720214843750000e-06
6.675720214843750000e-06
9.059906005859375000e-06
6.437301635742187500e-06
6.675720214843750000e-06
6.675720214843750000e-06
1.382827758789062500e-05
6.437301635742187500e-06
6.437301635742187500e-06
6.914138793945312500e-06
6.675720214843750000e-06
6.675720214843750000e-06
6.675720214843750000e-06
6.675720214843750000e-06
6.437301635742187500e-06
6.675720214843750000e-06
6.437301635742187500e-06
6.675720214843750000e-06
6.675720214843750000e-06
6.675720214843750000e-06
6.675720214843750000e-06
6.675720214843750000e-06
6.914138793945312500e-06
1.001358032226562500e-05
6.437301635742187500e-06
6.675720214843750000e-06
6.437301635742187500e-06
6.437301635742187500e-06
7.867813110351562500e-06
6.675720214843750000e-06
8.583068847656250000e-06
7.152557373046875000e-06
6.437301635742187500e-06
6.675720214843750000e-06
6.437301635742187500e-06
6.437301635742187500e-06
1.192092895507812500e-05
1.287460327148437500e-05
6.914138793945312500e-06
6.675720214843750000e-06
6.675720214843750000e-06
6.675720214843750000e-06
7.629394531250000000e-06
1.001358032226562500e-05
7.152557373046875000e-06
8.344650268554687500e-06
9.775161743164062500e-06
6.437301635742187500e-06
6.675720214843750000e-06
6.675720214843750000e-06
6.675720214843750000e-06
8.106231689453125000e-06
1.168251037597656250e-05
1.192092895507812500e-05
1.311302185058593750e-05
7.152557373046875000e-06
6.675720214843750000e-06
6.437301635742187500e-06
1.215934753417968750e-05
6.675720214843750000e-06
6.675720214843750000e-06
8.344650268554687500e-06
1.096725463867187500e-05
7.867813110351562500e-06
6.675720214843750000e-06
6.675720214843750000e-06
6.198883056640625000e-06
6.675720214843750000e-06
6.675720214843750000e-06
1.239776611328125000e-05
7.629394531250000000e-06
6.675720214843750000e-06
6.675720214843750000e-06
6.675720214843750000e-06
6.675720214843750000e-06
6.675720214843750000e-06
8.583068847656250000e-06
1.382827758789062500e-05
6.437301635742187500e-06
6.675720214843750000e-06
6.198883056640625000e-06
1.215934753417968750e-05
9.298324584960937500e-06
6.675720214843750000e-06
8.344650268554687500e-06
1.072883605957031250e-05
6.675720214843750000e-06
6.675720214843750000e-06
1.144409179687500000e-05
6.675720214843750000e-06
6.675720214843750000e-06
6.675720214843750000e-06
8.344650268554687500e-06
1.001358032226562500e-05
6.675720214843750000e-06
7.629394531250000000e-06
6.675720214843750000e-06
6.914138793945312500e-06
1.025199890136718750e-05
6.675720214843750000e-06
6.675720214843750000e-06
6.675720214843750000e-06
7.152557373046875000e-06
8.821487426757812500e-06
8.583068847656250000e-06
9.536743164062500000e-06
9.536743164062500000e-06
6.437301635742187500e-06
6.675720214843750000e-06
6.675720214843750000e-06
6.675720214843750000e-06
9.298324584960937500e-06
8.821487426757812500e-06
8.106231689453125000e-06
1.287460327148437500e-05
6.675720214843750000e-06
6.675720214843750000e-06
6.675720214843750000e-06
6.675720214843750000e-06
1.168251037597656250e-05
1.406669616699218750e-05
1.096725463867187500e-05
9.536743164062500000e-06
6.675720214843750000e-06
6.437301635742187500e-06
6.437301635742187500e-06
9.059906005859375000e-06
6.437301635742187500e-06
6.437301635742187500e-06
8.583068847656250000e-06
1.382827758789062500e-05
1.168251037597656250e-05
6.675720214843750000e-06
6.437301635742187500e-06
6.675720214843750000e-06
6.914138793945312500e-06
6.437301635742187500e-06
6.675720214843750000e-06
9.775161743164062500e-06
1.263618469238281250e-05
6.675720214843750000e-06
9.298324584960937500e-06
6.437301635742187500e-06
6.675720214843750000e-06
6.675720214843750000e-06
1.096725463867187500e-05
1.072883605957031250e-05
6.675720214843750000e-06
6.437301635742187500e-06
6.675720214843750000e-06
6.675720214843750000e-06
6.675720214843750000e-06
6.675720214843750000e-06
8.344650268554687500e-06
