1.776990652084350586e+00
2.038011074066162109e+00
3.948554515838623047e+00
1.540095423221588135e+03
1.244349837303161621e+01
1.844066143035888672e+00
3.282181024551391602e+00
3.925314426422119141e+00
3.074237108230590820e+00
4.292006254196166992e+00
3.331610202789306641e+00
3.896952390670776367e+00
1.166206598281860352e+00
1.238772511482238770e+01
1.027554273605346680e+00
8.969762325286865234e-01
8.384492397308349609e-01
1.222132682800292969e+01
1.110733509063720703e+00
1.123133182525634766e+00
1.086348533630371094e+00
1.221182346343994141e+00
2.641715049743652344e+00
2.274883031845092773e+00
1.252340078353881836e+00
7.870236635208129883e+00
1.295257329940795898e+00
6.293466091156005859e-01
8.503460884094238281e-01
3.278754711151123047e+00
2.766491174697875977e+00
6.821875095367431641e+00
2.098426342010498047e+00
9.030642509460449219e-01
1.721328496932983398e+00
3.131042003631591797e+00
1.250193834304809570e+00
3.826086997985839844e+00
2.771465778350830078e+00
1.187009572982788086e+00
5.230247974395751953e-01
1.152986764907836914e+00
1.044739007949829102e+00
3.041358470916748047e+00
1.059178590774536133e+00
3.038003444671630859e+00
5.001685564517974854e+02
3.482942104339599609e+00
1.628256797790527344e+00
4.384895324707031250e+00
1.012038230895996094e+00
1.065314054489135742e+00
7.302951812744140625e-01
2.656816959381103516e+00
1.650668621063232422e+00
8.611483573913574219e-01
1.574822664260864258e+00
3.026287317276000977e+00
1.428398609161376953e+00
6.919567584991455078e-01
1.137521028518676758e+00
4.358260869979858398e+00
3.027084589004516602e+00
1.621872425079345703e+00
5.608177185058593750e-01
1.497656583786010742e+00
5.395478312969207764e+02
5.423363685607910156e+00
1.401461434364318848e+01
1.200107216835021973e+01
1.788529872894287109e+00
6.020648956298828125e+00
1.018474102020263672e+00
5.158344507217407227e+00
6.029918193817138672e-01
8.903911113739013672e-01
5.320632457733154297e-01
9.892470836639404297e-01
1.165159225463867188e+00
1.824362516403198242e+00
3.363193511962890625e+00
9.119482040405273438e-01
7.720636367797851562e+00
4.025312900543212891e+00
5.306465888023376465e+01
1.727720880508422852e+01
5.004588127136230469e+00
1.866837024688720703e+00
1.664819145202636719e+01
1.575644731521606445e+00
1.747297024726867676e+01
2.340786457061767578e+00
2.267173290252685547e+00
1.447883129119873047e+00
1.280549526214599609e+00
6.307912826538085938e+00
9.751710891723632812e-01
2.789139986038208008e+00
1.023792505264282227e+00
2.591732501983642578e+00
1.190973520278930664e+00
4.667887687683105469e-01
1.911031246185302734e+00
1.105513095855712891e+00
1.395834922790527344e+00
2.402917623519897461e+00
1.990328073501586914e+00
8.185062408447265625e-01
2.964432239532470703e+00
8.730569601058959961e+00
6.952632496356964111e+02
6.510905504226684570e+00
1.274053502082824707e+01
2.199570679664611816e+01
1.092952489852905273e+00
3.267065763473510742e+00
2.055304288864135742e+00
6.669693708419799805e+00
8.333930969238281250e-01
9.821100234985351562e-01
1.469733953475952148e+00
1.593453407287597656e+00
8.922171592712402344e-01
3.333421707153320312e+00
1.272785186767578125e+00
6.706005334854125977e+00
1.426303625106811523e+00
2.631896734237670898e+00
1.019865751266479492e+00
1.830932140350341797e+00
1.046346187591552734e+00
2.926709890365600586e+00
1.944545745849609375e+00
8.246564865112304688e-01
2.012165069580078125e+00
2.898370265960693359e+00
8.107411146163940430e+00
7.523562431335449219e+00
5.321976900100708008e+00
9.158004045486450195e+00
3.750961303710937500e+00
1.524855613708496094e+00
2.278539180755615234e+00
1.925591945648193359e+00
1.740620613098144531e+00
3.334833860397338867e+00
3.360188007354736328e+00
1.862702369689941406e+00
4.949713468551635742e+00
1.070004940032958984e+00
5.994503498077392578e-01
8.928859233856201172e-01
2.202775478363037109e+00
1.141429662704467773e+00
8.378849744796752930e+00
3.627202272415161133e+00
1.046293020248413086e+00
1.376412868499755859e+00
5.183939933776855469e-01
1.333506822586059570e+00
7.817255973815917969e+00
3.782937526702880859e+00
2.900783061981201172e+00
1.847009420394897461e+00
2.185317039489746094e+00
2.046246528625488281e+00
4.598020315170288086e+00
1.749594688415527344e+00
1.785059928894042969e+00
6.597518920898437500e-01
2.920263767242431641e+00
9.884855747222900391e-01
1.409175634384155273e+00
1.081210613250732422e+00
4.760057926177978516e-01
8.865981578826904297e+00
9.145598411560058594e-01
2.007067680358886719e+00
4.051099514961242676e+01
3.528981208801269531e-01
2.494445800781250000e+00
1.776512622833251953e+00
5.904809222221374512e+02
1.985113263130187988e+01
7.812574386596679688e+00
1.316402268409729004e+01
4.386412382125854492e+00
2.858813762664794922e+00
1.131313562393188477e+00
1.725351095199584961e+00
1.115061044692993164e+00
1.204689741134643555e+00
1.554378509521484375e+00
9.368336200714111328e-01
1.209244966506958008e+00
1.426256418228149414e+00
6.919722557067871094e-01
5.189941558837890625e+02
5.078851222991943359e+00
2.276165246963500977e+00
