9.265052343750000000e+04
1.254936200000000000e+07
1.192335449218750000e+04
5.138217773437500000e+02
8.382024375000000000e+05
2.284031406250000000e+05
8.170316772460937500e+02
1.361347045898437500e+03
2.460450195312500000e+04
1.090346336364746094e+00
3.953340800000000000e+07
3.860495937500000000e+05
9.740236718750000000e+04
3.424567250000000000e+06
1.546736700000000000e+07
9.963397460937500000e+03
8.590294000000000000e+06
1.054546000000000000e+06
2.080107656250000000e+05
1.510963134765625000e+03
4.710415000000000000e+06
4.681600000000000000e+07
2.564666250000000000e+05
3.447245000000000000e+06
1.068996800000000000e+07
5.234775500000000000e+06
2.477561035156250000e+03
1.502784531250000000e+05
7.713349500000000000e+06
2.284031406250000000e+05
3.341037187500000000e+05
8.911416000000000000e+06
1.681944250000000000e+06
3.817412000000000000e+07
1.526511840000000000e+08
3.529774800000000000e+07
3.049329600000000000e+08
4.809456054687500000e+03
9.715170312500000000e+04
4.490095703125000000e+03
1.669488671875000000e+04
1.327932929992675781e+01
6.519615478515625000e+02
3.144605000000000000e+05
1.354130371093750000e+04
5.383562500000000000e+05
4.187098046875000000e+04
1.721083625000000000e+06
1.295273315429687500e+03
9.663596801757812500e+02
3.436045625000000000e+05
6.792903808593750000e+03
2.477561035156250000e+03
2.019646093750000000e+05
2.760267822265625000e+03
3.193343811035156250e+02
1.097539138793945312e+02
1.144192773437500000e+04
1.201603203125000000e+05
3.548395750000000000e+06
9.130627929687500000e+03
9.822597656250000000e+04
1.054239746093750000e+04
2.573932968750000000e+05
3.369497656250000000e+04
1.596731201171875000e+03
1.152255468750000000e+05
1.979766235351562500e+03
1.308316250000000000e+06
2.292046875000000000e+04
9.614046250000000000e+05
3.231752500000000000e+05
2.549528125000000000e+04
7.960371250000000000e+05
1.515007629394531250e+02
8.854920312500000000e+04
5.364266875000000000e+05
6.894022216796875000e+02
1.277993437500000000e+05
2.354425659179687500e+02
0.000000000000000000e+00
1.253850781250000000e+05
1.124766311645507812e+02
2.979092216491699219e+01
2.785786875000000000e+05
3.899161250000000000e+05
5.044416046142578125e+01
9.074206000000000000e+06
3.744227343750000000e+04
4.105548437500000000e+05
8.246086250000000000e+05
1.415919726562500000e+04
1.791991210937500000e+03
3.502136718750000000e+04
7.102677600000000000e+07
7.920234375000000000e+04
6.389617500000000000e+05
2.336521000000000000e+06
6.024908125000000000e+05
6.158896400000000000e+07
4.608901367187500000e+03
0.000000000000000000e+00
1.805352687835693359e+00
1.118662414550781250e+02
2.140040781250000000e+05
2.328946875000000000e+05
8.077765625000000000e+04
8.264391479492187500e+02
5.653483750000000000e+05
4.394734375000000000e+04
4.466561584472656250e+02
1.275600585937500000e+03
3.693921203613281250e+02
1.867659187316894531e+01
8.549650000000000000e+06
3.345939000000000000e+06
1.273176093750000000e+05
9.241488125000000000e+05
1.137702187500000000e+05
4.950544921875000000e+04
8.855183750000000000e+05
2.801145000000000000e+05
2.968110937500000000e+04
6.106989135742187500e+02
2.023695200000000000e+07
5.488059500000000000e+06
2.174313750000000000e+06
4.752145000000000000e+05
4.591857812500000000e+05
1.268366300000000000e+07
1.245420312500000000e+05
6.727690625000000000e+05
3.735245895385742188e+01
8.287445312500000000e+04
2.008835601806640625e+02
9.198040161132812500e+02
1.297249000000000000e+07
2.715119531250000000e+04
4.795134062500000000e+05
3.515307421875000000e+04
4.921036500000000000e+06
1.429343593750000000e+05
4.478035156250000000e+04
4.011992187500000000e+04
1.472851464843750000e+04
5.659956054687500000e+02
3.280502014160156250e+02
6.171230957031250000e+03
9.372156372070312500e+02
5.570755615234375000e+02
2.744218444824218750e+01
1.202821125000000000e+06
2.621740000000000000e+05
8.345803750000000000e+05
3.081213750000000000e+05
6.593709375000000000e+05
2.873773437500000000e+05
1.142616953125000000e+05
3.586010546875000000e+04
8.849963867187500000e+03
2.002485351562500000e+04
6.978380625000000000e+05
1.140955500000000000e+07
1.695081125000000000e+06
2.108253500000000000e+06
1.063316750000000000e+06
1.613997000000000000e+07
2.876339687500000000e+05
6.134516113281250000e+03
1.261011276245117188e+02
2.478715250000000000e+06
1.254374687500000000e+05
1.460830312500000000e+05
6.202558203125000000e+04
4.945418701171875000e+02
1.295273315429687500e+03
2.542548750000000000e+05
2.141404151916503906e+01
7.356599218750000000e+04
3.766199874877929688e+01
2.086293212890625000e+03
2.536472750000000000e+06
6.764381500000000000e+06
9.428087500000000000e+04
3.409195312500000000e+05
7.730401562500000000e+04
3.638023046875000000e+04
1.105137875000000000e+06
4.667135925292968750e+02
1.715826250000000000e+05
4.166996484375000000e+04
2.537472000000000000e+06
1.101246125000000000e+06
3.555373750000000000e+06
2.668217812500000000e+05
8.368893750000000000e+05
1.377263125000000000e+06
2.324076718750000000e+05
6.961097656250000000e+03
1.251132934570312500e+03
1.145042236328125000e+03
1.341638793945312500e+02
1.568202656250000000e+05
7.042506347656250000e+03
2.872783813476562500e+02
1.926543235778808594e+00
2.538630867004394531e+01
2.704158750000000000e+05
4.233989500000000000e+06
1.048249062500000000e+06
2.615718906250000000e+05
9.268221679687500000e+03
2.718656250000000000e+03
4.197777500000000000e+05
6.605014038085937500e+02
4.214227187500000000e+05
7.070737304687500000e+02
1.542641500000000000e+07
1.035256718750000000e+05
1.842676400000000000e+07
3.169885625000000000e+05
1.264296125000000000e+06
3.982744400000000000e+07
2.833861562500000000e+05
1.273673906250000000e+05
3.713135147094726562e+01
1.071043046875000000e+05
3.434134277343750000e+03
1.399019287109375000e+03
1.339587700000000000e+07
8.169175000000000000e+05
1.687723593750000000e+05
2.163330937500000000e+05
2.640348000000000000e+07
1.487743125000000000e+05
4.394930175781250000e+03
2.374931152343750000e+03
3.289355000000000000e+05
1.080862304687500000e+03
1.578535750000000000e+06
3.318793487548828125e+01
1.039163625000000000e+06
8.055538177490234375e+01
2.460089062500000000e+04
1.248292400000000000e+07
8.769232788085937500e+02
1.787978750000000000e+06
1.116340750000000000e+06
1.255901300000000000e+07
4.551896875000000000e+04
9.187455468750000000e+04
7.618333740234375000e+02
3.275715576171875000e+03
2.974945449829101562e+01
5.138217773437500000e+02
1.960970875000000000e+06
5.214715625000000000e+04
9.622279687500000000e+04
3.368521728515625000e+03
1.832783000000000000e+06
4.548802734375000000e+04
1.035329101562500000e+04
5.807585449218750000e+02
5.183941250000000000e+05
1.979568875000000000e+06
1.488021240234375000e+03
9.265052343750000000e+04
5.138217773437500000e+02
6.999635620117187500e+02
6.479095000000000000e+05
2.780181396484375000e+03
4.307289453125000000e+04
0.000000000000000000e+00
8.170316772460937500e+02
2.681546562500000000e+05
1.251909600000000000e+07
2.512501250000000000e+06
9.674100781250000000e+04
9.004061889648437500e+02
9.740236718750000000e+04
3.460014500000000000e+06
8.411354370117187500e+02
8.044041875000000000e+05
4.254253906250000000e+04
2.234155250000000000e+06
2.980388437500000000e+05
1.632729400000000000e+07
6.558915625000000000e+04
3.492566750000000000e+06
2.239924000000000000e+06
1.297965546875000000e+05
1.892715301513671875e+02
2.452700000000000000e+04
6.961097656250000000e+03
1.936664428710937500e+03
9.023710250854492188e+00
1.666903281250000000e+05
5.406091875000000000e+05
5.789681152343750000e+03
2.867490478515625000e+03
4.317857187500000000e+05
1.039168562500000000e+06
8.381992500000000000e+05
8.608172607421875000e+02
3.691478906250000000e+04
1.502784531250000000e+05
5.264826660156250000e+02
2.033271026611328125e+02
7.395943750000000000e+04
1.300783081054687500e+02
8.071904182434082031e-01
1.423312600000000000e+07
2.035175781250000000e+05
2.798357250000000000e+06
2.288841250000000000e+06
6.138034375000000000e+05
4.733788757324218750e+02
4.596545625000000000e+05
9.809268554687500000e+03
8.204479370117187500e+02
6.021459350585937500e+02
2.197788250000000000e+06
1.756199600000000000e+07
9.064608593750000000e+04
1.795925625000000000e+05
1.227950781250000000e+04
3.421200625000000000e+05
1.080862304687500000e+03
2.429181875000000000e+05
1.073006668090820312e+02
1.094832031250000000e+05
5.246239013671875000e+02
8.235848388671875000e+02
7.167034500000000000e+06
1.024258984375000000e+04
1.312139875000000000e+06
1.580316250000000000e+06
1.486731200000000000e+08
1.080862304687500000e+03
2.216384843750000000e+05
2.166515159606933594e+01
3.621643437500000000e+05
3.561667442321777344e+00
1.485162811279296875e+02
1.204896100000000000e+07
3.128902587890625000e+02
2.885251562500000000e+04
6.479427246093750000e+03
8.058715000000000000e+05
1.250978281250000000e+05
9.052955468750000000e+04
6.851955890655517578e+00
2.822355625000000000e+05
1.134432077407836914e+00
0.000000000000000000e+00
6.937597000000000000e+06
3.480429992675781250e+02
1.514046020507812500e+02
5.802591552734375000e+02
1.205602343750000000e+04
5.364266875000000000e+05
2.561956787109375000e+02
8.854920312500000000e+04
8.616893554687500000e+03
9.663596801757812500e+02
1.253850781250000000e+05
4.431722412109375000e+02
2.284031406250000000e+05
3.033928298950195312e+01
1.577390625000000000e+03
1.287393000000000000e+06
9.074206000000000000e+06
1.158046500000000000e+06
6.572095000000000000e+05
6.166594238281250000e+03
1.551130156250000000e+05
2.776453000000000000e+06
1.271390332031250000e+04
2.051188906250000000e+05
7.154743125000000000e+05
4.434819200000000000e+08
1.151789700000000000e+07
1.034934000000000000e+07
4.524094500000000000e+06
1.598269200000000000e+07
2.036269696000000000e+09
6.851634375000000000e+05
2.460142656250000000e+05
2.255368957519531250e+02
9.640472656250000000e+03
1.295273315429687500e+03
2.354425659179687500e+02
2.442309814453125000e+03
1.408426269531250000e+03
5.278764648437500000e+02
3.948711013793945312e+01
4.689738000000000000e+06
6.336719375000000000e+05
1.029867937500000000e+06
3.454343125000000000e+05
8.074646875000000000e+05
1.880803100585937500e+03
6.711640625000000000e+04
5.496800781250000000e+03
1.817448242187500000e+04
1.827473828125000000e+04
1.230672900000000000e+07
1.867878400000000000e+07
1.379393875000000000e+06
5.440496250000000000e+05
2.370792343750000000e+05
1.678480000000000000e+07
1.109237890625000000e+05
2.104575347900390625e+01
2.336830139160156250e+02
4.987441796875000000e+04
1.039163625000000000e+06
1.052758300781250000e+03
1.071745375000000000e+06
8.010459136962890625e+01
3.280502014160156250e+02
1.130749140625000000e+05
5.040159225463867188e+00
7.473570800781250000e+03
0.000000000000000000e+00
1.876043319702148438e+01
5.928192500000000000e+05
6.692039600000000000e+07
1.237992187500000000e+04
9.023036250000000000e+05
1.787421226501464844e+01
1.552383300781250000e+04
6.254556250000000000e+05
3.052991390228271484e+00
4.195966796875000000e+03
3.769568481445312500e+02
8.851280000000000000e+06
8.696561523437500000e+03
1.405039625000000000e+06
2.957001562500000000e+04
1.520643164062500000e+04
4.390000625000000000e+05
1.408426269531250000e+03
8.298301391601562500e+02
1.277993437500000000e+05
2.480864524841308594e-01
2.019646093750000000e+05
1.502784531250000000e+05
4.259271545410156250e+02
6.479095000000000000e+05
1.134139550781250000e+04
1.526743652343750000e+04
8.414576562500000000e+04
2.055671875000000000e+06
1.985932861328125000e+03
9.617911000000000000e+06
2.262088867187500000e+03
6.567627500000000000e+05
2.191302400000000000e+07
1.563481625000000000e+06
7.909503125000000000e+05
4.090064000000000000e+06
1.207518800000000000e+07
3.008058125000000000e+05
6.323528500000000000e+06
4.573752400000000000e+07
6.271762000000000000e+07
6.464780400000000000e+07
2.005559387207031250e+02
1.341638793945312500e+02
1.408426269531250000e+03
3.034282207489013672e+00
1.935672812500000000e+05
1.070754882812500000e+03
3.761025619506835938e+01
2.216384843750000000e+05
4.166160888671875000e+02
8.671567535400390625e+01
1.658540312500000000e+05
6.441530078125000000e+04
7.339716796875000000e+02
2.555461718750000000e+05
1.544553527832031250e+02
5.753406982421875000e+02
1.021015100000000000e+07
1.186734375000000000e+04
1.183490844726562500e+03
6.454819140625000000e+04
2.519783600000000000e+07
4.493165625000000000e+04
5.362951562500000000e+04
4.819118750000000000e+04
2.386159000000000000e+06
7.463725000000000000e+06
7.930099375000000000e+05
1.052758300781250000e+03
1.039163625000000000e+06
4.266760156250000000e+04
2.663593139648437500e+02
1.013687683105468750e+03
1.443123779296875000e+02
3.280502014160156250e+02
0.000000000000000000e+00
4.248830871582031250e+02
4.051240625000000000e+05
1.017581800000000000e+07
2.120064250000000000e+06
5.928192500000000000e+05
2.833361816406250000e+03
3.015036000000000000e+06
3.907922656250000000e+04
1.634960327148437500e+03
3.017887939453125000e+03
8.496544799804687500e+02
8.425388000000000000e+06
8.961626250000000000e+05
1.819302400000000000e+07
5.281469375000000000e+05
8.044761718750000000e+04
1.249500200000000000e+07
2.005077968750000000e+05
7.889109039306640625e+01
9.223466796875000000e+02
3.602257812500000000e+04
1.882868804931640625e+02
9.663596801757812500e+02
3.432451171875000000e+03
1.932773125000000000e+05
2.137704101562500000e+04
4.849709765625000000e+04
1.282701796875000000e+05
6.608943847656250000e+03
5.148640234375000000e+04
2.392385312500000000e+05
2.813079375000000000e+05
4.307289453125000000e+04
1.420803955078125000e+03
0.000000000000000000e+00
5.653483750000000000e+05
1.102658398437500000e+04
8.340397460937500000e+03
6.023672500000000000e+05
2.111812968750000000e+05
5.021234863281250000e+03
1.823921750000000000e+06
1.895338250000000000e+06
4.443689062500000000e+05
1.095833906250000000e+05
7.043700408935546875e+01
1.495544531250000000e+05
3.870566406250000000e+03
7.140092285156250000e+03
1.110847400000000000e+07
8.163240625000000000e+05
8.246566250000000000e+05
7.406257500000000000e+05
7.795737600000000000e+07
8.382024375000000000e+05
1.253850781250000000e+05
1.502784531250000000e+05
1.443980712890625000e+03
7.699784375000000000e+05
1.039163625000000000e+06
4.881467968750000000e+04
1.295273315429687500e+03
8.938263702392578125e+01
1.587446289062500000e+02
1.333083000000000000e+07
1.423323500000000000e+07
2.034481500000000000e+06
2.494138000000000000e+06
1.716883437500000000e+05
8.795617968750000000e+04
9.321874000000000000e+06
1.389577875000000000e+06
1.275656625000000000e+06
7.523383789062500000e+02
1.601348200000000000e+07
3.001411200000000000e+07
2.210891600000000000e+07
1.116432375000000000e+06
5.627551500000000000e+06
2.998402000000000000e+07
1.621228281250000000e+05
1.376167755126953125e+02
3.655325927734375000e+02
6.713132031250000000e+04
4.888332519531250000e+03
1.253850781250000000e+05
9.663596801757812500e+02
3.742593765258789062e+00
5.653483750000000000e+05
8.596699218750000000e+03
1.406890258789062500e+02
2.284031406250000000e+05
9.904974937438964844e+00
0.000000000000000000e+00
2.606903500000000000e+06
1.500478750000000000e+05
4.678937988281250000e+02
2.776453000000000000e+06
3.226041259765625000e+02
4.717456436157226562e+01
5.094937000000000000e+06
9.362271118164062500e+02
1.870357971191406250e+02
1.403896331787109375e+02
7.495324500000000000e+06
3.168886230468750000e+03
4.060467041015625000e+03
1.196791406250000000e+04
1.522564941406250000e+03
6.762255859375000000e+03
1.250510864257812500e+03
2.778320007324218750e+02
1.354643164062500000e+04
1.843707847595214844e+01
6.961097656250000000e+03
5.784209375000000000e+05
4.721431884765625000e+02
3.835074707031250000e+03
0.000000000000000000e+00
8.130326843261718750e+01
2.665000625000000000e+05
2.209199000000000000e+06
6.541961914062500000e+03
6.176844921875000000e+04
2.388491058349609375e+02
1.566721313476562500e+03
4.126548250000000000e+06
5.427606445312500000e+03
1.835869218750000000e+05
6.309420776367187500e+02
2.367255750000000000e+06
3.079139687500000000e+05
2.628171500000000000e+06
8.180916015625000000e+03
4.232630000000000000e+05
1.960854750000000000e+06
1.478845468750000000e+05
2.662106933593750000e+02
8.553685156250000000e+04
4.965825937500000000e+05
6.961097656250000000e+03
2.324076718750000000e+05
5.653483750000000000e+05
1.206549121093750000e+04
1.341638793945312500e+02
1.277993437500000000e+05
2.161590766906738281e+01
1.495544531250000000e+05
7.580749511718750000e+03
1.822579843750000000e+05
2.704158750000000000e+05
5.618912000000000000e+06
2.525636718750000000e+04
4.262593000000000000e+06
3.238171000000000000e+06
1.299708400000000000e+07
9.579945000000000000e+05
1.125480590820312500e+03
3.092103750000000000e+06
4.234094500000000000e+06
8.197783000000000000e+06
7.890984375000000000e+05
6.497600400000000000e+07
4.113820400000000000e+07
3.168055200000000000e+07
4.072187600000000000e+07
3.161234741210937500e+02
0.000000000000000000e+00
1.742014617919921875e+02
1.228869750976562500e+03
9.265052343750000000e+04
1.192335449218750000e+04
1.673606250000000000e+05
1.511133911132812500e+03
2.284031406250000000e+05
5.651983593750000000e+04
1.485952911376953125e+02
1.991363525390625000e+03
1.422364234924316406e+00
1.487822558593750000e+04
3.860495937500000000e+05
5.537152343750000000e+04
1.049087109375000000e+04
9.965118750000000000e+04
1.326643457031250000e+04
3.237836250000000000e+05
7.486781250000000000e+04
1.134461914062500000e+04
5.264263671875000000e+04
2.189001708984375000e+03
8.249736718750000000e+04
4.866862500000000000e+04
9.759317187500000000e+04
1.573789687500000000e+05
5.228753906250000000e+04
1.068235703125000000e+05
1.502784531250000000e+05
2.216384843750000000e+05
9.682469177246093750e+01
1.495544531250000000e+05
1.524282073974609375e+02
1.465288452148437500e+03
3.380911250000000000e+06
2.886289257812500000e+04
1.813347812500000000e+05
1.522591406250000000e+05
7.014490000000000000e+06
2.932525312500000000e+05
2.587412695312500000e+04
5.229701171875000000e+04
1.987339477539062500e+03
2.354425659179687500e+02
2.005077968750000000e+05
9.894832611083984375e+01
1.341638793945312500e+02
0.000000000000000000e+00
4.715292968750000000e+03
4.099769062500000000e+05
6.121812000000000000e+06
1.904777000000000000e+06
2.707252500000000000e+05
4.733782812500000000e+04
3.532455000000000000e+05
1.501668437500000000e+05
1.352240112304687500e+03
9.949081250000000000e+05
3.404898071289062500e+02
2.124701600000000000e+07
1.963265000000000000e+06
2.690093600000000000e+07
1.521376125000000000e+06
8.100949375000000000e+05
9.667630400000000000e+07
1.295273315429687500e+03
3.155672812500000000e+05
3.473095625000000000e+05
5.109585449218750000e+03
1.093777968750000000e+05
3.203011562500000000e+05
2.052992187500000000e+03
1.481283000000000000e+06
4.872983398437500000e+03
1.148254687500000000e+05
6.356432500000000000e+06
2.146123250000000000e+06
7.286856445312500000e+03
6.273282400000000000e+07
3.982331500000000000e+06
1.362849000000000000e+06
4.408554800000000000e+07
2.491696679687500000e+04
2.567537250000000000e+06
2.650138750000000000e+06
5.473054720000000000e+08
3.740454500000000000e+06
6.376134000000000000e+06
9.358776800000000000e+07
1.337157500000000000e+07
1.226490800000000000e+08
1.408426269531250000e+03
5.318166503906250000e+02
3.051774024963378906e+00
7.748261230468750000e+03
2.184421250000000000e+05
9.455316925048828125e+01
1.844683837890625000e+01
1.039008007812500000e+04
1.790270019531250000e+03
9.265052343750000000e+04
9.637642822265625000e+02
1.253850781250000000e+05
7.993236541748046875e+01
3.107929077148437500e+02
2.534236500000000000e+06
9.912848632812500000e+03
2.530729101562500000e+04
1.100926875000000000e+05
5.550701250000000000e+05
1.127780000000000000e+05
5.803538000000000000e+06
1.307315156250000000e+05
7.074814796447753906e+00
1.139806542968750000e+04
1.408426269531250000e+03
0.000000000000000000e+00
6.043380000000000000e+05
7.377800292968750000e+03
2.491315841674804688e+01
1.300521800000000000e+07
1.861306125000000000e+06
4.048653793334960938e+01
1.782328400000000000e+07
4.007181875000000000e+05
2.198563385009765625e+02
1.559290625000000000e+05
1.796913940429687500e+03
1.067160568237304688e+02
2.879949062500000000e+05
1.658824000000000000e+07
5.864996250000000000e+05
7.716271362304687500e+02
2.247156000000000000e+06
4.681188671875000000e+04
1.375870375000000000e+06
1.253850781250000000e+05
2.310887451171875000e+03
8.050394531250000000e+04
7.192627200000000000e+07
4.307289453125000000e+04
1.420803955078125000e+03
2.602925109863281250e+02
0.000000000000000000e+00
5.653483750000000000e+05
1.495544531250000000e+05
5.117855224609375000e+02
2.324076718750000000e+05
4.277724914550781250e+02
1.230813110351562500e+03
6.023672500000000000e+05
4.153995000000000000e+05
2.090277929687500000e+04
1.848277187500000000e+05
3.705611877441406250e+02
2.427449493408203125e+02
4.262593000000000000e+06
2.779248125000000000e+05
9.227637500000000000e+04
1.975462812500000000e+05
1.365702375000000000e+06
1.749230781250000000e+05
3.136404687500000000e+05
1.039168906250000000e+05
3.873895000000000000e+06
9.925142500000000000e+05
6.961097656250000000e+03
2.718698750000000000e+05
2.724159375000000000e+05
1.124062866210937500e+03
9.962143707275390625e+01
2.832435351562500000e+04
0.000000000000000000e+00
1.357091093750000000e+05
2.077523956298828125e+02
1.046368713378906250e+02
2.631765312500000000e+05
2.256939000000000000e+06
3.893426025390625000e+03
4.310951500000000000e+06
2.290267500000000000e+05
2.293452187500000000e+05
1.408629875000000000e+06
1.278312377929687500e+02
6.424637695312500000e+03
3.893110156250000000e+04
7.405677000000000000e+06
3.264065000000000000e+05
7.047978750000000000e+05
1.545016000000000000e+06
4.767951562500000000e+05
2.006570500000000000e+06
1.790270019531250000e+03
2.005077968750000000e+05
1.253850781250000000e+05
4.347130737304687500e+02
3.130197250000000000e+06
9.265052343750000000e+04
7.313322753906250000e+03
1.495544531250000000e+05
6.000576562500000000e+04
1.738525268554687500e+03
1.355860000000000000e+08
2.534236500000000000e+06
5.060639648437500000e+03
7.274603500000000000e+06
8.854584375000000000e+05
3.721493359375000000e+04
3.473722500000000000e+06
2.348530800000000000e+07
1.726340429687500000e+04
4.891957812500000000e+05
3.627921200000000000e+07
3.752655600000000000e+07
2.359393945312500000e+04
4.158587750000000000e+06
4.364922000000000000e+06
1.708406625000000000e+06
3.280502014160156250e+02
1.080862304687500000e+03
1.502784531250000000e+05
6.427251338958740234e+00
4.059891967773437500e+02
4.307289453125000000e+04
0.000000000000000000e+00
1.245420312500000000e+05
0.000000000000000000e+00
7.135802268981933594e+00
2.958504882812500000e+04
2.575706093750000000e+05
3.928097248077392578e+00
2.635500500000000000e+06
4.982302093505859375e+01
6.754774780273437500e+02
5.175356250000000000e+05
6.318901538848876953e+00
2.345514373779296875e+02
2.904935607910156250e+02
8.325579375000000000e+05
4.246155090332031250e+02
1.049289306640625000e+03
2.835245117187500000e+03
5.804461425781250000e+03
4.616200683593750000e+03
1.966888593750000000e+05
1.495544531250000000e+05
1.657982055664062500e+03
1.206628203125000000e+05
7.621798706054687500e+01
9.180946044921875000e+02
7.532666000000000000e+06
2.990221875000000000e+05
1.242255546875000000e+05
1.858830312500000000e+05
1.058452700000000000e+07
5.659956054687500000e+02
1.408426269531250000e+03
1.621228281250000000e+05
4.531203918457031250e+02
2.778320007324218750e+02
1.485116406250000000e+05
7.630600738525390625e+01
1.892715301513671875e+02
2.566270065307617188e+01
7.940355957031250000e+03
9.098985156250000000e+04
6.554162000000000000e+06
7.038179931640625000e+02
2.188032500000000000e+05
2.483028906250000000e+04
6.200776875000000000e+05
4.649575625000000000e+05
4.645895019531250000e+03
8.707203750000000000e+05
2.864444335937500000e+03
3.860414400000000000e+07
7.954990625000000000e+05
1.105402800000000000e+07
1.924590750000000000e+06
3.563381250000000000e+06
8.320490880000000000e+08
3.426320000000000000e+05
1.080862304687500000e+03
1.123987960815429688e+01
4.440838125000000000e+05
1.486373901367187500e+02
1.698849201202392578e+00
1.105371200000000000e+07
5.928166796875000000e+04
1.974036712646484375e+02
2.680467968750000000e+04
2.002025000000000000e+06
1.277993437500000000e+05
6.961097656250000000e+03
1.341638793945312500e+02
1.850450038909912109e-02
5.653483750000000000e+05
1.495544531250000000e+05
9.037301025390625000e+02
2.324076718750000000e+05
1.168187133789062500e+03
3.169641845703125000e+03
5.618912000000000000e+06
9.579945000000000000e+05
1.630592343750000000e+05
2.704158750000000000e+05
4.541384765625000000e+03
4.446947021484375000e+02
4.262593000000000000e+06
9.810194375000000000e+05
1.929730312500000000e+05
4.099273125000000000e+05
8.197783000000000000e+06
4.086454250000000000e+06
1.616544625000000000e+06
4.128462187500000000e+05
4.947959000000000000e+06
7.799987000000000000e+06
3.248037109375000000e+04
0.000000000000000000e+00
5.007860839843750000e+03
1.540204375000000000e+05
1.422609062500000000e+05
2.477561035156250000e+03
9.685443725585937500e+02
4.248830871582031250e+02
2.323589218750000000e+05
7.736257812500000000e+04
1.376583593750000000e+04
1.450105102539062500e+03
4.601334095001220703e+00
1.796481781005859375e+02
1.759312125000000000e+06
1.680403625000000000e+06
7.524267500000000000e+05
5.288079687500000000e+04
3.202305664062500000e+03
3.299947753906250000e+03
1.018910750000000000e+06
1.656725750000000000e+06
8.957661250000000000e+05
5.729383789062500000e+03
1.650758000000000000e+06
3.244371500000000000e+06
4.888369500000000000e+06
1.690952343750000000e+05
6.554687000000000000e+06
9.373706000000000000e+06
5.880861816406250000e+02
2.872783813476562500e+02
1.592634218750000000e+05
5.000128936767578125e+01
1.408426269531250000e+03
2.751318125000000000e+05
1.497018737792968750e+02
9.962143707275390625e+01
5.394484996795654297e-01
8.568320312500000000e+02
9.137438281250000000e+04
9.293009000000000000e+06
1.911877685546875000e+03
4.467229062500000000e+05
2.435271240234375000e+03
8.253623125000000000e+05
2.483389843750000000e+05
3.936274658203125000e+03
2.910234062500000000e+05
9.349732208251953125e+01
3.444930800000000000e+07
3.789146250000000000e+05
4.825522400000000000e+07
1.876346500000000000e+06
3.732301562500000000e+05
4.202841280000000000e+08
2.718698750000000000e+05
2.184421250000000000e+05
1.108131027221679688e+02
4.888332519531250000e+03
5.724226684570312500e+02
2.022718667984008789e+00
3.431779250000000000e+06
7.210373437500000000e+04
1.084977929687500000e+04
1.049211791992187500e+03
1.571167375000000000e+06
3.944465625000000000e+05
2.095177001953125000e+02
1.206628203125000000e+05
4.932149658203125000e+02
3.983247985839843750e+02
7.376903125000000000e+04
1.040072851562500000e+04
1.277993437500000000e+05
1.366034746170043945e+00
6.561628417968750000e+03
2.550037812500000000e+05
8.126420000000000000e+06
4.397916250000000000e+05
8.503351250000000000e+05
3.895543212890625000e+03
2.717234250000000000e+06
8.283226562500000000e+04
8.737073974609375000e+02
2.100851406250000000e+05
2.093401250000000000e+05
2.479752800000000000e+07
2.153888125000000000e+05
1.021658000000000000e+07
7.881010500000000000e+06
2.885601562500000000e+05
6.557536400000000000e+07
8.083155517578125000e+02
1.746730194091796875e+02
5.264826660156250000e+02
1.445077514648437500e+02
2.121312187500000000e+05
1.295273315429687500e+03
2.625702209472656250e+02
1.621228281250000000e+05
1.406268945312500000e+04
1.214921752929687500e+03
6.660163125000000000e+05
4.380728515625000000e+04
4.071055859375000000e+04
4.538636718750000000e+04
3.182221435546875000e+03
4.747205468750000000e+04
5.782853000000000000e+06
1.253805500000000000e+06
3.979719970703125000e+03
6.913069375000000000e+05
1.182854100000000000e+07
1.810216400000000000e+07
1.114094500000000000e+06
7.284268750000000000e+05
4.172357000000000000e+06
2.642727520000000000e+08
7.716224121093750000e+03
1.420803955078125000e+03
0.000000000000000000e+00
5.784573125000000000e+05
1.558397216796875000e+02
5.626701660156250000e+02
1.673935125000000000e+06
4.574440429687500000e+03
8.428092041015625000e+02
4.740299375000000000e+05
1.333562125000000000e+06
3.241366271972656250e+02
2.019646093750000000e+05
1.080862304687500000e+03
4.248830871582031250e+02
7.495258789062500000e+02
4.330746459960937500e+02
1.375373601913452148e-01
4.402457187500000000e+05
1.119903613281250000e+04
1.467161712646484375e+02
1.108882421875000000e+05
2.899634765625000000e+04
8.451219482421875000e+02
5.050994000000000000e+06
1.558778375000000000e+06
4.182515625000000000e+03
5.964087500000000000e+05
2.747900390625000000e+03
2.608549316406250000e+03
9.136861875000000000e+05
5.087974000000000000e+06
2.796777812500000000e+05
5.864298828125000000e+04
7.212157500000000000e+06
2.491228000000000000e+06
8.760048000000000000e+06
2.872783813476562500e+02
1.568202656250000000e+05
0.000000000000000000e+00
1.341638793945312500e+02
0.000000000000000000e+00
2.452200174331665039e+00
4.197777500000000000e+05
2.159873485565185547e+00
3.879509887695312500e+02
1.414340972900390625e+00
1.923232666015625000e+03
1.295273315429687500e+03
2.354425659179687500e+02
8.383591796875000000e+03
1.408426269531250000e+03
9.323853149414062500e+02
9.470737457275390625e+00
6.711640625000000000e+04
4.221721484375000000e+04
5.185064843750000000e+04
3.122087890625000000e+03
7.328493750000000000e+05
1.790270019531250000e+03
9.265052343750000000e+04
1.427779663085937500e+03
2.919935302734375000e+02
1.253850781250000000e+05
2.669623718261718750e+02
7.314270973205566406e+00
3.737035546875000000e+04
3.936445007324218750e+02
3.607223033905029297e+00
2.534236500000000000e+06
3.422254296875000000e+04
2.710971679687500000e+02
8.686614843750000000e+04
9.371181640625000000e+03
1.452788183593750000e+04
4.317264062500000000e+05
1.435326171875000000e+04
5.361925048828125000e+02
2.541194335937500000e+04
7.136371250000000000e+05
1.443513593750000000e+05
4.302875781250000000e+04
3.460452812500000000e+05
4.388790937500000000e+05
5.664023750000000000e+05
1.502784531250000000e+05
1.408426269531250000e+03
2.216384843750000000e+05
5.855093002319335938e+00
1.277993437500000000e+05
1.495544531250000000e+05
1.449118137359619141e+01
1.341638793945312500e+02
0.000000000000000000e+00
7.441339492797851562e+00
2.055671875000000000e+06
3.380911250000000000e+06
1.001516601562500000e+03
2.555461718750000000e+05
2.193747711181640625e+01
5.966828613281250000e+03
9.579945000000000000e+05
6.713140258789062500e+02
1.305061401367187500e+03
3.924591541290283203e+00
5.030644500000000000e+06
5.872793457031250000e+03
6.640757031250000000e+04
3.373030029296875000e+03
3.157300195312500000e+04
1.065139062500000000e+05
1.953728881835937500e+03
7.930099375000000000e+05
8.077761840820312500e+01
1.927288360595703125e+02
0.000000000000000000e+00
0.000000000000000000e+00
3.049920000000000000e+05
2.317005157470703125e+01
4.031804931640625000e+03
1.235822677612304688e+00
5.076564453125000000e+03
1.502784531250000000e+05
1.621228281250000000e+05
1.295273315429687500e+03
3.485728149414062500e+02
1.071043046875000000e+05
1.253850781250000000e+05
9.600392578125000000e+03
2.121312187500000000e+05
2.322469482421875000e+03
8.048572540283203125e+01
1.789017500000000000e+06
2.494138000000000000e+06
8.248445625000000000e+05
5.782853000000000000e+06
2.954431875000000000e+05
4.191445800781250000e+03
9.462373000000000000e+06
4.659932187500000000e+05
1.326570500000000000e+06
5.446923125000000000e+05
2.051034625000000000e+06
5.642695500000000000e+06
1.435932100000000000e+07
5.427588500000000000e+06
9.356205600000000000e+07
6.571298500000000000e+06
1.408426269531250000e+03
1.277993437500000000e+05
0.000000000000000000e+00
1.502784531250000000e+05
2.263320159912109375e+02
5.703469848632812500e+02
2.055671875000000000e+06
2.084423828125000000e+03
6.273064453125000000e+04
2.919145625000000000e+05
1.570810750000000000e+06
1.353717343750000000e+05
1.469071562500000000e+05
1.245681796875000000e+05
1.141006347656250000e+04
2.216384843750000000e+05
1.295273315429687500e+03
3.937995910644531250e+02
2.005077968750000000e+05
5.134149902343750000e+03
1.767500762939453125e+02
3.593964250000000000e+06
2.595428000000000000e+06
7.101305625000000000e+05
7.643666500000000000e+06
1.100321375000000000e+06
2.433502750000000000e+06
9.028214000000000000e+06
8.280745000000000000e+05
4.329043945312500000e+03
9.304914375000000000e+05
4.482736000000000000e+06
1.527737300000000000e+07
1.175069200000000000e+07
1.079994640000000000e+08
9.090784000000000000e+06
1.376239400000000000e+07
2.444058437500000000e+05
9.066631250000000000e+04
3.368933593750000000e+03
1.253850781250000000e+05
2.035054016113281250e+02
1.638820507812500000e+04
6.970464500000000000e+06
1.848250000000000000e+06
1.335748875000000000e+06
3.314298250000000000e+06
1.050248400000000000e+08
5.653483750000000000e+05
2.426354980468750000e+02
3.698822021484375000e+02
1.523586406250000000e+05
4.888332519531250000e+03
5.724226684570312500e+02
1.649590873718261719e+01
5.998448242187500000e+03
1.080862304687500000e+03
2.284970947265625000e+03
8.524439453125000000e+03
2.611498906250000000e+05
1.095833906250000000e+05
4.443689062500000000e+05
9.417554321289062500e+02
0.000000000000000000e+00
1.495544531250000000e+05
1.502784531250000000e+05
1.368263483047485352e+00
2.216384843750000000e+05
0.000000000000000000e+00
2.519386529922485352e+00
1.110847400000000000e+07
2.446146250000000000e+06
1.440372180938720703e+01
1.198137900000000000e+07
5.065842437744140625e+01
7.193355560302734375e+00
3.380911250000000000e+06
2.343726539611816406e+01
3.425451278686523438e+01
1.017273254394531250e+02
1.461546800000000000e+07
5.198820800781250000e+02
7.504113769531250000e+01
7.231589965820312500e+02
4.783282775878906250e+02
1.784516357421875000e+03
1.341638793945312500e+02
4.809456054687500000e+03
3.133903515625000000e+04
7.972873449325561523e-01
3.130197250000000000e+06
5.515112500000000000e+04
1.001316406250000000e+04
1.011602734375000000e+05
2.433018554687500000e+03
4.654917144775390625e+01
5.687108125000000000e+05
2.912427812500000000e+05
4.514078063964843750e+02
3.551966875000000000e+05
6.279949218750000000e+03
4.330361022949218750e+02
5.225947000000000000e+06
2.302732800000000000e+07
3.788744140625000000e+04
1.109424511718750000e+04
6.463616875000000000e+05
1.275690625000000000e+06
4.616354296875000000e+04
1.374947363281250000e+04
7.045612500000000000e+06
4.477482500000000000e+05
6.961734863281250000e+03
3.508258056640625000e+01
3.943969726562500000e+00
4.302663085937500000e+03
8.851805468750000000e+04
5.606369018554687500e+01
3.786819152832031250e+02
7.986369140625000000e+03
1.408426269531250000e+03
1.277993437500000000e+05
0.000000000000000000e+00
1.502784531250000000e+05
1.237837219238281250e+01
1.302913055419921875e+02
2.055671875000000000e+06
1.382806549072265625e+02
2.009892089843750000e+03
1.245598388671875000e+03
9.686232421875000000e+03
1.408426269531250000e+03
1.953695190429687500e+03
1.277993437500000000e+05
0.000000000000000000e+00
1.039161562500000000e+06
1.502784531250000000e+05
2.690850734710693359e+00
8.382000000000000000e+05
2.641418762207031250e+02
2.317403316497802734e+00
2.005399625000000000e+06
2.055671875000000000e+06
5.487556076049804688e+01
5.178557500000000000e+06
9.488159942626953125e+01
3.894747314453125000e+02
1.423298900000000000e+07
4.614233203125000000e+04
4.530420532226562500e+02
9.695531250000000000e+03
2.563363200000000000e+07
9.862800781250000000e+04
4.754990234375000000e+03
1.286852968750000000e+05
3.863991562500000000e+05
8.785393125000000000e+05
1.095833906250000000e+05
2.502975585937500000e+03
5.824080810546875000e+02
2.993261337280273438e+00
5.653483750000000000e+05
1.277993437500000000e+05
1.527458190917968750e+02
6.961097656250000000e+03
4.229837036132812500e+02
0.000000000000000000e+00
1.730659500000000000e+06
5.041679687500000000e+05
9.499667358398437500e+02
7.012979687500000000e+04
5.388473510742187500e+02
8.800543975830078125e+01
5.618912000000000000e+06
9.056296875000000000e+04
2.814319580078125000e+03
1.946359741210937500e+03
5.313080000000000000e+06
1.834439531250000000e+05
2.950288867187500000e+04
4.472102734375000000e+04
4.153713437500000000e+05
2.050964250000000000e+06
4.307289453125000000e+04
2.546211395263671875e+02
6.999635620117187500e+02
0.000000000000000000e+00
1.253850781250000000e+05
6.479095000000000000e+05
2.818616638183593750e+02
3.436045625000000000e+05
3.038484001159667969e+01
5.171596069335937500e+02
4.758398750000000000e+05
3.460014500000000000e+06
3.136644592285156250e+02
4.519943437500000000e+05
1.464081878662109375e+02
6.167545700073242188e+01
1.964829200000000000e+07
9.090708007812500000e+03
5.217132812500000000e+04
7.231921875000000000e+04
5.649015200000000000e+07
1.292860058593750000e+04
3.212455468750000000e+04
7.394243750000000000e+04
2.028233875000000000e+06
1.054154875000000000e+06
2.003979250000000000e+06
1.646966064453125000e+03
3.467901123046875000e+03
7.770141875000000000e+05
1.583211669921875000e+03
1.263856964111328125e+02
3.027029600000000000e+07
1.495437000000000000e+06
3.725076660156250000e+03
3.360754062500000000e+05
1.285823800000000000e+07
4.238101806640625000e+02
1.891862109375000000e+04
7.105104980468750000e+03
7.280167579650878906e+00
5.338106250000000000e+04
2.822355625000000000e+05
1.351355834960937500e+03
3.448191250000000000e+05
7.457415008544921875e+01
3.048777008056640625e+01
3.927293125000000000e+05
2.419885500000000000e+06
2.823836059570312500e+02
1.241547500000000000e+06
4.086126708984375000e+03
9.361425781250000000e+03
8.348523000000000000e+06
5.322692968750000000e+04
4.311224375000000000e+05
1.409490937500000000e+05
3.647197120000000000e+08
1.857341718750000000e+05
2.224745000000000000e+06
5.368668125000000000e+05
1.088254800000000000e+07
2.135807360000000000e+08
2.669623718261718750e+02
1.727455273437500000e+04
1.427779663085937500e+03
6.439314365386962891e+00
9.367100000000000000e+04
1.790270019531250000e+03
5.393636322021484375e+01
9.180307812500000000e+04
1.306866088867187500e+03
1.538789916992187500e+03
1.890035937500000000e+05
3.422254296875000000e+04
1.496959472656250000e+03
9.758228125000000000e+04
7.268865625000000000e+04
3.526808984375000000e+04
3.842655750000000000e+06
2.146078281250000000e+05
2.520166748046875000e+03
1.167976953125000000e+05
5.314481875000000000e+05
5.710020625000000000e+05
1.049642031250000000e+05
8.756751875000000000e+05
5.022165000000000000e+06
1.376791625000000000e+06
2.103403125000000000e+05
1.812232656250000000e+05
8.055328369140625000e+00
4.566375781250000000e+04
1.892977447509765625e+02
2.032548217773437500e+03
5.930579000000000000e+06
8.571380468750000000e+04
1.737249218750000000e+05
4.839591406250000000e+04
3.416118750000000000e+06
2.284031406250000000e+05
2.977705810546875000e+03
8.123004913330078125e+00
4.486191015625000000e+04
1.878278125000000000e+06
9.836593750000000000e+04
1.554237213134765625e+02
4.508390502929687500e+02
9.265052343750000000e+04
4.809456054687500000e+03
2.415544433593750000e+02
1.277993437500000000e+05
4.465654296875000000e+02
0.000000000000000000e+00
9.963618125000000000e+05
5.248105000000000000e+05
1.047793312500000000e+06
5.688790000000000000e+05
5.526247656250000000e+04
8.833795166015625000e+01
4.754266562500000000e+05
5.734572656250000000e+04
1.977153564453125000e+03
5.629116406250000000e+04
7.561196875000000000e+05
6.326821875000000000e+05
3.016437812500000000e+05
3.658695000000000000e+05
2.136197187500000000e+05
5.780723750000000000e+05
1.495544531250000000e+05
5.926135540008544922e+00
6.288315296173095703e+00
6.456027832031250000e+02
1.295273315429687500e+03
3.970643615722656250e+02
1.157401367187500000e+03
1.390075292968750000e+04
3.070682500000000000e+05
1.113989375000000000e+05
5.248506835937500000e+03
8.039446875000000000e+04
1.217618896484375000e+03
2.875240173339843750e+02
4.898456542968750000e+03
1.408426269531250000e+03
8.115365600585937500e+02
2.146194076538085938e+01
7.517666500000000000e+06
2.179406406250000000e+05
3.267456000000000000e+08
2.225638250000000000e+06
5.524766000000000000e+06
8.675209375000000000e+05
7.085098437500000000e+04
2.435766796875000000e+04
4.281148828125000000e+04
4.504024414062500000e+03
6.242143000000000000e+06
2.158194720000000000e+08
7.127363200000000000e+07
1.445988400000000000e+07
5.134420312500000000e+05
9.180474400000000000e+07
2.212209570312500000e+04
8.721085205078125000e+02
1.270232543945312500e+02
2.500476875000000000e+05
2.370769843750000000e+05
7.107221069335937500e+02
1.186000078125000000e+05
1.274691093750000000e+05
9.743550781250000000e+03
9.158174375000000000e+05
5.132300625000000000e+05
1.297965546875000000e+05
2.330874755859375000e+03
7.391694946289062500e+02
1.867036562500000000e+05
3.212503662109375000e+03
3.931981201171875000e+03
2.407488750000000000e+05
1.140963046875000000e+05
9.286928710937500000e+03
5.557904375000000000e+05
1.713275375000000000e+06
2.031315156250000000e+05
6.990312988281250000e+03
2.577720031738281250e+02
5.345693125000000000e+05
1.892715301513671875e+02
1.297965546875000000e+05
3.929973144531250000e+02
6.961097656250000000e+03
0.000000000000000000e+00
3.129057006835937500e+02
1.666903281250000000e+05
5.510600585937500000e+02
4.298958984375000000e+04
4.552140625000000000e+03
2.404017500000000000e+05
3.130197250000000000e+06
1.341638793945312500e+02
3.621643437500000000e+05
2.711973190307617188e+00
4.809456054687500000e+03
1.646966064453125000e+03
9.114712715148925781e+00
4.112406616210937500e+02
0.000000000000000000e+00
4.426169395446777344e-02
5.687108125000000000e+05
1.496558240000000000e+08
3.079670703125000000e+04
2.498076562500000000e+05
8.616497516632080078e-01
1.120298828125000000e+03
1.136103984375000000e+05
4.248309707641601562e+01
4.690663909912109375e+01
2.610714435577392578e+00
1.116272560000000000e+08
1.107332519531250000e+04
3.795743437500000000e+05
2.391497802734375000e+03
9.711141967773437500e+02
4.247028750000000000e+05
1.408426269531250000e+03
1.502784531250000000e+05
5.880861816406250000e+02
3.901009765625000000e+03
1.277993437500000000e+05
2.872783813476562500e+02
3.801087951660156250e+01
4.373898828125000000e+04
2.596812011718750000e+03
2.085560791015625000e+03
2.055671875000000000e+06
9.137438281250000000e+04
1.671001757812500000e+04
1.107373500000000000e+06
1.334552343750000000e+05
4.772717968750000000e+04
5.603082500000000000e+05
8.171075781250000000e+04
1.534275781250000000e+04
2.684519687500000000e+05
1.748056625000000000e+06
3.117739062500000000e+05
4.804568125000000000e+05
3.198446500000000000e+06
7.656589375000000000e+05
7.808955500000000000e+06
8.382024375000000000e+05
1.582859843750000000e+05
1.080091210937500000e+04
4.374887000000000000e+06
1.006023515625000000e+05
3.499639453125000000e+04
9.574961662292480469e+00
2.100434500000000000e+06
9.114174842834472656e+00
3.154091835021972656e+00
4.700623500000000000e+06
2.193863037109375000e+03
1.067184570312500000e+03
1.606023828125000000e+04
1.333286718750000000e+05
8.596699218750000000e+03
5.757758750000000000e+05
7.702437744140625000e+02
2.668917968750000000e+03
0.000000000000000000e+00
5.553536224365234375e+01
2.406454500000000000e+06
3.499445556640625000e+03
3.974557187500000000e+05
4.378867187500000000e+02
7.706998125000000000e+05
3.621643437500000000e+05
1.245420312500000000e+05
4.112406616210937500e+02
2.083129577636718750e+02
1.495544531250000000e+05
1.341638793945312500e+02
1.338866308593750000e+04
1.277993437500000000e+05
5.224129638671875000e+02
3.302327346801757812e+01
1.053982400000000000e+07
2.498076562500000000e+05
4.318824687500000000e+05
5.833468125000000000e+05
1.191605664062500000e+04
2.055897216796875000e+03
9.579945000000000000e+05
1.787334687500000000e+05
3.377683105468750000e+03
2.148647656250000000e+04
6.639797200000000000e+07
1.654791625000000000e+06
1.389842875000000000e+06
1.030377109375000000e+05
4.308363750000000000e+05
1.268097500000000000e+06
9.265052343750000000e+04
1.495544531250000000e+05
7.024239501953125000e+02
3.130197250000000000e+06
8.045347900390625000e+02
3.142769287109375000e+03
3.473722500000000000e+06
8.656859375000000000e+04
2.063337343750000000e+05
9.576194000000000000e+06
6.495007000000000000e+06
8.382024375000000000e+05
7.866969375000000000e+05
1.953728881835937500e+03
1.915502539062500000e+04
1.187486171875000000e+05
1.277993437500000000e+05
2.797818298339843750e+02
2.005559387207031250e+02
3.284775543212890625e+01
2.004953622817993164e-01
1.324743800000000000e+07
5.178582000000000000e+06
7.122168125000000000e+05
2.983442500000000000e+05
1.817091625000000000e+06
3.559934570312500000e+03
8.589780000000000000e+05
7.435995312500000000e+04
4.168487109375000000e+04
2.012795776367187500e+03
3.546355200000000000e+07
2.274070000000000000e+07
8.558297000000000000e+06
1.974621375000000000e+06
1.884563500000000000e+06
4.524936960000000000e+08
3.280502014160156250e+02
4.307289453125000000e+04
5.246233749389648438e+01
1.502784531250000000e+05
4.441779296875000000e+03
4.149072753906250000e+03
2.575706093750000000e+05
1.353668066406250000e+04
2.758006562500000000e+05
2.694574375000000000e+05
1.307413250000000000e+06
1.920975468750000000e+05
7.105104980468750000e+03
2.080218200683593750e+02
1.253850781250000000e+05
1.642707500000000000e+05
4.928296875000000000e+03
1.850004875000000000e+06
3.584246500000000000e+06
1.710411718750000000e+05
9.214753600000000000e+07
6.491568400000000000e+07
3.003869628906250000e+02
1.488021240234375000e+03
2.546211395263671875e+02
0.000000000000000000e+00
2.100434500000000000e+06
2.121312187500000000e+05
3.716416259765625000e+03
1.790270019531250000e+03
2.413710693359375000e+03
1.922816925048828125e+02
2.196355468750000000e+05
6.848159375000000000e+05
9.834134521484375000e+02
3.723268359375000000e+04
4.079953369140625000e+03
1.840472900390625000e+03
5.835052400000000000e+07
3.682650250000000000e+06
8.087255625000000000e+05
1.745466992187500000e+04
2.061882000000000000e+07
4.274485000000000000e+05
2.255060750000000000e+06
1.625552343750000000e+05
9.196808800000000000e+07
7.754585600000000000e+07
2.216384843750000000e+05
2.005077968750000000e+05
1.495544531250000000e+05
8.103838378906250000e+03
1.295273315429687500e+03
1.502784531250000000e+05
4.527500610351562500e+02
1.253850781250000000e+05
1.671824798583984375e+02
1.149893676757812500e+03
9.028214000000000000e+06
3.380911250000000000e+06
1.127167000000000000e+06
7.274603500000000000e+06
3.460070750000000000e+06
1.296458500000000000e+06
2.494138000000000000e+06
1.354973925781250000e+04
4.418313750000000000e+05
9.829963750000000000e+05
3.773427500000000000e+06
4.135668000000000000e+07
3.459357600000000000e+07
1.925294720000000000e+08
2.957794000000000000e+07
5.028767600000000000e+07
6.389208750000000000e+05
8.382024375000000000e+05
1.953728881835937500e+03
2.049423339843750000e+03
4.373898828125000000e+04
2.872783813476562500e+02
1.511852455139160156e+01
1.277993437500000000e+05
3.816842346191406250e+02
5.475583076477050781e+00
1.055287800000000000e+07
5.525676250000000000e+05
1.952137109375000000e+04
5.178582000000000000e+06
1.369845781250000000e+05
1.600285278320312500e+03
5.603082500000000000e+05
1.965179443359375000e+03
9.824193115234375000e+02
1.163039941406250000e+04
5.518914000000000000e+07
1.352652125000000000e+06
9.421373437500000000e+04
1.132287750000000000e+06
4.336704375000000000e+05
3.519401600000000000e+07
4.809456054687500000e+03
4.305376953125000000e+03
1.979568875000000000e+06
1.059906933593750000e+04
3.359872131347656250e+02
8.298301391601562500e+02
5.493145751953125000e+01
3.964630078125000000e+04
6.003955688476562500e+02
4.536546484375000000e+04
2.285572187500000000e+05
6.014098125000000000e+05
2.804571484375000000e+04
2.180491600000000000e+07
2.780229062500000000e+05
7.018974000000000000e+06
6.099526953125000000e+04
6.431989746093750000e+03
2.009895898437500000e+04
1.411939750000000000e+06
1.035984600000000000e+07
1.273315625000000000e+06
2.092152000000000000e+06
5.137692800000000000e+07
2.255290750000000000e+06
5.283530000000000000e+07
1.295273315429687500e+03
3.312170625000000000e+05
2.005077968750000000e+05
1.309507369995117188e+01
1.264551718750000000e+05
2.216384843750000000e+05
1.596567230224609375e+02
4.550351562500000000e+04
1.310358886718750000e+02
5.637880859375000000e+02
8.185447500000000000e+06
9.028214000000000000e+06
9.452457885742187500e+02
6.106564000000000000e+06
2.969794921875000000e+03
6.026458593750000000e+04
6.607299000000000000e+06
2.469965039062500000e+04
1.411176093750000000e+05
3.937439453125000000e+04
2.808144400000000000e+07
1.796532031250000000e+05
1.946733250000000000e+06
2.273241500000000000e+06
3.932382500000000000e+06
2.181065600000000000e+07
1.495544531250000000e+05
2.876339687500000000e+05
2.324076718750000000e+05
6.038028320312500000e+03
1.273673906250000000e+05
5.653483750000000000e+05
1.585340332031250000e+03
4.145310546875000000e+03
4.473769760131835938e+01
1.238763549804687500e+03
9.264145000000000000e+06
4.262593000000000000e+06
2.434734218750000000e+05
3.863442500000000000e+06
6.872326875000000000e+05
3.045577812500000000e+05
2.388718000000000000e+06
1.753249062500000000e+05
4.819230000000000000e+05
1.705660156250000000e+03
5.708437000000000000e+06
1.389188500000000000e+07
3.654117000000000000e+06
1.500109375000000000e+06
2.235121000000000000e+06
3.310561250000000000e+06
1.390441131591796875e+02
7.395943750000000000e+04
8.495449218750000000e+02
8.067450523376464844e-01
1.495544531250000000e+05
1.562172187500000000e+05
9.981488281250000000e+03
4.379442187500000000e+04
1.300444946289062500e+02
2.298502540588378906e+01
4.593158750000000000e+05
9.581277500000000000e+05
1.729938659667968750e+02
4.455566562500000000e+05
6.037840576171875000e+02
6.041475219726562500e+02
2.748325750000000000e+06
1.193248593750000000e+05
1.463215937500000000e+05
3.636312255859375000e+03
2.411048800000000000e+07
2.606876171875000000e+04
7.136030625000000000e+05
1.800590625000000000e+04
1.160282875000000000e+06
1.715332000000000000e+06
6.975266406250000000e+04
1.557873779296875000e+03
2.005559387207031250e+02
1.541927947998046875e+02
1.673606250000000000e+05
4.472313476562500000e+03
1.544455761718750000e+04
4.809456054687500000e+03
2.413710693359375000e+03
2.392981052398681641e-01
4.098115625000000000e+05
1.011405859375000000e+05
1.755000625000000000e+05
2.285899062500000000e+05
1.614673632812500000e+04
1.699876464843750000e+03
1.494624843750000000e+05
2.164362812500000000e+05
5.220839843750000000e+03
4.886635253906250000e+03
4.966593125000000000e+05
6.567796250000000000e+05
1.489424062500000000e+05
4.875052187500000000e+05
1.474544531250000000e+05
1.137804000000000000e+06
2.216384843750000000e+05
2.034395898437500000e+04
5.848193969726562500e+02
2.904378000000000000e+06
8.382024375000000000e+05
1.253850781250000000e+05
5.190648193359375000e+02
7.699784375000000000e+05
2.039009179687500000e+04
4.690725708007812500e+01
1.333083000000000000e+07
1.311459250000000000e+06
3.384278125000000000e+05
1.226420750000000000e+06
1.980726400000000000e+07
2.328946875000000000e+05
4.888332519531250000e+03
1.853708251953125000e+03
2.064951718750000000e+05
1.448297460937500000e+04
1.925717620849609375e+02
4.512572500000000000e+06
6.554718750000000000e+05
1.463482910156250000e+03
3.332788125000000000e+05
7.582398750000000000e+05
2.444548125000000000e+05
6.405511379241943359e+00
4.601657390594482422e-02
6.988647460937500000e+02
8.509423437500000000e+04
5.653483750000000000e+05
4.367429687500000000e+04
2.029078979492187500e+02
3.427467500000000000e+05
1.570968906250000000e+05
2.213195495605468750e+02
1.256546752929687500e+03
5.536242065429687500e+02
1.057227516174316406e+01
2.065460000000000000e+06
1.927048125000000000e+06
3.958184375000000000e+04
9.594920625000000000e+05
1.749651250000000000e+05
6.380612792968750000e+03
2.467058000000000000e+06
1.166981562500000000e+05
2.387564453125000000e+04
1.148318115234375000e+03
1.047467000000000000e+07
2.539045750000000000e+06
1.064230750000000000e+06
3.805069062500000000e+05
1.934874375000000000e+06
2.043668000000000000e+07
1.495544531250000000e+05
2.005077968750000000e+05
2.216384843750000000e+05
8.946067810058593750e+01
1.253850781250000000e+05
1.502784531250000000e+05
1.634149017333984375e+02
1.295273315429687500e+03
3.799269866943359375e+01
2.064855575561523438e+01
7.274603500000000000e+06
3.380911250000000000e+06
5.010159179687500000e+03
9.028214000000000000e+06
4.425919433593750000e+03
8.173920410156250000e+03
2.494138000000000000e+06
1.988914843750000000e+04
1.959562011718750000e+03
2.101035461425781250e+02
3.773427500000000000e+06
3.417613437500000000e+05
6.520284375000000000e+04
6.917314843750000000e+04
1.012492871093750000e+04
2.401677656250000000e+05
1.115622421875000000e+05
4.809456054687500000e+03
2.297251510620117188e+01
3.014708251953125000e+03
1.525325775146484375e+01
0.000000000000000000e+00
2.489667031250000000e+05
1.794071533203125000e+03
4.994002380371093750e+02
3.998195190429687500e+02
9.489591796875000000e+03
5.653483750000000000e+05
9.919455718994140625e+01
5.374487915039062500e+02
1.178817109375000000e+05
2.019646093750000000e+05
6.479095000000000000e+05
8.298301391601562500e+02
3.157321093750000000e+04
1.502784531250000000e+05
1.408426269531250000e+03
7.713184204101562500e+02
1.277993437500000000e+05
4.308879687500000000e+04
7.300495147705078125e+01
2.191302400000000000e+07
8.414576562500000000e+04
1.609921375000000000e+06
9.617911000000000000e+06
2.952454000000000000e+06
1.117805664062500000e+04
2.055671875000000000e+06
3.574449375000000000e+05
2.661247070312500000e+04
4.261211000000000000e+06
1.207518800000000000e+07
2.191870800000000000e+07
1.173581625000000000e+06
2.450606000000000000e+07
2.791238000000000000e+07
3.481618400000000000e+07
2.100434500000000000e+06
1.071043046875000000e+05
2.121312187500000000e+05
6.263847351074218750e+00
9.265052343750000000e+04
1.790270019531250000e+03
1.840501213073730469e+01
1.253850781250000000e+05
5.341312885284423828e+00
4.759495258331298828e-01
1.748235000000000000e+06
5.835052400000000000e+07
6.000587890625000000e+04
9.462373000000000000e+06
4.221914978027343750e+02
9.206918945312500000e+02
2.534236500000000000e+06
6.443488159179687500e+02
5.644719314575195312e+01
4.971994018554687500e+02
1.754280800000000000e+07
3.950984765625000000e+04
3.201826562500000000e+05
3.193820703125000000e+04
3.766030029296875000e+03
1.183674765625000000e+05
8.382024375000000000e+05
7.721660625000000000e+05
3.345344687500000000e+05
1.971082812500000000e+04
1.245397734375000000e+05
5.653483750000000000e+05
7.659284667968750000e+02
4.833208984375000000e+03
2.683984756469726562e+01
1.067116821289062500e+03
1.334385600000000000e+07
6.620595500000000000e+06
8.467947500000000000e+05
2.100687250000000000e+06
7.753627500000000000e+05
3.360401875000000000e+05
2.606021000000000000e+06
1.251547421875000000e+05
5.716340625000000000e+05
4.853393554687500000e+03
7.303883500000000000e+06
1.346889500000000000e+07
6.669512500000000000e+06
2.109693500000000000e+06
2.629801250000000000e+06
7.344066500000000000e+06
2.324076718750000000e+05
2.330874755859375000e+03
4.688909606933593750e+02
1.507325937500000000e+05
4.746255493164062500e+02
2.659250488281250000e+02
2.179971875000000000e+05
1.362184375000000000e+05
9.822691650390625000e+02
6.343264843750000000e+04
8.122531250000000000e+04
9.265052343750000000e+04
7.491783691406250000e+03
3.705891601562500000e+03
3.471215000000000000e+05
4.112406616210937500e+02
1.245420312500000000e+05
3.621643437500000000e+05
3.916297149658203125e+01
1.277993437500000000e+05
1.341638793945312500e+02
2.722721576690673828e+00
1.495544531250000000e+05
9.167745971679687500e+02
3.511392211914062500e+02
5.833468125000000000e+05
2.498076562500000000e+05
5.408439941406250000e+02
1.053982400000000000e+07
1.894395117187500000e+04
9.531689453125000000e+03
9.579945000000000000e+05
9.187014648437500000e+03
1.264101715087890625e+02
7.397707031250000000e+04
6.639797200000000000e+07
8.122804375000000000e+05
3.338040625000000000e+04
1.001599750000000000e+06
2.339067968750000000e+05
1.164422400000000000e+07
1.408426269531250000e+03
1.341638793945312500e+02
0.000000000000000000e+00
2.216384843750000000e+05
3.918421745300292969e+00
1.062600803375244141e+01
2.555461718750000000e+05
5.720249176025390625e+01
8.084560394287109375e+00
2.381812255859375000e+03
4.895327148437500000e+03
1.087574609375000000e+05
6.851634375000000000e+05
5.343475341796875000e+02
1.253850781250000000e+05
8.703742675781250000e+02
1.967995262145996094e+01
6.817024500000000000e+06
5.236678515625000000e+04
2.349437187500000000e+05
8.223657812500000000e+04
2.775682750000000000e+06
2.216384843750000000e+05
1.341638793945312500e+02
5.108888183593750000e+03
1.408426269531250000e+03
6.076430664062500000e+02
7.844276428222656250e+00
2.555461718750000000e+05
1.238436125000000000e+06
9.668630981445312500e+02
4.681112304687500000e+03
5.129580000000000000e+05
3.236126464843750000e+03
5.653483750000000000e+05
7.906292724609375000e+02
1.245420312500000000e+05
7.920387268066406250e+00
3.440342712402343750e+02
2.172166500000000000e+06
1.491975585937500000e+03
4.490657812500000000e+05
2.923994335937500000e+04
1.330602125000000000e+06
8.382024375000000000e+05
1.502784531250000000e+05
1.606924057006835938e+00
1.039163625000000000e+06
2.062323913574218750e+02
2.920842885971069336e+00
1.423323500000000000e+07
3.612435302734375000e+03
2.443103027343750000e+02
4.280716015625000000e+04
3.928536562500000000e+05
5.653483750000000000e+05
1.342008437500000000e+05
2.001535644531250000e+03
9.836593750000000000e+04
1.262234008789062500e+03
5.106656738281250000e+03
5.321998750000000000e+05
7.845582031250000000e+04
6.699317187500000000e+04
1.359368281250000000e+05
1.118356875000000000e+05
1.277993437500000000e+05
4.473437805175781250e+02
6.844609260559082031e+00
4.088793945312500000e+02
6.747903125000000000e+04
2.354425659179687500e+02
1.097857055664062500e+02
4.472313476562500000e+03
2.092013085937500000e+04
9.859507083892822266e-01
9.292785156250000000e+04
1.494245625000000000e+05
2.136008056640625000e+03
7.320769042968750000e+03
1.167991328125000000e+05
1.977589111328125000e+03
7.395943750000000000e+04
0.000000000000000000e+00
5.653483750000000000e+05
3.693740844726562500e+02
4.319835205078125000e+02
7.205875000000000000e+05
7.159632568359375000e+02
3.577109375000000000e+04
2.742265000000000000e+05
2.747689062500000000e+05
1.341638793945312500e+02
5.345594726562500000e+03
2.219543695449829102e+00
7.301720581054687500e+02
2.546211395263671875e+02
1.253850781250000000e+05
1.295273315429687500e+03
0.000000000000000000e+00
4.307289453125000000e+04
3.280502014160156250e+02
0.000000000000000000e+00
1.502784531250000000e+05
1.704004526138305664e+00
1.951542139053344727e+00
4.758398750000000000e+05
3.286212109375000000e+04
1.379839134216308594e+01
2.494138000000000000e+06
1.728265838623046875e+02
8.113774871826171875e+01
2.575706093750000000e+05
1.841874847412109375e+02
1.135319328308105469e+01
3.078423767089843750e+02
8.368438125000000000e+05
8.144549804687500000e+03
1.388093139648437500e+03
5.938269531250000000e+03
1.757164794921875000e+03
1.740604492187500000e+04
8.382024375000000000e+05
1.953728881835937500e+03
7.699784375000000000e+05
4.562562500000000000e+04
1.277993437500000000e+05
1.253850781250000000e+05
8.958225585937500000e+03
2.354425659179687500e+02
0.000000000000000000e+00
2.379766998291015625e+02
5.178582000000000000e+06
1.333083000000000000e+07
3.570354500000000000e+06
2.761543750000000000e+05
5.370688964843750000e+03
3.605103250000000000e+06
8.246086250000000000e+05
3.411295937500000000e+05
2.172261750000000000e+06
3.612432128906250000e+03
3.176532000000000000e+07
1.204115100000000000e+07
7.401410400000000000e+07
1.683878375000000000e+06
5.543676500000000000e+06
6.948208800000000000e+07
1.341638793945312500e+02
1.277993437500000000e+05
2.147550201416015625e+02
0.000000000000000000e+00
1.495544531250000000e+05
1.977547500000000000e+05
7.278137969970703125e+01
1.215486796875000000e+05
6.598149108886718750e+01
4.775484561920166016e+00
9.579945000000000000e+05
1.578827187500000000e+05
2.333356857299804688e+01
8.446727500000000000e+05
2.252637207031250000e+03
6.020093536376953125e+01
7.480970500000000000e+06
5.480409179687500000e+03
1.413194531250000000e+04
1.972353393554687500e+03
3.876566000000000000e+07
1.609679394531250000e+04
1.001303750000000000e+05
2.696629492187500000e+04
9.840289843750000000e+04
4.519227812500000000e+05
2.778320007324218750e+02
0.000000000000000000e+00
1.376157188415527344e+01
4.132703552246093750e+02
2.354425659179687500e+02
2.931557812500000000e+05
2.005077968750000000e+05
1.059765815734863281e+01
3.497489501953125000e+03
1.341638793945312500e+02
0.000000000000000000e+00
4.686299218750000000e+04
4.096958541870117188e+01
2.868186950683593750e+02
1.699092968750000000e+05
1.501668437500000000e+05
1.368265380859375000e+02
7.171862000000000000e+06
6.875905761718750000e+03
5.049035156250000000e+04
9.852685937500000000e+04
9.745830078125000000e+02
5.795664215087890625e+01
2.650262109375000000e+04
9.206070000000000000e+06
1.836513867187500000e+04
1.602004062500000000e+05
8.918995625000000000e+05
1.951305078125000000e+04
1.430174125000000000e+06
1.341638793945312500e+02
1.495544531250000000e+05
3.751325927734375000e+03
1.277993437500000000e+05
4.864443302154541016e+00
2.946557861328125000e+03
9.579945000000000000e+05
7.796602783203125000e+02
7.231360000000000000e+05
1.132968437500000000e+05
3.945691750000000000e+06
6.479095000000000000e+05
3.436045625000000000e+05
8.298301391601562500e+02
2.947187109375000000e+04
1.253850781250000000e+05
1.277993437500000000e+05
9.131033325195312500e+02
2.354425659179687500e+02
1.001820678710937500e+03
1.617833709716796875e+01
1.964829200000000000e+07
9.617911000000000000e+06
2.675349750000000000e+06
8.703332031250000000e+04
4.832427000000000000e+06
9.027408203125000000e+03
8.246086250000000000e+05
1.112498828125000000e+05
5.904300000000000000e+04
3.805512207031250000e+03
1.819629760000000000e+08
2.773281280000000000e+08
1.600557300000000000e+07
1.778628250000000000e+06
1.673609625000000000e+06
1.906036608000000000e+09
2.184421250000000000e+05
2.354425659179687500e+02
4.888332519531250000e+03
5.987989902496337891e-02
9.962143707275390625e+01
2.718698750000000000e+05
1.936486959457397461e+00
6.961097656250000000e+03
0.000000000000000000e+00
5.723066711425781250e+01
1.587204218750000000e+05
3.431779250000000000e+06
6.130456542968750000e+02
1.675051250000000000e+05
1.562069892883300781e+00
1.220996932983398438e+02
2.631765312500000000e+05
3.148376941680908203e-01
9.844416992187500000e+03
2.102568206787109375e+02
3.462774500000000000e+06
1.288584106445312500e+03
3.524253906250000000e+04
1.983996337890625000e+03
7.696451660156250000e+03
3.563383984375000000e+04
1.953728881835937500e+03
2.712907500000000000e+06
3.327587890625000000e+02
1.067037625000000000e+06
1.962817993164062500e+02
4.809456054687500000e+03
1.277993437500000000e+05
0.000000000000000000e+00
1.885080810546875000e+03
4.862162890625000000e+04
3.144577407836914062e+01
9.265052343750000000e+04
2.071742919921875000e+03
1.259483007812500000e+04
2.148478281250000000e+05
6.219705000000000000e+05
6.283919067382812500e+02
4.754266562500000000e+05
4.152857910156250000e+03
4.965541875000000000e+05
2.786408000000000000e+06
7.027944824218750000e+03
7.740867500000000000e+05
5.851889375000000000e+05
2.659674000000000000e+06
2.456705625000000000e+05
2.641512000000000000e+06
1.383583625000000000e+06
1.462324700000000000e+07
6.881035500000000000e+06
3.635657031250000000e+04
0.000000000000000000e+00
1.872605285644531250e+02
4.239765136718750000e+03
1.935672812500000000e+05
1.341638793945312500e+02
1.495544531250000000e+05
2.357068847656250000e+03
2.005559387207031250e+02
1.187486171875000000e+05
7.903153686523437500e+02
1.277993437500000000e+05
6.180419921875000000e+00
1.091621972656250000e+04
1.658540312500000000e+05
7.649005000000000000e+06
2.595036250000000000e+05
9.579945000000000000e+05
6.908278808593750000e+02
4.837833437500000000e+05
8.589780000000000000e+05
1.519063720703125000e+03
2.342282500000000000e+05
1.321056347656250000e+04
4.214792000000000000e+07
6.449455000000000000e+05
1.869742800000000000e+07
6.710780000000000000e+05
6.559965625000000000e+05
1.446411360000000000e+08
1.920975468750000000e+05
1.495544531250000000e+05
1.253850781250000000e+05
3.849486572265625000e+03
3.849388427734375000e+02
7.105104980468750000e+03
1.340080356597900391e+01
2.005077968750000000e+05
1.604067871093750000e+03
4.964057922363281250e+01
6.632704375000000000e+05
1.850004875000000000e+06
3.444845312500000000e+05
7.274603500000000000e+06
7.280906875000000000e+05
4.527346250000000000e+05
9.499918750000000000e+05
1.098362915039062500e+03
1.443370507812500000e+04
2.440208593750000000e+05
7.463089600000000000e+07
4.228889000000000000e+06
5.008036500000000000e+06
6.262856800000000000e+07
3.071425250000000000e+06
8.237054080000000000e+08
1.253850781250000000e+05
2.005077968750000000e+05
2.546211395263671875e+02
2.779934687500000000e+05
1.495544531250000000e+05
4.307289453125000000e+04
2.711787500000000000e+05
2.602925109863281250e+02
4.388167187500000000e+05
1.645211328125000000e+04
7.274603500000000000e+06
4.758398750000000000e+05
8.593795625000000000e+05
7.930545625000000000e+05
3.592216500000000000e+06
1.408738281250000000e+05
4.153995000000000000e+05
1.498340750000000000e+06
1.711038281250000000e+05
8.098028125000000000e+04
1.033468400000000000e+07
8.448094000000000000e+06
7.057428750000000000e+05
1.100824125000000000e+06
5.269972500000000000e+05
3.944217000000000000e+06
2.778320007324218750e+02
1.555009375000000000e+05
2.856674609375000000e+04
3.894329071044921875e-02
1.341638793945312500e+02
1.866155468750000000e+04
0.000000000000000000e+00
4.785064843750000000e+04
3.519261932373046875e+01
5.487642765045166016e+00
4.145335937500000000e+05
1.678676562500000000e+05
9.127760887145996094e+00
1.758902750000000000e+06
8.922509155273437500e+02
9.486318206787109375e+01
2.385484375000000000e+05
9.770778656005859375e+00
1.794588470458984375e+01
1.004991333007812500e+03
1.950978000000000000e+07
3.135145507812500000e+03
1.218792236328125000e+03
1.614957128906250000e+04
2.260683105468750000e+03
1.378178593750000000e+05
1.181547656250000000e+05
1.408426269531250000e+03
2.460142656250000000e+05
1.230444564819335938e+02
1.002738125000000000e+05
1.337735468750000000e+05
1.534356842041015625e+02
2.255368957519531250e+02
0.000000000000000000e+00
8.261117553710937500e+02
1.735465875000000000e+06
1.373090125000000000e+06
3.190224609375000000e+03
3.454343125000000000e+05
1.968984008789062500e+03
6.653682812500000000e+04
1.147667750000000000e+06
1.113135864257812500e+03
2.070255664062500000e+04
7.401237792968750000e+02
3.764373500000000000e+06
9.808708984375000000e+03
1.517552343750000000e+05
1.818950781250000000e+05
5.210206250000000000e+04
2.322942343750000000e+05
9.587817382812500000e+02
1.528057250976562500e+02
3.280502014160156250e+02
0.000000000000000000e+00
1.592634218750000000e+05
5.880861816406250000e+02
0.000000000000000000e+00
2.751318125000000000e+05
1.912846088409423828e+00
5.040159225463867188e+00
2.261517500000000000e+06
1.182418906250000000e+05
1.767341232299804688e+01
1.203004296875000000e+05
3.816387653350830078e-01
3.052991390228271484e+00
9.293009000000000000e+06
4.349774475097656250e+02
2.131253814697265625e+01
3.117403320312500000e+03
6.584457600000000000e+07
1.741564453125000000e+04
2.012734252929687500e+03
1.775956542968750000e+03
3.375644140625000000e+04
2.504899531250000000e+05
4.772992187500000000e+05
2.246816894531250000e+03
2.127484741210937500e+02
5.730445000000000000e+05
1.277737500000000000e+05
1.495494531250000000e+05
3.250022583007812500e+02
1.341638793945312500e+02
0.000000000000000000e+00
7.049063720703125000e+02
9.582447500000000000e+05
3.527051171875000000e+04
6.180227343750000000e+04
1.324993286132812500e+02
4.929771562500000000e+05
2.216384843750000000e+05
1.341638793945312500e+02
1.474319531250000000e+05
2.142295166015625000e+03
1.408426269531250000e+03
1.377034218750000000e+05
5.373056411743164062e+01
1.181375234375000000e+05
0.000000000000000000e+00
2.036361999511718750e+02
2.555461718750000000e+05
3.552872500000000000e+06
3.228730625000000000e+05
1.068379750000000000e+06
1.681307983398437500e+02
7.918571875000000000e+04
1.933738125000000000e+06
8.746622924804687500e+02
3.569472265625000000e+04
1.086022558593750000e+04
5.264935500000000000e+06
3.334171250000000000e+05
9.996716000000000000e+06
6.769356875000000000e+05
2.466631562500000000e+05
4.968101500000000000e+06
4.888332519531250000e+03
2.324076718750000000e+05
1.170797167968750000e+04
2.005077968750000000e+05
5.278478240966796875e+01
2.619486572265625000e+03
3.642937000000000000e+06
1.685935742187500000e+04
1.462561625000000000e+06
8.282767968750000000e+04
1.988530125000000000e+06
1.495544531250000000e+05
1.341638793945312500e+02
2.324076718750000000e+05
2.784504638671875000e+03
1.277993437500000000e+05
5.653483750000000000e+05
6.420820922851562500e+02
6.961097656250000000e+03
4.597757816314697266e+00
4.144022521972656250e+02
9.579945000000000000e+05
4.262593000000000000e+06
1.236260000000000000e+05
2.704158750000000000e+05
1.161704589843750000e+03
1.110439140625000000e+05
5.618912000000000000e+06
1.091184765625000000e+05
2.386094218750000000e+05
1.001421484375000000e+04
8.197783000000000000e+06
1.094859500000000000e+06
2.056342250000000000e+06
2.469590312500000000e+05
7.568323500000000000e+06
4.474006500000000000e+06
4.888332519531250000e+03
2.268791406250000000e+05
5.707858750000000000e+05
1.067116821289062500e+03
3.436045625000000000e+05
3.282883437500000000e+05
2.756375312805175781e+01
4.902367812500000000e+05
2.312544921875000000e+03
1.557435760498046875e+02
3.864551500000000000e+06
1.155180000000000000e+07
4.913717285156250000e+03
2.363346400000000000e+07
2.290038437500000000e+05
5.780166875000000000e+05
3.754652800000000000e+07
3.473082187500000000e+05
3.305550000000000000e+05
4.931788750000000000e+05
3.270155520000000000e+08
3.918474750000000000e+06
1.169024400000000000e+07
2.386793600000000000e+07
3.774564400000000000e+07
3.312845760000000000e+08
1.273673906250000000e+05
5.653483750000000000e+05
4.317490768432617188e+01
4.145310546875000000e+03
1.998337745666503906e+00
2.083505096435546875e+02
2.388718000000000000e+06
5.315402832031250000e+02
2.084282031250000000e+04
1.076479614257812500e+03
2.164369062500000000e+05
3.275715576171875000e+03
2.778320007324218750e+02
4.385861718750000000e+04
1.322395133972167969e+01
4.809456054687500000e+03
9.265052343750000000e+04
1.250017456054687500e+03
1.277993437500000000e+05
0.000000000000000000e+00
5.570111083984375000e+02
2.104964375000000000e+05
1.903014000000000000e+06
2.374017968750000000e+04
5.637052500000000000e+05
1.585305023193359375e+02
4.397471875000000000e+04
4.754266562500000000e+05
2.518843505859375000e+03
3.952271250000000000e+05
5.318999023437500000e+03
1.795545125000000000e+06
3.130294375000000000e+05
7.483625500000000000e+06
1.112304687500000000e+05
3.518152812500000000e+05
3.634033750000000000e+06
1.251479375000000000e+05
2.121312187500000000e+05
2.354425659179687500e+02
1.325305175781250000e+02
1.056460078125000000e+05
1.191692812500000000e+05
1.699321746826171875e+02
1.892715301513671875e+02
7.799504394531250000e+03
5.054942369461059570e-01
9.764771000000000000e+06
7.348081875000000000e+05
3.621534765625000000e+04
1.173814921875000000e+05
1.026655437500000000e+06
1.182193725585937500e+03
7.486974375000000000e+05
1.235929843750000000e+05
2.688063720703125000e+03
3.799995422363281250e+02
3.109974800000000000e+07
7.562148000000000000e+06
3.931574609375000000e+04
3.554939062500000000e+05
1.480307343750000000e+05
5.301924500000000000e+06
4.888332519531250000e+03
2.354425659179687500e+02
7.699784375000000000e+05
1.569105590820312500e+03
6.961097656250000000e+03
3.345344687500000000e+05
7.482454833984375000e+02
1.953728881835937500e+03
7.066509246826171875e+00
1.357075625000000000e+05
1.675051250000000000e+05
2.089004000000000000e+06
2.168469921875000000e+04
2.761543750000000000e+05
1.346177636718750000e+04
4.898963000000000000e+06
1.414536875000000000e+06
7.949070312500000000e+03
6.351155000000000000e+05
1.352064160156250000e+04
3.559007000000000000e+06
5.012024062500000000e+05
4.603756500000000000e+06
1.155663375000000000e+06
1.423376125000000000e+06
9.693716000000000000e+06
1.245420312500000000e+05
1.277993437500000000e+05
1.495544531250000000e+05
1.433229492187500000e+03
4.112406616210937500e+02
3.621643437500000000e+05
3.683740539550781250e+02
1.341638793945312500e+02
0.000000000000000000e+00
5.762729003906250000e+03
5.833468125000000000e+05
1.053982400000000000e+07
1.631715468750000000e+05
9.579945000000000000e+05
9.414962890625000000e+03
3.341314062500000000e+05
2.498076562500000000e+05
4.243981445312500000e+03
2.397120750000000000e+06
3.510349426269531250e+02
6.639797200000000000e+07
3.082451250000000000e+05
2.045734800000000000e+07
5.638622500000000000e+05
2.669630500000000000e+06
6.516353600000000000e+07
3.398593125000000000e+05
1.054444885253906250e+02
7.546695709228515625e+01
4.197917578125000000e+04
2.455425250000000000e+06
1.085890039062500000e+04
1.057978149414062500e+03
7.296588000000000000e+06
1.295273315429687500e+03
2.477561035156250000e+03
1.137943363189697266e+01
9.663596801757812500e+02
2.375467491149902344e+01
0.000000000000000000e+00
1.201603203125000000e+05
2.432041168212890625e+02
1.328430023193359375e+02
3.756983337402343750e+02
1.289377734375000000e+04
2.477561035156250000e+03
1.502784531250000000e+05
2.216384843750000000e+05
1.705866088867187500e+02
2.284031406250000000e+05
9.128298950195312500e+01
2.833292484283447266e-01
1.495544531250000000e+05
5.120763183593750000e+03
2.943964599609375000e+03
1.681944250000000000e+06
1.175148906250000000e+05
9.994641113281250000e+02
3.380911250000000000e+06
4.927294375000000000e+05
4.831208750000000000e+05
1.392670250000000000e+06
4.601488750000000000e+05
6.764962768554687500e+02
5.131115937500000000e+05
2.730886000000000000e+06
1.000164125000000000e+06
3.026644062500000000e+05
6.898315500000000000e+06
1.056899400000000000e+07
4.966865000000000000e+06
5.824080810546875000e+02
1.408426269531250000e+03
1.341638793945312500e+02
0.000000000000000000e+00
9.417554321289062500e+02
4.443689062500000000e+05
2.295235395431518555e-01
2.216384843750000000e+05
2.002861022949218750e+00
5.232047557830810547e+00
6.663405468750000000e+04
3.023450625000000000e+05
9.128207206726074219e+00
2.555461718750000000e+05
6.308150482177734375e+01
3.938152790069580078e+00
1.198137900000000000e+07
7.590704345703125000e+01
4.739616699218750000e+03
6.474249511718750000e+03
4.161876400000000000e+07
5.720280761718750000e+03
2.029820117187500000e+04
9.353706054687500000e+03
2.287272812500000000e+05
2.052715500000000000e+06
3.161234741210937500e+02
2.602925109863281250e+02
0.000000000000000000e+00
2.876339687500000000e+05
0.000000000000000000e+00
2.431421756744384766e+00
1.006003312500000000e+06
3.621712684631347656e+00
1.841973781585693359e+00
4.870078125000000000e+02
4.871802734375000000e+03
1.295273315429687500e+03
2.216384843750000000e+05
6.961734863281250000e+03
2.875275230407714844e+01
2.005077968750000000e+05
7.105104980468750000e+03
5.221179723739624023e-01
3.849388427734375000e+02
3.718702316284179688e+00
0.000000000000000000e+00
9.028214000000000000e+06
1.003729296875000000e+05
8.820994567871093750e+01
5.379589453125000000e+04
7.294060546875000000e+03
1.764092407226562500e+02
9.499918750000000000e+05
2.113130493164062500e+02
1.883767700195312500e+01
2.417976379394531250e+01
1.697543600000000000e+07
8.775534179687500000e+03
1.092909667968750000e+03
7.832775390625000000e+03
1.532530957031250000e+04
1.524778281250000000e+05
4.307289453125000000e+04
1.714452028274536133e+00
3.127954589843750000e+03
7.453227343750000000e+04
3.130197250000000000e+06
9.170078906250000000e+04
1.646966064453125000e+03
9.114174842834472656e+00
1.357662187500000000e+05
3.621643437500000000e+05
2.712518453598022461e+00
9.021531250000000000e+04
5.205695629119873047e+00
4.434287548065185547e-02
3.831688500000000000e+06
1.496558240000000000e+08
3.080002929687500000e+04
3.488355750000000000e+06
5.595382690429687500e+02
4.690152359008789062e+01
1.053399500000000000e+07
4.918850097656250000e+02
1.120467285156250000e+03
3.077417907714843750e+02
9.661880000000000000e+07
3.995283593750000000e+04
3.795732500000000000e+05
8.259838867187500000e+03
6.311735156250000000e+04
4.792674375000000000e+05
1.059716328125000000e+05
1.476487812500000000e+05
1.191692812500000000e+05
4.312040100097656250e+02
4.443689062500000000e+05
5.824080810546875000e+02
1.321109104156494141e+01
1.341638793945312500e+02
8.496909790039062500e+02
0.000000000000000000e+00
1.109807500000000000e+07
4.274162812500000000e+05
4.234541015625000000e+04
1.054269500000000000e+06
1.043734609375000000e+05
6.855881250000000000e+04
3.023450625000000000e+05
2.783452500000000000e+05
3.822598876953125000e+02
9.462212371826171875e+01
6.698143600000000000e+07
7.028298000000000000e+06
2.669706562500000000e+05
8.557377500000000000e+05
2.282256875000000000e+05
8.028640800000000000e+07
6.393132812500000000e+04
7.699784375000000000e+05
2.354425659179687500e+02
1.126005004882812500e+03
7.102335625000000000e+05
3.866701171875000000e+04
3.804373046875000000e+03
1.953736328125000000e+03
4.546694921875000000e+04
5.947551250457763672e+00
1.382332300000000000e+07
2.177781718750000000e+05
2.440104750000000000e+06
2.761533125000000000e+05
2.771847250000000000e+06
9.319296875000000000e+03
5.064630000000000000e+06
2.446615250000000000e+06
1.196150468750000000e+05
4.911425781250000000e+03
2.107306800000000000e+07
5.624116400000000000e+07
4.289327500000000000e+06
5.590811875000000000e+05
1.698819600000000000e+07
1.346022240000000000e+08
3.280508422851562500e+02
2.546226043701171875e+02
4.307305859375000000e+04
0.000000000000000000e+00
1.295269531250000000e+03
1.502797343750000000e+05
5.096255779266357422e+00
1.253846015625000000e+05
6.798052787780761719e-02
7.133973121643066406e+00
3.286212109375000000e+04
2.575686250000000000e+05
3.054131031036376953e+00
4.758439687500000000e+05
4.901605129241943359e+00
2.299415130615234375e+02
2.494114000000000000e+06
6.167366409301757812e+01
5.755125122070312500e+02
4.604526062011718750e+02
8.368486250000000000e+05
3.330458679199218750e+02
1.179067138671875000e+03
6.289583007812500000e+03
2.346331542968750000e+03
5.751378417968750000e+03
1.248240859375000000e+05
1.341643218994140625e+02
0.000000000000000000e+00
1.487572968750000000e+05
5.518624267578125000e+02
2.158594818115234375e+02
9.890975625000000000e+05
5.290541503906250000e+03
1.979141998291015625e+01
1.379477734375000000e+04
2.479729687500000000e+04
4.145361816406250000e+03
2.833847812500000000e+05
1.365869808197021484e+01
1.297973046875000000e+05
7.204403686523437500e+02
4.233892517089843750e+02
2.225733750000000000e+06
7.405939331054687500e+02
1.181133544921875000e+03
2.057908789062500000e+04
2.112245703125000000e+04
2.216395312500000000e+05
2.005060625000000000e+05
2.959836120605468750e+02
1.295269531250000000e+03
2.945629501342773438e+01
1.031682109832763672e+01
9.028146000000000000e+06
5.028646093750000000e+04
1.137101757812500000e+04
1.015033569335937500e+03
2.098136250000000000e+06
4.307305859375000000e+04
3.280508422851562500e+02
0.000000000000000000e+00
1.502797343750000000e+05
1.480624771118164062e+01
8.111147880554199219e+00
2.575686250000000000e+05
4.048825683593750000e+02
5.421461582183837891e+00
1.172570678710937500e+03
1.541384521484375000e+03
3.506105346679687500e+02
3.241339721679687500e+02
1.056523315429687500e+03
0.000000000000000000e+00
2.031276562500000000e+05
8.173678906250000000e+04
5.589788208007812500e+02
5.880861816406250000e+02
5.417268753051757812e+01
2.747551345825195312e+01
1.267092890625000000e+05
1.078347875000000000e+06
2.695655517578125000e+02
1.220477031250000000e+05
4.767740478515625000e+02
3.944800048828125000e+03
2.595729750000000000e+06
1.210835781250000000e+05
2.322858281250000000e+05
9.806637573242187500e+02
2.469402000000000000e+07
1.890443281250000000e+05
5.536755000000000000e+06
3.135283437500000000e+05
8.031285000000000000e+06
1.365551040000000000e+08
6.747921875000000000e+04
1.790253906250000000e+03
1.254079218750000000e+05
4.567685317993164062e+01
1.673609375000000000e+05
5.706628515625000000e+04
8.053775878906250000e+03
9.238961718750000000e+04
5.138200073242187500e+02
7.981722412109375000e+02
3.729860000000000000e+05
1.873110375000000000e+06
6.162282031250000000e+04
2.666625500000000000e+06
2.172579589843750000e+03
2.055242187500000000e+05
5.592270312500000000e+04
1.704843750000000000e+05
4.951527343750000000e+04
9.692100000000000000e+04
6.507742500000000000e+05
4.197453437500000000e+05
1.555860000000000000e+06
3.093814750000000000e+06
5.283381250000000000e+04
6.092138750000000000e+05
9.128365325927734375e+01
2.284029375000000000e+05
0.000000000000000000e+00
1.495541562500000000e+05
3.612193603515625000e+02
3.909815979003906250e+01
1.392665000000000000e+06
1.761350250244140625e+02
9.203494262695312500e+01
1.159195996093750000e+04
1.819786328125000000e+04
1.502797343750000000e+05
3.360147094726562500e+02
6.460524902343750000e+02
1.160542187500000000e+05
1.420805908203125000e+03
2.546226043701171875e+02
0.000000000000000000e+00
4.888328125000000000e+03
5.282877197265625000e+02
3.939128112792968750e+01
7.754303906250000000e+04
4.153903808593750000e+03
3.104919677734375000e+03
1.086616210937500000e+04
6.487095625000000000e+05
2.354438323974609375e+02
1.683568954467773438e+01
2.728435302734375000e+03
2.574956640625000000e+04
1.408407348632812500e+03
1.217615478515625000e+03
1.064751205444335938e+02
2.875235595703125000e+02
0.000000000000000000e+00
1.524915885925292969e+01
7.085031250000000000e+04
1.184794677734375000e+03
1.627418823242187500e+03
1.289044799804687500e+02
8.234911718750000000e+04
3.861332519531250000e+03
1.099629921875000000e+05
2.939281616210937500e+02
1.408407348632812500e+03
1.195816755294799805e+00
3.664603805541992188e+01
1.710836000000000000e+06
3.795013916015625000e+03
5.672823046875000000e+04
3.948101196289062500e+02
1.766863593750000000e+05
2.216395312500000000e+05
1.873162841796875000e+02
2.765027427673339844e+01
3.865248828125000000e+04
3.621674687500000000e+05
1.495541562500000000e+05
3.130176250000000000e+06
1.962392773437500000e+04
1.245427500000000000e+05
1.646974609375000000e+03
4.602933654785156250e+02
9.265087500000000000e+04
5.464549560546875000e+02
5.326446777343750000e+03
1.053992500000000000e+07
1.496561280000000000e+08
7.104815000000000000e+05
3.473715500000000000e+06
2.242237187500000000e+05
1.512166500000000000e+07
2.713024000000000000e+06
1.251392285156250000e+04
3.519253662109375000e+03
9.907441406250000000e+03
8.213266400000000000e+07
2.481939500000000000e+06
3.649352400000000000e+07
5.006671000000000000e+06
1.392997656250000000e+04
2.084892125000000000e+06
1.273672734375000000e+05
7.741916250000000000e+05
2.242210388183593750e+02
1.087575625000000000e+05
8.979805908203125000e+02
7.793822753906250000e+03
6.552962000000000000e+06
5.493882812500000000e+04
1.992083500000000000e+06
1.832526562500000000e+05
6.784777500000000000e+06
2.019655625000000000e+05
3.436052187500000000e+05
2.421304882812500000e+04
1.295269531250000000e+03
4.950254821777343750e+02
2.114527893066406250e+02
3.548436250000000000e+06
2.788120000000000000e+06
1.894405625000000000e+06
6.754823242187500000e+03
1.026239800000000000e+07
1.217615478515625000e+03
1.408407348632812500e+03
8.413404687500000000e+04
3.167534637451171875e+01
2.875235595703125000e+02
7.819736718750000000e+04
7.745539665222167969e+00
4.472309570312500000e+03
0.000000000000000000e+00
6.293501464843750000e+03
7.085031250000000000e+04
3.809062500000000000e+05
5.754946289062500000e+02
1.871097031250000000e+05
4.992948303222656250e+02
5.435062109375000000e+04
9.686546093750000000e+04
9.350283050537109375e+01
4.559326171875000000e+04
2.419690429687500000e+03
8.417720625000000000e+05
3.318829687500000000e+04
2.558105000000000000e+05
1.155542578125000000e+05
6.250449218750000000e+04
5.993371875000000000e+05
6.961130859375000000e+03
3.236126464843750000e+03
1.827060180664062500e+03
4.112395324707031250e+02
4.988736152648925781e+00
1.463954772949218750e+02
9.909886718750000000e+04
2.810894531250000000e+03
2.705018945312500000e+04
9.705222778320312500e+02
3.830723437500000000e+05
7.699798750000000000e+05
1.253846015625000000e+05
1.295269531250000000e+03
2.867502784729003906e+01
8.382111875000000000e+05
1.039176437500000000e+06
2.287351953125000000e+04
1.502797343750000000e+05
1.627578277587890625e+02
7.552153015136718750e+01
1.333083000000000000e+07
9.321803000000000000e+06
1.368662125000000000e+06
2.494114000000000000e+06
2.670010156250000000e+04
1.321509521484375000e+03
1.423307200000000000e+07
5.047587500000000000e+05
1.915826250000000000e+06
1.760443164062500000e+04
1.601351200000000000e+07
1.189598800000000000e+07
1.566106900000000000e+07
1.412389625000000000e+06
1.180161100000000000e+07
3.908982800000000000e+07
