1.115895750000000000e+06
3.152738476562500000e+04
3.362392500000000000e+05
3.160357617187500000e+04
1.464571500000000000e+06
2.407507187500000000e+05
1.734633593750000000e+05
9.699471250000000000e+05
2.096875000000000000e+04
3.317576562500000000e+04
4.664981500000000000e+06
3.758609000000000000e+06
1.230440250000000000e+06
3.537556500000000000e+06
3.578747265625000000e+04
3.518233437500000000e+05
3.575547200000000000e+07
1.505884375000000000e+06
2.498646093750000000e+05
1.105369750000000000e+06
1.282766700000000000e+07
4.969400000000000000e+06
3.611604000000000000e+06
3.756097000000000000e+06
3.566910000000000000e+07
1.351769000000000000e+07
1.046502578125000000e+05
7.170638750000000000e+05
3.846750625000000000e+05
2.407507187500000000e+05
1.765485625000000000e+06
1.833429750000000000e+06
2.863210500000000000e+06
2.190370250000000000e+06
7.295961500000000000e+06
3.901278000000000000e+06
1.346275600000000000e+07
2.863989687500000000e+05
3.310873500000000000e+06
6.723739375000000000e+05
3.818166250000000000e+06
8.871108750000000000e+05
3.663772250000000000e+06
9.249914000000000000e+06
1.959985600000000000e+07
1.480104100000000000e+07
1.066764400000000000e+07
7.767329600000000000e+07
8.318341875000000000e+05
3.323761250000000000e+05
3.112488250000000000e+06
1.549384062500000000e+05
1.046502578125000000e+05
2.470772656250000000e+05
5.346762500000000000e+04
2.674008000000000000e+06
5.659017578125000000e+04
3.102319375000000000e+05
8.161751500000000000e+06
3.835892750000000000e+06
1.258605875000000000e+06
3.981256000000000000e+07
1.207556625000000000e+06
9.195155000000000000e+06
3.520574000000000000e+06
2.634535312500000000e+05
1.120864000000000000e+06
1.902761750000000000e+06
2.529193600000000000e+08
1.195273300000000000e+07
7.968253000000000000e+06
4.791405200000000000e+07
7.919011500000000000e+06
2.099188160000000000e+08
1.651538875000000000e+06
6.305829375000000000e+05
5.062346000000000000e+06
1.154765527343750000e+04
7.939862500000000000e+05
1.056108000000000000e+06
3.016527539062500000e+04
1.556827875000000000e+06
7.928100781250000000e+04
6.649414062500000000e+04
8.669508000000000000e+06
5.205536800000000000e+07
1.002251375000000000e+06
2.402336000000000000e+07
2.852141250000000000e+05
3.272004250000000000e+06
3.942276500000000000e+06
4.439559062500000000e+05
1.523745625000000000e+06
4.280468000000000000e+06
1.711246560000000000e+08
4.918676500000000000e+06
7.959478400000000000e+07
2.483066000000000000e+07
5.657783500000000000e+06
1.616894240000000000e+08
5.144842500000000000e+06
7.632640136718750000e+03
1.335917656250000000e+05
7.398725625000000000e+05
3.737359250000000000e+06
8.262775000000000000e+04
1.256860625000000000e+06
2.234390820312500000e+04
2.131010625000000000e+05
2.880630000000000000e+06
3.327155078125000000e+04
1.191333671875000000e+05
1.274484741210937500e+03
1.507780175781250000e+04
1.094911000000000000e+07
6.236620400000000000e+07
8.875500625000000000e+05
3.255414500000000000e+06
2.725772656250000000e+04
2.753675000000000000e+05
3.324513500000000000e+06
7.775778906250000000e+04
8.105285000000000000e+05
4.154572265625000000e+04
2.824716400000000000e+07
3.381765500000000000e+06
1.471094900000000000e+07
8.584113125000000000e+05
1.285607750000000000e+06
1.008950600000000000e+07
9.217827500000000000e+05
1.244217875000000000e+06
5.278949218750000000e+04
6.171686250000000000e+05
1.633624375000000000e+05
2.273983789062500000e+04
1.301139500000000000e+07
2.992939500000000000e+06
1.949019875000000000e+06
6.114455000000000000e+05
2.161481200000000000e+07
6.064111875000000000e+05
2.722853000000000000e+06
7.958132500000000000e+05
2.400057750000000000e+06
2.441051093750000000e+05
1.130699531250000000e+05
6.426688750000000000e+05
4.818063125000000000e+05
1.445524843750000000e+05
3.022539687500000000e+05
7.274756000000000000e+06
2.130039250000000000e+06
8.982234000000000000e+06
1.827782000000000000e+07
5.025863500000000000e+06
5.519279000000000000e+06
4.877447187500000000e+05
1.639693500000000000e+06
1.625117250000000000e+06
1.100389500000000000e+06
1.037313400000000000e+07
1.386398600000000000e+07
1.149847100000000000e+07
3.424935600000000000e+07
1.974248750000000000e+06
1.558321000000000000e+07
9.276587500000000000e+05
1.318764062500000000e+05
8.348495312500000000e+04
7.873070000000000000e+06
1.494252500000000000e+06
6.457973125000000000e+05
7.887312500000000000e+05
3.703280859375000000e+04
8.318341875000000000e+05
5.546441250000000000e+05
1.866689453125000000e+04
4.259470703125000000e+04
4.136813476562500000e+03
1.080049023437500000e+04
5.065504500000000000e+06
8.497001000000000000e+06
5.518715000000000000e+05
1.478088000000000000e+06
2.257566093750000000e+05
2.511657343750000000e+05
3.471639500000000000e+06
3.615663125000000000e+05
2.350008593750000000e+05
2.238101953125000000e+04
1.178687600000000000e+07
1.780853500000000000e+06
2.841462500000000000e+06
5.233241875000000000e+05
1.559926500000000000e+06
4.028889250000000000e+06
3.864032421875000000e+04
5.000501171875000000e+04
1.169675703125000000e+05
3.849393359375000000e+04
2.061296125000000000e+06
5.389629375000000000e+05
4.311829589843750000e+03
2.484470000000000000e+05
2.066228125000000000e+05
3.640386328125000000e+04
1.529467500000000000e+06
2.893554000000000000e+06
2.831811328125000000e+04
1.207372375000000000e+06
6.458471875000000000e+05
2.134366406250000000e+05
9.224526000000000000e+06
1.770471375000000000e+06
4.234480078125000000e+04
4.678635000000000000e+05
3.525791200000000000e+07
5.220661500000000000e+06
4.222353125000000000e+05
9.124053125000000000e+05
7.001952000000000000e+06
1.324799600000000000e+07
2.827962500000000000e+05
1.174460500000000000e+06
4.702631640625000000e+04
2.379639250000000000e+06
1.370888281250000000e+04
2.270770000000000000e+05
2.774560000000000000e+07
2.528302031250000000e+05
1.515586250000000000e+06
2.556883750000000000e+06
3.332833200000000000e+07
7.552836875000000000e+05
7.853946500000000000e+06
1.241688600000000000e+07
7.281966400000000000e+07
4.944315625000000000e+05
1.027037578125000000e+05
4.663961328125000000e+04
4.588464843750000000e+04
1.239129785156250000e+04
2.096692968750000000e+04
1.181236125000000000e+06
5.243307500000000000e+05
1.234131406250000000e+05
5.549739843750000000e+04
1.348108750000000000e+06
2.683230000000000000e+06
1.088121500000000000e+06
1.806515937500000000e+05
1.025983203125000000e+05
5.611396093750000000e+04
3.160357617187500000e+04
7.695774500000000000e+06
2.897776250000000000e+06
1.180317250000000000e+06
1.203458828125000000e+05
8.703680000000000000e+06
2.684537750000000000e+06
2.469518000000000000e+06
1.685042656250000000e+05
4.577777000000000000e+06
1.943182031250000000e+05
1.067501406250000000e+05
1.115895750000000000e+06
3.160357617187500000e+04
7.750278750000000000e+05
4.977444500000000000e+06
2.187717343750000000e+05
8.761504375000000000e+05
3.818999218750000000e+04
1.734633593750000000e+05
6.396110000000000000e+05
2.480514400000000000e+07
2.155836250000000000e+05
2.276057250000000000e+06
1.107008046875000000e+05
1.230440250000000000e+06
3.535818800000000000e+07
7.598403125000000000e+05
4.801002500000000000e+06
8.589870625000000000e+05
1.479254500000000000e+07
6.700221875000000000e+05
2.654947200000000000e+07
2.236182750000000000e+06
3.333182800000000000e+07
1.483354200000000000e+07
1.652361718750000000e+04
1.130541875000000000e+06
5.315585937500000000e+04
5.000501171875000000e+04
4.355071875000000000e+04
2.900290000000000000e+05
1.161522750000000000e+06
1.867091718750000000e+05
4.088243250000000000e+06
4.899778437500000000e+05
1.144403500000000000e+07
4.588469140625000000e+04
1.464575750000000000e+06
6.540245000000000000e+05
1.330582397460937500e+03
7.170638750000000000e+05
5.292560156250000000e+04
1.462848925781250000e+04
4.062305312500000000e+05
7.792875000000000000e+04
2.876604882812500000e+04
5.315305000000000000e+06
1.876881500000000000e+06
3.570968261718750000e+03
4.222581200000000000e+07
9.225059375000000000e+04
1.454677031250000000e+05
2.693834500000000000e+06
4.520107187500000000e+05
9.561403125000000000e+04
6.710005625000000000e+05
8.396398000000000000e+06
4.269775000000000000e+05
8.019355000000000000e+05
7.484652000000000000e+06
4.484699000000000000e+06
3.782673250000000000e+06
4.944315625000000000e+05
1.416289000000000000e+06
8.369492968750000000e+04
1.830566125000000000e+06
1.701226757812500000e+04
1.199988875000000000e+06
3.637743750000000000e+06
9.755839375000000000e+05
5.750373000000000000e+06
7.810966500000000000e+06
1.564100900000000000e+07
4.944315625000000000e+05
4.137044921875000000e+04
2.450436718750000000e+04
6.233345000000000000e+05
1.147504843750000000e+05
1.027115937500000000e+05
1.685620000000000000e+06
3.123155312500000000e+05
1.356774062500000000e+05
5.886559000000000000e+06
6.232988000000000000e+06
1.407499125000000000e+06
1.241230125000000000e+06
1.944190429687500000e+04
7.864935000000000000e+06
1.798867187500000000e+04
7.048829589843750000e+03
7.992429600000000000e+07
2.370432968750000000e+05
5.063825390625000000e+04
3.716612500000000000e+05
5.679218000000000000e+06
5.062346000000000000e+06
9.775154375000000000e+05
6.305829375000000000e+05
2.742045000000000000e+05
3.323761250000000000e+05
1.556827875000000000e+06
6.776287500000000000e+05
2.407507187500000000e+05
5.164897812500000000e+05
1.084999375000000000e+06
3.270085600000000000e+07
2.402336000000000000e+07
2.175170400000000000e+07
6.210938500000000000e+06
5.004317500000000000e+06
3.468326500000000000e+06
1.829367375000000000e+06
4.532879000000000000e+06
2.131337600000000000e+07
5.210629000000000000e+06
1.407963360000000000e+08
1.346320160000000000e+08
1.830469760000000000e+08
2.944285600000000000e+07
5.503052400000000000e+07
6.958690560000000000e+08
1.124308400000000000e+07
1.653887187500000000e+05
1.863177875000000000e+06
9.229720625000000000e+05
8.318341875000000000e+05
1.056108000000000000e+06
7.972686250000000000e+05
1.816272656250000000e+05
4.781931875000000000e+05
3.042860312500000000e+05
4.259857600000000000e+07
7.341556800000000000e+07
5.866354800000000000e+07
3.487321250000000000e+06
1.173916250000000000e+06
1.531702600000000000e+07
1.274781200000000000e+07
4.297758500000000000e+06
4.922829500000000000e+06
1.239354125000000000e+06
1.766204160000000000e+08
1.495536800000000000e+08
5.526606720000000000e+08
1.388023200000000000e+07
2.471221200000000000e+07
6.069963520000000000e+08
1.739165500000000000e+06
4.716528125000000000e+04
1.658761718750000000e+05
4.675996500000000000e+06
4.588464843750000000e+04
6.830880000000000000e+05
1.365284500000000000e+07
2.228084472656250000e+03
1.130699531250000000e+05
2.163588750000000000e+06
2.429836914062500000e+03
4.453385500000000000e+06
8.190371093750000000e+03
2.086970625000000000e+05
1.527123750000000000e+06
1.162817800000000000e+07
5.409537109375000000e+03
8.399336000000000000e+07
1.645244218750000000e+05
2.018160125000000000e+06
4.736140500000000000e+06
1.374390234375000000e+04
4.348175625000000000e+05
7.488051875000000000e+05
1.856484400000000000e+07
2.527200312500000000e+05
1.447580500000000000e+06
1.559340800000000000e+07
5.052991562500000000e+05
4.075591250000000000e+06
1.816272656250000000e+05
2.211612500000000000e+06
7.939862500000000000e+05
8.311713281250000000e+04
2.470772656250000000e+05
7.170638750000000000e+05
1.245462695312500000e+04
4.977444500000000000e+06
7.521641250000000000e+05
6.529787109375000000e+04
4.119164250000000000e+06
4.469708000000000000e+06
2.010575468750000000e+05
6.993428000000000000e+07
1.394133600000000000e+07
1.296850500000000000e+06
3.045038800000000000e+07
1.242663375000000000e+06
1.416336250000000000e+06
1.974137600000000000e+07
9.242512000000000000e+07
6.941767000000000000e+06
6.334731500000000000e+06
1.734508960000000000e+08
1.344046720000000000e+08
2.214272640000000000e+08
9.395475000000000000e+05
2.061296125000000000e+06
1.816272656250000000e+05
1.206163515625000000e+05
1.196922375000000000e+06
7.534750625000000000e+05
4.857708750000000000e+05
4.137044921875000000e+04
5.027721562500000000e+05
9.050036718750000000e+04
2.067056000000000000e+07
1.241944500000000000e+07
1.398799875000000000e+06
2.347754000000000000e+06
5.038980000000000000e+06
2.969470937500000000e+05
3.873244750000000000e+06
3.328069200000000000e+07
7.041058750000000000e+05
4.218533750000000000e+05
1.598318880000000000e+08
1.204230720000000000e+08
2.525654000000000000e+06
4.217491500000000000e+06
7.762407500000000000e+06
1.299156480000000000e+08
1.542921250000000000e+05
6.830880000000000000e+05
4.588464843750000000e+04
4.328571093750000000e+04
7.328123125000000000e+05
7.330094375000000000e+05
4.631078125000000000e+04
1.130699531250000000e+05
1.085299218750000000e+05
1.260658300781250000e+04
4.895512000000000000e+06
1.894852000000000000e+06
2.946525000000000000e+05
1.527123750000000000e+06
2.087996125000000000e+06
8.113706250000000000e+04
1.292108750000000000e+06
1.047713375000000000e+06
1.017752187500000000e+06
1.240144843750000000e+05
2.734422000000000000e+07
1.044018400000000000e+07
2.475771500000000000e+06
1.650304500000000000e+06
2.168732500000000000e+06
2.008322400000000000e+07
1.222408625000000000e+06
2.198970750000000000e+06
2.516102750000000000e+06
5.249369920000000000e+08
2.279542187500000000e+05
3.323761250000000000e+05
6.452487109375000000e+04
7.384906250000000000e+04
1.938083007812500000e+04
1.676871718750000000e+05
2.440591250000000000e+06
2.610318593750000000e+05
1.191604750000000000e+06
3.349919062500000000e+05
4.432919500000000000e+06
8.761504375000000000e+05
2.346654296875000000e+04
7.960277343750000000e+04
2.131010625000000000e+05
3.791154687500000000e+04
1.098952514648437500e+03
2.018343000000000000e+06
1.340698000000000000e+06
4.328558984375000000e+04
3.161408125000000000e+05
4.255347000000000000e+06
4.395945625000000000e+05
7.782579375000000000e+05
2.839280468750000000e+04
4.181702250000000000e+06
6.747478125000000000e+04
1.201174511718750000e+04
2.849098000000000000e+07
7.557470625000000000e+05
2.711665937500000000e+05
2.421799250000000000e+06
1.138327600000000000e+07
1.464571500000000000e+06
1.556827875000000000e+06
7.170638750000000000e+05
1.177846093750000000e+05
1.694694687500000000e+05
4.588464843750000000e+04
1.814412304687500000e+04
8.318341875000000000e+05
6.752073437500000000e+04
1.207213378906250000e+04
2.684788400000000000e+07
5.315305000000000000e+06
1.329496125000000000e+06
5.169133000000000000e+06
1.439031500000000000e+06
4.560680000000000000e+05
1.969246750000000000e+06
1.192884531250000000e+05
1.421932421875000000e+04
7.366563750000000000e+05
1.901132800000000000e+07
1.189367300000000000e+07
2.933232250000000000e+06
3.935346000000000000e+06
1.320257375000000000e+06
1.211986000000000000e+07
1.703009179687500000e+04
1.245148046875000000e+04
4.379107812500000000e+04
4.405085937500000000e+04
1.039645546875000000e+05
1.556827875000000000e+06
3.323761250000000000e+05
2.990777587890625000e+03
2.131010625000000000e+05
3.669292187500000000e+04
8.794143066406250000e+02
2.407507187500000000e+05
7.758798828125000000e+03
7.438630859375000000e+03
1.477827375000000000e+06
7.227051250000000000e+05
2.170058984375000000e+04
1.829367375000000000e+06
1.490418750000000000e+05
2.323294140625000000e+04
1.593350250000000000e+06
2.752969531250000000e+04
8.857681640625000000e+03
5.778646484375000000e+04
5.846222000000000000e+06
3.918793125000000000e+05
1.068545390625000000e+05
4.014502812500000000e+05
2.089085468750000000e+05
1.241143750000000000e+06
1.162656953125000000e+05
2.515665312500000000e+05
4.906926500000000000e+06
1.657043125000000000e+05
5.000501171875000000e+04
1.161601375000000000e+06
4.923058984375000000e+04
5.377017000000000000e+06
1.843768593750000000e+05
7.223613125000000000e+05
1.224149125000000000e+06
4.798256000000000000e+06
8.035253906250000000e+04
8.888504800000000000e+07
1.434942125000000000e+06
2.891308750000000000e+06
4.327511000000000000e+06
1.493732656250000000e+05
1.103335000000000000e+06
1.137765000000000000e+06
3.580214800000000000e+07
4.596269375000000000e+05
1.464701375000000000e+06
3.157197200000000000e+07
2.058402625000000000e+06
9.395632000000000000e+06
4.307808000000000000e+06
3.182522812500000000e+05
9.885279296875000000e+03
1.305426000000000000e+06
5.000501171875000000e+04
3.864032421875000000e+04
2.131010625000000000e+05
5.508573046875000000e+04
2.061296125000000000e+06
7.939862500000000000e+05
1.115467125000000000e+06
4.181702250000000000e+06
1.010391100000000000e+07
1.082783250000000000e+06
1.529467500000000000e+06
2.408656250000000000e+06
3.138035312500000000e+05
7.003728000000000000e+06
2.833001750000000000e+06
2.106959000000000000e+06
4.798309600000000000e+07
5.814544000000000000e+07
8.997736000000000000e+06
9.704784800000000000e+07
2.170238800000000000e+07
6.861416000000000000e+06
9.894962000000000000e+06
9.116784000000000000e+07
4.257390080000000000e+08
1.049853920000000000e+08
5.148143750000000000e+05
5.046233593750000000e+04
4.149590625000000000e+04
3.367459375000000000e+05
1.115895750000000000e+06
3.362392500000000000e+05
3.345804296875000000e+04
1.897789453125000000e+04
2.407507187500000000e+05
6.398368125000000000e+05
9.463842187500000000e+04
1.738895312500000000e+05
5.246315625000000000e+04
2.278168945312500000e+04
3.758609000000000000e+06
4.177505937500000000e+05
4.046093437500000000e+05
1.827252812500000000e+05
5.707505625000000000e+05
2.441283398437500000e+04
1.393520500000000000e+06
3.486702187500000000e+05
9.066787500000000000e+05
1.458743437500000000e+05
5.574743125000000000e+05
4.022500750000000000e+06
4.920800000000000000e+05
1.250552421875000000e+05
1.477330000000000000e+06
5.884403125000000000e+05
7.170638750000000000e+05
4.137044921875000000e+04
7.080696289062500000e+03
4.181702250000000000e+06
6.246040234375000000e+04
2.904910156250000000e+04
1.038822200000000000e+07
4.844532812500000000e+05
3.216631054687500000e+04
1.868177500000000000e+06
9.799605000000000000e+06
2.047657500000000000e+06
3.166950000000000000e+06
7.173428000000000000e+06
3.060451953125000000e+04
1.056108000000000000e+06
1.222408625000000000e+06
1.179460742187500000e+04
2.061296125000000000e+06
1.916322851562500000e+04
1.958152539062500000e+04
2.091657200000000000e+07
7.855217600000000000e+07
3.825269375000000000e+05
7.319354400000000000e+07
2.319830750000000000e+06
3.737716250000000000e+06
2.045625600000000000e+07
2.857185937500000000e+05
2.309714687500000000e+05
1.385880125000000000e+06
1.677256064000000000e+09
1.076992800000000000e+07
2.705659600000000000e+07
1.216379920000000000e+08
7.647123000000000000e+06
7.850458240000000000e+08
8.318341875000000000e+05
2.141582250000000000e+06
6.641768500000000000e+06
6.426088125000000000e+05
1.873215625000000000e+06
6.724753125000000000e+05
4.264745312500000000e+05
3.646645600000000000e+07
1.010302000000000000e+06
3.961849250000000000e+06
3.233498750000000000e+06
5.756074000000000000e+06
4.068562500000000000e+06
1.681878080000000000e+08
8.474424000000000000e+06
3.909698800000000000e+07
7.015659200000000000e+07
1.503515125000000000e+06
4.008657250000000000e+06
4.555460800000000000e+07
1.944058000000000000e+07
6.408254000000000000e+06
3.424472000000000000e+07
4.376669760000000000e+08
4.121540800000000000e+07
5.861657200000000000e+07
1.816272656250000000e+05
1.167477636718750000e+04
8.217824218750000000e+04
4.766374062500000000e+05
3.412358000000000000e+06
3.180881250000000000e+05
2.996936562500000000e+05
9.112693000000000000e+06
2.073970937500000000e+05
1.115895750000000000e+06
3.680521484375000000e+04
1.556827875000000000e+06
9.557855468750000000e+04
2.252851562500000000e+05
4.701834000000000000e+06
4.186982500000000000e+05
7.578559375000000000e+05
3.408582000000000000e+06
6.191316500000000000e+06
6.023528750000000000e+05
1.374581300000000000e+07
4.946022500000000000e+05
6.013572265625000000e+03
7.135669000000000000e+06
1.816272656250000000e+05
6.738985839843750000e+03
3.263322250000000000e+06
1.741512500000000000e+05
1.191714721679687500e+03
4.469481200000000000e+07
3.078777250000000000e+06
5.057251953125000000e+04
1.994336000000000000e+07
7.165586875000000000e+05
3.396039062500000000e+04
1.067462500000000000e+07
1.217893750000000000e+06
1.550471582031250000e+04
3.467664687500000000e+05
4.756766400000000000e+07
4.113150500000000000e+06
1.211859375000000000e+05
1.701270625000000000e+06
1.486090875000000000e+06
3.918923500000000000e+06
1.556827875000000000e+06
8.155801250000000000e+05
1.789519375000000000e+05
5.136611000000000000e+06
8.761504375000000000e+05
2.346654296875000000e+04
5.989936875000000000e+05
1.308780078125000000e+04
2.131010625000000000e+05
4.181702250000000000e+06
3.545732421875000000e+04
3.864032421875000000e+04
1.438182495117187500e+03
1.243329980468750000e+04
2.018343000000000000e+06
2.349592800000000000e+07
3.123137500000000000e+05
1.087686875000000000e+06
1.593192089843750000e+04
2.066145312500000000e+05
7.003728000000000000e+06
8.106010156250000000e+04
8.878777500000000000e+05
1.364838867187500000e+04
1.975538800000000000e+07
1.093534250000000000e+06
8.461502000000000000e+06
7.589661875000000000e+05
2.427506250000000000e+06
1.180872700000000000e+07
5.000501171875000000e+04
5.758977734375000000e+04
3.600018125000000000e+05
8.315541381835937500e+02
2.818146000000000000e+06
9.387521875000000000e+05
7.246103027343750000e+03
2.818490000000000000e+06
1.585533203125000000e+03
6.341831640625000000e+04
2.323333500000000000e+06
6.284486875000000000e+05
3.444780078125000000e+04
1.138720250000000000e+06
1.407346386718750000e+04
9.517524218750000000e+04
2.001026800000000000e+07
2.665214062500000000e+05
2.575526562500000000e+05
4.416885625000000000e+05
2.828175000000000000e+06
8.704331250000000000e+05
2.672837500000000000e+05
2.380180625000000000e+05
3.872945250000000000e+06
9.516021875000000000e+05
2.073970937500000000e+05
1.222408625000000000e+06
1.556827875000000000e+06
1.707067812500000000e+05
3.028929296875000000e+04
1.115895750000000000e+06
9.131706250000000000e+04
4.181702250000000000e+06
5.354917578125000000e+04
2.829867187500000000e+05
5.127569375000000000e+05
4.701834000000000000e+06
4.433525625000000000e+05
6.201532400000000000e+07
4.607548750000000000e+05
1.832713125000000000e+06
9.658557000000000000e+06
9.760955468750000000e+04
7.487616250000000000e+05
1.390934000000000000e+06
1.348079300000000000e+07
5.042372187500000000e+05
4.190820500000000000e+06
2.118134400000000000e+07
4.871341000000000000e+06
6.432488500000000000e+06
1.130699531250000000e+05
4.944315625000000000e+05
7.170638750000000000e+05
1.652737670898437500e+03
3.354235000000000000e+05
8.761504375000000000e+05
5.043445312500000000e+03
9.217827500000000000e+05
2.691272460937500000e+03
8.923356445312500000e+03
1.180486000000000000e+06
2.482389250000000000e+06
1.044201757812500000e+04
4.419210000000000000e+06
7.692989062500000000e+04
5.956093359375000000e+04
4.553060000000000000e+06
2.689476757812500000e+04
8.154890625000000000e+04
6.949668750000000000e+04
8.605463000000000000e+06
2.192711562500000000e+05
1.363161718750000000e+05
7.545961875000000000e+05
5.704218750000000000e+05
1.477634375000000000e+06
1.209550625000000000e+06
4.181702250000000000e+06
3.607349609375000000e+04
1.624979375000000000e+06
3.750027734375000000e+04
1.098345000000000000e+05
6.416257200000000000e+07
9.754946250000000000e+05
2.227770500000000000e+06
1.205560250000000000e+06
3.482880400000000000e+07
2.441051093750000000e+05
1.816272656250000000e+05
1.703009179687500000e+04
7.435048828125000000e+03
2.515665312500000000e+05
2.049665625000000000e+05
8.847254882812500000e+03
1.130541875000000000e+06
2.585905468750000000e+04
6.847247070312500000e+03
2.498373000000000000e+06
1.259346750000000000e+06
5.599192187500000000e+04
1.599582000000000000e+06
5.011135000000000000e+05
7.407104003906250000e+03
6.732889500000000000e+06
1.243865468750000000e+05
5.715026953125000000e+04
3.840036250000000000e+05
2.381078000000000000e+07
1.174304750000000000e+06
4.598194375000000000e+05
1.639763750000000000e+06
4.587470500000000000e+06
1.117739900000000000e+07
7.596599218750000000e+04
4.944315625000000000e+05
4.639641113281250000e+03
3.610471000000000000e+06
1.118177832031250000e+04
2.696500976562500000e+04
8.690401000000000000e+06
3.743848828125000000e+04
1.576708437500000000e+05
2.735972000000000000e+06
4.314353000000000000e+06
7.939862500000000000e+05
5.000501171875000000e+04
2.061296125000000000e+06
3.581635937500000000e+04
2.131010625000000000e+05
4.181702250000000000e+06
1.208517031250000000e+05
3.864032421875000000e+04
3.011031982421875000e+03
2.468375585937500000e+04
2.408656250000000000e+06
4.798309600000000000e+07
8.142231875000000000e+05
1.529467500000000000e+06
7.042482812500000000e+04
1.570121875000000000e+06
7.003728000000000000e+06
1.942580000000000000e+05
2.272272750000000000e+06
4.049421875000000000e+04
2.170238800000000000e+07
2.370192250000000000e+06
4.137916800000000000e+07
2.242322250000000000e+06
4.585966000000000000e+06
2.329548000000000000e+07
7.000784375000000000e+05
3.643811328125000000e+04
2.636635742187500000e+04
5.646301250000000000e+05
5.991805625000000000e+05
1.046502578125000000e+05
2.047008906250000000e+05
1.260658300781250000e+04
2.325937187500000000e+05
4.685900000000000000e+05
7.052888281250000000e+04
7.130339062500000000e+04
6.868269531250000000e+04
7.574838281250000000e+04
2.447037750000000000e+06
3.041475000000000000e+06
1.308100500000000000e+06
7.812644375000000000e+05
1.752334843750000000e+05
2.362804375000000000e+05
4.285141875000000000e+05
5.580956250000000000e+05
8.655847500000000000e+05
2.491709843750000000e+05
5.168245500000000000e+06
5.114858500000000000e+06
5.544771000000000000e+06
1.999273750000000000e+06
1.861082375000000000e+06
1.859422000000000000e+07
2.338503750000000000e+05
2.484470000000000000e+05
1.108059125000000000e+06
4.143244140625000000e+04
1.816272656250000000e+05
5.460915625000000000e+04
1.221459863281250000e+04
2.818146000000000000e+06
4.462440234375000000e+04
5.025423828125000000e+04
2.404007000000000000e+06
3.574620000000000000e+06
1.187135078125000000e+05
1.967221600000000000e+07
2.748881250000000000e+05
9.600669375000000000e+05
3.201538000000000000e+06
5.239633437500000000e+05
4.920890234375000000e+04
2.922791500000000000e+06
3.434355200000000000e+07
2.389167000000000000e+06
1.866395000000000000e+06
3.462803600000000000e+07
7.201044500000000000e+06
3.924372000000000000e+07
5.758977734375000000e+04
3.412358000000000000e+06
5.485307031250000000e+04
1.039645546875000000e+05
4.762475585937500000e+03
9.395281250000000000e+04
5.401949500000000000e+06
8.370746875000000000e+04
1.566919600000000000e+07
9.509495312500000000e+04
1.307732900000000000e+07
1.090281125000000000e+06
9.739496875000000000e+05
1.624979375000000000e+06
2.396749375000000000e+05
1.166113375000000000e+06
6.676755000000000000e+05
8.796926562500000000e+04
7.939862500000000000e+05
6.540351171875000000e+04
1.667343750000000000e+05
1.508971200000000000e+07
1.342536900000000000e+07
2.237483750000000000e+06
4.153720500000000000e+06
2.629741000000000000e+06
5.418290000000000000e+06
9.115769000000000000e+06
2.402006500000000000e+06
1.688193875000000000e+06
6.804256250000000000e+05
1.145360560000000000e+08
3.454188000000000000e+07
1.946191200000000000e+07
1.134716100000000000e+07
1.499188700000000000e+07
8.977684000000000000e+07
2.057890000000000000e+05
1.671020937500000000e+05
5.292560156250000000e+04
1.701895507812500000e+04
3.920710625000000000e+05
8.318341875000000000e+05
2.259870117187500000e+04
1.703009179687500000e+04
5.069649902343750000e+03
7.486126464843750000e+03
2.237897750000000000e+06
1.093797125000000000e+06
1.205790781250000000e+05
5.400165625000000000e+05
1.246751406250000000e+05
9.167228125000000000e+04
2.474737750000000000e+06
2.580859687500000000e+05
5.911875625000000000e+05
6.177508789062500000e+03
1.929878400000000000e+07
1.512128625000000000e+06
1.118070000000000000e+06
2.133208593750000000e+05
4.248186000000000000e+06
7.992287000000000000e+06
4.463326500000000000e+06
2.346654296875000000e+04
2.457270312500000000e+04
1.313708750000000000e+06
6.888198750000000000e+05
3.494404541015625000e+03
3.190595500000000000e+06
2.886784750000000000e+06
2.800161718750000000e+04
8.165646250000000000e+05
2.560741750000000000e+06
1.170433359375000000e+05
2.470772656250000000e+05
4.944315625000000000e+05
1.260658300781250000e+04
7.109240625000000000e+05
3.338275625000000000e+05
1.142905781250000000e+05
1.841328875000000000e+06
7.564579375000000000e+05
6.677597656250000000e+04
1.477907750000000000e+06
9.957216250000000000e+05
1.226778437500000000e+05
1.496484125000000000e+06
1.242534125000000000e+06
4.008286562500000000e+05
5.627600000000000000e+06
3.833007750000000000e+06
6.151958750000000000e+05
9.278823000000000000e+06
1.059897200000000000e+07
2.468526750000000000e+06
1.931931750000000000e+06
2.228601250000000000e+06
3.027693600000000000e+07
1.157476100000000000e+07
2.484470000000000000e+05
5.389629375000000000e+05
2.699295410156250000e+03
2.061296125000000000e+06
4.016010009765625000e+03
1.124890502929687500e+03
9.224526000000000000e+06
2.394809570312500000e+04
1.346827343750000000e+04
2.024832031250000000e+05
1.144028875000000000e+06
8.318341875000000000e+05
1.056108000000000000e+06
1.831025500000000000e+06
1.816272656250000000e+05
2.338184843750000000e+05
3.581618437500000000e+05
1.274781200000000000e+07
4.892081500000000000e+06
6.142497000000000000e+06
7.340867500000000000e+05
2.256174800000000000e+07
2.073970937500000000e+05
1.115895750000000000e+06
1.050893046875000000e+05
7.106982421875000000e+03
1.556827875000000000e+06
7.827754375000000000e+05
8.941204101562500000e+03
9.067142500000000000e+05
5.424795898437500000e+03
2.800224609375000000e+03
4.701834000000000000e+06
6.499908750000000000e+05
6.510982031250000000e+04
2.188938000000000000e+06
4.000545312500000000e+04
2.151374609375000000e+04
5.977537500000000000e+06
8.417120312500000000e+04
3.345367578125000000e+04
3.093500195312500000e+04
9.155254000000000000e+06
3.886791250000000000e+05
2.278527343750000000e+05
2.559166562500000000e+05
1.729725625000000000e+05
1.767181875000000000e+06
7.170638750000000000e+05
1.816272656250000000e+05
4.137044921875000000e+04
3.773639404296875000e+03
7.939862500000000000e+05
4.181702250000000000e+06
2.054532031250000000e+04
2.061296125000000000e+06
1.633991796875000000e+04
3.470565429687500000e+03
4.469708000000000000e+06
1.038822200000000000e+07
1.274106484375000000e+05
2.347754000000000000e+06
4.475221484375000000e+04
6.977636230468750000e+03
4.798309600000000000e+07
2.237599375000000000e+05
2.125313437500000000e+05
6.984273125000000000e+05
3.925779600000000000e+07
3.124320000000000000e+05
7.912521250000000000e+05
8.222771250000000000e+05
1.158781500000000000e+07
6.006268500000000000e+06
1.205232625000000000e+06
1.542921250000000000e+05
2.210538330078125000e+03
9.048750625000000000e+05
9.596519531250000000e+03
3.453022949218750000e+03
1.012526700000000000e+07
2.797108750000000000e+05
2.224921679687500000e+04
8.671492187500000000e+04
1.160794250000000000e+06
7.170638750000000000e+05
1.703009179687500000e+04
8.318341875000000000e+05
1.282114550781250000e+04
2.379639250000000000e+06
1.556827875000000000e+06
7.381069531250000000e+04
3.920710625000000000e+05
8.836437500000000000e+04
6.257266406250000000e+04
5.308972500000000000e+06
5.169133000000000000e+06
1.432161250000000000e+06
2.474737750000000000e+06
5.405473046875000000e+04
8.704380625000000000e+05
3.586427600000000000e+07
6.125503000000000000e+06
9.800712500000000000e+05
2.228524750000000000e+06
3.338572400000000000e+07
1.640552400000000000e+07
7.799116000000000000e+06
2.668864500000000000e+06
7.926344800000000000e+07
4.374731200000000000e+07
1.816272656250000000e+05
7.939862500000000000e+05
6.637160937500000000e+04
7.170638750000000000e+05
1.103579003906250000e+04
5.052605078125000000e+04
4.469708000000000000e+06
3.295411875000000000e+05
1.013249812500000000e+06
1.194060750000000000e+06
7.705350500000000000e+06
5.331823750000000000e+05
4.226800500000000000e+06
1.378280250000000000e+06
7.930278125000000000e+04
4.137044921875000000e+04
8.318341875000000000e+05
1.192470800781250000e+04
1.222408625000000000e+06
2.168908750000000000e+05
4.995868359375000000e+04
7.527854500000000000e+06
4.649494000000000000e+06
1.163581625000000000e+06
4.667005200000000000e+07
1.027301300000000000e+07
8.184770625000000000e+05
3.881660750000000000e+06
1.558979843750000000e+05
1.000158437500000000e+06
3.792711250000000000e+06
2.665592800000000000e+07
2.368432000000000000e+07
8.274585500000000000e+06
8.000620000000000000e+07
3.372278000000000000e+06
2.958324400000000000e+07
5.142797000000000000e+06
1.825928375000000000e+06
2.691772187500000000e+05
1.556827875000000000e+06
4.956271093750000000e+04
5.701232031250000000e+04
9.918794400000000000e+07
1.652858100000000000e+07
4.974355500000000000e+06
7.720533750000000000e+05
1.174218480000000000e+08
2.131010625000000000e+05
3.755235156250000000e+04
1.230012695312500000e+03
6.008392187500000000e+04
1.039645546875000000e+05
2.484843164062500000e+04
2.211678437500000000e+05
1.537502656250000000e+05
4.944315625000000000e+05
3.377742187500000000e+05
1.295637750000000000e+06
6.220755500000000000e+06
7.782579375000000000e+05
4.395945625000000000e+05
3.853812187500000000e+05
4.259161132812500000e+03
4.181702250000000000e+06
7.170638750000000000e+05
1.078186035156250000e+04
4.137044921875000000e+04
4.135708984375000000e+03
2.782417236328125000e+03
2.849098000000000000e+07
4.109136000000000000e+06
5.030041406250000000e+04
1.150411750000000000e+06
2.045910742187500000e+04
2.658309570312500000e+04
1.038822200000000000e+07
2.528186523437500000e+04
3.410166796875000000e+04
5.091695800781250000e+03
2.173950800000000000e+07
4.470250312500000000e+05
2.930828125000000000e+05
1.221772031250000000e+05
9.167691406250000000e+04
1.269115000000000000e+06
2.061296125000000000e+06
2.863989687500000000e+05
2.936392250000000000e+06
5.156227343750000000e+04
3.028929296875000000e+04
7.057186000000000000e+06
2.136957763671875000e+03
2.680197000000000000e+06
2.090224218750000000e+04
1.699835312500000000e+05
1.526279250000000000e+06
7.115356000000000000e+07
5.608578750000000000e+05
8.263324000000000000e+06
3.240100312500000000e+05
2.280863750000000000e+06
1.891093600000000000e+07
9.658990234375000000e+03
7.997733125000000000e+05
1.283355000000000000e+06
2.868219600000000000e+07
9.773681250000000000e+05
6.229166400000000000e+07
5.917951500000000000e+06
3.712861500000000000e+06
1.932770400000000000e+07
4.342650390625000000e+04
5.427497558593750000e+03
8.076160644531250000e+03
2.307250000000000000e+04
6.368361250000000000e+05
2.792278515625000000e+04
1.523695312500000000e+03
2.342727343750000000e+04
1.816272656250000000e+05
7.939862500000000000e+05
2.934145703125000000e+04
7.170638750000000000e+05
2.374359765625000000e+04
1.160149296875000000e+05
4.469708000000000000e+06
1.878029843750000000e+05
2.319201406250000000e+05
3.940119375000000000e+05
7.179918125000000000e+05
1.816272656250000000e+05
1.205238375000000000e+06
7.939862500000000000e+05
1.278842773437500000e+04
4.588478125000000000e+04
7.170638750000000000e+05
3.170283203125000000e+03
1.464582625000000000e+06
2.011410644531250000e+03
1.203170703125000000e+04
3.474256000000000000e+06
4.469708000000000000e+06
8.295005468750000000e+04
4.604756800000000000e+07
5.209608750000000000e+05
1.417722500000000000e+05
5.315310500000000000e+06
4.102812011718750000e+03
8.856558593750000000e+04
6.625966406250000000e+04
9.211374000000000000e+06
1.277633875000000000e+06
3.910441250000000000e+05
7.750129500000000000e+06
3.758930937500000000e+05
4.039777750000000000e+06
7.782579375000000000e+05
5.594137109375000000e+04
3.707408125000000000e+05
7.959600781250000000e+04
2.131010625000000000e+05
7.939862500000000000e+05
4.808702343750000000e+04
5.000501171875000000e+04
4.991583984375000000e+03
3.859439453125000000e+04
1.340551000000000000e+06
1.646447125000000000e+06
8.453584375000000000e+05
6.983586875000000000e+05
9.499470312500000000e+04
5.608825000000000000e+05
2.408656250000000000e+06
1.022545781250000000e+05
3.399792500000000000e+05
4.270016796875000000e+04
6.612550500000000000e+06
5.433128125000000000e+05
2.115217250000000000e+06
4.319422187500000000e+05
6.001390625000000000e+05
1.854307500000000000e+06
8.761504375000000000e+05
7.996338125000000000e+05
7.750278750000000000e+05
1.033638750000000000e+05
1.556827875000000000e+06
4.977444500000000000e+06
3.598651875000000000e+05
3.112488250000000000e+06
4.614492500000000000e+05
6.481011250000000000e+05
5.915643500000000000e+06
3.535818800000000000e+07
8.846616875000000000e+05
1.298908000000000000e+07
1.774907500000000000e+06
2.227141750000000000e+06
9.109118400000000000e+07
4.735792500000000000e+06
7.295481000000000000e+06
1.888358000000000000e+07
2.195306880000000000e+08
1.338785700000000000e+07
2.425582800000000000e+07
3.054357200000000000e+07
2.407732160000000000e+08
3.834708800000000000e+08
1.030274921875000000e+05
1.265817421875000000e+05
2.398336328125000000e+04
7.966650000000000000e+06
8.764443750000000000e+04
4.231916406250000000e+04
6.182277500000000000e+06
1.072338984375000000e+05
1.591791250000000000e+05
4.879943000000000000e+06
1.779139200000000000e+07
4.757804375000000000e+05
5.591728750000000000e+05
8.124531250000000000e+04
1.998713281250000000e+04
4.011601750000000000e+06
7.864935000000000000e+06
2.846511523437500000e+04
1.947563250000000000e+06
3.349526562500000000e+05
4.871199218750000000e+04
1.203607500000000000e+07
1.258402100000000000e+07
3.817718125000000000e+05
4.155297750000000000e+06
7.493188750000000000e+05
8.769669531250000000e+04
7.291208000000000000e+07
3.105408000000000000e+06
4.542629000000000000e+06
1.902017750000000000e+06
2.829176960000000000e+08
1.165240000000000000e+07
9.642819000000000000e+06
5.269848500000000000e+06
6.159330400000000000e+07
2.946635200000000000e+08
7.827754375000000000e+05
6.385414375000000000e+05
1.050893046875000000e+05
3.010991601562500000e+04
1.182401500000000000e+06
2.073970937500000000e+05
5.709502734375000000e+04
1.122410750000000000e+06
8.837423437500000000e+04
2.652244531250000000e+04
2.636835500000000000e+06
6.499908750000000000e+05
3.972033437500000000e+05
1.677457375000000000e+06
4.611043437500000000e+05
1.207842968750000000e+05
3.316751750000000000e+06
6.086406250000000000e+05
2.524820156250000000e+05
4.891482500000000000e+05
3.449823500000000000e+06
1.529639375000000000e+06
6.930667500000000000e+05
1.385219375000000000e+06
1.608359250000000000e+06
2.608497500000000000e+06
2.478178500000000000e+06
1.133045000000000000e+06
1.447720214843750000e+04
7.657193500000000000e+06
6.866428906250000000e+04
1.165632812500000000e+04
6.809829600000000000e+07
9.438835000000000000e+05
2.340355468750000000e+05
1.391638750000000000e+06
1.812794000000000000e+07
2.407507187500000000e+05
1.045790687500000000e+06
1.660555375000000000e+06
5.878632500000000000e+06
8.479642968750000000e+04
6.108288125000000000e+05
1.721252750000000000e+06
2.205346484375000000e+04
1.115895750000000000e+06
2.863989687500000000e+05
1.536229003906250000e+04
7.939862500000000000e+05
3.327012109375000000e+04
1.121307031250000000e+04
2.015054125000000000e+06
1.045151562500000000e+06
4.993777343750000000e+04
8.054472500000000000e+06
2.257044843750000000e+05
1.017353312500000000e+06
4.390929000000000000e+06
3.914900625000000000e+05
1.505171250000000000e+05
2.293629375000000000e+05
2.926540500000000000e+06
7.510193750000000000e+05
6.851033125000000000e+05
2.894321250000000000e+06
2.132065500000000000e+06
1.324291375000000000e+06
4.181702250000000000e+06
1.526976660156250000e+04
2.501815429687500000e+03
1.152958906250000000e+05
8.318341875000000000e+05
9.574414062500000000e+04
2.972431562500000000e+05
3.161267750000000000e+06
1.689500125000000000e+06
1.726446000000000000e+06
5.001192500000000000e+06
2.813358000000000000e+06
6.103123125000000000e+05
6.987038125000000000e+05
2.306418750000000000e+06
1.816272656250000000e+05
5.143457500000000000e+05
1.117962375000000000e+06
3.691750750000000000e+06
3.468296400000000000e+07
2.227849200000000000e+07
6.057384000000000000e+06
7.726499000000000000e+06
2.606497600000000000e+07
1.053554200000000000e+07
4.282150500000000000e+06
2.563627200000000000e+07
1.114499500000000000e+06
2.680612800000000000e+07
2.978758800000000000e+07
3.558743680000000000e+08
2.655058800000000000e+07
4.532346000000000000e+07
1.308037840000000000e+08
1.395429200000000000e+07
2.744072500000000000e+05
5.969618125000000000e+05
3.895897200000000000e+07
1.371441300000000000e+07
8.502597500000000000e+05
1.155864000000000000e+08
4.743303600000000000e+07
1.919041125000000000e+06
7.946387200000000000e+07
3.158011840000000000e+08
1.652361718750000000e+04
5.522943750000000000e+04
3.262127734375000000e+04
8.614560156250000000e+04
8.279892500000000000e+05
1.229078437500000000e+05
8.170186718750000000e+04
3.527136250000000000e+05
1.485031406250000000e+05
3.540657500000000000e+05
1.700279687500000000e+05
9.005474218750000000e+04
9.897636718750000000e+04
1.330374902343750000e+04
7.172111718750000000e+04
1.130541875000000000e+06
1.652361718750000000e+04
5.322562866210937500e+02
5.000501171875000000e+04
4.806644531250000000e+03
1.638209472656250000e+03
1.161522750000000000e+06
1.016042578125000000e+05
1.254477734375000000e+04
1.113611171875000000e+05
3.128045500000000000e+06
3.028929296875000000e+04
2.061296125000000000e+06
6.233345000000000000e+05
3.098126708984375000e+03
2.863989687500000000e+05
1.265817421875000000e+05
4.432315917968750000e+03
4.874633437500000000e+05
9.630380859375000000e+03
4.055995605468750000e+03
1.526279250000000000e+06
2.487331406250000000e+05
3.408839111328125000e+03
1.146089900000000000e+07
3.849940625000000000e+05
5.393335937500000000e+04
2.713575000000000000e+06
4.335065625000000000e+04
2.693609570312500000e+04
6.112186718750000000e+04
1.544363600000000000e+07
2.215645156250000000e+05
5.281759375000000000e+04
1.883330875000000000e+06
5.436700000000000000e+05
3.501014000000000000e+06
1.816272656250000000e+05
7.170638750000000000e+05
2.338503750000000000e+05
1.778487500000000000e+06
7.939862500000000000e+05
2.484470000000000000e+05
2.188270000000000000e+06
2.887902750000000000e+06
2.898177000000000000e+06
4.060895312500000000e+05
4.469708000000000000e+06
2.404007000000000000e+06
1.786293200000000000e+07
7.121488500000000000e+06
1.272772000000000000e+07
2.048419000000000000e+06
9.749026000000000000e+06
2.535756800000000000e+07
2.604570000000000000e+06
5.257119000000000000e+06
1.808235600000000000e+07
4.640774800000000000e+07
1.583667200000000000e+07
1.636467700000000000e+07
3.489782800000000000e+07
2.537798800000000000e+07
1.464571500000000000e+06
2.197232226562500000e+04
1.352732324218750000e+04
1.124453875000000000e+06
4.264947500000000000e+06
3.786155750000000000e+06
9.785524218750000000e+04
1.712450976562500000e+04
4.431935058593750000e+03
1.592865600585937500e+03
1.172393800000000000e+07
7.220086250000000000e+05
3.995573750000000000e+05
1.786605346679687500e+03
8.659545625000000000e+05
3.669292187500000000e+04
1.253052375000000000e+06
7.988936523437500000e+03
2.817278250000000000e+06
6.486253515625000000e+04
5.794074375000000000e+05
2.966231750000000000e+06
9.533903906250000000e+04
1.123281250000000000e+06
1.017665687500000000e+06
1.769784250000000000e+06
6.233345000000000000e+05
9.217827500000000000e+05
4.874633437500000000e+05
4.343793750000000000e+04
4.181702250000000000e+06
2.061296125000000000e+06
1.241375000000000000e+04
7.939862500000000000e+05
5.886920312500000000e+04
9.661948437500000000e+04
3.939911600000000000e+07
1.146089900000000000e+07
9.103359375000000000e+04
2.267683250000000000e+06
3.410479687500000000e+05
2.443974531250000000e+05
4.798309600000000000e+07
4.019958437500000000e+05
8.012405625000000000e+05
3.730575312500000000e+05
4.284034880000000000e+08
3.884771500000000000e+06
2.194131750000000000e+06
1.046489187500000000e+06
1.380422100000000000e+07
7.091523200000000000e+07
1.115895750000000000e+06
4.181702250000000000e+06
1.240529453125000000e+05
3.028929296875000000e+04
3.302146875000000000e+04
4.864959765625000000e+04
9.658557000000000000e+06
1.085719750000000000e+06
3.897228500000000000e+06
3.740494531250000000e+04
1.112495000000000000e+07
1.464571500000000000e+06
1.569787187500000000e+05
1.205232625000000000e+06
1.583584472656250000e+04
1.651442875000000000e+06
7.939862500000000000e+05
1.769802968750000000e+05
9.395475000000000000e+05
6.536086328125000000e+04
4.613062109375000000e+04
2.631032400000000000e+07
4.604704000000000000e+07
1.133801750000000000e+06
1.002568300000000000e+07
5.817823125000000000e+05
2.514802500000000000e+06
4.230066500000000000e+06
5.191661500000000000e+06
7.365840000000000000e+05
1.801900625000000000e+06
5.911229440000000000e+08
4.663366000000000000e+07
6.042940400000000000e+07
3.645303600000000000e+07
1.176365400000000000e+07
1.115860224000000000e+09
1.130699531250000000e+05
8.761504375000000000e+05
7.259911875000000000e+05
7.170638750000000000e+05
4.709818000000000000e+06
6.367201000000000000e+06
2.482389250000000000e+06
5.581181000000000000e+06
2.294433600000000000e+07
4.854120800000000000e+07
3.769902000000000000e+07
1.292175468750000000e+05
8.124531250000000000e+04
1.175529843750000000e+05
1.556827875000000000e+06
7.230340000000000000e+05
2.190844750000000000e+06
8.151470000000000000e+05
6.362333750000000000e+05
7.708535000000000000e+05
1.660422600000000000e+07
5.191844500000000000e+06
4.669950937500000000e+05
1.067501406250000000e+05
7.996338125000000000e+05
1.085299218750000000e+05
1.712450976562500000e+04
3.920710625000000000e+05
7.774214062500000000e+04
2.073970937500000000e+05
3.344174218750000000e+04
5.044641015625000000e+04
5.550393750000000000e+05
3.271639250000000000e+06
1.764505875000000000e+06
7.574924375000000000e+05
2.237283906250000000e+05
1.058130375000000000e+06
3.329541562500000000e+05
4.547397265625000000e+04
1.514156125000000000e+06
4.031557187500000000e+05
3.802925250000000000e+06
6.552043750000000000e+05
1.895900400000000000e+07
1.382549500000000000e+06
5.702309375000000000e+05
5.950350500000000000e+06
4.137044921875000000e+04
1.222408625000000000e+06
4.181702250000000000e+06
7.544400000000000000e+04
8.318341875000000000e+05
7.170638750000000000e+05
1.205726660156250000e+04
1.556827875000000000e+06
7.800340625000000000e+04
5.220312890625000000e+04
3.881660750000000000e+06
1.038822200000000000e+07
6.287451171875000000e+04
6.201532400000000000e+07
6.595407500000000000e+06
5.455538500000000000e+06
5.169133000000000000e+06
1.707458625000000000e+06
1.404815750000000000e+06
1.917431125000000000e+06
4.490586800000000000e+07
2.733382000000000000e+06
3.434879200000000000e+07
1.495719360000000000e+08
1.634125100000000000e+07
5.339686000000000000e+07
7.888655468750000000e+04
1.464571500000000000e+06
1.205232625000000000e+06
1.748285937500000000e+04
2.887902750000000000e+06
2.484470000000000000e+05
1.151896875000000000e+04
7.939862500000000000e+05
6.429801562500000000e+04
5.181337500000000000e+04
9.282327000000000000e+06
7.026930500000000000e+06
1.247555468750000000e+05
4.604704000000000000e+07
6.401835000000000000e+05
6.192379375000000000e+05
9.749026000000000000e+06
2.431919375000000000e+05
9.274236718750000000e+04
3.471085625000000000e+05
2.257695680000000000e+08
3.129080750000000000e+06
7.484952500000000000e+06
1.108290900000000000e+07
2.987379000000000000e+06
1.265918800000000000e+08
2.863989687500000000e+05
9.999125000000000000e+04
1.943182031250000000e+05
5.235208125000000000e+05
2.415807656250000000e+05
2.211612500000000000e+06
9.359417500000000000e+05
3.051606500000000000e+06
1.313535000000000000e+05
1.102684875000000000e+06
1.601806125000000000e+06
2.264489000000000000e+06
1.232872100000000000e+07
6.329984375000000000e+05
3.782009062500000000e+05
3.031455750000000000e+06
2.435684800000000000e+07
1.274670375000000000e+06
1.759562400000000000e+07
8.821213000000000000e+06
1.017449800000000000e+07
6.593024500000000000e+06
6.524326000000000000e+07
3.959495500000000000e+06
9.920005600000000000e+07
1.276991680000000000e+08
8.318341875000000000e+05
2.010516250000000000e+06
1.222408625000000000e+06
4.962802734375000000e+04
1.315199125000000000e+06
4.137044921875000000e+04
4.761189941406250000e+03
7.678905500000000000e+06
1.550182343750000000e+05
9.835641601562500000e+03
4.095286750000000000e+06
3.881660750000000000e+06
2.436704062500000000e+05
7.378956000000000000e+07
1.744699000000000000e+06
3.300352500000000000e+05
1.490424400000000000e+07
5.029635312500000000e+05
1.940063671875000000e+04
3.139360000000000000e+06
2.201532400000000000e+07
2.289445750000000000e+06
3.162318750000000000e+05
4.083426000000000000e+07
2.094981125000000000e+06
6.423036500000000000e+06
4.181702250000000000e+06
9.276587500000000000e+05
3.864032421875000000e+04
6.011355859375000000e+04
1.174460500000000000e+06
2.131010625000000000e+05
1.288947187500000000e+05
8.250161718750000000e+04
4.686460156250000000e+04
2.784626464843750000e+03
5.031550000000000000e+07
7.003728000000000000e+06
4.010202000000000000e+06
1.369730125000000000e+06
1.014490375000000000e+06
3.423621875000000000e+04
1.338978250000000000e+06
9.657328125000000000e+05
1.595580468750000000e+05
8.639159375000000000e+04
2.400412400000000000e+07
6.079403600000000000e+07
6.027868000000000000e+06
2.138345500000000000e+06
1.327036125000000000e+06
3.486902000000000000e+07
3.018567187500000000e+05
4.062305312500000000e+05
1.203224609375000000e+05
2.875433789062500000e+04
4.181702250000000000e+06
5.448388125000000000e+05
2.138230468750000000e+03
2.878746000000000000e+06
7.795395312500000000e+04
1.105171679687500000e+04
1.482180500000000000e+07
3.285587500000000000e+06
1.971984218750000000e+05
7.965959000000000000e+06
6.709007500000000000e+05
6.655650781250000000e+04
3.457424800000000000e+07
4.591314687500000000e+05
1.493884179687500000e+04
4.209121875000000000e+05
8.376334080000000000e+08
1.070194300000000000e+07
7.767164375000000000e+05
5.009971000000000000e+06
2.163714500000000000e+06
3.110819200000000000e+08
1.173445546875000000e+05
1.895288281250000000e+05
9.395475000000000000e+05
4.711308203125000000e+04
3.345804296875000000e+04
3.667746875000000000e+05
3.132011914062500000e+04
2.863989687500000000e+05
3.344174218750000000e+04
8.384217187500000000e+04
3.293246875000000000e+05
1.270186500000000000e+06
1.674109062500000000e+05
4.958913500000000000e+06
3.944175937500000000e+05
1.094060000000000000e+06
2.908719062500000000e+05
2.847293554687500000e+04
4.338197812500000000e+05
3.610184687500000000e+05
2.314938000000000000e+06
3.682080937500000000e+05
2.237091500000000000e+06
7.908069000000000000e+06
3.027461250000000000e+05
3.127568250000000000e+06
4.137044921875000000e+04
3.192671250000000000e+06
3.775432187500000000e+05
3.952343000000000000e+06
1.464571500000000000e+06
1.556827875000000000e+06
2.013034375000000000e+04
1.694694687500000000e+05
1.505509765625000000e+04
4.568801953125000000e+04
2.684788400000000000e+07
9.879482500000000000e+05
6.371460000000000000e+05
4.027525937500000000e+05
1.667474600000000000e+07
8.262775000000000000e+04
1.039645546875000000e+05
6.711024414062500000e+03
1.677483000000000000e+06
6.420610156250000000e+04
8.614872656250000000e+04
2.646154000000000000e+06
7.780912500000000000e+04
1.886560312500000000e+05
7.033890625000000000e+05
2.379993250000000000e+06
1.729956500000000000e+06
4.857458593750000000e+04
4.007285156250000000e+03
2.546115625000000000e+05
1.258315500000000000e+06
2.131010625000000000e+05
2.899131000000000000e+06
7.310285937500000000e+04
8.911699218750000000e+04
1.674286500000000000e+06
4.537260156250000000e+04
1.173931328125000000e+05
4.320038574218750000e+03
2.007024414062500000e+04
5.020881500000000000e+06
3.330698000000000000e+07
1.037878062500000000e+06
3.207757500000000000e+06
1.321269218750000000e+05
6.979385625000000000e+05
5.453640000000000000e+06
1.256876171875000000e+05
1.696738875000000000e+06
6.505824609375000000e+04
4.592547200000000000e+07
2.294698500000000000e+06
2.176972000000000000e+07
8.888096250000000000e+05
3.734833000000000000e+06
1.064500200000000000e+07
4.181702250000000000e+06
1.222408625000000000e+06
4.137044921875000000e+04
4.384732812500000000e+05
1.556827875000000000e+06
7.170638750000000000e+05
2.413916875000000000e+05
8.318341875000000000e+05
1.164991093750000000e+05
9.448521093750000000e+04
6.201532400000000000e+07
1.038822200000000000e+07
3.341653000000000000e+06
3.881660750000000000e+06
4.087693500000000000e+06
3.655082187500000000e+05
5.169133000000000000e+06
1.577635750000000000e+06
7.095443125000000000e+05
1.220049000000000000e+06
4.490586800000000000e+07
1.643569440000000000e+08
1.098911300000000000e+07
1.918904000000000000e+07
6.304056000000000000e+06
2.153383840000000000e+08
5.187573000000000000e+06
2.863989687500000000e+05
4.033562988281250000e+03
5.578940500000000000e+06
1.425684062500000000e+05
1.999533203125000000e+04
1.189605600000000000e+07
4.453714375000000000e+05
5.598599218750000000e+04
7.656129375000000000e+05
9.676014375000000000e+05
2.131010625000000000e+05
1.062026855468750000e+04
4.388223632812500000e+03
1.095595625000000000e+05
2.470772656250000000e+05
4.977444500000000000e+06
2.211612500000000000e+06
5.786807500000000000e+05
7.170638750000000000e+05
1.816272656250000000e+05
9.946231445312500000e+03
7.939862500000000000e+05
4.534366406250000000e+04
1.076928281250000000e+05
3.045038800000000000e+07
4.119164250000000000e+06
4.831268437500000000e+05
6.993428000000000000e+07
1.480358200000000000e+07
8.385620500000000000e+06
4.469708000000000000e+06
6.253971875000000000e+05
2.425191250000000000e+05
1.010316500000000000e+06
9.242512000000000000e+07
8.870959200000000000e+07
6.064893000000000000e+06
1.705202720000000000e+08
5.755096500000000000e+06
1.997580640000000000e+08
1.712450976562500000e+04
2.379639250000000000e+06
3.920710625000000000e+05
5.826713256835937500e+02
1.115895750000000000e+06
2.073970937500000000e+05
2.917438720703125000e+03
1.556827875000000000e+06
1.025655078125000000e+04
3.213000244140625000e+03
5.227861000000000000e+06
3.329541562500000000e+05
9.016569824218750000e+02
3.586427600000000000e+07
2.349182421875000000e+04
8.959677734375000000e+03
4.701834000000000000e+06
8.550431250000000000e+04
2.539466992187500000e+04
1.205870234375000000e+05
1.042983400000000000e+07
8.295013281250000000e+04
3.400064062500000000e+04
1.865773875000000000e+06
7.285783125000000000e+05
6.299848750000000000e+05
1.464571500000000000e+06
1.679611875000000000e+05
5.833958593750000000e+04
1.835906250000000000e+04
1.569786500000000000e+06
2.131010625000000000e+05
1.681490156250000000e+05
1.043617187500000000e+05
4.432325781250000000e+04
2.728588867187500000e+03
2.678313200000000000e+07
6.944223000000000000e+06
1.445668375000000000e+06
7.908326875000000000e+05
1.663257343750000000e+05
5.790716796875000000e+04
1.489579875000000000e+06
1.556067875000000000e+06
2.120286875000000000e+05
1.027584218750000000e+05
2.237887200000000000e+07
2.659904800000000000e+07
6.928479500000000000e+06
7.811020625000000000e+05
1.474121250000000000e+06
2.219442800000000000e+07
3.864032421875000000e+04
5.522943750000000000e+04
6.539011230468750000e+02
1.142590859375000000e+05
2.667046875000000000e+03
2.070555664062500000e+04
1.018817656250000000e+05
7.340318359375000000e+03
3.747757031250000000e+04
6.107653125000000000e+04
7.066838281250000000e+04
1.115895750000000000e+06
8.332815625000000000e+05
2.114323906250000000e+05
3.947254000000000000e+06
4.874633437500000000e+05
9.217827500000000000e+05
6.233345000000000000e+05
1.760970781250000000e+05
7.939862500000000000e+05
2.061296125000000000e+06
7.054676562500000000e+04
4.181702250000000000e+06
1.255724687500000000e+05
4.723881875000000000e+05
2.267683250000000000e+06
1.146089900000000000e+07
1.170072500000000000e+06
3.939911600000000000e+07
2.108006000000000000e+06
2.216414000000000000e+07
4.798309600000000000e+07
5.584364375000000000e+05
5.340461000000000000e+06
5.867201000000000000e+06
4.284034880000000000e+08
3.528015250000000000e+06
1.348159840000000000e+08
7.505356800000000000e+07
2.778521600000000000e+07
8.875295360000000000e+08
1.816272656250000000e+05
2.061296125000000000e+06
1.765583593750000000e+04
4.137044921875000000e+04
3.497649902343750000e+03
1.373188867187500000e+04
2.347754000000000000e+06
3.752206640625000000e+04
8.159806875000000000e+05
8.099054687500000000e+03
9.448201875000000000e+05
5.199889687500000000e+05
1.124308400000000000e+07
4.447756250000000000e+04
1.556827875000000000e+06
3.603326953125000000e+04
2.344012500000000000e+04
2.235353200000000000e+07
3.443751562500000000e+05
5.710212000000000000e+06
5.481744375000000000e+05
1.683526800000000000e+07
4.137044921875000000e+04
2.061296125000000000e+06
1.463519000000000000e+07
1.816272656250000000e+05
2.642769062500000000e+05
1.574796125000000000e+06
2.347754000000000000e+06
3.455589250000000000e+06
9.999335200000000000e+07
1.338938625000000000e+06
1.899031200000000000e+07
6.901921093750000000e+04
2.131010625000000000e+05
1.736355224609375000e+03
9.217827500000000000e+05
2.479351367187500000e+04
6.062168750000000000e+04
1.305889250000000000e+06
4.860517187500000000e+04
1.152054296875000000e+05
5.809761250000000000e+05
8.159581875000000000e+05
1.464571500000000000e+06
7.170638750000000000e+05
7.858397949218750000e+03
4.588464843750000000e+04
1.296726684570312500e+03
1.400075073242187500e+03
5.315305000000000000e+06
3.405181640625000000e+04
5.519026562500000000e+04
2.025032836914062500e+03
1.694671875000000000e+05
2.131010625000000000e+05
1.284207265625000000e+05
1.032419238281250000e+04
6.108288125000000000e+05
1.148001796875000000e+05
6.858993750000000000e+04
2.470818500000000000e+06
1.323233906250000000e+05
2.246273750000000000e+05
1.177698500000000000e+06
4.499388500000000000e+06
7.939862500000000000e+05
1.339277709960937500e+03
2.422279785156250000e+03
2.162887695312500000e+03
1.171197187500000000e+05
1.056108000000000000e+06
1.880557031250000000e+05
3.667746875000000000e+05
2.259969140625000000e+04
8.976337500000000000e+04
1.271900625000000000e+06
1.003661328125000000e+05
9.456495000000000000e+05
3.767005312500000000e+05
1.454979625000000000e+06
1.602130273437500000e+04
4.062305312500000000e+05
7.225488769531250000e+03
2.131010625000000000e+05
1.259433715820312500e+03
3.332947656250000000e+04
1.258816000000000000e+06
1.014726074218750000e+04
1.473337187500000000e+05
7.644084375000000000e+04
6.848694375000000000e+05
2.061296125000000000e+06
5.727603750000000000e+05
1.733730468750000000e+05
1.323668000000000000e+07
7.996338125000000000e+05
1.556827875000000000e+06
8.318341875000000000e+05
4.060312011718750000e+03
8.761504375000000000e+05
1.130699531250000000e+05
6.301220214843750000e+03
7.170638750000000000e+05
8.875780273437500000e+03
1.582006469726562500e+03
5.915643500000000000e+06
1.585563500000000000e+06
6.522019531250000000e+04
5.169133000000000000e+06
1.682539218750000000e+05
1.165464531250000000e+05
2.482389250000000000e+06
9.493347656250000000e+04
1.907875781250000000e+04
6.177298437500000000e+04
9.390723000000000000e+06
1.146420750000000000e+06
3.118592500000000000e+05
1.178319750000000000e+06
2.209310937500000000e+05
1.546652375000000000e+06
1.464571500000000000e+06
1.205232625000000000e+06
1.694694687500000000e+05
8.889767578125000000e+03
7.939862500000000000e+05
1.556827875000000000e+06
3.249335351562500000e+04
1.056108000000000000e+06
6.068519921875000000e+04
3.441912890625000000e+04
4.604704000000000000e+07
2.684788400000000000e+07
1.010202812500000000e+06
9.768812000000000000e+06
1.423980375000000000e+06
3.930168750000000000e+04
3.942276500000000000e+06
1.016366125000000000e+06
5.204851250000000000e+05
6.582902500000000000e+05
5.694106240000000000e+08
5.233591200000000000e+07
5.057887000000000000e+06
5.320955000000000000e+06
4.280390500000000000e+06
2.760225920000000000e+08
2.061296125000000000e+06
7.939862500000000000e+05
9.917488125000000000e+05
1.292224023437500000e+04
4.181702250000000000e+06
1.214047250000000000e+06
1.389523730468750000e+04
1.610841250000000000e+06
1.894185546875000000e+04
3.990843359375000000e+04
4.798309600000000000e+07
2.067892000000000000e+07
1.763458125000000000e+05
4.112605250000000000e+06
9.233235937500000000e+04
4.042271250000000000e+05
6.375232000000000000e+07
3.160322812500000000e+05
5.077453437500000000e+05
4.221576562500000000e+05
5.517959040000000000e+08
3.220035750000000000e+06
6.711285500000000000e+06
1.711002375000000000e+06
9.592446000000000000e+06
8.445907200000000000e+07
2.515665312500000000e+05
4.844643359375000000e+04
1.053683886718750000e+04
1.030962968750000000e+05
1.056108000000000000e+06
2.295326500000000000e+06
1.222408625000000000e+06
6.070128906250000000e+04
5.450182500000000000e+06
2.061296125000000000e+06
3.402999609375000000e+04
9.496201000000000000e+06
3.575052812500000000e+05
2.822877734375000000e+04
5.109782000000000000e+07
2.045625600000000000e+07
1.051557375000000000e+06
4.628002000000000000e+07
1.436456375000000000e+06
1.263264375000000000e+06
7.665659200000000000e+07
1.863602625000000000e+06
8.728828750000000000e+05
3.251635500000000000e+06
1.512782592000000000e+09
2.784644000000000000e+07
2.008728400000000000e+07
2.566714400000000000e+07
2.408369200000000000e+07
4.895013440000000000e+08
2.061296125000000000e+06
4.181702250000000000e+06
2.070587750000000000e+06
7.939862500000000000e+05
1.549013281250000000e+05
6.069168750000000000e+05
4.798309600000000000e+07
2.064042400000000000e+07
4.994890000000000000e+07
2.331877500000000000e+06
1.981007360000000000e+08
4.977444500000000000e+06
3.112488250000000000e+06
2.211612500000000000e+06
3.191365750000000000e+06
1.556827875000000000e+06
7.939862500000000000e+05
3.162703250000000000e+06
1.056108000000000000e+06
2.810022500000000000e+06
3.432175500000000000e+06
9.109118400000000000e+07
6.993428000000000000e+07
3.584252800000000000e+07
3.490648400000000000e+07
8.075143200000000000e+07
1.719402000000000000e+07
3.942276500000000000e+06
4.602640800000000000e+07
3.837443600000000000e+07
2.008544400000000000e+07
8.684396800000000000e+08
8.890103680000000000e+08
3.417420160000000000e+08
2.943057280000000000e+08
2.160760640000000000e+08
5.230602752000000000e+09
3.412358000000000000e+06
1.056108000000000000e+06
1.039645546875000000e+05
3.807251464843750000e+03
2.818146000000000000e+06
5.758977734375000000e+04
3.843582519531250000e+03
5.000501171875000000e+04
9.596519531250000000e+03
1.776004028320312500e+03
4.201348400000000000e+07
5.401949500000000000e+06
2.974181250000000000e+05
1.461737500000000000e+06
1.025738593750000000e+05
2.701180664062500000e+04
2.323333500000000000e+06
4.366285000000000000e+05
1.110420605468750000e+04
1.479816992187500000e+04
2.291788800000000000e+08
9.260982000000000000e+06
1.787992375000000000e+06
2.975855625000000000e+05
5.764703125000000000e+05
6.607190800000000000e+07
1.205232625000000000e+06
2.776594921875000000e+04
1.082487875000000000e+06
3.505881750000000000e+06
2.999818750000000000e+05
2.863989687500000000e+05
7.939862500000000000e+05
6.472714843750000000e+04
1.146891250000000000e+05
2.774176750000000000e+06
2.712037500000000000e+04
1.115895750000000000e+06
1.954769726562500000e+04
4.300619531250000000e+04
2.515803000000000000e+06
9.113214000000000000e+06
5.533983125000000000e+05
4.390929000000000000e+06
2.704775312500000000e+05
1.094308250000000000e+06
6.489161500000000000e+06
2.901778750000000000e+05
3.845152000000000000e+06
2.077342125000000000e+06
2.376436800000000000e+07
2.406048250000000000e+06
1.872880000000000000e+07
8.469794000000000000e+06
1.873526400000000000e+07
4.220753600000000000e+07
2.738472750000000000e+06
4.705170410156250000e+03
2.558650781250000000e+04
1.984916250000000000e+05
1.196922375000000000e+06
2.061296125000000000e+06
4.181702250000000000e+06
2.070357666015625000e+03
9.395475000000000000e+05
1.651442875000000000e+06
2.038307421875000000e+04
7.939862500000000000e+05
8.374234375000000000e+03
1.595667578125000000e+04
2.067056000000000000e+07
6.492162400000000000e+07
7.017067187500000000e+04
4.798309600000000000e+07
9.947126562500000000e+04
1.459152500000000000e+05
4.230066500000000000e+06
2.487559531250000000e+05
3.207786562500000000e+05
7.100575781250000000e+04
5.906270720000000000e+08
1.041209062500000000e+06
2.458862750000000000e+06
3.199154500000000000e+06
5.116646875000000000e+05
3.168502000000000000e+07
1.292175468750000000e+05
4.181702250000000000e+06
1.556827875000000000e+06
4.463700390625000000e+04
2.167461093750000000e+05
8.124531250000000000e+04
3.214116601562500000e+04
1.222408625000000000e+06
1.998508906250000000e+05
5.248988671875000000e+04
5.391754000000000000e+06
8.151470000000000000e+05
2.564103906250000000e+05
6.201532400000000000e+07
6.819216500000000000e+06
9.018563750000000000e+05
3.970772000000000000e+06
6.644810000000000000e+05
1.114701484375000000e+05
5.891361000000000000e+06
1.411625760000000000e+08
1.280796400000000000e+07
1.413900250000000000e+06
1.072812880000000000e+08
1.555660100000000000e+07
2.147559360000000000e+08
1.556827875000000000e+06
1.222408625000000000e+06
7.996338125000000000e+05
2.730643554687500000e+04
4.181702250000000000e+06
8.761504375000000000e+05
9.834650781250000000e+04
5.989936875000000000e+05
4.478406250000000000e+04
1.036076406250000000e+05
6.201532400000000000e+07
5.915643500000000000e+06
1.621127812500000000e+05
5.713306000000000000e+06
1.058484062500000000e+05
1.474590937500000000e+05
2.349592800000000000e+07
2.384608593750000000e+05
3.475232500000000000e+05
4.313634375000000000e+05
1.848563360000000000e+08
9.036418750000000000e+05
5.061108437500000000e+05
1.195275250000000000e+06
1.602192625000000000e+06
4.843449000000000000e+06
2.515665312500000000e+05
5.500318750000000000e+05
4.353967000000000000e+06
1.676163085937500000e+03
2.061296125000000000e+06
3.635662750000000000e+06
6.753231445312500000e+03
7.449119000000000000e+06
2.702274169921875000e+02
3.612617187500000000e+04
9.443855000000000000e+06
3.784700400000000000e+07
1.091767773437500000e+04
3.186873200000000000e+07
1.065898681640625000e+03
3.311746875000000000e+05
7.821967200000000000e+07
8.794763281250000000e+04
4.815352500000000000e+05
9.517053125000000000e+04
2.756576000000000000e+09
1.547647500000000000e+05
3.459014750000000000e+06
8.794496875000000000e+05
1.149489800000000000e+07
3.195085120000000000e+08
4.642730000000000000e+05
1.816272656250000000e+05
1.653887187500000000e+05
5.560076293945312500e+02
5.067758437500000000e+05
4.632690000000000000e+05
6.232792968750000000e+02
1.863177875000000000e+06
9.856130981445312500e+02
4.849610900878906250e+01
2.489024250000000000e+06
1.838579375000000000e+06
1.055417871093750000e+04
3.487321250000000000e+06
1.524773339843750000e+04
5.409448242187500000e+02
5.150532500000000000e+06
4.041886474609375000e+03
1.582890777587890625e+02
2.326109619140625000e+03
5.343319500000000000e+06
5.334416406250000000e+04
1.410461914062500000e+03
2.316020117187500000e+04
1.788997802734375000e+03
5.949626464843750000e+03
4.795998437500000000e+05
6.752071250000000000e+05
1.130699531250000000e+05
8.190371093750000000e+03
1.108059125000000000e+06
2.338503750000000000e+05
5.200421875000000000e+03
5.460915625000000000e+04
3.870496337890625000e+03
2.429836914062500000e+03
1.482935500000000000e+07
4.822406875000000000e+05
6.869540625000000000e+04
1.537355500000000000e+06
1.460994687500000000e+05
1.374390234375000000e+04
3.574620000000000000e+06
7.970410937500000000e+04
7.320548437500000000e+04
5.808122558593750000e+03
9.656199000000000000e+06
2.168623000000000000e+06
1.415995625000000000e+05
2.856774062500000000e+05
6.034395625000000000e+05
1.581284000000000000e+06
2.696283600000000000e+07
9.103376562500000000e+04
2.322516875000000000e+05
8.882161000000000000e+06
7.937507500000000000e+05
4.181646250000000000e+06
1.871068750000000000e+04
2.061296125000000000e+06
6.909369140625000000e+03
5.610991699218750000e+03
4.799847600000000000e+07
1.490458437500000000e+05
4.254913750000000000e+05
3.151050312500000000e+05
9.577894000000000000e+06
4.137044921875000000e+04
2.061296125000000000e+06
4.298492000000000000e+06
1.163379394531250000e+04
1.816272656250000000e+05
5.556855000000000000e+05
9.008795898437500000e+03
6.711715000000000000e+05
4.389318359375000000e+04
8.387264062500000000e+04
2.347754000000000000e+06
7.953934000000000000e+06
1.821340429687500000e+04
5.500061600000000000e+07
1.076122625000000000e+06
1.059736000000000000e+06
3.613743250000000000e+06
1.390964062500000000e+05
3.244989375000000000e+05
5.763955625000000000e+05
4.560042000000000000e+07
2.878817250000000000e+06
2.761280500000000000e+06
3.164697200000000000e+07
2.448914750000000000e+06
4.076920400000000000e+07
1.039645546875000000e+05
3.864032421875000000e+04
4.214362487792968750e+02
1.222408625000000000e+06
3.542771728515625000e+03
4.503801269531250000e+03
1.772120000000000000e+06
5.730728906250000000e+04
6.939135742187500000e+03
2.952654687500000000e+05
9.947838125000000000e+05
4.181702250000000000e+06
2.061296125000000000e+06
3.864032421875000000e+04
1.619295507812500000e+04
7.939862500000000000e+05
2.131010625000000000e+05
2.700243164062500000e+04
5.000501171875000000e+04
1.614909179687500000e+04
1.340816284179687500e+03
4.798309600000000000e+07
7.003728000000000000e+06
8.024151250000000000e+05
1.529467500000000000e+06
4.809661875000000000e+05
1.739197460937500000e+04
2.408656250000000000e+06
1.196527031250000000e+05
5.381503515625000000e+04
3.672303125000000000e+04
2.170238800000000000e+07
1.160486800000000000e+07
1.489869875000000000e+06
1.098430000000000000e+06
7.616054375000000000e+05
1.063881100000000000e+07
1.039645546875000000e+05
2.042284062500000000e+05
9.970727500000000000e+05
2.728588867187500000e+03
3.112488250000000000e+06
2.041414250000000000e+06
4.518299609375000000e+04
2.324257600000000000e+07
2.051533281250000000e+05
5.536320625000000000e+05
3.749236500000000000e+06
1.776624625000000000e+06
1.023500937500000000e+05
3.722500800000000000e+07
2.031334531250000000e+05
9.982831250000000000e+05
1.072512160000000000e+08
3.090582500000000000e+06
2.039087250000000000e+06
2.318983600000000000e+07
2.328912800000000000e+07
3.714894250000000000e+06
1.769375875000000000e+06
3.725711200000000000e+07
1.074471680000000000e+08
2.330570400000000000e+07
1.174460500000000000e+06
2.131010625000000000e+05
6.493513671875000000e+04
8.250161718750000000e+04
4.161405625000000000e+05
2.394667968750000000e+04
1.338978250000000000e+06
2.364475750000000000e+06
1.689443593750000000e+05
4.052971875000000000e+05
1.142254000000000000e+06
1.025983203125000000e+05
2.515665312500000000e+05
2.870001500000000000e+06
3.344872187500000000e+05
2.863989687500000000e+05
1.115895750000000000e+06
2.211258437500000000e+05
7.939862500000000000e+05
4.280497812500000000e+05
3.124543750000000000e+05
1.846583500000000000e+06
7.364792000000000000e+06
3.078003437500000000e+05
9.752467000000000000e+06
3.010602750000000000e+06
5.142861000000000000e+06
4.390929000000000000e+06
1.314801750000000000e+06
2.814128500000000000e+06
1.243098250000000000e+06
1.631282000000000000e+07
3.132308250000000000e+06
8.369880500000000000e+06
2.641758400000000000e+07
7.227318500000000000e+06
2.557361200000000000e+07
1.412747875000000000e+06
3.920710625000000000e+05
1.056108000000000000e+06
5.740142968750000000e+04
2.529103500000000000e+06
6.845880625000000000e+05
8.169938281250000000e+04
1.130541875000000000e+06
1.470546630859375000e+03
5.188319531250000000e+04
3.073554800000000000e+07
3.237599500000000000e+06
1.253610500000000000e+06
1.072266200000000000e+07
4.034542187500000000e+04
3.689152812500000000e+05
4.983346400000000000e+07
3.771207500000000000e+05
7.272426875000000000e+05
5.395666875000000000e+05
2.434915040000000000e+08
4.900832500000000000e+06
2.608594500000000000e+06
3.271006000000000000e+06
4.613891200000000000e+07
9.615000800000000000e+07
1.039645546875000000e+05
1.056108000000000000e+06
1.694694687500000000e+05
6.852255000000000000e+05
5.000501171875000000e+04
5.833958593750000000e+04
5.471028515625000000e+04
1.205232625000000000e+06
3.307148750000000000e+05
5.750800000000000000e+05
1.461737500000000000e+06
7.838743125000000000e+05
5.266957500000000000e+05
9.768812000000000000e+06
6.493842000000000000e+06
4.684669500000000000e+06
3.093670000000000000e+06
1.910772968750000000e+05
5.020127500000000000e+05
6.444812500000000000e+06
6.327091600000000000e+07
3.905909000000000000e+06
4.011177250000000000e+06
7.401481600000000000e+07
7.320690000000000000e+06
1.278507680000000000e+08
9.217827500000000000e+05
7.939862500000000000e+05
4.181702250000000000e+06
1.861995312500000000e+04
4.874633437500000000e+05
6.233345000000000000e+05
1.386291210937500000e+04
2.061296125000000000e+06
5.876033593750000000e+04
6.052737792968750000e+03
2.267683250000000000e+06
3.939911600000000000e+07
2.772481562500000000e+05
4.798309600000000000e+07
8.973034375000000000e+05
5.958566875000000000e+05
1.146089900000000000e+07
2.323438437500000000e+05
4.800152343750000000e+04
1.509299125000000000e+06
4.284034880000000000e+08
2.554863000000000000e+06
7.711658500000000000e+06
7.087940000000000000e+07
2.859016750000000000e+06
2.919875840000000000e+08
1.971479000000000000e+06
5.873036328125000000e+04
2.599656093750000000e+05
1.875494750000000000e+06
4.498240312500000000e+05
1.896461875000000000e+05
1.817791601562500000e+04
2.850112500000000000e+05
8.318341875000000000e+05
1.046502578125000000e+05
3.238847070312500000e+04
3.323761250000000000e+05
5.533736718750000000e+04
4.245604296875000000e+04
8.161751500000000000e+06
5.041405312500000000e+05
4.200063750000000000e+05
2.422957968750000000e+05
2.797900750000000000e+06
1.046502578125000000e+05
7.170638750000000000e+05
4.137044921875000000e+04
1.355406372070312500e+03
2.407507187500000000e+05
1.355696000000000000e+06
8.089535644531250000e+03
4.181702250000000000e+06
5.118385253906250000e+03
2.488830078125000000e+04
2.863210500000000000e+06
1.762793750000000000e+06
4.842010546875000000e+04
1.038822200000000000e+07
2.726256875000000000e+05
1.483225097656250000e+04
2.247807600000000000e+07
7.695579687500000000e+04
7.043839375000000000e+05
8.030758750000000000e+05
2.537663200000000000e+07
1.797995500000000000e+06
1.120461000000000000e+06
4.894764500000000000e+06
5.686448000000000000e+06
2.079290400000000000e+07
3.707408125000000000e+05
1.816272656250000000e+05
2.061296125000000000e+06
7.265557617187500000e+03
3.853812187500000000e+05
4.395945625000000000e+05
2.818318847656250000e+03
4.137044921875000000e+04
1.456414062500000000e+03
2.750620605468750000e+03
5.648678000000000000e+06
8.059651000000000000e+06
4.565234765625000000e+04
2.347754000000000000e+06
4.057625390625000000e+04
1.919193750000000000e+05
1.150411750000000000e+06
5.390055468750000000e+04
5.924973437500000000e+04
2.041962280273437500e+03
3.781806400000000000e+07
7.836201875000000000e+05
3.979597750000000000e+06
4.749997187500000000e+05
1.869033593750000000e+05
9.684900000000000000e+06
5.148143750000000000e+05
5.989936875000000000e+05
3.286520507812500000e+03
9.276587500000000000e+05
1.637858764648437500e+03
1.043724121093750000e+03
3.854937000000000000e+06
2.782607226562500000e+04
7.205189843750000000e+04
2.274808007812500000e+04
5.596258125000000000e+05
8.318341875000000000e+05
4.137044921875000000e+04
4.342650390625000000e+04
2.563418884277343750e+02
1.222408625000000000e+06
8.124531250000000000e+04
2.103377380371093750e+02
2.167461093750000000e+05
1.091219711303710938e+02
4.521951904296875000e+02
3.881660750000000000e+06
8.205294375000000000e+05
1.513039453125000000e+04
7.810103125000000000e+05
8.155869140625000000e+02
1.874137817382812500e+03
3.970772000000000000e+06
9.344639282226562500e+02
1.748468261718750000e+03
3.596460937500000000e+03
2.804798400000000000e+07
1.483829531250000000e+05
2.222824023437500000e+04
1.873584765625000000e+04
8.169680468750000000e+04
8.141028750000000000e+05
8.761504375000000000e+05
7.277995312500000000e+04
4.516896562500000000e+05
2.248689000000000000e+06
3.028929296875000000e+04
1.113961750000000000e+06
1.265817421875000000e+05
4.431935058593750000e+03
2.716661500000000000e+06
6.233345000000000000e+05
3.098407226562500000e+03
5.200995625000000000e+05
1.828730859375000000e+04
4.055674316406250000e+03
4.950437000000000000e+06
2.487331406250000000e+05
3.408722167968750000e+03
2.097728000000000000e+06
1.405713281250000000e+05
2.693514257812500000e+04
7.431217500000000000e+06
1.961127187500000000e+05
5.392703515625000000e+04
6.233192968750000000e+04
1.235188875000000000e+06
4.000583750000000000e+05
5.281381640625000000e+04
3.105759062500000000e+05
4.792345625000000000e+05
1.622538437500000000e+05
6.227284375000000000e+05
4.318741000000000000e+06
6.845880625000000000e+05
1.091766718750000000e+05
4.395945625000000000e+05
3.707408125000000000e+05
3.806672265625000000e+04
2.061296125000000000e+06
5.440995312500000000e+04
3.459687500000000000e+04
2.294958800000000000e+07
1.545067625000000000e+06
6.331433750000000000e+05
5.442177200000000000e+07
3.656009750000000000e+06
5.402020000000000000e+05
8.059651000000000000e+06
6.937081875000000000e+05
3.641530625000000000e+05
2.025433000000000000e+06
2.200945920000000000e+08
3.309787200000000000e+07
1.643199875000000000e+06
4.386362000000000000e+07
9.452703000000000000e+06
2.852356480000000000e+08
9.120835000000000000e+05
1.694694687500000000e+05
1.056108000000000000e+06
6.393871875000000000e+05
1.902723625000000000e+06
9.317336250000000000e+05
9.005035625000000000e+05
1.205240500000000000e+06
5.882097500000000000e+05
2.304882500000000000e+05
3.799597000000000000e+06
2.352864500000000000e+06
3.677379000000000000e+06
9.768776000000000000e+06
5.937460000000000000e+06
6.329121500000000000e+06
1.407125000000000000e+07
7.170966000000000000e+06
1.618759875000000000e+06
5.654401500000000000e+06
2.835004000000000000e+07
1.990251200000000000e+07
6.352547500000000000e+06
7.111502400000000000e+07
2.567498000000000000e+07
1.253307920000000000e+08
1.130705937500000000e+05
7.996284375000000000e+05
8.761430000000000000e+05
8.025786621093750000e+03
8.318270000000000000e+05
7.170570625000000000e+05
2.375213378906250000e+03
1.556827875000000000e+06
3.768491699218750000e+03
1.387595507812500000e+04
1.585563500000000000e+06
2.482405750000000000e+06
1.348442871093750000e+04
5.915666500000000000e+06
7.875861718750000000e+04
1.284759765625000000e+05
5.169138000000000000e+06
1.392857187500000000e+05
8.760942968750000000e+04
1.166310625000000000e+05
9.390687000000000000e+06
2.272882343750000000e+05
1.804530468750000000e+05
1.366186875000000000e+06
8.321150000000000000e+05
1.658795250000000000e+06
7.553810000000000000e+05
2.061278500000000000e+06
4.179123125000000000e+05
4.219056000000000000e+06
3.061100937500000000e+05
4.076847500000000000e+05
5.003557200000000000e+07
1.216720000000000000e+06
6.690975500000000000e+06
4.886370000000000000e+06
5.564661200000000000e+07
8.250177343750000000e+04
2.827962500000000000e+05
6.581898803710937500e+02
1.652367968750000000e+04
6.736084594726562500e+02
2.484269409179687500e+02
1.182908000000000000e+06
8.178692871093750000e+03
4.229618164062500000e+03
3.468691894531250000e+03
7.306564062500000000e+04
4.137057031250000000e+04
1.222415625000000000e+06
7.546350000000000000e+05
8.318270000000000000e+05
1.038970703125000000e+05
7.717795625000000000e+05
3.881646000000000000e+06
5.199889687500000000e+05
2.004565120000000000e+08
8.739449375000000000e+05
3.987494800000000000e+07
8.761430000000000000e+05
1.130705937500000000e+05
7.240390136718750000e+03
7.170570625000000000e+05
1.183379687500000000e+04
2.324450195312500000e+03
2.482405750000000000e+06
1.138495625000000000e+05
1.916657421875000000e+04
8.001057031250000000e+04
1.710858750000000000e+05
5.240063125000000000e+05
1.170445703125000000e+05
4.972616562500000000e+05
1.220220996093750000e+04
9.005482031250000000e+04
1.407236125000000000e+06
2.662051562500000000e+04
2.338514843750000000e+05
5.016189453125000000e+03
1.274913964843750000e+04
1.260399250000000000e+06
1.589368200000000000e+07
2.049597187500000000e+05
4.278126562500000000e+05
9.846635156250000000e+04
1.621453906250000000e+05
1.935040500000000000e+06
3.524929687500000000e+04
4.677216250000000000e+05
4.362014062500000000e+04
6.037308500000000000e+06
1.084942375000000000e+06
9.428646000000000000e+06
4.128316250000000000e+05
3.534864687500000000e+05
4.568064500000000000e+06
1.171198281250000000e+05
2.073994687500000000e+05
1.503817875000000000e+06
5.094137500000000000e+04
3.345852734375000000e+04
6.442968750000000000e+05
2.898816210937500000e+04
1.100501875000000000e+06
3.160357617187500000e+04
1.779522656250000000e+05
3.391182187500000000e+05
1.611921625000000000e+06
1.178784453125000000e+05
4.681453500000000000e+06
2.279742343750000000e+05
1.540838625000000000e+06
4.192784375000000000e+05
3.487970703125000000e+04
6.305222500000000000e+05
1.204754500000000000e+06
1.646197250000000000e+06
3.482976875000000000e+05
1.637130875000000000e+06
5.059044500000000000e+06
4.261065625000000000e+05
1.693980625000000000e+06
1.355702500000000000e+06
2.407488750000000000e+05
5.555557617187500000e+03
4.181694000000000000e+06
7.466894531250000000e+02
6.092408691406250000e+03
2.247824800000000000e+07
4.497174218750000000e+04
4.889038671875000000e+04
3.212642187500000000e+04
2.496440312500000000e+05
7.170570625000000000e+05
3.282766406250000000e+04
1.709198593750000000e+05
1.689621000000000000e+06
2.346629492187500000e+04
7.996284375000000000e+05
3.439448828125000000e+04
1.039657578125000000e+05
1.066351660156250000e+04
1.018515468750000000e+05
2.443065781250000000e+05
8.013649218750000000e+04
1.314864250000000000e+06
9.473726875000000000e+05
9.922114375000000000e+05
1.056113000000000000e+06
5.149243750000000000e+05
2.176124750000000000e+06
1.604677700000000000e+07
1.816288125000000000e+05
6.103135000000000000e+05
5.985994921875000000e+04
6.987030625000000000e+05
8.744464843750000000e+04
1.963790312500000000e+05
1.053546200000000000e+07
4.152763125000000000e+05
3.856422187500000000e+05
1.728337125000000000e+06
6.571186000000000000e+06
5.367287500000000000e+06
1.946619875000000000e+06
1.097043875000000000e+06
1.816288125000000000e+05
9.141474218750000000e+04
6.107909765625000000e+04
5.842772500000000000e+06
4.133244000000000000e+06
1.519111375000000000e+06
2.008597500000000000e+05
3.191721500000000000e+06
4.137057031250000000e+04
1.075264687500000000e+05
2.145148046875000000e+04
1.530775468750000000e+05
6.233321250000000000e+05
4.181694000000000000e+06
3.028905859375000000e+04
1.288885839843750000e+04
9.217801875000000000e+05
1.265825937500000000e+05
6.305598046875000000e+04
1.115893750000000000e+06
9.980860156250000000e+04
3.090135742187500000e+04
3.939881600000000000e+07
2.487355156250000000e+05
9.821621875000000000e+04
9.658539000000000000e+06
6.453571250000000000e+05
2.183411914062500000e+04
3.748678750000000000e+06
6.137513125000000000e+05
1.971160781250000000e+05
3.362014062500000000e+05
9.501310000000000000e+06
6.598760500000000000e+06
1.156117890625000000e+05
1.807744000000000000e+06
1.943815000000000000e+06
1.537308500000000000e+06
1.174460500000000000e+06
9.584070000000000000e+06
2.686210312500000000e+05
5.199884687500000000e+05
5.344713750000000000e+05
3.414460000000000000e+05
1.931550400000000000e+07
9.752336000000000000e+06
3.170466800000000000e+07
1.814994250000000000e+06
1.436264320000000000e+08
2.470782187500000000e+05
3.112530000000000000e+06
3.514940312500000000e+05
8.318270000000000000e+05
6.331409179687500000e+03
2.686958984375000000e+04
3.835860000000000000e+06
8.447161250000000000e+05
8.550375000000000000e+06
9.471115625000000000e+05
6.431060000000000000e+06
6.103135000000000000e+05
1.816288125000000000e+05
4.627294921875000000e+04
4.254687011718750000e+03
6.987030625000000000e+05
9.565597656250000000e+04
2.401314062500000000e+04
3.667739687500000000e+05
1.249057617187500000e+04
1.699491601562500000e+04
1.053546200000000000e+07
5.021114062500000000e+05
2.214947968750000000e+05
5.292026875000000000e+05
1.030322031250000000e+05
2.783674414062500000e+04
1.049729625000000000e+06
3.625113125000000000e+05
5.940255468750000000e+04
1.978767968750000000e+05
4.969912000000000000e+06
7.273410000000000000e+06
3.050135312500000000e+05
3.378354375000000000e+05
7.063016875000000000e+05
3.628209000000000000e+06
5.000492187500000000e+04
6.901934375000000000e+04
3.711816796875000000e+04
4.874656875000000000e+05
2.733835937500000000e+05
1.741138750000000000e+05
8.204215000000000000e+05
3.894156250000000000e+05
4.840284062500000000e+05
9.095253750000000000e+05
3.746948750000000000e+06
1.694688125000000000e+05
1.556827875000000000e+06
8.318270000000000000e+05
2.165977343750000000e+04
1.464575750000000000e+06
4.588491406250000000e+04
4.059266357421875000e+03
7.170570625000000000e+05
2.982918554687500000e+04
4.703882324218750000e+03
2.684824400000000000e+07
1.969259875000000000e+06
1.365221093750000000e+05
5.169138000000000000e+06
1.455638875000000000e+06
7.235078125000000000e+05
5.315315000000000000e+06
3.005044687500000000e+05
2.283620117187500000e+04
2.283920468750000000e+05
1.901132800000000000e+07
1.535663300000000000e+07
3.522854000000000000e+06
3.592031250000000000e+06
2.419633750000000000e+06
2.404637200000000000e+07
