1.743795750000000000e+06
1.050283900000000000e+07
1.519683875000000000e+06
3.519337812500000000e+05
9.516218000000000000e+06
1.360086000000000000e+06
4.124361250000000000e+05
2.444945250000000000e+06
3.358400250000000000e+06
5.325598750000000000e+05
5.659552000000000000e+07
7.219190000000000000e+06
1.662445750000000000e+06
1.627229700000000000e+07
1.016082600000000000e+07
1.473670000000000000e+06
1.620477900000000000e+07
9.200628000000000000e+06
1.261008750000000000e+06
2.347552500000000000e+06
1.111755360000000000e+08
5.620953200000000000e+07
7.017742500000000000e+06
1.588768100000000000e+07
1.510131600000000000e+07
1.104762640000000000e+08
1.720804500000000000e+06
4.568718000000000000e+06
2.537745600000000000e+07
1.360086000000000000e+06
1.551218600000000000e+07
2.597198000000000000e+07
1.208140800000000000e+07
2.639658000000000000e+07
3.806346000000000000e+07
1.778165600000000000e+07
4.306324000000000000e+07
7.494325000000000000e+05
8.689498000000000000e+06
8.009388125000000000e+05
2.087948500000000000e+06
3.036465312500000000e+05
6.476827500000000000e+06
2.482710800000000000e+07
1.262480375000000000e+06
1.626919400000000000e+07
5.076153000000000000e+06
3.436189600000000000e+07
7.643419500000000000e+06
4.087486750000000000e+06
1.983388000000000000e+07
1.902131250000000000e+05
1.720804500000000000e+06
7.700789000000000000e+06
6.853161718750000000e+04
2.192358000000000000e+06
1.822452968750000000e+05
5.330278125000000000e+05
1.986810800000000000e+07
9.937371200000000000e+07
1.304913125000000000e+06
2.249171200000000000e+07
1.168491250000000000e+06
4.595654500000000000e+06
1.580736900000000000e+07
9.536773125000000000e+05
1.952897375000000000e+06
7.548955000000000000e+05
1.683193760000000000e+08
6.982827000000000000e+06
3.583822000000000000e+07
9.305053000000000000e+06
7.385851000000000000e+06
7.474443200000000000e+07
2.586884800000000000e+07
3.916109600000000000e+07
8.770853600000000000e+07
3.177804800000000000e+07
1.086411750000000000e+06
5.374540500000000000e+06
4.698187812500000000e+05
3.205765600000000000e+07
4.412989500000000000e+06
6.445039500000000000e+06
1.586192320000000000e+08
2.220248480000000000e+08
5.778225600000000000e+07
2.629659680000000000e+08
1.059305600000000000e+08
1.573527360000000000e+08
1.122027520000000000e+08
4.655160000000000000e+06
1.021517700000000000e+07
1.432852320000000000e+08
1.247268224000000000e+09
3.166268480000000000e+08
3.013447680000000000e+08
6.556851840000000000e+08
2.898291840000000000e+08
1.927485824000000000e+09
8.429688000000000000e+06
2.117813085937500000e+04
1.487670625000000000e+06
1.364347250000000000e+06
1.860369200000000000e+07
1.484664800000000000e+07
5.780342400000000000e+07
3.160423500000000000e+06
2.385087200000000000e+07
1.742808400000000000e+07
2.019985156250000000e+05
2.824538400000000000e+07
7.724769375000000000e+05
6.496890000000000000e+06
1.471396160000000000e+08
1.625363520000000000e+08
1.329563500000000000e+07
2.825154560000000000e+08
1.201754000000000000e+07
4.607559200000000000e+07
4.284026560000000000e+08
1.904682800000000000e+07
1.088140600000000000e+07
2.197140400000000000e+07
1.962853248000000000e+09
1.315978080000000000e+08
1.113765280000000000e+08
2.317671520000000000e+08
3.278205440000000000e+08
1.602935808000000000e+09
2.598942000000000000e+07
2.569218720000000000e+08
8.250631000000000000e+06
3.564767600000000000e+07
4.577213500000000000e+06
1.854824000000000000e+07
9.427308160000000000e+08
4.262628800000000000e+07
2.621066720000000000e+08
3.974192400000000000e+07
7.533658880000000000e+08
8.465400000000000000e+06
2.736065600000000000e+07
4.779679375000000000e+05
4.180298500000000000e+06
1.519765300000000000e+07
3.408174375000000000e+05
1.510517250000000000e+06
6.069753500000000000e+06
2.110371600000000000e+07
3.092046250000000000e+05
4.293703680000000000e+08
7.075286500000000000e+06
8.747726000000000000e+06
3.239066000000000000e+07
3.672570000000000000e+07
1.246875250000000000e+06
1.946098000000000000e+07
4.210429200000000000e+07
6.289877500000000000e+05
1.020411700000000000e+07
2.857785920000000000e+08
3.001561920000000000e+08
5.330839000000000000e+06
3.302358800000000000e+07
2.227250000000000000e+07
2.134935680000000000e+08
1.033940160000000000e+08
3.077203600000000000e+07
2.656178400000000000e+07
3.453228480000000000e+08
4.820876400000000000e+07
6.793726000000000000e+06
1.308840700000000000e+07
3.559671562500000000e+05
7.643419500000000000e+06
3.504136400000000000e+07
6.515467500000000000e+05
4.204057600000000000e+07
7.039085156250000000e+04
4.528566500000000000e+06
8.310070400000000000e+08
1.162106720000000000e+08
2.045122400000000000e+07
9.593751200000000000e+07
5.173625500000000000e+06
8.749828000000000000e+06
3.855684800000000000e+08
4.795470000000000000e+06
2.562893600000000000e+07
2.954462000000000000e+07
3.617559808000000000e+09
5.423797120000000000e+08
8.178953600000000000e+07
7.456985600000000000e+07
3.236041920000000000e+08
3.069574400000000000e+09
1.575355300000000000e+07
1.489693625000000000e+06
2.718094400000000000e+07
5.963985500000000000e+06
1.837149200000000000e+07
9.517204000000000000e+07
1.797524000000000000e+07
1.872812000000000000e+07
3.875176750000000000e+06
2.478844800000000000e+07
4.490158800000000000e+07
4.306318080000000000e+08
3.353122400000000000e+07
5.001763200000000000e+07
9.711222000000000000e+06
5.224545200000000000e+07
2.966078080000000000e+08
9.106263000000000000e+06
1.242312400000000000e+08
3.543076000000000000e+07
9.801990400000000000e+08
5.219624800000000000e+07
3.708315200000000000e+08
7.991209600000000000e+07
1.925772160000000000e+08
6.045018880000000000e+08
9.304828000000000000e+07
2.972861600000000000e+07
1.963156250000000000e+06
2.883397200000000000e+07
4.631341000000000000e+06
7.120116875000000000e+05
6.539728000000000000e+08
1.230270000000000000e+08
2.792265600000000000e+07
3.584800000000000000e+07
7.932701440000000000e+08
5.716559500000000000e+06
2.404961000000000000e+06
4.662793500000000000e+06
1.638019700000000000e+07
2.090560400000000000e+07
1.985606000000000000e+07
2.532405000000000000e+06
1.777094000000000000e+07
1.329165625000000000e+05
3.358301250000000000e+06
2.520837760000000000e+08
1.867141200000000000e+07
1.874448800000000000e+07
1.668152100000000000e+07
2.424025760000000000e+08
3.562932400000000000e+07
2.811177750000000000e+06
2.106677750000000000e+06
9.621544000000000000e+06
7.225127000000000000e+06
3.519337812500000000e+05
1.862258880000000000e+08
3.257119200000000000e+07
2.695949500000000000e+06
8.957991000000000000e+06
1.743710400000000000e+08
3.782008800000000000e+07
4.120700250000000000e+06
1.824835200000000000e+07
3.979130000000000000e+07
6.653256000000000000e+06
3.033706875000000000e+05
1.743795750000000000e+06
3.519337812500000000e+05
1.100172375000000000e+06
1.106962000000000000e+07
2.589262000000000000e+06
5.727495000000000000e+05
1.123763515625000000e+05
4.124361250000000000e+05
3.174270250000000000e+06
2.448004000000000000e+07
6.094898500000000000e+06
2.513867500000000000e+06
2.871524062500000000e+05
1.662445750000000000e+06
6.709532000000000000e+06
1.011386500000000000e+06
9.989797000000000000e+06
5.249762500000000000e+05
2.178259200000000000e+07
2.959250500000000000e+06
2.315598000000000000e+07
2.482550000000000000e+06
6.086447500000000000e+06
2.048792400000000000e+07
1.870606000000000000e+07
1.126128300000000000e+07
5.022596000000000000e+06
1.489693625000000000e+06
1.402510625000000000e+06
2.368525781250000000e+05
5.434149600000000000e+07
2.086330000000000000e+07
6.658746500000000000e+06
1.717869375000000000e+06
4.599279600000000000e+07
1.777087200000000000e+07
9.516344000000000000e+06
1.188813500000000000e+06
9.181275000000000000e+06
4.568718000000000000e+06
1.013644187500000000e+06
1.107727250000000000e+06
5.860691250000000000e+05
2.669959000000000000e+06
7.717486250000000000e+05
9.086092000000000000e+07
1.754642400000000000e+07
4.226730800000000000e+07
6.708214000000000000e+06
3.394136800000000000e+07
4.340497000000000000e+06
5.837843500000000000e+06
1.204170100000000000e+07
2.361906750000000000e+06
2.569337750000000000e+06
9.496640800000000000e+07
4.842407040000000000e+08
3.927606800000000000e+07
1.881756400000000000e+07
1.574550100000000000e+07
2.490927360000000000e+08
2.090560400000000000e+07
3.351287600000000000e+07
2.562737600000000000e+07
4.986627200000000000e+07
4.220718000000000000e+06
5.712563600000000000e+07
4.304963200000000000e+08
1.246092800000000000e+08
1.565880800000000000e+08
2.265218080000000000e+08
9.792310400000000000e+08
2.090560400000000000e+07
1.230278700000000000e+07
5.019620000000000000e+05
1.102434720000000000e+08
8.550777500000000000e+05
5.926016500000000000e+06
1.491731328000000000e+09
3.088202000000000000e+06
1.163889500000000000e+07
7.514577000000000000e+06
1.448404640000000000e+08
7.299737600000000000e+07
5.178234800000000000e+07
9.744092187500000000e+04
1.199608960000000000e+08
4.394382187500000000e+05
9.257542500000000000e+05
7.660488960000000000e+08
3.925102500000000000e+06
1.585802375000000000e+06
1.268712300000000000e+07
5.148011600000000000e+07
8.770853600000000000e+07
1.143626700000000000e+07
3.916109600000000000e+07
1.132841200000000000e+07
4.087486750000000000e+06
3.205765600000000000e+07
7.189962000000000000e+06
1.360086000000000000e+06
1.808447625000000000e+06
1.301730300000000000e+07
9.253943200000000000e+07
2.629659680000000000e+08
5.355516000000000000e+07
4.773006800000000000e+07
7.168723500000000000e+06
3.772412400000000000e+07
2.498649200000000000e+07
6.540069500000000000e+06
6.503440400000000000e+07
7.177411000000000000e+06
4.833032320000000000e+08
5.583500400000000000e+07
1.975189280000000000e+08
4.743375600000000000e+07
5.406524800000000000e+07
3.257108480000000000e+08
7.817849600000000000e+07
6.040359600000000000e+07
2.959605600000000000e+07
3.040477200000000000e+07
7.643419500000000000e+06
5.374540500000000000e+06
9.068876000000000000e+06
4.590338437500000000e+05
2.226464000000000000e+06
3.254905500000000000e+06
5.358113920000000000e+08
1.920805280000000000e+08
1.018543520000000000e+08
1.775157280000000000e+08
1.037731600000000000e+08
5.341112000000000000e+07
2.400041600000000000e+07
2.307560400000000000e+07
1.643571500000000000e+07
6.895080000000000000e+06
1.607718400000000000e+09
5.394147200000000000e+08
1.945657760000000000e+08
2.712937280000000000e+08
6.910251200000000000e+07
1.437191296000000000e+09
2.960006400000000000e+07
4.026830500000000000e+06
3.594430250000000000e+06
5.681172400000000000e+07
1.777094000000000000e+07
2.419929250000000000e+06
3.817943200000000000e+07
1.073978875000000000e+06
3.408174375000000000e+05
6.084774400000000000e+07
6.954136718750000000e+03
5.646405000000000000e+06
1.579100878906250000e+04
1.549853500000000000e+06
3.175538800000000000e+07
3.405493120000000000e+08
5.610297000000000000e+06
4.450188400000000000e+07
7.521827500000000000e+05
8.287798000000000000e+06
8.662356800000000000e+07
2.613330859375000000e+04
8.377347000000000000e+06
1.196871000000000000e+06
7.287472000000000000e+08
1.027930500000000000e+07
1.008349040000000000e+08
1.472380600000000000e+07
1.624922200000000000e+07
2.638406240000000000e+08
4.590338437500000000e+05
2.416972500000000000e+06
1.086411750000000000e+06
6.039151250000000000e+05
7.700789000000000000e+06
4.568718000000000000e+06
1.378954625000000000e+06
1.106962000000000000e+07
4.605583500000000000e+06
2.587433000000000000e+06
1.195902800000000000e+07
1.379095700000000000e+07
2.112997750000000000e+06
1.831020400000000000e+07
4.356035500000000000e+06
2.784909750000000000e+06
6.082117600000000000e+07
1.448870800000000000e+07
2.797366800000000000e+07
2.196449200000000000e+07
1.664529760000000000e+08
2.275740400000000000e+07
6.255288000000000000e+07
3.500195200000000000e+07
1.141528640000000000e+08
4.374591360000000000e+08
5.890103000000000000e+06
1.837149200000000000e+07
4.590338437500000000e+05
1.473219000000000000e+06
9.955223200000000000e+07
7.793294500000000000e+06
4.384752500000000000e+06
1.230278700000000000e+07
1.535449500000000000e+07
1.833856375000000000e+06
3.704653120000000000e+08
2.652386400000000000e+07
6.586048500000000000e+06
4.600437600000000000e+07
1.390426400000000000e+07
2.162344750000000000e+06
4.412898560000000000e+08
3.503174000000000000e+07
1.200244400000000000e+07
2.590271600000000000e+07
1.612044928000000000e+09
6.087421200000000000e+07
3.539374800000000000e+07
5.870642000000000000e+07
1.702524800000000000e+08
6.036780800000000000e+08
3.144762400000000000e+07
2.419938500000000000e+06
1.777100800000000000e+07
5.672214000000000000e+06
2.026428000000000000e+06
7.868303500000000000e+06
1.630896300000000000e+07
3.408174375000000000e+05
2.411489218750000000e+05
1.409979125000000000e+06
6.732688800000000000e+07
2.059599520000000000e+08
7.447121600000000000e+07
3.175544800000000000e+07
4.405853500000000000e+06
3.516382000000000000e+07
9.548945000000000000e+06
2.858098250000000000e+06
5.874080400000000000e+07
5.401227500000000000e+05
2.874837760000000000e+08
8.026343200000000000e+07
5.392480000000000000e+08
4.849419600000000000e+07
1.624333600000000000e+07
4.957582080000000000e+08
9.202880000000000000e+07
4.742300500000000000e+06
1.849461600000000000e+07
3.096556400000000000e+07
1.487501750000000000e+06
4.087486750000000000e+06
1.241715468750000000e+05
2.343018400000000000e+07
4.437633984375000000e+04
1.256704843750000000e+05
2.024815200000000000e+07
1.245501250000000000e+05
5.994217500000000000e+05
6.238625625000000000e+05
1.839254625000000000e+06
5.727495000000000000e+05
7.535706250000000000e+05
3.525539062500000000e+05
2.385087200000000000e+07
4.132207500000000000e+06
6.581201500000000000e+06
1.497750900000000000e+07
2.014990625000000000e+06
2.015315750000000000e+06
7.296897600000000000e+07
5.752888800000000000e+07
1.012536960000000000e+08
2.920330800000000000e+07
1.050921100000000000e+07
4.736712400000000000e+07
1.626826400000000000e+07
1.651668250000000000e+06
5.857904640000000000e+08
1.413180160000000000e+08
4.465867600000000000e+07
9.284352000000000000e+07
7.667856640000000000e+08
9.516218000000000000e+06
3.205765600000000000e+07
4.568718000000000000e+06
1.393896750000000000e+06
2.704024400000000000e+07
1.777100800000000000e+07
7.280892000000000000e+06
7.643419500000000000e+06
3.877147000000000000e+06
5.227141250000000000e+05
1.477690400000000000e+08
9.086040800000000000e+07
2.023108800000000000e+07
6.253358720000000000e+08
2.488394800000000000e+07
6.892036000000000000e+06
1.821793280000000000e+08
3.816043200000000000e+07
2.335540800000000000e+07
1.148624100000000000e+07
1.901965568000000000e+09
1.500951840000000000e+08
1.368139840000000000e+08
2.975750400000000000e+08
1.768068000000000000e+08
1.827243904000000000e+09
9.080387000000000000e+06
1.350779125000000000e+06
1.135181500000000000e+07
2.249643200000000000e+07
1.314291800000000000e+07
3.205765600000000000e+07
4.087486750000000000e+06
8.473707500000000000e+05
2.385087200000000000e+07
2.427955500000000000e+06
1.266233984375000000e+05
1.360086000000000000e+06
1.073709140625000000e+05
1.239900156250000000e+05
8.549251840000000000e+08
1.499171500000000000e+07
4.022140500000000000e+06
2.498649200000000000e+07
5.166530500000000000e+06
1.215755000000000000e+06
3.369162400000000000e+07
1.212088500000000000e+06
4.837303125000000000e+05
4.101372812500000000e+05
4.517607360000000000e+08
1.087390160000000000e+08
6.297235500000000000e+06
7.547990500000000000e+06
5.413125000000000000e+06
9.598143200000000000e+07
2.694165600000000000e+07
1.842655200000000000e+07
2.084961600000000000e+07
4.497930000000000000e+06
1.489693625000000000e+06
9.259769600000000000e+07
2.134889500000000000e+06
1.102698900000000000e+07
6.795527500000000000e+05
1.143138200000000000e+07
4.947414800000000000e+07
3.472296320000000000e+08
1.813492800000000000e+07
4.167914000000000000e+07
9.606325000000000000e+06
2.090476800000000000e+07
1.817430720000000000e+08
4.517834500000000000e+06
6.378589200000000000e+07
9.017597000000000000e+06
7.326188800000000000e+08
4.893227600000000000e+07
2.129908480000000000e+08
3.890566000000000000e+07
1.165547360000000000e+08
6.062582400000000000e+08
6.154386800000000000e+07
5.973810000000000000e+06
1.747315200000000000e+07
7.838872800000000000e+07
1.489693625000000000e+06
1.575355300000000000e+07
2.385087200000000000e+07
1.270165000000000000e+07
1.837149200000000000e+07
1.086411750000000000e+06
4.645739500000000000e+06
4.736712400000000000e+07
3.294111600000000000e+07
1.414935200000000000e+07
4.490158800000000000e+07
3.657610000000000000e+07
1.294310500000000000e+07
1.825807680000000000e+08
9.559338400000000000e+07
1.679041440000000000e+08
1.207197200000000000e+08
3.759110000000000000e+07
1.496163500000000000e+07
1.793032640000000000e+08
7.760906880000000000e+08
1.811692320000000000e+08
3.303312000000000000e+08
1.006696896000000000e+09
4.144434880000000000e+08
6.495860736000000000e+09
1.860484375000000000e+06
7.846394375000000000e+05
1.393631200000000000e+07
9.464412000000000000e+06
1.743795750000000000e+06
1.519683875000000000e+06
2.727544250000000000e+06
4.025667500000000000e+05
1.360086000000000000e+06
3.578082000000000000e+06
1.388164500000000000e+06
1.062393250000000000e+06
5.721980625000000000e+05
6.128273000000000000e+06
7.219190000000000000e+06
7.255426000000000000e+06
4.056756750000000000e+06
2.712928250000000000e+06
1.402447750000000000e+06
9.777872000000000000e+06
2.467048750000000000e+06
2.331599750000000000e+06
1.285049200000000000e+07
3.053303500000000000e+06
9.111389000000000000e+06
7.149763000000000000e+06
2.642720800000000000e+07
6.803282000000000000e+06
7.344634000000000000e+06
3.815679600000000000e+07
4.568718000000000000e+06
1.230278700000000000e+07
1.126506125000000000e+06
4.736712400000000000e+07
3.827492000000000000e+06
1.399347200000000000e+07
1.838047520000000000e+08
2.277220800000000000e+07
1.659124700000000000e+07
8.043308800000000000e+07
3.279987840000000000e+08
2.488205200000000000e+07
1.346494750000000000e+06
5.280014000000000000e+07
5.115975500000000000e+06
5.374540500000000000e+06
9.202880000000000000e+07
2.091082800000000000e+07
1.837149200000000000e+07
4.615936250000000000e+05
1.453232500000000000e+07
5.778865200000000000e+07
3.155314560000000000e+08
1.028125200000000000e+08
1.553632800000000000e+08
3.113284000000000000e+06
2.054119040000000000e+08
3.445412480000000000e+08
1.499500300000000000e+07
2.081485920000000000e+08
2.204856800000000000e+07
1.126048000000000000e+09
1.029921040000000000e+08
7.286304640000000000e+08
3.376743040000000000e+08
3.389099200000000000e+08
1.597566976000000000e+09
7.643419500000000000e+06
3.699701200000000000e+07
1.241707600000000000e+07
1.119929400000000000e+07
5.129037200000000000e+07
7.359800500000000000e+06
3.996644250000000000e+06
1.676381400000000000e+07
2.076369600000000000e+07
9.115526000000000000e+06
4.550200960000000000e+08
5.767215600000000000e+07
2.376336800000000000e+07
5.302874000000000000e+07
4.937799200000000000e+07
2.144496400000000000e+07
1.077063200000000000e+08
5.242582800000000000e+07
1.591124500000000000e+07
2.256553600000000000e+07
5.120672320000000000e+08
2.813286720000000000e+08
7.133034400000000000e+07
5.948289200000000000e+07
9.827125600000000000e+07
3.132330240000000000e+08
4.590338437500000000e+05
4.324190000000000000e+06
1.811503000000000000e+06
7.159444500000000000e+06
1.201246080000000000e+08
4.089128500000000000e+06
3.700704250000000000e+06
1.450709700000000000e+07
1.313392100000000000e+07
1.743795750000000000e+06
4.026980625000000000e+05
3.205765600000000000e+07
9.374975000000000000e+06
1.136964500000000000e+06
3.176424640000000000e+08
1.894064400000000000e+07
3.600976500000000000e+06
1.033628640000000000e+08
6.871797120000000000e+08
2.393842500000000000e+06
7.213457500000000000e+06
1.888721600000000000e+07
3.540086875000000000e+05
2.750161000000000000e+06
4.590338437500000000e+05
7.022738281250000000e+04
6.948933500000000000e+06
2.599046500000000000e+06
3.995169140625000000e+04
8.685231000000000000e+06
3.236058800000000000e+07
8.642995000000000000e+05
2.500355600000000000e+07
5.857775000000000000e+06
1.850387750000000000e+06
6.461582500000000000e+06
2.055458125000000000e+06
1.451445625000000000e+05
4.493749500000000000e+06
3.891901600000000000e+07
8.426320000000000000e+06
6.686574000000000000e+06
1.866411200000000000e+07
5.729571500000000000e+06
3.832703600000000000e+07
3.205765600000000000e+07
2.974194000000000000e+07
1.345164200000000000e+07
2.071074560000000000e+08
5.727495000000000000e+05
7.535706250000000000e+05
4.319087500000000000e+06
6.842732031250000000e+04
2.385087200000000000e+07
4.736712400000000000e+07
1.722259218750000000e+05
1.575355300000000000e+07
7.110237500000000000e+05
6.464584500000000000e+06
1.497750900000000000e+07
2.922353600000000000e+07
3.330452812500000000e+05
2.258594800000000000e+07
3.923699375000000000e+05
2.587092500000000000e+06
1.825807680000000000e+08
1.717422400000000000e+07
2.557478400000000000e+07
1.082929200000000000e+07
2.542213440000000000e+08
9.942257000000000000e+06
1.728602400000000000e+07
1.421562600000000000e+07
1.537616160000000000e+08
2.120111840000000000e+08
1.489693625000000000e+06
1.843562400000000000e+07
1.615250300000000000e+07
7.276310500000000000e+06
2.532871200000000000e+07
1.738770800000000000e+07
2.859532812500000000e+05
2.283884800000000000e+07
1.946035200000000000e+07
2.561085600000000000e+07
5.274085200000000000e+07
1.795447600000000000e+07
1.089170500000000000e+07
2.843712400000000000e+07
1.445956160000000000e+08
2.536951600000000000e+07
2.735235600000000000e+07
4.160011200000000000e+07
2.704199600000000000e+07
3.388599600000000000e+07
3.916131600000000000e+07
3.675921600000000000e+08
2.847137200000000000e+07
4.421320800000000000e+07
4.166697600000000000e+07
6.289323600000000000e+07
1.313392100000000000e+07
9.202880000000000000e+07
3.205765600000000000e+07
8.826616000000000000e+06
1.320699600000000000e+07
1.743795750000000000e+06
8.548274375000000000e+05
4.736712400000000000e+07
7.185787000000000000e+06
3.930920000000000000e+06
3.232020480000000000e+08
3.176424640000000000e+08
1.005964500000000000e+07
5.719904640000000000e+08
4.696025200000000000e+07
3.276534800000000000e+07
6.012990000000000000e+07
9.271304000000000000e+06
5.266020500000000000e+06
3.419061200000000000e+07
6.018802688000000000e+09
9.597411200000000000e+07
1.184360480000000000e+08
2.296632800000000000e+08
9.328871200000000000e+07
1.286877824000000000e+09
3.408174375000000000e+05
2.090560400000000000e+07
4.568718000000000000e+06
7.451264160156250000e+03
2.428868000000000000e+06
5.727495000000000000e+05
1.326277832031250000e+04
2.598942000000000000e+07
5.159419062500000000e+05
6.781012695312500000e+03
1.052441600000000000e+07
6.668247500000000000e+06
3.462800390625000000e+04
5.945910400000000000e+08
3.835911250000000000e+06
9.150815625000000000e+04
2.727796000000000000e+07
2.577563750000000000e+05
2.646350000000000000e+04
3.061818000000000000e+06
3.863782400000000000e+08
1.848022875000000000e+06
5.840415000000000000e+05
8.813667200000000000e+07
2.805125250000000000e+06
4.963369600000000000e+07
9.793294400000000000e+07
4.736712400000000000e+07
7.847470500000000000e+06
3.079881200000000000e+07
1.052669000000000000e+06
3.881301562500000000e+05
5.725481600000000000e+08
7.612855200000000000e+07
5.144517600000000000e+07
2.797052400000000000e+07
5.502561920000000000e+08
1.519765300000000000e+07
4.590338437500000000e+05
9.080387000000000000e+06
1.450696875000000000e+06
1.842655200000000000e+07
7.299737600000000000e+07
1.171497600000000000e+07
1.126128300000000000e+07
9.861701875000000000e+05
9.817134000000000000e+06
4.680689200000000000e+07
4.872462080000000000e+08
1.999367200000000000e+07
4.860606000000000000e+07
2.706457500000000000e+06
1.602873000000000000e+07
2.506268320000000000e+08
1.481954300000000000e+07
6.007098400000000000e+07
1.568468500000000000e+07
1.660880512000000000e+09
3.827765200000000000e+07
2.557943360000000000e+08
7.582640800000000000e+07
1.334577200000000000e+08
6.981955840000000000e+08
4.007861200000000000e+07
2.090560400000000000e+07
1.815012031250000000e+05
2.737617600000000000e+08
3.220941750000000000e+06
5.405468125000000000e+05
2.977319168000000000e+09
1.314073600000000000e+07
2.587832750000000000e+06
3.150514000000000000e+07
6.612526720000000000e+08
1.086411750000000000e+06
1.489693625000000000e+06
1.837149200000000000e+07
1.789045156250000000e+05
2.385087200000000000e+07
4.736712400000000000e+07
8.138459375000000000e+05
1.575355300000000000e+07
2.304169500000000000e+06
1.745616000000000000e+07
3.657610000000000000e+07
1.207197200000000000e+08
1.119064250000000000e+06
4.490158800000000000e+07
3.029822750000000000e+06
2.256041600000000000e+07
1.825807680000000000e+08
3.799064000000000000e+07
1.026220800000000000e+08
3.233443200000000000e+07
7.760906880000000000e+08
6.619502000000000000e+07
1.560665760000000000e+08
1.120568960000000000e+08
3.169211200000000000e+08
1.666573440000000000e+09
1.016017187500000000e+06
1.781929218750000000e+05
1.509238900000000000e+07
2.373662250000000000e+06
8.809872000000000000e+06
1.720804500000000000e+06
3.265684800000000000e+07
1.409979125000000000e+06
8.936645000000000000e+05
4.904683600000000000e+07
5.619823500000000000e+06
1.435228400000000000e+07
5.353606250000000000e+05
2.017321200000000000e+07
1.242442000000000000e+07
2.459157120000000000e+08
4.310745600000000000e+07
4.056736800000000000e+07
2.700110500000000000e+06
6.958196000000000000e+07
6.191817200000000000e+07
9.285527500000000000e+05
6.731597600000000000e+07
1.701144400000000000e+07
3.502213760000000000e+08
2.935022400000000000e+07
4.604820480000000000e+08
7.027431200000000000e+07
6.324642400000000000e+07
4.378840640000000000e+08
1.544531600000000000e+07
1.872812000000000000e+07
1.224644160000000000e+08
7.894866500000000000e+06
4.590338437500000000e+05
2.025483200000000000e+07
8.691033750000000000e+05
2.532871200000000000e+07
4.342080312500000000e+05
1.484766800000000000e+07
4.728534400000000000e+07
6.222186880000000000e+08
1.773413200000000000e+07
3.592276160000000000e+08
1.423641000000000000e+07
9.014300000000000000e+07
9.069556800000000000e+07
8.034856875000000000e+05
2.194376400000000000e+07
1.616372200000000000e+07
1.695157376000000000e+09
3.269817200000000000e+07
4.079449920000000000e+08
2.241327040000000000e+08
7.167894400000000000e+07
1.143444864000000000e+09
1.843562400000000000e+07
1.201246080000000000e+08
5.597577500000000000e+06
1.314291800000000000e+07
1.490313125000000000e+06
1.453344500000000000e+06
2.405790080000000000e+08
1.631138800000000000e+07
2.362111600000000000e+07
8.666251000000000000e+06
1.523399680000000000e+08
6.094054800000000000e+07
5.745384500000000000e+06
3.079881200000000000e+07
3.294947750000000000e+06
1.900966400000000000e+07
2.593060000000000000e+07
1.263891400000000000e+07
1.086411750000000000e+06
1.167719250000000000e+06
2.429910250000000000e+06
1.281295440000000000e+08
1.985588160000000000e+08
3.844139600000000000e+07
1.153012480000000000e+08
1.116555200000000000e+07
2.941955600000000000e+07
8.266356800000000000e+07
1.987864800000000000e+07
2.047718000000000000e+07
7.721718000000000000e+06
7.561515520000000000e+08
7.642287200000000000e+07
1.374673920000000000e+08
1.288281840000000000e+08
7.191352000000000000e+07
5.041697280000000000e+08
1.545996125000000000e+06
9.775658125000000000e+05
1.013644187500000000e+06
1.223480500000000000e+06
7.354480000000000000e+07
7.643419500000000000e+06
6.142831000000000000e+06
9.080387000000000000e+06
8.543479000000000000e+06
1.705743250000000000e+06
1.934028000000000000e+07
8.166158500000000000e+06
4.035080000000000000e+06
1.601433600000000000e+07
4.844928000000000000e+06
2.377622250000000000e+06
5.525004800000000000e+08
6.040440800000000000e+07
1.549013000000000000e+07
1.416115000000000000e+07
2.388352640000000000e+08
2.609198400000000000e+07
1.345125800000000000e+07
1.798676400000000000e+07
1.840141600000000000e+08
1.776027680000000000e+08
5.266683500000000000e+06
7.535706250000000000e+05
7.561817187500000000e+04
9.826319200000000000e+07
3.893146250000000000e+06
1.152988250000000000e+06
8.598224800000000000e+07
1.418270375000000000e+06
2.886091875000000000e+05
5.374139200000000000e+07
3.458295200000000000e+07
3.425301250000000000e+05
7.700789000000000000e+06
2.090560400000000000e+07
1.409979125000000000e+06
1.040941000000000000e+06
2.270046000000000000e+06
2.304187968750000000e+05
2.221102800000000000e+07
4.662762000000000000e+06
1.426136000000000000e+07
7.180081000000000000e+06
9.519848000000000000e+06
5.067555937500000000e+05
1.508465760000000000e+08
1.465675600000000000e+07
8.799356800000000000e+07
2.068752000000000000e+07
1.996514750000000000e+06
2.580449250000000000e+06
4.064420000000000000e+07
1.573533440000000000e+08
1.165764700000000000e+07
1.807759600000000000e+07
2.774508800000000000e+08
2.348571200000000000e+07
2.261993120000000000e+08
1.872812000000000000e+07
9.517204000000000000e+07
1.584079375000000000e+06
1.837149200000000000e+07
9.162259765625000000e+03
3.410824375000000000e+05
2.966078080000000000e+08
3.950481250000000000e+06
2.234419600000000000e+07
3.083920937500000000e+05
7.253964000000000000e+07
7.643419500000000000e+06
5.374540500000000000e+06
8.039168000000000000e+07
4.590338437500000000e+05
1.093881900000000000e+07
1.084659400000000000e+07
2.400041600000000000e+07
2.025125120000000000e+08
5.580392000000000000e+07
3.021895200000000000e+07
4.293728320000000000e+08
1.313392100000000000e+07
1.743795750000000000e+06
2.916107500000000000e+05
5.344321250000000000e+05
3.205765600000000000e+07
1.770304250000000000e+06
1.862947000000000000e+06
5.635165625000000000e+05
8.740731875000000000e+05
4.180115937500000000e+05
3.176424640000000000e+08
7.995153000000000000e+06
4.567877500000000000e+06
2.363513250000000000e+06
1.788770125000000000e+06
7.967814375000000000e+05
2.813360400000000000e+07
3.695868750000000000e+06
1.880995625000000000e+06
1.330833125000000000e+06
1.926679840000000000e+08
3.634923600000000000e+07
6.954780500000000000e+06
4.408791500000000000e+06
1.165486600000000000e+07
9.697104800000000000e+07
4.568718000000000000e+06
4.590338437500000000e+05
1.230278700000000000e+07
1.245184863281250000e+04
1.086411750000000000e+06
4.736712400000000000e+07
1.462494531250000000e+04
1.837149200000000000e+07
1.547146484375000000e+04
4.287018125000000000e+05
1.379095700000000000e+07
1.838047520000000000e+08
1.260810312500000000e+05
4.600437600000000000e+07
2.096481250000000000e+04
1.044987187500000000e+06
1.207197200000000000e+08
7.070936718750000000e+04
1.821637625000000000e+06
3.813810000000000000e+05
1.372047360000000000e+09
7.304330625000000000e+05
1.394553900000000000e+07
2.340691750000000000e+06
5.458271500000000000e+06
1.207432080000000000e+08
5.561596500000000000e+06
3.144762400000000000e+07
1.063352250000000000e+06
6.028316500000000000e+06
1.217506640625000000e+04
1.231848906250000000e+05
1.327595360000000000e+08
1.182613500000000000e+06
7.762645500000000000e+06
4.274432187500000000e+05
2.512321200000000000e+07
4.568718000000000000e+06
9.080387000000000000e+06
7.643419500000000000e+06
1.725550625000000000e+06
2.883397200000000000e+07
3.205765600000000000e+07
3.083775750000000000e+06
7.354480000000000000e+07
1.341697200000000000e+07
1.466704700000000000e+07
9.217724800000000000e+07
6.253358720000000000e+08
3.012222000000000000e+07
5.525004800000000000e+08
4.478150400000000000e+07
6.112832400000000000e+07
4.435521920000000000e+08
6.987148000000000000e+07
1.429284800000000000e+08
2.096459360000000000e+08
6.751405568000000000e+09
5.715400320000000000e+08
2.492991744000000000e+09
2.238192384000000000e+09
9.738964480000000000e+08
2.665551257600000000e+10
4.590338437500000000e+05
1.086411750000000000e+06
6.961025625000000000e+05
4.568718000000000000e+06
3.571236750000000000e+06
8.290146000000000000e+06
1.379095700000000000e+07
2.748262750000000000e+06
3.302557750000000000e+06
5.208000000000000000e+07
7.779680800000000000e+07
1.509857900000000000e+07
5.729652000000000000e+07
7.427998400000000000e+07
1.042977500000000000e+07
1.230278700000000000e+07
7.643419500000000000e+06
1.224023125000000000e+06
9.202880000000000000e+07
2.108352000000000000e+07
1.808546400000000000e+07
2.250004960000000000e+08
1.018944320000000000e+09
5.005208400000000000e+07
9.191061760000000000e+08
1.444911360000000000e+08
2.484166560000000000e+08
4.208857600000000000e+08
3.497032000000000000e+07
6.706299600000000000e+07
2.392496960000000000e+08
1.007652147200000000e+10
6.356076160000000000e+08
2.860879616000000000e+09
2.171181056000000000e+09
1.348940032000000000e+09
2.715756339200000000e+10
1.232506000000000000e+08
7.531068800000000000e+07
3.829992800000000000e+07
3.205765600000000000e+07
2.578987600000000000e+07
3.162842000000000000e+06
6.863858560000000000e+08
4.141187200000000000e+08
2.676818240000000000e+08
1.552284960000000000e+08
1.732086272000000000e+09
2.385087200000000000e+07
1.713301250000000000e+05
7.624040625000000000e+05
1.898831600000000000e+07
1.314291800000000000e+07
2.359504500000000000e+06
2.284290000000000000e+06
1.131806600000000000e+07
2.090560400000000000e+07
3.432410400000000000e+07
1.033927800000000000e+07
1.394054720000000000e+08
2.920330800000000000e+07
1.012536960000000000e+08
2.417144800000000000e+07
3.111549062500000000e+05
4.736712400000000000e+07
4.568718000000000000e+06
4.872244921875000000e+04
1.230278700000000000e+07
1.190107343750000000e+05
3.790117187500000000e+04
5.857904640000000000e+08
3.954949440000000000e+08
6.697807500000000000e+05
1.261087488000000000e+09
1.517784875000000000e+06
1.360933250000000000e+06
1.838047520000000000e+08
2.288835156250000000e+05
1.010099765625000000e+05
2.633244062500000000e+05
1.385121484800000000e+10
5.209228000000000000e+06
5.319636000000000000e+06
1.436743100000000000e+07
1.136671750000000000e+06
8.068708000000000000e+07
1.837149200000000000e+07
7.494325000000000000e+05
1.180197875000000000e+06
1.355139000000000000e+06
1.320699600000000000e+07
5.195131600000000000e+07
8.939233000000000000e+06
5.368695000000000000e+06
8.676566875000000000e+05
2.947974750000000000e+06
2.055101200000000000e+07
1.520627360000000000e+08
7.433698000000000000e+06
1.664424100000000000e+07
1.768296250000000000e+06
6.475740500000000000e+06
1.481853440000000000e+08
2.679759600000000000e+07
4.297888800000000000e+07
7.386231500000000000e+06
6.547866240000000000e+08
3.773290000000000000e+07
1.080843600000000000e+08
1.826994400000000000e+07
2.745356160000000000e+08
1.128223616000000000e+09
2.551339750000000000e+06
1.945845156250000000e+05
7.295976250000000000e+05
2.384548500000000000e+06
5.635563600000000000e+07
4.325180000000000000e+06
2.288594400000000000e+07
8.395860000000000000e+07
4.590338437500000000e+05
1.086411750000000000e+06
1.725328437500000000e+05
4.568718000000000000e+06
2.583741093750000000e+05
6.115457500000000000e+05
1.379095700000000000e+07
3.056611562500000000e+05
1.169119875000000000e+06
4.062095500000000000e+06
1.106046100000000000e+07
4.590338437500000000e+05
5.561596500000000000e+06
1.086411750000000000e+06
3.172022460937500000e+04
1.777076800000000000e+07
4.568718000000000000e+06
6.311566406250000000e+04
9.516308000000000000e+06
2.043046250000000000e+06
1.087331875000000000e+05
6.759478400000000000e+07
1.379095700000000000e+07
4.685825390625000000e+04
4.335995200000000000e+07
1.948075750000000000e+06
1.504934375000000000e+05
9.086109600000000000e+07
9.221253000000000000e+06
9.439357500000000000e+05
5.172427000000000000e+06
6.682438400000000000e+08
2.489805200000000000e+07
1.915903000000000000e+06
1.360763600000000000e+07
4.148126000000000000e+07
2.396086400000000000e+08
2.920330800000000000e+07
3.311397200000000000e+07
9.626960000000000000e+06
1.148722250000000000e+06
2.385087200000000000e+07
1.086411750000000000e+06
6.660449375000000000e+05
1.489693625000000000e+06
1.854673625000000000e+06
2.574701562500000000e+05
5.577415040000000000e+08
1.001088000000000000e+08
3.195842500000000000e+06
3.354824400000000000e+07
1.021196300000000000e+07
1.028703687500000000e+06
3.657610000000000000e+07
2.261918400000000000e+07
3.358395937500000000e+05
1.107661750000000000e+06
6.221949440000000000e+08
1.829248160000000000e+08
5.599515500000000000e+06
8.236526500000000000e+06
1.541732500000000000e+07
1.421726080000000000e+08
5.727495000000000000e+05
1.893733750000000000e+06
1.100172375000000000e+06
5.279575625000000000e+05
3.205765600000000000e+07
1.106962000000000000e+07
8.977579375000000000e+05
1.983388000000000000e+07
1.901718625000000000e+06
2.335162250000000000e+06
3.089418000000000000e+07
6.709532000000000000e+06
8.958413125000000000e+05
1.859518000000000000e+07
2.868989000000000000e+06
1.757839500000000000e+06
9.641004000000000000e+07
8.318085500000000000e+06
6.246454500000000000e+06
1.379595500000000000e+07
1.034912880000000000e+08
2.689554800000000000e+07
5.628308500000000000e+06
2.168368800000000000e+07
4.937225200000000000e+07
7.909642400000000000e+07
3.544590400000000000e+07
1.770716000000000000e+07
7.865588750000000000e+05
3.068993280000000000e+08
1.286611400000000000e+07
5.316958000000000000e+06
1.273497088000000000e+09
1.504129400000000000e+07
1.220490400000000000e+07
1.164480800000000000e+08
2.730343040000000000e+08
4.096919750000000000e+06
3.087463000000000000e+06
2.495277250000000000e+06
8.294948125000000000e+05
1.418900640000000000e+08
1.199608960000000000e+08
1.536600900000000000e+07
2.971875200000000000e+07
3.902897000000000000e+06
4.139346250000000000e+06
3.930807200000000000e+07
3.277954000000000000e+07
3.523549750000000000e+06
9.880176000000000000e+06
3.212808750000000000e+06
2.853095250000000000e+06
4.296513600000000000e+08
2.002112000000000000e+08
1.848820800000000000e+08
5.083844800000000000e+07
1.385680160000000000e+08
3.940934000000000000e+07
3.119920400000000000e+07
1.112282700000000000e+07
4.524721920000000000e+08
1.246568240000000000e+08
1.770304250000000000e+06
5.278756500000000000e+06
2.916107500000000000e+05
5.092146562500000000e+05
3.754245200000000000e+07
1.313392100000000000e+07
3.438685250000000000e+06
2.278889200000000000e+07
1.478196800000000000e+07
5.943034375000000000e+05
2.285506000000000000e+07
7.995153000000000000e+06
3.330889500000000000e+06
1.110349700000000000e+07
6.505272000000000000e+06
1.013568750000000000e+06
1.724625280000000000e+08
3.872457200000000000e+07
7.271981500000000000e+06
2.397662400000000000e+07
8.292870400000000000e+07
2.327993200000000000e+07
1.220592900000000000e+07
1.285247600000000000e+07
1.340232560000000000e+08
7.827085600000000000e+07
2.329059200000000000e+07
1.067255520000000000e+08
2.162881250000000000e+06
5.489748800000000000e+07
2.691980500000000000e+06
6.645506500000000000e+06
2.636942240000000000e+08
1.593472200000000000e+07
8.626396800000000000e+07
3.739137600000000000e+07
1.699271040000000000e+08
1.360086000000000000e+06
3.817259500000000000e+06
1.078885875000000000e+06
1.798022875000000000e+06
3.134618000000000000e+07
4.128322800000000000e+07
2.981714400000000000e+07
1.231356200000000000e+07
1.743795750000000000e+06
7.494325000000000000e+05
2.812564375000000000e+05
1.086411750000000000e+06
2.019835000000000000e+05
1.711831406250000000e+05
6.517534400000000000e+07
6.081375200000000000e+07
2.789194400000000000e+07
1.330764400000000000e+08
3.294639200000000000e+07
2.320311200000000000e+07
5.736788500000000000e+06
1.501401625000000000e+06
5.386648750000000000e+05
6.071779375000000000e+05
3.142353600000000000e+08
6.084089600000000000e+07
5.358612000000000000e+07
1.036220400000000000e+08
4.044276000000000000e+06
2.944449920000000000e+08
4.736712400000000000e+07
1.456974511718750000e+04
2.423605000000000000e+05
1.253482625000000000e+06
7.643419500000000000e+06
2.588227500000000000e+06
3.662517600000000000e+07
9.984660000000000000e+07
3.159462000000000000e+07
4.569314000000000000e+07
7.183492000000000000e+06
4.472747200000000000e+07
1.528495100000000000e+07
6.465558500000000000e+06
3.472850800000000000e+07
4.590338437500000000e+05
4.448508500000000000e+06
4.727065500000000000e+06
5.453776640000000000e+08
5.978636400000000000e+07
1.617002080000000000e+08
1.247943360000000000e+08
1.769684160000000000e+08
3.742362800000000000e+07
2.900115200000000000e+07
1.222923840000000000e+08
2.656436800000000000e+07
9.282115000000000000e+06
1.676165632000000000e+09
1.687402368000000000e+09
1.419550240000000000e+08
6.596453120000000000e+08
1.750378240000000000e+08
3.507088896000000000e+09
2.907038000000000000e+06
4.493021000000000000e+06
1.248299375000000000e+06
6.858806000000000000e+06
3.530761500000000000e+06
4.712945000000000000e+06
7.083637500000000000e+06
2.893115250000000000e+06
5.598560000000000000e+06
7.231607500000000000e+06
7.520470500000000000e+06
1.870606000000000000e+07
4.684958400000000000e+07
4.548286000000000000e+06
5.329195600000000000e+07
7.200886000000000000e+06
4.026933200000000000e+07
1.360860480000000000e+08
5.455604800000000000e+07
6.425074400000000000e+07
6.724372800000000000e+07
1.734092160000000000e+08
9.367949000000000000e+06
5.198225500000000000e+06
9.294618125000000000e+05
1.223611400000000000e+07
1.126128300000000000e+07
1.870606000000000000e+07
5.106450500000000000e+06
1.489693625000000000e+06
1.050833375000000000e+06
7.421939000000000000e+06
5.434149600000000000e+07
7.784893000000000000e+06
7.818416800000000000e+07
1.810499600000000000e+07
2.008518560000000000e+08
1.320699600000000000e+07
1.837149200000000000e+07
1.102434720000000000e+08
2.463615312500000000e+05
7.494325000000000000e+05
1.770716000000000000e+07
2.798658398437500000e+04
8.302631500000000000e+06
1.233075976562500000e+04
3.822075000000000000e+05
2.055101200000000000e+07
1.239380608000000000e+09
1.122290875000000000e+06
3.121035520000000000e+08
2.813723437500000000e+05
1.095556500000000000e+07
3.288724800000000000e+07
5.740389062500000000e+04
2.407742500000000000e+06
4.608054062500000000e+05
1.453511424000000000e+09
1.696374750000000000e+06
1.064756720000000000e+08
2.095211200000000000e+07
4.080845750000000000e+06
2.118111360000000000e+08
4.590338437500000000e+05
4.568718000000000000e+06
1.544531600000000000e+07
3.565649000000000000e+06
1.086411750000000000e+06
1.872812000000000000e+07
2.649676500000000000e+06
1.698812800000000000e+07
1.097168700000000000e+07
4.188618000000000000e+07
1.379095700000000000e+07
4.728534400000000000e+07
4.169540500000000000e+06
3.138430400000000000e+08
2.146890800000000000e+07
8.056943200000000000e+07
8.883200000000000000e+07
1.467300700000000000e+07
4.831536400000000000e+07
9.622927200000000000e+07
1.092577792000000000e+09
5.892584400000000000e+07
1.493293600000000000e+08
5.005831680000000000e+08
2.603135680000000000e+08
1.391685504000000000e+09
9.516218000000000000e+06
1.020335700000000000e+07
9.954515000000000000e+06
3.201220000000000000e+07
1.887054400000000000e+07
5.305574800000000000e+07
4.086286875000000000e+05
6.430808000000000000e+06
2.798666406250000000e+04
1.307976015625000000e+05
2.013090240000000000e+08
1.376760250000000000e+06
3.695414000000000000e+06
4.950090000000000000e+05
2.233371600000000000e+07
2.427955500000000000e+06
9.596056800000000000e+07
1.687836625000000000e+06
1.089897900000000000e+07
3.717463437500000000e+05
1.432078300000000000e+07
1.509582560000000000e+08
4.273559000000000000e+06
1.084633200000000000e+08
1.022993700000000000e+07
1.659027360000000000e+08
1.102434720000000000e+08
2.598942000000000000e+07
8.302631500000000000e+06
1.004543700000000000e+07
4.736712400000000000e+07
1.837149200000000000e+07
4.969940500000000000e+06
1.086411750000000000e+06
2.168478000000000000e+06
1.097053250000000000e+06
7.256098560000000000e+08
3.121035520000000000e+08
6.145237200000000000e+07
1.013572640000000000e+08
2.821469600000000000e+07
1.325191200000000000e+07
1.207197200000000000e+08
2.365474800000000000e+07
5.854893000000000000e+06
5.537943000000000000e+06
2.375573760000000000e+09
2.358844160000000000e+08
8.444796000000000000e+07
6.712596000000000000e+07
4.883670800000000000e+07
4.746636480000000000e+08
1.743795750000000000e+06
4.736712400000000000e+07
1.924157375000000000e+06
1.320699600000000000e+07
5.944247500000000000e+05
8.088248500000000000e+06
6.012990000000000000e+07
3.338840000000000000e+06
6.217556800000000000e+07
9.564074000000000000e+06
7.066476800000000000e+07
9.516273000000000000e+06
3.024536400000000000e+07
5.561570000000000000e+06
4.092866000000000000e+06
3.031357200000000000e+07
1.086411750000000000e+06
3.603398250000000000e+06
5.890103000000000000e+06
3.364840750000000000e+06
3.625285937500000000e+05
1.525219680000000000e+08
4.335928800000000000e+07
1.393338800000000000e+07
1.298091440000000000e+08
2.975538800000000000e+07
5.784965500000000000e+06
1.163581600000000000e+08
5.620384800000000000e+07
3.090939250000000000e+06
5.963962000000000000e+06
1.115513344000000000e+09
1.743068800000000000e+08
4.845138800000000000e+07
8.647367200000000000e+07
1.678000800000000000e+08
1.159235968000000000e+09
3.408174375000000000e+05
5.727495000000000000e+05
9.496458750000000000e+05
4.568718000000000000e+06
6.413279500000000000e+06
1.813548000000000000e+07
6.668247500000000000e+06
2.730646250000000000e+06
5.103325500000000000e+06
3.429197600000000000e+07
2.031554000000000000e+07
1.357055625000000000e+06
2.495277250000000000e+06
2.736569750000000000e+06
3.205765600000000000e+07
1.503584500000000000e+07
3.754158800000000000e+07
8.961665000000000000e+06
4.374244000000000000e+06
6.672445500000000000e+06
2.784857920000000000e+08
2.164286000000000000e+07
2.446032000000000000e+06
3.033706875000000000e+05
1.893733750000000000e+06
2.411489218750000000e+05
6.430808000000000000e+06
7.354480000000000000e+07
1.315329900000000000e+07
1.313392100000000000e+07
1.899735625000000000e+06
1.992959200000000000e+07
2.234824500000000000e+06
6.470985200000000000e+07
4.897575500000000000e+06
8.785934000000000000e+06
5.615065000000000000e+05
3.104570250000000000e+06
2.375585920000000000e+08
1.597087000000000000e+07
1.885174080000000000e+08
4.512928400000000000e+07
1.521645600000000000e+08
4.735946000000000000e+06
7.956943200000000000e+07
1.167798700000000000e+07
5.698843520000000000e+08
2.407171840000000000e+08
1.230278700000000000e+07
9.202880000000000000e+07
4.736712400000000000e+07
4.194150400000000000e+07
7.643419500000000000e+06
4.568718000000000000e+06
4.814836000000000000e+06
3.205765600000000000e+07
3.407720000000000000e+07
1.489543400000000000e+07
4.208857600000000000e+08
1.838047520000000000e+08
7.696146400000000000e+07
5.719904640000000000e+08
3.053013760000000000e+08
3.425505600000000000e+08
6.253358720000000000e+08
1.167474240000000000e+08
8.892897600000000000e+07
2.614755200000000000e+08
6.532700160000000000e+09
1.480890752000000000e+09
1.889530624000000000e+09
1.622022528000000000e+09
2.575755520000000000e+09
2.132748083200000000e+10
6.193021600000000000e+07
9.516218000000000000e+06
5.561596500000000000e+06
2.506888500000000000e+06
1.698812800000000000e+07
1.872812000000000000e+07
3.601945250000000000e+06
1.086411750000000000e+06
1.578589875000000000e+06
5.796501250000000000e+05
1.576218720000000000e+08
1.801235200000000000e+08
1.489480900000000000e+07
4.335920800000000000e+07
5.979738500000000000e+06
2.424512250000000000e+06
8.883200000000000000e+07
5.355267500000000000e+06
4.098740750000000000e+06
1.133154250000000000e+06
9.414531840000000000e+08
3.730304800000000000e+07
2.593129200000000000e+07
9.444396000000000000e+06
1.365006000000000000e+07
1.091000880000000000e+08
7.494325000000000000e+05
9.954667000000000000e+06
6.653256000000000000e+06
2.134569750000000000e+06
1.994043200000000000e+07
2.416972500000000000e+06
4.658336875000000000e+05
2.947488000000000000e+07
2.234023200000000000e+07
3.945255250000000000e+06
3.778670400000000000e+07
8.143977000000000000e+06
2.176712250000000000e+06
8.557681600000000000e+07
2.720418000000000000e+07
1.333973200000000000e+07
6.129446000000000000e+07
2.518270000000000000e+07
2.744203250000000000e+06
3.542636800000000000e+07
1.716244480000000000e+08
5.542300400000000000e+07
1.523305800000000000e+07
1.418448640000000000e+08
5.493771200000000000e+07
2.389624000000000000e+08
7.643419500000000000e+06
2.806580400000000000e+07
9.202880000000000000e+07
4.955420500000000000e+06
2.928497200000000000e+07
1.230278700000000000e+07
1.293860875000000000e+06
5.500051600000000000e+07
2.247241750000000000e+06
5.823308000000000000e+06
5.612631680000000000e+08
4.208857600000000000e+08
1.469566500000000000e+07
2.818964480000000000e+08
1.009953700000000000e+07
2.361692400000000000e+07
4.694782720000000000e+08
9.344251000000000000e+06
1.080255600000000000e+07
2.429810400000000000e+07
5.238150144000000000e+09
1.157695280000000000e+08
1.489760320000000000e+08
8.444232000000000000e+07
1.804839360000000000e+08
1.214414848000000000e+09
4.736712400000000000e+07
1.033940160000000000e+08
1.575355300000000000e+07
6.483050500000000000e+06
2.972861600000000000e+07
2.385087200000000000e+07
1.390829250000000000e+06
1.555755000000000000e+07
3.337611500000000000e+06
3.346270750000000000e+06
8.469221760000000000e+08
1.825807680000000000e+08
3.813584000000000000e+07
4.561523200000000000e+08
8.654908000000000000e+07
2.262104000000000000e+07
9.695352960000000000e+08
2.524315200000000000e+07
2.190132400000000000e+07
2.489031200000000000e+07
6.797560320000000000e+09
5.121336960000000000e+08
2.017164480000000000e+08
3.405941440000000000e+08
3.860688640000000000e+08
3.368234496000000000e+09
1.675653875000000000e+06
5.860691250000000000e+05
5.848230000000000000e+06
7.712542500000000000e+05
4.736712400000000000e+07
9.573770400000000000e+07
8.942013000000000000e+06
1.694418400000000000e+07
2.666419500000000000e+06
2.084659600000000000e+07
1.029857600000000000e+07
5.046976400000000000e+07
2.271917500000000000e+06
2.003784400000000000e+07
2.568049000000000000e+06
9.615271000000000000e+06
3.555494080000000000e+08
4.056489600000000000e+07
1.327367440000000000e+08
5.472697200000000000e+07
1.885044480000000000e+08
1.794396400000000000e+07
4.560242000000000000e+07
3.424164800000000000e+07
4.799502080000000000e+08
2.079113120000000000e+08
4.404660000000000000e+06
1.249404900000000000e+07
5.890103000000000000e+06
1.705660400000000000e+07
2.727544250000000000e+06
1.518930375000000000e+06
3.054034500000000000e+06
7.494325000000000000e+05
1.899735625000000000e+06
6.189882500000000000e+05
2.313624400000000000e+07
5.128970000000000000e+06
6.362436500000000000e+06
2.611334400000000000e+07
4.291360000000000000e+07
1.467633700000000000e+07
2.801772500000000000e+06
3.897213750000000000e+06
2.890432000000000000e+06
1.755256500000000000e+06
3.117446000000000000e+07
3.149162000000000000e+07
8.907321000000000000e+06
4.336383600000000000e+07
4.801900000000000000e+06
4.250369600000000000e+07
1.230278700000000000e+07
5.161609200000000000e+07
4.748215500000000000e+06
1.370696960000000000e+08
9.516218000000000000e+06
3.205765600000000000e+07
8.034357500000000000e+06
2.704024400000000000e+07
5.460145500000000000e+06
1.578657900000000000e+07
1.477690400000000000e+08
2.190178400000000000e+07
8.873988000000000000e+07
5.333415600000000000e+07
3.019805440000000000e+08
1.484664800000000000e+07
1.314291800000000000e+07
3.411743000000000000e+06
4.321999600000000000e+07
6.816582500000000000e+06
6.114775500000000000e+06
1.330822800000000000e+08
2.256674000000000000e+07
1.992541200000000000e+07
4.359587600000000000e+07
1.272008320000000000e+08
2.262578800000000000e+07
1.059710312500000000e+05
3.756669687500000000e+05
2.536047250000000000e+06
7.172147200000000000e+07
2.385087200000000000e+07
1.715994800000000000e+07
4.509953750000000000e+05
2.433850400000000000e+07
1.474210720000000000e+08
4.581939000000000000e+06
2.752134000000000000e+07
1.239162750000000000e+06
3.037483500000000000e+06
1.672737920000000000e+08
4.345849920000000000e+08
3.454577200000000000e+07
4.476214080000000000e+08
2.152356400000000000e+07
4.260682500000000000e+06
5.513729920000000000e+08
1.534533000000000000e+07
4.640704000000000000e+07
1.428727900000000000e+07
3.819891712000000000e+09
1.643262080000000000e+08
1.229549920000000000e+08
2.323137440000000000e+08
2.961860480000000000e+08
2.823232768000000000e+09
4.736712400000000000e+07
9.202880000000000000e+07
1.230278700000000000e+07
2.019147625000000000e+06
3.205765600000000000e+07
4.568718000000000000e+06
9.417345625000000000e+05
7.643419500000000000e+06
2.165630500000000000e+06
5.391598125000000000e+05
5.719904640000000000e+08
1.838047520000000000e+08
5.407856500000000000e+06
4.208857600000000000e+08
1.086249400000000000e+07
5.711775000000000000e+06
6.253358720000000000e+08
6.488432000000000000e+06
2.191501000000000000e+06
6.266891000000000000e+06
6.532700160000000000e+09
3.890462000000000000e+07
3.527735200000000000e+07
4.624269200000000000e+07
6.781456800000000000e+07
4.342245760000000000e+08
3.198314800000000000e+07
7.494325000000000000e+05
7.045075781250000000e+04
1.477867100000000000e+07
2.044788750000000000e+06
6.915461718750000000e+04
7.783020800000000000e+07
2.838426750000000000e+06
1.599715468750000000e+05
2.539471750000000000e+06
5.879608500000000000e+06
2.385087200000000000e+07
1.566297750000000000e+06
2.759179750000000000e+06
2.066405600000000000e+07
7.700789000000000000e+06
1.106962000000000000e+07
2.416972500000000000e+06
7.824237500000000000e+06
4.568718000000000000e+06
4.590338437500000000e+05
3.228374750000000000e+06
1.086411750000000000e+06
5.074125000000000000e+06
1.928993375000000000e+06
6.082117600000000000e+07
1.195902800000000000e+07
1.538645000000000000e+07
1.831020400000000000e+07
2.457828400000000000e+07
9.327816000000000000e+06
1.379095700000000000e+07
2.013696000000000000e+07
6.721739000000000000e+06
7.097148000000000000e+06
1.664529760000000000e+08
9.895080000000000000e+07
4.198720400000000000e+07
4.713326400000000000e+07
6.064961200000000000e+07
4.979254400000000000e+08
6.430808000000000000e+06
2.883397200000000000e+07
7.354480000000000000e+07
1.903414062500000000e+05
1.743795750000000000e+06
1.313392100000000000e+07
2.072195312500000000e+04
3.205765600000000000e+07
1.138988281250000000e+04
2.533438125000000000e+05
2.208880800000000000e+07
2.375585920000000000e+08
5.240498125000000000e+05
4.435521920000000000e+08
8.509558125000000000e+05
5.064084500000000000e+06
3.176424640000000000e+08
1.532762031250000000e+05
1.075129750000000000e+06
2.894194250000000000e+06
3.780050944000000000e+09
4.735950500000000000e+06
4.235632800000000000e+07
4.725577200000000000e+07
5.790196800000000000e+07
1.879401856000000000e+09
9.516218000000000000e+06
2.741341600000000000e+07
2.772047600000000000e+07
3.622839500000000000e+06
3.183294800000000000e+07
2.385087200000000000e+07
4.715487187500000000e+05
1.317851200000000000e+07
1.333610500000000000e+06
1.243040250000000000e+06
1.486277760000000000e+08
1.235690800000000000e+08
9.406229000000000000e+06
2.082597920000000000e+08
2.709305600000000000e+07
2.747450400000000000e+07
8.614135680000000000e+08
3.118689200000000000e+07
2.368743600000000000e+07
1.304056400000000000e+07
1.993219968000000000e+09
1.470388960000000000e+08
1.227822640000000000e+08
2.067526400000000000e+08
8.543204480000000000e+08
1.980097792000000000e+09
1.575355300000000000e+07
4.684958400000000000e+07
1.981977625000000000e+06
5.978932800000000000e+07
9.484435000000000000e+06
3.225552000000000000e+07
1.446281760000000000e+08
3.165264400000000000e+07
4.976745200000000000e+07
6.591833600000000000e+07
1.576357120000000000e+08
1.743795750000000000e+06
3.321046750000000000e+06
1.460816375000000000e+06
6.589579500000000000e+06
8.302631500000000000e+06
2.598942000000000000e+07
1.102434720000000000e+08
4.702668000000000000e+06
1.086411750000000000e+06
1.837149200000000000e+07
1.070991375000000000e+06
4.736712400000000000e+07
2.798383750000000000e+06
1.439702900000000000e+07
1.013572640000000000e+08
3.121035520000000000e+08
5.434306000000000000e+06
7.256098560000000000e+08
1.141018700000000000e+07
3.519810800000000000e+07
1.207197200000000000e+08
2.065497250000000000e+06
1.272206500000000000e+07
3.088605200000000000e+07
2.375573760000000000e+09
2.446678000000000000e+07
5.240004000000000000e+07
9.750016800000000000e+07
5.560354000000000000e+07
2.034098720000000000e+08
4.590338437500000000e+05
1.837149200000000000e+07
6.696442968750000000e+04
1.230278700000000000e+07
4.505476953125000000e+04
4.850561250000000000e+05
4.600437600000000000e+07
1.393819218750000000e+05
6.700037500000000000e+05
1.663549625000000000e+06
5.477027000000000000e+06
4.012564800000000000e+07
7.817849600000000000e+07
1.206032000000000000e+07
3.205765600000000000e+07
9.469210000000000000e+05
2.408098500000000000e+06
2.465328160000000000e+08
2.655008000000000000e+07
4.791998800000000000e+07
1.267449800000000000e+07
1.295662400000000000e+08
1.230278700000000000e+07
1.837149200000000000e+07
6.427207600000000000e+07
4.590338437500000000e+05
7.328702500000000000e+06
4.115610750000000000e+06
4.600437600000000000e+07
1.309860480000000000e+08
4.426654000000000000e+07
8.574963000000000000e+06
2.356631680000000000e+08
2.293243600000000000e+07
2.385087200000000000e+07
1.803172750000000000e+06
2.598942000000000000e+07
2.896494500000000000e+06
4.980519062500000000e+05
7.890238080000000000e+08
2.553866400000000000e+07
4.242084400000000000e+07
2.236022800000000000e+07
1.183622784000000000e+09
9.516273000000000000e+06
4.568718000000000000e+06
5.185530078125000000e+04
1.777094000000000000e+07
2.373986000000000000e+06
3.072269335937500000e+04
9.086057600000000000e+07
6.810293000000000000e+06
8.759976250000000000e+05
1.011262500000000000e+07
6.051753600000000000e+07
2.385087200000000000e+07
3.937320000000000000e+07
3.315755750000000000e+06
4.128322800000000000e+07
2.986709500000000000e+06
1.550233700000000000e+07
1.459244000000000000e+08
1.881196800000000000e+07
3.968783600000000000e+07
7.410196800000000000e+07
1.956800160000000000e+08
1.086411750000000000e+06
7.036816250000000000e+05
5.445630625000000000e+05
8.265605000000000000e+05
4.151748250000000000e+06
5.374540500000000000e+06
2.147615600000000000e+07
1.518930375000000000e+06
1.269854900000000000e+07
3.386981500000000000e+06
4.840060500000000000e+06
3.472215200000000000e+07
1.897955600000000000e+07
1.433217700000000000e+07
3.621830000000000000e+07
1.525890625000000000e+06
5.860691250000000000e+05
2.127180937500000000e+05
2.385087200000000000e+07
7.669597500000000000e+05
1.948264531250000000e+05
1.159683600000000000e+07
9.898345625000000000e+05
3.806890937500000000e+05
1.927546000000000000e+07
8.619204000000000000e+06
1.837149200000000000e+07
4.274564800000000000e+07
2.014383750000000000e+06
4.223128800000000000e+07
1.893733750000000000e+06
3.205765600000000000e+07
7.643419500000000000e+06
2.768082812500000000e+05
5.727495000000000000e+05
3.408174375000000000e+05
1.562123144531250000e+04
4.568718000000000000e+06
5.758181640625000000e+04
3.873049218750000000e+04
3.089418000000000000e+07
9.022482000000000000e+06
2.063002812500000000e+05
6.253358720000000000e+08
2.059637750000000000e+06
1.523891000000000000e+06
6.668247500000000000e+06
6.656754687500000000e+04
3.590606640625000000e+04
6.600183125000000000e+05
5.278616960000000000e+08
3.498817500000000000e+06
1.375003250000000000e+06
6.129036800000000000e+07
8.392015000000000000e+05
7.189363200000000000e+07
9.516218000000000000e+06
5.561596500000000000e+06
2.704024400000000000e+07
1.488424500000000000e+07
1.086411750000000000e+06
3.205765600000000000e+07
4.042491000000000000e+06
5.374540500000000000e+06
6.281526875000000000e+05
3.470539600000000000e+07
4.335920800000000000e+07
1.477690400000000000e+08
6.032323600000000000e+07
1.204543120000000000e+08
1.858457600000000000e+07
8.915656000000000000e+07
1.122027520000000000e+08
4.266709000000000000e+06
2.337141760000000000e+08
2.105060800000000000e+07
1.059760896000000000e+09
1.551065600000000000e+08
5.484926720000000000e+08
1.870603360000000000e+08
2.539208800000000000e+08
1.639065344000000000e+09
1.837149200000000000e+07
1.086411750000000000e+06
5.674118000000000000e+06
2.159577343750000000e+05
4.736712400000000000e+07
9.703710400000000000e+07
2.608604500000000000e+06
3.103675600000000000e+07
3.972753125000000000e+05
1.152849875000000000e+06
1.207197200000000000e+08
3.596938240000000000e+08
8.880484000000000000e+06
1.146129840000000000e+08
5.033905937500000000e+05
4.094755750000000000e+06
5.727064960000000000e+08
1.646668500000000000e+07
3.756071200000000000e+07
8.498541000000000000e+06
2.385162496000000000e+09
4.188858000000000000e+07
1.362696800000000000e+08
4.944028400000000000e+07
2.071892480000000000e+08
8.258307840000000000e+08
1.842655200000000000e+07
6.585734375000000000e+05
1.479471900000000000e+07
2.800319200000000000e+07
5.374540500000000000e+06
3.977483200000000000e+07
9.202880000000000000e+07
1.382843500000000000e+06
1.245431500000000000e+07
1.837149200000000000e+07
1.674212812500000000e+05
6.954798400000000000e+07
1.709911200000000000e+07
4.434239000000000000e+06
6.456548800000000000e+07
3.445412480000000000e+08
7.353156500000000000e+06
2.230545920000000000e+08
6.130568400000000000e+07
9.683779200000000000e+07
1.846269440000000000e+08
1.420348500000000000e+07
1.679069200000000000e+07
9.929755200000000000e+07
6.922945920000000000e+08
7.389336000000000000e+07
3.169622080000000000e+08
2.804152960000000000e+08
2.002421440000000000e+08
7.440494720000000000e+08
1.837149200000000000e+07
4.736712400000000000e+07
3.620151600000000000e+07
1.086411750000000000e+06
1.579782625000000000e+06
6.555218500000000000e+06
1.207197200000000000e+08
3.732048000000000000e+07
1.328454080000000000e+08
9.859412000000000000e+06
2.961617600000000000e+08
1.106962000000000000e+07
1.983388000000000000e+07
2.416972500000000000e+06
1.358520300000000000e+07
3.205765600000000000e+07
1.086411750000000000e+06
2.244543200000000000e+07
5.374540500000000000e+06
2.207288800000000000e+07
2.545514250000000000e+06
9.641004000000000000e+07
1.831020400000000000e+07
5.786475600000000000e+07
3.725775200000000000e+07
4.994318400000000000e+07
7.306559000000000000e+06
1.122027520000000000e+08
1.321342960000000000e+08
1.785843600000000000e+07
1.614572700000000000e+07
1.994021280000000000e+08
2.164770240000000000e+08
6.677962800000000000e+07
5.665740800000000000e+07
2.463339840000000000e+08
3.319822720000000000e+08
1.201246080000000000e+08
5.374540500000000000e+06
1.314291800000000000e+07
1.037015625000000000e+05
2.532871200000000000e+07
1.843562400000000000e+07
3.513187500000000000e+05
1.489693625000000000e+06
1.217506640625000000e+04
8.564949218750000000e+04
4.208897600000000000e+08
2.405790080000000000e+08
8.356234000000000000e+06
1.973057200000000000e+07
3.636723437500000000e+05
2.209687750000000000e+06
5.274085200000000000e+07
3.834341875000000000e+05
1.861923750000000000e+06
1.263100625000000000e+05
6.084417920000000000e+08
3.234182800000000000e+07
5.050183600000000000e+07
3.851831500000000000e+06
3.550189500000000000e+06
1.274616800000000000e+08
5.561596500000000000e+06
9.785839000000000000e+06
1.932469875000000000e+06
1.441923400000000000e+07
1.482511300000000000e+07
7.494325000000000000e+05
1.086411750000000000e+06
6.475123125000000000e+05
9.338657000000000000e+06
1.680065600000000000e+07
1.101662500000000000e+07
1.743795750000000000e+06
1.903770875000000000e+06
4.018973000000000000e+06
3.644024400000000000e+07
1.004103680000000000e+08
1.637857300000000000e+07
5.736788500000000000e+06
2.008619125000000000e+06
3.700068750000000000e+06
1.272122400000000000e+08
3.091104000000000000e+07
2.905806800000000000e+07
1.379106200000000000e+07
4.688957120000000000e+08
6.575082800000000000e+07
1.063098720000000000e+08
2.170388000000000000e+07
3.438860480000000000e+08
8.756499840000000000e+08
1.073986000000000000e+06
4.322517187500000000e+05
3.479863000000000000e+06
3.582397750000000000e+06
9.955223200000000000e+07
1.837149200000000000e+07
4.736712400000000000e+07
1.022373000000000000e+06
5.890103000000000000e+06
3.031357200000000000e+07
5.520667500000000000e+05
1.086411750000000000e+06
9.519067968750000000e+04
1.020805625000000000e+05
3.704653120000000000e+08
5.723166720000000000e+08
1.752722400000000000e+07
1.207197200000000000e+08
2.070931375000000000e+06
1.030635800000000000e+07
1.163581600000000000e+08
3.286602750000000000e+06
7.830417500000000000e+06
5.168298437500000000e+05
2.450767360000000000e+09
8.312190400000000000e+07
1.507131360000000000e+08
3.544786400000000000e+07
5.403824000000000000e+07
6.217335040000000000e+08
1.357055625000000000e+06
4.736712400000000000e+07
3.205765600000000000e+07
1.930309250000000000e+06
2.234775500000000000e+06
2.495277250000000000e+06
4.097002187500000000e+05
9.202880000000000000e+07
1.943916800000000000e+07
8.287869500000000000e+06
6.477228500000000000e+06
8.961665000000000000e+06
5.890720000000000000e+05
5.719904640000000000e+08
1.031436720000000000e+08
4.905114400000000000e+07
1.823043600000000000e+07
1.570843875000000000e+06
1.376678750000000000e+06
1.138104640000000000e+08
6.518392400000000000e+07
5.911571500000000000e+06
3.676211250000000000e+06
5.945184640000000000e+08
9.811274000000000000e+06
4.208960000000000000e+07
3.205765600000000000e+07
9.202880000000000000e+07
1.893733750000000000e+06
6.402321484375000000e+04
4.736712400000000000e+07
5.727495000000000000e+05
5.653067578125000000e+04
4.319087500000000000e+06
9.086706250000000000e+04
2.672521875000000000e+04
5.719904640000000000e+08
3.089418000000000000e+07
9.370404687500000000e+04
1.054594240000000000e+08
1.078002187500000000e+05
5.181846875000000000e+04
2.922353600000000000e+07
1.962155937500000000e+05
3.520961328125000000e+04
4.096468750000000000e+04
6.808794880000000000e+08
2.990030937500000000e+05
1.182973828125000000e+05
8.684726562500000000e+04
1.265487968750000000e+05
3.573794687500000000e+05
1.842655200000000000e+07
9.636206400000000000e+07
1.666463500000000000e+07
3.531037750000000000e+06
1.837149200000000000e+07
1.828545750000000000e+06
6.827133593750000000e+04
5.404968000000000000e+07
6.484782500000000000e+05
1.886189531250000000e+05
3.021320960000000000e+08
4.447456000000000000e+07
7.834250000000000000e+06
1.634001440000000000e+08
2.366779200000000000e+07
4.584815500000000000e+06
1.615097280000000000e+08
6.463629375000000000e+05
3.807319375000000000e+05
2.388538000000000000e+06
7.008480640000000000e+08
7.020786400000000000e+07
1.768970800000000000e+07
4.663223600000000000e+07
8.481304000000000000e+06
2.142923360000000000e+08
2.153670400000000000e+07
4.590338437500000000e+05
6.040359600000000000e+07
6.216277500000000000e+06
5.445714500000000000e+06
1.578561600000000000e+07
2.697363600000000000e+07
2.959605600000000000e+07
2.949566500000000000e+06
9.359793600000000000e+07
3.785754400000000000e+07
9.553724000000000000e+07
9.726744000000000000e+07
1.775157280000000000e+08
1.630610100000000000e+07
6.045307520000000000e+08
1.507524200000000000e+07
2.008054000000000000e+07
1.985395200000000000e+08
2.108670880000000000e+08
1.766632000000000000e+08
1.777244160000000000e+08
1.176855936000000000e+09
1.283570944000000000e+09
4.455014400000000000e+08
4.057538048000000000e+09
6.217766000000000000e+06
7.501331500000000000e+06
3.408174375000000000e+05
1.579100878906250000e+04
1.224644160000000000e+08
1.544531600000000000e+07
1.230051875000000000e+06
2.025483200000000000e+07
3.557659375000000000e+05
6.954136718750000000e+03
1.539808480000000000e+08
1.974028400000000000e+07
1.194306750000000000e+06
4.185830800000000000e+07
4.886507187500000000e+05
2.613330859375000000e+04
6.222186880000000000e+08
1.996855600000000000e+07
4.471033500000000000e+06
1.151130500000000000e+06
9.890727040000000000e+08
2.419382000000000000e+07
4.098599750000000000e+06
3.923834000000000000e+06
1.755644480000000000e+08
2.264924320000000000e+08
2.607616800000000000e+07
2.028851125000000000e+06
8.971601000000000000e+06
1.969346400000000000e+07
1.084749000000000000e+06
4.746018400000000000e+07
2.329433437500000000e+05
1.837149200000000000e+07
1.459273593750000000e+05
9.658152000000000000e+06
1.207300880000000000e+08
4.609478125000000000e+05
4.144322400000000000e+07
1.396337200000000000e+07
8.623403200000000000e+07
1.230278700000000000e+07
1.837149200000000000e+07
6.153060000000000000e+07
9.324027000000000000e+06
4.590338437500000000e+05
1.295100600000000000e+07
1.108869765625000000e+05
1.384577500000000000e+06
2.023976718750000000e+05
1.155000125000000000e+06
4.600437600000000000e+07
2.354340320000000000e+08
8.963563000000000000e+06
8.118958400000000000e+07
1.026212400000000000e+07
6.982165600000000000e+07
2.324585600000000000e+07
8.824531875000000000e+05
1.160790100000000000e+07
2.308086500000000000e+06
1.365619456000000000e+09
6.392669200000000000e+07
4.583623360000000000e+08
1.257244160000000000e+08
5.268012800000000000e+07
2.898658048000000000e+09
1.314291800000000000e+07
1.575355300000000000e+07
2.406743600000000000e+07
9.202880000000000000e+07
3.995694800000000000e+07
4.244536800000000000e+07
2.478520160000000000e+08
1.661602080000000000e+08
3.045319040000000000e+08
3.127506880000000000e+08
2.420875776000000000e+09
4.736712400000000000e+07
1.837149200000000000e+07
1.575355300000000000e+07
4.257474500000000000e+06
1.086411750000000000e+06
2.385087200000000000e+07
1.035285937500000000e+06
1.489693625000000000e+06
4.960993125000000000e+05
2.583539750000000000e+06
1.207197200000000000e+08
1.825807680000000000e+08
1.721308800000000000e+07
4.490158800000000000e+07
9.403898000000000000e+06
1.945393200000000000e+07
3.657610000000000000e+07
2.104117750000000000e+06
1.755562800000000000e+07
3.213749750000000000e+06
7.760906880000000000e+08
4.266549200000000000e+07
1.648809920000000000e+08
5.175114800000000000e+07
3.220087600000000000e+07
8.451036160000000000e+08
1.314291800000000000e+07
1.233528300000000000e+07
8.495102400000000000e+07
1.243040250000000000e+06
1.983388000000000000e+07
3.531363600000000000e+07
1.315630875000000000e+06
2.177237600000000000e+07
2.968201750000000000e+06
8.823131000000000000e+06
7.637449600000000000e+07
5.842773760000000000e+08
1.300457200000000000e+07
2.377249600000000000e+08
1.224293100000000000e+07
8.435989600000000000e+07
8.013188800000000000e+07
1.961676000000000000e+07
3.484342400000000000e+07
2.159202400000000000e+07
9.985141120000000000e+08
7.586691200000000000e+07
5.797625600000000000e+08
2.363631520000000000e+08
7.948192000000000000e+07
9.924760960000000000e+08
2.972861600000000000e+07
2.385087200000000000e+07
9.629001875000000000e+05
1.555755000000000000e+07
1.755437375000000000e+06
2.018073500000000000e+06
9.695352960000000000e+08
3.392528750000000000e+06
1.890999600000000000e+07
1.193261900000000000e+07
1.801578880000000000e+08
9.621544000000000000e+06
1.842655200000000000e+07
1.689854800000000000e+07
5.254412000000000000e+06
7.494325000000000000e+05
1.743795750000000000e+06
2.015350125000000000e+06
1.086411750000000000e+06
1.783135875000000000e+06
3.493179750000000000e+06
3.779448400000000000e+07
1.094765440000000000e+08
1.108825800000000000e+07
9.004728800000000000e+07
8.402607000000000000e+06
1.216634500000000000e+07
5.736788500000000000e+06
3.123371500000000000e+06
7.465483500000000000e+06
3.186256250000000000e+06
3.815309760000000000e+08
2.871679200000000000e+07
8.105480800000000000e+07
3.386629200000000000e+07
1.338497200000000000e+07
2.263296320000000000e+08
7.192600000000000000e+07
7.354480000000000000e+07
5.374540500000000000e+06
9.954989000000000000e+06
2.910372000000000000e+07
1.212266625000000000e+06
2.943014250000000000e+06
1.126128300000000000e+07
6.832626500000000000e+06
1.100488125000000000e+06
6.501199360000000000e+08
1.295588160000000000e+08
1.258230160000000000e+08
2.375246240000000000e+08
6.587698800000000000e+07
1.517705600000000000e+07
6.467974400000000000e+07
3.203455600000000000e+07
9.858340000000000000e+06
6.878634500000000000e+06
2.172195840000000000e+09
8.695550720000000000e+08
2.019801760000000000e+08
1.099306080000000000e+08
1.338023120000000000e+08
1.556807424000000000e+09
1.314291800000000000e+07
5.374540500000000000e+06
2.703993200000000000e+07
5.651037500000000000e+06
1.489693625000000000e+06
2.772026400000000000e+07
4.591204000000000000e+06
5.561570000000000000e+06
1.918909125000000000e+06
1.307972200000000000e+07
1.973057200000000000e+07
2.052540480000000000e+08
3.822030800000000000e+07
1.204540720000000000e+08
1.602894400000000000e+07
5.936354800000000000e+07
7.932804000000000000e+07
6.313929000000000000e+06
8.434992000000000000e+07
2.222433600000000000e+07
5.296801280000000000e+08
6.496051600000000000e+07
3.988417280000000000e+08
1.593503360000000000e+08
2.234216160000000000e+08
8.140127360000000000e+08
2.598942000000000000e+07
1.086411750000000000e+06
4.736712400000000000e+07
3.863077500000000000e+06
8.302631500000000000e+06
1.102434720000000000e+08
2.596405200000000000e+07
1.837149200000000000e+07
1.275429125000000000e+06
1.184613000000000000e+07
1.013572640000000000e+08
7.256098560000000000e+08
1.335256960000000000e+08
1.207197200000000000e+08
5.502786500000000000e+06
6.476714400000000000e+07
3.121035520000000000e+08
1.948066400000000000e+07
1.878594560000000000e+08
1.001079800000000000e+07
2.375573760000000000e+09
1.942739360000000000e+08
1.209571712000000000e+09
1.523399680000000000e+08
1.848602080000000000e+08
2.299276800000000000e+09
2.902356000000000000e+07
8.683094000000000000e+06
3.569745000000000000e+06
5.237235600000000000e+07
5.622310500000000000e+06
6.627330000000000000e+06
3.327706875000000000e+05
1.316228500000000000e+07
7.643419500000000000e+06
1.720804500000000000e+06
2.328480625000000000e+05
4.087486750000000000e+06
1.484234000000000000e+06
3.687295937500000000e+05
1.986810800000000000e+07
5.221423500000000000e+06
6.713398125000000000e+05
2.154157250000000000e+06
7.472741500000000000e+06
1.720804500000000000e+06
4.568718000000000000e+06
1.230278700000000000e+07
1.556026250000000000e+06
1.360086000000000000e+06
6.304909500000000000e+06
4.879280312500000000e+05
4.736712400000000000e+07
2.347776250000000000e+06
2.475452800000000000e+07
1.208140800000000000e+07
5.163824800000000000e+07
3.109023250000000000e+06
1.838047520000000000e+08
4.264043600000000000e+07
6.005597600000000000e+07
3.415378800000000000e+07
8.663090000000000000e+05
6.877362000000000000e+06
1.455985600000000000e+08
8.337790720000000000e+08
2.755479600000000000e+07
1.167554320000000000e+08
1.446434176000000000e+09
3.891864800000000000e+07
3.479192320000000000e+09
9.626960000000000000e+06
4.590338437500000000e+05
1.837149200000000000e+07
2.873961328125000000e+04
2.417144800000000000e+07
1.012536960000000000e+08
1.515433250000000000e+06
1.230278700000000000e+07
4.518001953125000000e+04
4.559770625000000000e+05
3.761512800000000000e+07
2.355243040000000000e+08
1.327461375000000000e+06
4.600437600000000000e+07
4.181933984375000000e+04
3.387920625000000000e+05
1.261087488000000000e+09
9.389076000000000000e+06
1.720819200000000000e+07
1.044362500000000000e+06
1.755682176000000000e+09
8.548035000000000000e+06
2.387526800000000000e+07
2.810550500000000000e+06
2.397993120000000000e+08
3.102677120000000000e+08
1.860484375000000000e+06
4.319087500000000000e+06
1.227297558593750000e+04
1.033940160000000000e+08
2.523941718750000000e+05
3.523478437500000000e+05
9.846544000000000000e+07
1.857936875000000000e+05
3.133092500000000000e+05
1.199807300000000000e+07
1.150446100000000000e+07
7.643419500000000000e+06
1.230278700000000000e+07
2.551339750000000000e+06
1.587743281250000000e+05
9.202880000000000000e+07
2.495277250000000000e+06
3.818785312500000000e+05
2.234775500000000000e+06
6.266419375000000000e+05
6.613150000000000000e+05
4.208857600000000000e+08
1.005880100000000000e+07
3.772118250000000000e+06
2.189882000000000000e+07
6.176631500000000000e+06
3.938736500000000000e+06
1.823043600000000000e+07
7.582129000000000000e+06
1.604302625000000000e+06
1.302814250000000000e+06
1.669798720000000000e+08
1.546598880000000000e+08
8.877513000000000000e+06
4.676477200000000000e+07
8.451228000000000000e+06
1.360951200000000000e+08
5.727495000000000000e+05
2.452571562500000000e+05
3.233171750000000000e+06
9.927319375000000000e+05
1.320699600000000000e+07
2.222900000000000000e+07
1.770716000000000000e+07
2.798666406250000000e+04
2.844206000000000000e+07
1.102434720000000000e+08
2.463720781250000000e+05
5.859634400000000000e+07
4.268972500000000000e+06
3.821714375000000000e+05
8.531931200000000000e+07
1.239380608000000000e+09
1.122344375000000000e+06
3.227960320000000000e+08
9.876369000000000000e+06
2.407655250000000000e+06
1.993192320000000000e+08
9.935073000000000000e+06
1.095424900000000000e+07
2.173274800000000000e+07
1.767155072000000000e+09
3.413249600000000000e+07
1.064661280000000000e+08
1.237797280000000000e+08
8.194364800000000000e+07
8.302529280000000000e+08
4.470964400000000000e+07
6.283628000000000000e+07
1.212266625000000000e+06
1.521506625000000000e+06
1.012536960000000000e+08
9.626960000000000000e+06
3.551280000000000000e+06
1.837149200000000000e+07
1.039940200000000000e+07
1.196694765625000000e+05
9.397059200000000000e+08
9.652228800000000000e+07
2.762520400000000000e+07
8.662934400000000000e+07
6.532518800000000000e+07
6.510399375000000000e+05
2.355243040000000000e+08
6.936543200000000000e+07
5.453817000000000000e+06
1.561739800000000000e+07
2.413996288000000000e+09
7.661569920000000000e+08
6.085680000000000000e+07
7.168824000000000000e+07
1.528423200000000000e+08
1.820359680000000000e+09
3.108604800000000000e+07
2.703993200000000000e+07
5.374540500000000000e+06
4.999995500000000000e+06
3.599990400000000000e+07
1.610731000000000000e+07
2.274876800000000000e+07
5.561601500000000000e+06
1.134555900000000000e+07
1.739372875000000000e+06
9.496676800000000000e+07
4.063358000000000000e+07
4.969706400000000000e+07
1.204540720000000000e+08
5.033412400000000000e+07
1.515018700000000000e+07
4.207788000000000000e+07
5.022163200000000000e+07
2.511822800000000000e+07
1.924108000000000000e+07
1.541962720000000000e+08
1.341971920000000000e+08
6.260970000000000000e+07
1.398118240000000000e+08
5.803596800000000000e+07
1.922685600000000000e+08
3.408158437500000000e+05
1.893744625000000000e+06
5.727473125000000000e+05
1.581476074218750000e+04
7.643426000000000000e+06
4.568697000000000000e+06
6.664052734375000000e+03
3.205765600000000000e+07
1.052339296875000000e+05
7.295048339843750000e+03
9.022465000000000000e+06
6.668177500000000000e+06
2.601662890625000000e+04
3.089394800000000000e+07
2.142144062500000000e+05
3.028822265625000000e+04
6.253311360000000000e+08
7.616968750000000000e+05
8.260664062500000000e+04
1.298552125000000000e+06
5.278697280000000000e+08
1.218703500000000000e+06
5.204027187500000000e+05
3.094817750000000000e+06
5.459623200000000000e+07
6.150115200000000000e+07
9.705190625000000000e+05
1.837138800000000000e+07
1.739372875000000000e+06
5.638972000000000000e+07
3.314598250000000000e+06
8.009302500000000000e+06
1.154040000000000000e+08
3.012328500000000000e+06
1.437735400000000000e+07
3.352930800000000000e+07
4.907210000000000000e+07
1.555746100000000000e+07
9.304774400000000000e+07
1.428894200000000000e+07
1.870612800000000000e+07
1.706093200000000000e+07
5.712636000000000000e+06
5.389251840000000000e+08
6.084705200000000000e+07
2.327700400000000000e+07
8.112704000000000000e+07
3.419910720000000000e+08
1.230278700000000000e+07
9.202880000000000000e+07
1.262802200000000000e+07
7.643426000000000000e+06
1.526890750000000000e+06
2.920125500000000000e+06
4.208881600000000000e+08
2.360566800000000000e+07
2.248450800000000000e+07
1.001912600000000000e+07
9.833612800000000000e+07
5.727473125000000000e+05
3.408158437500000000e+05
1.336364550781250000e+04
4.568697000000000000e+06
1.460967968750000000e+04
1.370267382812500000e+04
6.668177500000000000e+06
3.088945117187500000e+04
4.048050781250000000e+04
1.426332656250000000e+05
6.627223125000000000e+05
1.619322000000000000e+06
3.425340000000000000e+05
5.766403000000000000e+06
1.481282968750000000e+05
9.367949000000000000e+06
5.895282800000000000e+07
4.539641000000000000e+06
1.544528500000000000e+07
4.825972812500000000e+05
6.208203000000000000e+06
1.034454400000000000e+07
5.785582000000000000e+07
1.227703375000000000e+06
1.841137600000000000e+07
3.980873437500000000e+05
4.079410000000000000e+06
2.863782400000000000e+08
1.021572300000000000e+07
3.466490800000000000e+07
1.385063800000000000e+07
3.212917440000000000e+08
8.960297000000000000e+06
3.307730000000000000e+07
1.050556300000000000e+07
1.496860960000000000e+08
1.802692320000000000e+08
4.151724750000000000e+06
1.313384500000000000e+07
4.566116800000000000e+07
1.077430000000000000e+06
2.727570000000000000e+06
3.369571000000000000e+06
1.657887625000000000e+06
1.828702750000000000e+06
3.519347812500000000e+05
6.430980000000000000e+05
2.168600000000000000e+07
1.301052800000000000e+07
3.824397750000000000e+06
3.895067200000000000e+08
1.192461100000000000e+07
4.025021200000000000e+07
7.594548000000000000e+06
2.567628000000000000e+06
3.137160000000000000e+06
1.743162250000000000e+06
1.228572400000000000e+08
2.060714400000000000e+07
1.201696800000000000e+07
3.583325120000000000e+08
7.300548000000000000e+06
1.171417840000000000e+08
6.304867500000000000e+06
1.360099000000000000e+06
6.352760000000000000e+05
4.736704000000000000e+07
8.713305000000000000e+06
2.402258500000000000e+06
3.415378800000000000e+07
3.879114750000000000e+06
1.121633875000000000e+06
2.804798400000000000e+07
1.687696800000000000e+07
4.568697000000000000e+06
1.801878375000000000e+06
7.044409500000000000e+06
2.451685600000000000e+07
7.535691875000000000e+05
1.893744625000000000e+06
3.091161875000000000e+05
1.314289200000000000e+07
2.458820750000000000e+06
5.411577000000000000e+06
7.998189000000000000e+06
1.669242125000000000e+06
2.700862250000000000e+06
2.417901200000000000e+07
1.205716800000000000e+07
5.374540500000000000e+06
3.372313500000000000e+06
1.406947900000000000e+07
2.024355600000000000e+07
4.590351875000000000e+05
1.528495100000000000e+07
4.566994687500000000e+05
6.465565500000000000e+06
4.596809062500000000e+05
2.862416250000000000e+06
2.900137200000000000e+07
1.895553250000000000e+06
1.003496100000000000e+07
6.213160500000000000e+06
4.056040800000000000e+07
1.091528900000000000e+07
5.409052000000000000e+07
2.726639000000000000e+06
4.590351875000000000e+05
9.531481250000000000e+05
1.100941625000000000e+06
1.465410880000000000e+08
1.516044500000000000e+06
1.739288400000000000e+07
1.001895000000000000e+06
4.794037600000000000e+07
1.230278700000000000e+07
6.394725500000000000e+06
8.518895625000000000e+05
1.449199600000000000e+07
1.102436800000000000e+08
4.736704000000000000e+07
1.320707200000000000e+07
7.579266500000000000e+06
2.598957200000000000e+07
1.770722800000000000e+07
1.473169900000000000e+07
1.743782375000000000e+06
3.711059500000000000e+06
8.245787500000000000e+05
7.256057600000000000e+08
1.239383040000000000e+09
8.634595200000000000e+07
6.013036000000000000e+07
3.696132400000000000e+07
1.222093100000000000e+07
4.149394240000000000e+08
5.990645200000000000e+07
2.482819600000000000e+07
4.890099000000000000e+06
1.427749478400000000e+10
4.140232000000000000e+08
3.476616960000000000e+08
1.071508320000000000e+08
2.430743520000000000e+08
3.985438720000000000e+09
2.972861600000000000e+07
1.699627360000000000e+08
5.184200000000000000e+06
4.012542400000000000e+07
7.437860000000000000e+06
1.195230000000000000e+07
4.946380160000000000e+08
2.754533600000000000e+07
1.025974240000000000e+08
4.344795600000000000e+07
3.113603200000000000e+08
7.700789000000000000e+06
1.983388000000000000e+07
7.162450000000000000e+06
7.643426000000000000e+06
2.921601750000000000e+06
4.152179200000000000e+07
9.937371200000000000e+07
2.282417200000000000e+07
4.523537200000000000e+07
1.256364400000000000e+08
2.401760160000000000e+08
1.528495100000000000e+07
4.590351875000000000e+05
6.445900000000000000e+06
8.221782812500000000e+04
6.465565500000000000e+06
5.070845000000000000e+06
8.840586250000000000e+05
1.518943375000000000e+06
1.316282343750000000e+05
1.568125625000000000e+06
2.900137200000000000e+07
6.242928000000000000e+07
9.494751000000000000e+06
7.126522000000000000e+06
3.409630937500000000e+05
5.857473500000000000e+06
5.585340000000000000e+06
3.991551500000000000e+06
4.744037000000000000e+06
1.434560250000000000e+06
6.134077200000000000e+07
2.606169600000000000e+07
5.756577200000000000e+07
7.123784000000000000e+06
5.110563000000000000e+06
6.190435200000000000e+07
1.489687875000000000e+06
2.293234800000000000e+07
1.220392375000000000e+06
8.302560000000000000e+06
1.040812265625000000e+05
3.290080750000000000e+06
2.967677600000000000e+07
1.528280625000000000e+06
1.946996800000000000e+07
4.697983500000000000e+06
2.431377200000000000e+07
2.703977600000000000e+07
3.205765600000000000e+07
7.643426000000000000e+06
3.973158250000000000e+06
9.516363000000000000e+06
1.777097600000000000e+07
4.594716500000000000e+06
4.568697000000000000e+06
3.154618250000000000e+06
6.785172500000000000e+05
1.477710080000000000e+08
1.821796800000000000e+08
3.127016000000000000e+07
6.253311360000000000e+08
4.086059200000000000e+07
1.198935700000000000e+07
9.086022400000000000e+07
1.396760500000000000e+07
1.849666400000000000e+07
1.689568000000000000e+07
1.901969280000000000e+09
1.383520000000000000e+08
1.350780160000000000e+08
5.015102080000000000e+08
1.056017440000000000e+08
1.362125824000000000e+09
