1.445366500000000000e+06
3.544525390625000000e+04
6.400840454101562500e+02
1.811787304687500000e+04
7.420134375000000000e+04
5.789044140625000000e+04
1.550314625000000000e+06
8.522197723388671875e+00
1.919528442382812500e+03
9.199413299560546875e+01
5.751551250000000000e+05
3.144071562500000000e+05
3.312177750000000000e+06
8.978180541992187500e+02
9.627896875000000000e+04
1.335404663085937500e+03
9.551028320312500000e+03
3.740015312500000000e+05
2.012914218750000000e+05
2.868597030639648438e+01
1.145745468750000000e+05
1.738497000000000000e+06
7.002353750000000000e+05
2.352318603515625000e+03
4.072698437500000000e+04
3.067556250000000000e+05
7.273350219726562500e+02
5.657627000000000000e+06
9.310542500000000000e+05
5.789044140625000000e+04
2.305055078125000000e+04
2.095482800000000000e+07
5.819865000000000000e+05
5.069900000000000000e+05
1.507528000000000000e+08
6.125702000000000000e+06
7.502981600000000000e+07
8.597785644531250000e+02
2.367078281250000000e+05
7.044917968750000000e+03
2.761357421875000000e+04
7.254244804382324219e+00
5.148680078125000000e+04
4.386982812500000000e+04
5.609813232421875000e+02
6.625371250000000000e+05
2.822398828125000000e+04
5.121739453125000000e+04
9.397531250000000000e+04
5.819190429687500000e+03
1.671365156250000000e+05
4.202600640000000000e+08
7.273350219726562500e+02
5.123810546875000000e+04
1.386499840000000000e+08
3.197188568115234375e+01
1.029945900000000000e+07
8.233688800000000000e+07
5.222384765625000000e+04
2.129880750000000000e+06
4.954793280000000000e+08
1.162505371093750000e+04
1.311077760000000000e+08
1.359957440000000000e+08
4.965342773437500000e+03
5.407335500000000000e+06
2.753384960000000000e+08
8.062081000000000000e+06
8.334087500000000000e+05
8.481552000000000000e+07
9.273648640000000000e+08
3.749450400000000000e+07
1.602053900000000000e+07
1.129398560000000000e+08
1.613985595703125000e+02
4.392035937500000000e+05
4.892144687500000000e+05
2.540101562500000000e+04
6.279433203125000000e+04
1.884336425781250000e+03
1.228371858596801758e-01
3.091010000000000000e+06
1.726294500000000000e+06
4.825193750000000000e+04
1.803226757812500000e+04
8.904932617187500000e+03
6.484584808349609375e+01
5.381172000000000000e+06
3.887651250000000000e+05
1.985226875000000000e+05
7.058349500000000000e+06
3.630501562500000000e+04
2.216107177734375000e+03
2.399840400000000000e+07
4.105821500000000000e+06
6.442642089843750000e+03
7.611461425781250000e+03
2.354004500000000000e+06
1.213295200000000000e+07
1.006190437500000000e+06
1.187015039062500000e+04
1.687322378158569336e+00
3.514905859375000000e+04
4.853837890625000000e+03
3.533371562500000000e+05
6.465213125000000000e+05
1.438017285156250000e+04
1.062899414062500000e+03
9.451459000000000000e+06
5.075289375000000000e+05
1.607688437500000000e+05
5.715514160156250000e+03
1.220148925781250000e+04
1.860989501953125000e+03
2.967474000000000000e+07
1.227103750000000000e+05
1.887636562500000000e+05
5.189753437500000000e+05
2.447881718750000000e+05
6.320138183593750000e+03
9.966241875000000000e+05
6.355523000000000000e+06
2.851923437500000000e+05
2.026101562500000000e+03
3.085273250000000000e+06
1.572299300000000000e+07
6.561992968750000000e+04
3.001289687500000000e+05
7.754966250000000000e+05
2.586127750000000000e+06
1.848155000000000000e+06
4.925654687500000000e+05
2.282699218750000000e+04
8.188096875000000000e+05
4.853360625000000000e+05
2.582344140625000000e+04
5.616132000000000000e+06
7.020580500000000000e+06
2.197291875000000000e+05
1.063664625000000000e+06
5.860574500000000000e+06
4.616049000000000000e+06
5.162475312500000000e+05
4.246287500000000000e+05
2.248423593750000000e+05
1.251553417968750000e+04
3.092173828125000000e+03
4.170058105468750000e+03
6.095437011718750000e+03
2.114019335937500000e+04
8.089375305175781250e+01
3.962265000000000000e+05
2.840864000000000000e+06
6.707830500000000000e+06
4.988084000000000000e+06
5.058962500000000000e+06
3.993177500000000000e+05
1.939562304687500000e+04
3.636121875000000000e+04
1.495751464843750000e+03
1.609043945312500000e+04
3.624014250000000000e+06
1.950245125000000000e+06
2.445400000000000000e+06
4.795244800000000000e+07
4.832447265625000000e+04
2.149127600000000000e+07
1.486136406250000000e+05
1.353141406250000000e+04
1.189506015625000000e+05
1.397510156250000000e+05
2.773803750000000000e+06
4.979870500000000000e+06
1.878090125000000000e+06
6.565641875000000000e+05
9.397531250000000000e+04
1.115594750000000000e+06
2.044200390625000000e+04
8.592673125000000000e+05
1.103341210937500000e+04
3.649136562500000000e+05
5.988543500000000000e+06
6.940496000000000000e+06
5.057843500000000000e+06
1.257778300000000000e+07
8.068341000000000000e+06
3.688601250000000000e+06
2.693983500000000000e+06
7.819005468750000000e+04
1.086484250000000000e+06
9.259079375000000000e+05
7.202883200000000000e+07
1.202091100000000000e+07
1.568396700000000000e+07
2.996098000000000000e+07
2.060431500000000000e+06
1.571505600000000000e+08
8.659058750000000000e+05
1.935432250976562500e+03
6.791355468750000000e+03
5.293495625000000000e+05
9.397105216979980469e+00
1.761046093750000000e+04
1.485184179687500000e+04
1.344116699218750000e+03
6.074213981628417969e+00
7.477554687500000000e+04
2.027173828125000000e+04
7.690801250000000000e+05
8.193891000000000000e+06
4.559384765625000000e+03
1.006168261718750000e+04
1.704481406250000000e+05
7.923766479492187500e+02
1.117368698120117188e+01
2.230539062500000000e+04
2.060223388671875000e+03
1.632658750000000000e+05
2.600771718750000000e+05
3.760258250000000000e+06
2.107454687500000000e+04
1.082423950195312500e+03
6.266443125000000000e+05
1.751915312500000000e+05
2.396272500000000000e+06
1.015241992187500000e+04
9.906740625000000000e+05
2.909739501953125000e+03
2.291135000000000000e+05
1.821573250000000000e+06
1.520014843750000000e+05
1.915767750000000000e+06
5.579498750000000000e+05
2.800461000000000000e+06
5.178034000000000000e+06
6.447265136718750000e+03
1.141086750000000000e+06
3.852470000000000000e+07
4.175629296875000000e+04
2.876231835937500000e+04
1.434923730468750000e+04
5.424601953125000000e+04
2.625234179687500000e+04
1.919418579101562500e+03
3.214476250000000000e+06
1.342712656250000000e+05
7.600889843750000000e+04
1.427256718750000000e+05
8.937954000000000000e+06
4.555750312500000000e+05
1.004195562500000000e+06
9.441175625000000000e+05
9.676684570312500000e+03
1.352242187500000000e+04
1.811787304687500000e+04
4.838502343750000000e+04
1.423419625000000000e+06
2.386231750000000000e+06
2.627012304687500000e+04
1.491268906250000000e+05
4.291190312500000000e+05
1.799513906250000000e+05
2.232829492187500000e+04
4.917607000000000000e+06
6.157347265625000000e+04
3.688208496093750000e+03
1.445366500000000000e+06
1.811787304687500000e+04
1.370239715576171875e+02
2.407408281250000000e+05
6.207318847656250000e+03
5.598777500000000000e+05
4.402709960937500000e+02
1.550314625000000000e+06
6.984661132812500000e+03
1.021226000000000000e+06
1.732477656250000000e+05
1.756768875000000000e+06
7.711332031250000000e+03
3.312177750000000000e+06
5.913908203125000000e+04
4.413243408203125000e+02
1.260464125000000000e+06
1.936159000000000000e+06
6.119483125000000000e+05
1.569016894531250000e+04
3.179484500000000000e+06
4.769655000000000000e+06
4.127607812500000000e+05
2.240764000000000000e+06
1.290522625000000000e+06
2.622850799560546875e+01
7.305987792968750000e+03
1.935432250976562500e+03
1.638556250000000000e+04
3.682454586029052734e+00
4.111125781250000000e+04
9.051857500000000000e+05
2.214999198913574219e+01
1.115605224609375000e+03
4.857444531250000000e+04
5.424580859375000000e+04
7.420148437500000000e+04
6.542198944091796875e+01
3.104727783203125000e+02
5.657627000000000000e+06
5.084425292968750000e+03
1.753000976562500000e+04
3.523028437500000000e+05
1.542269000000000000e+06
1.698741722106933594e+01
3.161895000000000000e+06
1.096108203125000000e+04
3.131077343750000000e+04
3.353449218750000000e+04
8.475091406250000000e+04
2.052153778076171875e+01
5.050440000000000000e+06
7.390938500000000000e+06
2.197047851562500000e+03
3.875207031250000000e+04
3.438006500000000000e+06
2.308146000000000000e+06
3.311799560546875000e+03
1.664545507812500000e+04
1.055386000000000000e+06
8.005410000000000000e+05
4.175629296875000000e+04
4.134441406250000000e+04
9.432360156250000000e+04
2.501519218750000000e+05
9.321277343750000000e+04
1.126643625000000000e+06
6.988463281250000000e+04
6.197525625000000000e+05
1.561222875000000000e+06
1.871672800000000000e+07
8.535800000000000000e+06
4.175629296875000000e+04
7.976212500000000000e+04
4.895099218750000000e+04
1.326742968750000000e+05
3.381473046875000000e+04
6.639271484375000000e+03
2.536047250000000000e+06
3.958127734375000000e+04
1.421688281250000000e+05
4.169036250000000000e+05
2.268347250000000000e+06
2.326286750000000000e+06
1.466091875000000000e+05
3.242379687500000000e+04
3.098705937500000000e+05
8.694993750000000000e+04
5.151156738281250000e+03
1.320358125000000000e+06
2.020457625000000000e+06
1.984630468750000000e+04
4.849455625000000000e+05
3.488915000000000000e+06
4.892144687500000000e+05
3.453985290527343750e+02
4.392035937500000000e+05
8.299278125000000000e+04
5.819190429687500000e+03
3.091010000000000000e+06
9.233474218750000000e+04
5.789044140625000000e+04
6.613337993621826172e+00
3.011714000000000000e+06
1.244199511718750000e+04
5.381172000000000000e+06
2.269786250000000000e+06
2.352794335937500000e+04
1.774538574218750000e+02
2.661757250000000000e+06
1.014363100000000000e+07
2.890561718750000000e+04
4.394208000000000000e+07
7.152603125000000000e+04
5.097245500000000000e+06
6.350038281250000000e+04
3.559013200000000000e+07
4.115774609375000000e+04
5.681486400000000000e+07
1.981191200000000000e+07
3.947009062500000000e+05
2.861425625000000000e+05
8.818034362792968750e+01
4.765083496093750000e+03
9.397531250000000000e+04
1.884336425781250000e+03
1.720567016601562500e+03
5.214577026367187500e+02
1.092595898437500000e+04
2.301310777664184570e+00
2.432519000000000000e+06
8.744411132812500000e+03
7.890491406250000000e+04
1.125010156250000000e+04
7.939585937500000000e+04
2.293757438659667969e+01
1.515934082031250000e+04
2.105829101562500000e+04
4.053432922363281250e+02
2.284351196289062500e+02
4.864746250000000000e+05
7.416972500000000000e+05
4.682680175781250000e+03
1.180978515625000000e+03
3.673958496093750000e+03
6.745116406250000000e+04
2.786708500000000000e+06
3.585819140625000000e+04
4.662848437500000000e+05
6.775847000000000000e+06
5.424601953125000000e+04
5.968818664550781250e+01
1.170855102539062500e+03
1.203251708984375000e+03
3.092173828125000000e+03
1.231237031250000000e+05
2.873780664062500000e+04
4.757943359375000000e+04
2.654971313476562500e+01
1.063104101562500000e+04
1.534793750000000000e+04
2.213465625000000000e+05
1.136195078125000000e+05
4.747675292968750000e+03
4.469243621826171875e+01
7.716019897460937500e+02
2.095035000000000000e+05
2.452168701171875000e+03
1.877455000000000000e+05
4.898802734375000000e+03
3.794968750000000000e+05
7.113852539062500000e+03
9.126691406250000000e+04
1.286859863281250000e+03
1.394944218750000000e+05
1.694191875000000000e+05
5.214577026367187500e+02
8.448120117187500000e+00
6.279433203125000000e+04
2.462658882141113281e+01
5.123810546875000000e+04
5.657627000000000000e+06
3.472887890625000000e+04
2.407408281250000000e+05
4.049010498046875000e+03
6.453238750000000000e+05
4.141891601562500000e+03
4.830982812500000000e+05
4.628170898437500000e+03
2.626859570312500000e+04
1.046891593933105469e+01
1.278490703125000000e+05
3.817929500000000000e+06
3.958921875000000000e+05
9.203629000000000000e+06
1.518422500000000000e+05
8.576126875000000000e+05
1.356391015625000000e+04
1.587775875000000000e+06
7.271124511718750000e+03
1.488282400000000000e+07
8.032313125000000000e+05
1.840747680664062500e+03
9.397105216979980469e+00
5.214577026367187500e+02
3.157169494628906250e+02
1.479169843750000000e+05
8.268150781250000000e+04
8.434924804687500000e+03
7.976212500000000000e+04
4.422951562500000000e+04
1.331474687500000000e+05
3.573909179687500000e+03
1.343145800781250000e+04
9.576693725585937500e+02
5.266018066406250000e+03
8.341166992187500000e+02
2.100002441406250000e+03
1.970165375000000000e+06
1.851329218750000000e+05
2.418215039062500000e+04
1.890020750000000000e+06
4.673417187500000000e+05
9.300615234375000000e+03
2.238088623046875000e+03
4.536459765625000000e+04
6.539988500000000000e+06
1.766457500000000000e+05
3.559773437500000000e+04
5.968801879882812500e+01
5.424606640625000000e+04
5.455665283203125000e+02
6.786194824218750000e+03
7.977254687500000000e+04
2.439947460937500000e+04
3.092173828125000000e+03
1.543720703125000000e+03
1.390929687500000000e+05
2.746034667968750000e+03
2.966452500000000000e+06
1.426718261718750000e+04
1.534793750000000000e+04
1.437334289550781250e+02
4.973190937500000000e+05
7.345535937500000000e+04
1.046918750000000000e+05
3.752763125000000000e+05
8.539755468750000000e+04
1.105012500000000000e+06
3.776783203125000000e+03
1.144663300000000000e+07
1.086133750000000000e+05
1.278969875000000000e+06
4.613118000000000000e+06
1.689360000000000000e+05
6.519612890625000000e+04
1.863429062500000000e+05
1.094320875000000000e+06
2.977433776855468750e+02
5.819190429687500000e+03
1.242215280000000000e+08
4.441210625000000000e+05
5.304130880000000000e+08
8.747052160000000000e+08
3.219920898437500000e+04
1.628388800000000000e+08
4.513808960000000000e+08
4.979055360000000000e+08
2.954006720000000000e+08
5.598777500000000000e+05
1.042546875000000000e+04
1.038184326171875000e+03
9.451459000000000000e+06
2.159764750000000000e+06
1.052517500000000000e+06
1.113817700000000000e+07
9.079781000000000000e+06
1.769981875000000000e+05
1.280271920000000000e+08
2.700134720000000000e+08
1.172995703125000000e+05
1.346497500000000000e+06
7.732786621093750000e+03
5.101722500000000000e+05
2.722974365234375000e+03
2.871069687500000000e+05
1.281672000000000000e+06
2.923174414062500000e+04
2.538818000000000000e+06
1.993941718750000000e+05
1.959426500000000000e+06
7.420134375000000000e+04
3.091010000000000000e+06
5.657627000000000000e+06
2.468190000000000000e+06
4.677751953125000000e+04
5.424606640625000000e+04
1.403233276367187500e+03
9.397531250000000000e+04
1.246465722656250000e+04
2.079290625000000000e+04
1.176860875000000000e+06
3.161886000000000000e+06
1.741563906250000000e+05
6.557751000000000000e+06
4.621841500000000000e+06
1.337626800000000000e+07
4.047243250000000000e+06
6.978193750000000000e+04
1.243579609375000000e+05
2.346436718750000000e+05
4.203167600000000000e+07
4.001870000000000000e+05
5.295830500000000000e+06
1.521183400000000000e+07
1.168184100000000000e+07
1.180317200000000000e+08
9.974532812500000000e+04
4.721769375000000000e+05
3.510617578125000000e+04
4.673415000000000000e+06
8.514967187500000000e+04
3.091010000000000000e+06
5.819190429687500000e+03
1.999446718750000000e+05
9.451459000000000000e+06
1.949581542968750000e+03
2.902753125000000000e+05
5.789044140625000000e+04
2.622552812500000000e+05
5.616863727569580078e+00
6.867124000000000000e+06
1.516737656250000000e+05
2.294770500000000000e+06
1.014363100000000000e+07
9.254661000000000000e+06
9.706420898437500000e+03
2.389000750000000000e+06
3.893535200000000000e+07
3.337794921875000000e+03
3.707411865234375000e+03
1.392664800000000000e+08
1.558681600000000000e+08
7.948582500000000000e+05
6.808754000000000000e+06
8.934616875000000000e+05
1.905115840000000000e+08
7.094872558593750000e+03
1.352456909179687500e+03
1.432753515625000000e+04
5.177658691406250000e+03
1.935432250976562500e+03
1.744331562500000000e+05
3.408745703125000000e+04
9.265650390625000000e+03
2.727289772033691406e+01
4.230643066406250000e+03
4.816020507812500000e+03
4.482584960937500000e+03
9.994291992187500000e+03
8.208753125000000000e+04
4.053883789062500000e+03
8.883919921875000000e+03
7.152991406250000000e+04
3.818625488281250000e+03
3.451540625000000000e+05
5.532955078125000000e+03
1.712911523437500000e+04
1.506802539062500000e+04
1.028769433593750000e+04
2.960898437500000000e+04
1.655610312500000000e+05
8.348225000000000000e+04
2.699765312500000000e+05
2.030599000000000000e+06
1.093487304687500000e+04
8.423373750000000000e+05
1.935432250976562500e+03
8.659058750000000000e+05
9.451459000000000000e+06
5.120757421875000000e+04
9.397105216979980469e+00
6.279433203125000000e+04
3.191583251953125000e+01
5.101722500000000000e+05
3.908079345703125000e+03
6.301987500000000000e+05
2.027173828125000000e+04
3.037448750000000000e+06
1.794745483398437500e+03
4.829528000000000000e+07
5.426655625000000000e+05
2.477276000000000000e+06
8.170452343750000000e+04
8.691222381591796875e+01
4.365472265625000000e+04
1.889210468750000000e+05
6.886648500000000000e+06
5.651103027343750000e+03
1.846311250000000000e+05
3.513412750000000000e+06
3.903717187500000000e+04
1.892889531250000000e+05
4.866336425781250000e+03
2.897315025329589844e+01
1.043125625000000000e+05
1.408877441406250000e+04
1.445366500000000000e+06
6.400840454101562500e+02
1.615527500000000000e+06
2.158185156250000000e+04
5.789044140625000000e+04
6.643846500000000000e+06
1.748263375000000000e+06
3.293215234375000000e+04
2.302058601379394531e+01
2.222351000000000000e+06
3.144071562500000000e+05
8.153000000000000000e+06
3.221802000000000000e+06
1.207536640625000000e+05
9.200737304687500000e+02
2.369423750000000000e+06
7.845436250000000000e+05
4.445525781250000000e+04
1.461412900000000000e+07
4.598027734375000000e+04
3.610918500000000000e+06
1.234322031250000000e+05
1.191653900000000000e+07
1.183668984375000000e+05
9.717313125000000000e+05
2.600666000000000000e+06
5.657627000000000000e+06
7.976212500000000000e+04
4.880193359375000000e+03
5.101722500000000000e+05
1.168394250000000000e+06
1.639648315429687500e+03
1.011845200000000000e+07
1.221000300000000000e+07
6.771942968750000000e+04
1.569912375000000000e+06
7.388405600000000000e+07
5.310561250000000000e+05
3.353775390625000000e+04
4.623550000000000000e+04
2.899402500000000000e+05
1.884336425781250000e+03
1.689360000000000000e+05
2.195985742187500000e+04
9.397105216979980469e+00
2.297171401977539062e+01
5.851255371093750000e+03
2.067972875000000000e+06
1.859959843750000000e+05
1.375462250000000000e+06
2.159224609375000000e+04
1.140259140625000000e+05
4.548841796875000000e+04
4.068965820312500000e+03
9.356756835937500000e+03
7.909318750000000000e+04
3.067973136901855469e+01
7.225004375000000000e+05
7.994017500000000000e+06
2.791600625000000000e+05
1.346201855468750000e+04
2.602248291015625000e+03
9.467711250000000000e+05
9.397531250000000000e+04
6.187303515625000000e+04
1.631780937500000000e+05
8.695941772460937500e+02
2.285033750000000000e+05
4.483611718750000000e+04
1.032304980468750000e+04
1.110786865234375000e+03
2.233090087890625000e+03
7.342917480468750000e+02
1.281981484375000000e+05
2.041896875000000000e+06
1.845259179687500000e+04
1.692119726562500000e+04
5.577672851562500000e+03
1.565026562500000000e+04
1.715521718750000000e+05
2.244966406250000000e+04
4.052021875000000000e+04
2.134842987060546875e+02
9.213987500000000000e+05
2.009075317382812500e+03
2.422223281250000000e+05
7.834897949218750000e+03
1.714711132812500000e+04
3.212887500000000000e+04
5.214577026367187500e+02
1.104062265625000000e+05
9.625888824462890625e+00
3.614583007812500000e+03
2.416593281250000000e+05
1.869402221679687500e+03
1.924690307617187500e+03
4.076864453125000000e+04
7.415628125000000000e+04
1.445366500000000000e+06
3.964646972656250000e+03
3.091010000000000000e+06
7.235688281250000000e+04
8.650433125000000000e+05
1.034145187500000000e+06
1.096638906250000000e+05
1.257570500000000000e+06
1.386972500000000000e+07
3.829197000000000000e+06
2.896591210937500000e+04
1.756542382812500000e+04
3.397016000000000000e+06
9.863403125000000000e+04
9.049634933471679688e+00
5.214577026367187500e+02
4.602886199951171875e+00
3.484698828125000000e+04
5.687024536132812500e+02
4.568823828125000000e+04
1.575470336914062500e+03
3.384461875000000000e+05
4.227899902343750000e+03
4.176155312500000000e+05
7.341830566406250000e+03
1.209162875000000000e+06
3.575617187500000000e+03
4.633709907531738281e+00
9.183786010742187500e+02
2.391046093750000000e+04
8.797732031250000000e+04
7.405995483398437500e+02
8.835889843750000000e+04
7.928546875000000000e+04
1.792865356445312500e+03
2.516130468750000000e+04
3.091010000000000000e+06
1.317363476562500000e+04
4.274965937500000000e+05
8.016240500000000000e+06
5.598777500000000000e+05
1.042546875000000000e+04
1.345285797119140625e+02
1.560449218750000000e+02
9.451459000000000000e+06
5.101722500000000000e+05
8.028269375000000000e+05
8.659058750000000000e+05
3.731807421875000000e+04
4.402927734375000000e+03
1.113817700000000000e+07
1.403679687500000000e+05
9.208637500000000000e+05
5.608587109375000000e+04
5.923572753906250000e+03
1.346754760742187500e+02
4.829528000000000000e+07
1.530826200000000000e+07
1.397294625000000000e+06
8.938520000000000000e+05
3.139536400000000000e+07
1.559763100000000000e+07
1.526138593750000000e+05
4.268860546875000000e+04
6.659760800000000000e+07
2.890787600000000000e+07
1.935432250976562500e+03
1.026628937500000000e+06
2.114638593750000000e+05
8.497064062500000000e+04
1.352078342437744141e+01
4.395916748046875000e+02
1.012992763519287109e+01
3.042504882812500000e+02
4.819057617187500000e+03
2.884127197265625000e+03
1.686955468750000000e+04
3.644082421875000000e+04
4.074395751953125000e+03
6.739497656250000000e+04
3.522901500000000000e+06
1.619715312500000000e+05
4.636272048950195312e+01
2.208218193054199219e+01
4.688599853515625000e+02
2.284164123535156250e+02
8.977101562500000000e+03
4.613665234375000000e+04
2.192357226562500000e+04
1.070850000000000000e+05
4.499055099487304688e+01
1.655712304687500000e+04
7.415628125000000000e+04
1.689360000000000000e+05
3.091010000000000000e+06
2.225371679687500000e+04
9.847921875000000000e+04
1.445366500000000000e+06
4.171242968750000000e+04
5.101722500000000000e+05
1.396757226562500000e+04
1.700137000000000000e+06
1.491465000000000000e+06
1.034145187500000000e+06
1.243409921875000000e+05
1.195108875000000000e+06
1.761095156250000000e+05
6.569462500000000000e+06
3.177023500000000000e+06
1.437911875000000000e+05
2.442347000000000000e+06
2.245498593750000000e+05
8.252889500000000000e+06
2.764721750000000000e+06
4.774497000000000000e+06
3.137892187500000000e+05
1.856160125000000000e+06
1.171314300000000000e+07
3.092173828125000000e+03
4.175629296875000000e+04
5.657627000000000000e+06
2.771689648437500000e+04
3.374182617187500000e+03
5.598777500000000000e+05
2.786139678955078125e+01
1.848155000000000000e+06
4.256319531250000000e+04
9.180220312500000000e+04
4.022443750000000000e+04
3.311457750000000000e+06
2.687517578125000000e+03
3.781771250000000000e+06
3.536007500000000000e+05
3.555258500000000000e+06
1.480025100000000000e+07
7.394553222656250000e+03
2.879011914062500000e+04
2.112899000000000000e+06
4.009344400000000000e+07
1.964285000000000000e+05
4.647802500000000000e+05
7.739249500000000000e+06
3.135754500000000000e+06
2.823596000000000000e+07
1.538290156250000000e+05
5.101722500000000000e+05
1.771039257812500000e+04
2.966820500000000000e+06
1.430715468750000000e+05
3.274045750000000000e+06
1.101423750000000000e+06
4.918890000000000000e+05
3.341783750000000000e+06
1.459507700000000000e+07
1.151286800000000000e+07
1.251553417968750000e+04
5.214577026367187500e+02
9.974532812500000000e+04
4.555276855468750000e+03
1.352456909179687500e+03
1.966184570312500000e+04
7.690478515625000000e+03
2.622850799560546875e+01
0.000000000000000000e+00
6.101696777343750000e+03
3.622377197265625000e+03
1.634448750000000000e+05
2.115501562500000000e+04
7.868920410156250000e+03
7.031719970703125000e+01
1.722403750000000000e+05
1.165862304687500000e+03
2.014663238525390625e+02
7.272441894531250000e+03
1.135843515396118164e+00
5.989169921875000000e+04
3.348226074218750000e+03
2.962405312500000000e+05
1.508982421875000000e+03
4.115250549316406250e+02
3.679686328125000000e+04
1.147226953125000000e+05
4.175629296875000000e+04
1.015558691406250000e+04
2.516982656250000000e+05
5.158118164062500000e+03
5.465557128906250000e+03
2.012922375000000000e+06
1.105567890625000000e+05
1.025730273437500000e+04
2.339163906250000000e+05
3.797818250000000000e+06
6.279433203125000000e+04
1.935432250976562500e+03
9.397105216979980469e+00
2.324790477752685547e+00
9.451459000000000000e+06
5.101722500000000000e+05
2.258817187500000000e+05
8.659058750000000000e+05
9.260631835937500000e+03
1.597500122070312500e+03
3.037448750000000000e+06
8.170452343750000000e+04
1.787393750000000000e+04
2.027173828125000000e+04
1.438393920898437500e+03
2.559454679489135742e+00
4.829528000000000000e+07
3.467394000000000000e+06
2.815734062500000000e+05
2.288721718750000000e+05
6.886648500000000000e+06
1.057208375000000000e+06
2.569593750000000000e+04
4.739282226562500000e+03
2.231808800000000000e+07
4.528104500000000000e+06
1.910601562500000000e+05
4.742392272949218750e+02
1.244902656250000000e+05
9.131243750000000000e+05
4.547180000000000000e+06
7.273350219726562500e+02
1.318541308593750000e+04
1.390929687500000000e+05
4.315978125000000000e+04
6.472740000000000000e+05
8.081287500000000000e+05
1.027649780273437500e+03
2.216852416992187500e+02
5.602867187500000000e+03
4.823027500000000000e+05
1.601787875000000000e+06
2.874490400000000000e+07
1.024225781250000000e+04
1.096736718750000000e+04
1.305226015625000000e+05
2.916348750000000000e+06
1.733117031250000000e+05
4.864168500000000000e+06
9.708652343750000000e+03
1.760700400000000000e+07
6.257801000000000000e+06
2.699474000000000000e+07
1.653743750000000000e+05
8.331121500000000000e+06
1.321443760000000000e+08
1.186317871093750000e+04
1.344116699218750000e+03
2.520261328125000000e+04
1.668130859375000000e+04
5.214577026367187500e+02
9.035910937500000000e+04
3.983806884765625000e+03
1.352078342437744141e+01
0.000000000000000000e+00
1.641211425781250000e+03
3.521994384765625000e+03
2.365861718750000000e+05
1.602733886718750000e+04
1.031513671875000000e+03
3.813962707519531250e+02
1.903617382812500000e+04
4.898437988281250000e+03
1.235672531127929688e+02
6.257851562500000000e+04
0.000000000000000000e+00
8.256356250000000000e+04
1.837786132812500000e+03
1.260052968750000000e+05
2.444970550537109375e+02
8.907694702148437500e+02
2.230098828125000000e+04
1.026628937500000000e+06
2.416593281250000000e+05
5.808714843750000000e+03
8.514967187500000000e+04
7.275989062500000000e+04
2.572408593750000000e+04
2.042214400000000000e+07
1.724801875000000000e+06
5.023212187500000000e+05
5.739316015625000000e+04
1.996010400000000000e+07
7.552426875000000000e+05
1.857229736328125000e+03
2.966820500000000000e+06
2.814523681640625000e+03
7.286455078125000000e+02
1.410716250000000000e+06
5.196475390625000000e+04
6.279433203125000000e+04
1.898497104644775391e+00
1.417653593750000000e+05
1.332697460937500000e+04
6.072254500000000000e+06
2.864019375000000000e+05
6.980776500000000000e+06
4.452548217773437500e+02
2.081050250000000000e+06
8.886492968750000000e+04
3.953070068359375000e+02
6.277059375000000000e+05
1.570512597656250000e+04
7.385844000000000000e+06
6.440000000000000000e+03
4.246586000000000000e+06
6.930125500000000000e+06
3.782689453125000000e+04
4.096595250000000000e+06
2.562900000000000000e+04
5.193372192382812500e+02
5.084425292968750000e+03
1.231469249725341797e+01
2.057468125000000000e+05
9.397531250000000000e+04
1.592219824218750000e+04
9.974532812500000000e+04
6.989866210937500000e+03
6.590235839843750000e+03
4.183385937500000000e+04
2.710668125000000000e+05
2.802526855468750000e+03
3.686764453125000000e+04
5.750681686401367188e+01
6.077940063476562500e+02
2.424415250000000000e+06
4.243025781250000000e+04
1.984770625000000000e+05
2.117417343750000000e+05
1.992771125000000000e+06
9.962580078125000000e+03
3.124624062500000000e+05
7.899828125000000000e+03
3.609909750000000000e+06
1.624369000000000000e+06
5.175090625000000000e+04
1.042546875000000000e+04
8.783041992187500000e+02
1.164094843750000000e+05
4.442876953125000000e+03
6.173117187500000000e+04
4.118509062500000000e+05
8.533567968750000000e+04
2.519932031250000000e+04
5.951692578125000000e+04
3.963738750000000000e+05
3.585235595703125000e+03
5.123810546875000000e+04
4.175629296875000000e+04
1.390929687500000000e+05
1.707875213623046875e+02
3.969278564453125000e+03
1.844092285156250000e+03
1.266417656250000000e+05
8.824820312500000000e+03
1.319876367187500000e+04
1.610568652343750000e+04
4.801704296875000000e+04
9.671776562500000000e+04
2.264681500000000000e+06
1.929582125000000000e+06
3.045330625000000000e+05
2.022751171875000000e+04
1.592353515625000000e+03
7.405973437500000000e+04
1.590932343750000000e+05
1.146791375000000000e+06
2.745473125000000000e+05
9.976930000000000000e+05
3.331358800000000000e+07
7.285988281250000000e+04
1.017054000000000000e+07
1.344116699218750000e+03
1.761046093750000000e+04
1.193353710937500000e+04
9.397105216979980469e+00
1.227028369903564453e+00
1.337841674804687500e+03
7.923766479492187500e+02
9.993410644531250000e+02
3.403687890625000000e+04
2.428212881088256836e+00
3.686956481933593750e+02
9.397531250000000000e+04
1.884336425781250000e+03
1.641742773437500000e+04
5.214577026367187500e+02
5.247086328125000000e+04
2.563189888000488281e+01
1.515934082031250000e+04
3.306906250000000000e+05
5.981564941406250000e+03
2.010180664062500000e+03
5.983101562500000000e+04
7.415628125000000000e+04
1.445366500000000000e+06
4.119479492187500000e+03
8.197933349609375000e+02
3.091010000000000000e+06
8.005747558593750000e+03
4.468484802246093750e+02
6.147736250000000000e+05
8.759271093750000000e+04
2.062995195388793945e+00
1.034145187500000000e+06
1.959293281250000000e+05
2.312854980468750000e+03
1.916911875000000000e+06
3.062417812500000000e+05
1.070366363525390625e+02
2.219239600000000000e+07
1.604813125000000000e+05
1.167443313598632812e+02
5.099486816406250000e+03
5.359040800000000000e+07
2.612186406250000000e+05
8.404584960937500000e+03
4.998417968750000000e+04
5.685578125000000000e+04
2.627885750000000000e+06
5.657627000000000000e+06
5.214577026367187500e+02
7.976212500000000000e+04
8.839477539062500000e+03
6.279433203125000000e+04
5.101722500000000000e+05
7.861310937500000000e+04
9.397105216979980469e+00
7.208660840988159180e-01
1.745220458984375000e+03
4.830982812500000000e+05
1.011845200000000000e+07
1.467836500000000000e+06
5.266018066406250000e+03
2.314413604736328125e+02
5.075714843750000000e+04
8.170452343750000000e+04
5.316797363281250000e+03
1.513153281250000000e+05
1.506399393081665039e+00
2.214134500000000000e+06
1.280432031250000000e+05
2.452624000000000000e+06
1.073974731445312500e+03
2.464830468750000000e+04
3.777650937500000000e+05
5.641718864440917969e+00
3.559773437500000000e+04
4.159887084960937500e+02
1.818986083984375000e+03
7.356230020523071289e-01
4.805923437500000000e+04
5.725571899414062500e+02
1.321904659271240234e-01
1.718863476562500000e+04
2.270910400390625000e+03
3.896528320312500000e+02
5.657627000000000000e+06
9.974532812500000000e+04
9.397531250000000000e+04
3.607879687500000000e+04
9.906740625000000000e+05
3.091010000000000000e+06
5.344964375000000000e+05
2.057468125000000000e+05
6.776945312500000000e+03
2.485009375000000000e+04
1.417455400000000000e+07
6.557751000000000000e+06
8.825344000000000000e+06
2.424415250000000000e+06
4.644860312500000000e+05
2.327097656250000000e+05
1.800382250000000000e+06
5.941690625000000000e+05
6.176413500000000000e+06
9.719832031250000000e+04
4.419314400000000000e+07
3.960858400000000000e+07
3.815672000000000000e+07
6.301723500000000000e+06
2.921824250000000000e+06
1.619678400000000000e+08
5.214577026367187500e+02
6.279433203125000000e+04
4.323537826538085938e+00
5.657627000000000000e+06
5.216521093750000000e+04
3.652389000000000000e+06
4.830982812500000000e+05
3.942174072265625000e+03
6.786321875000000000e+04
9.650128800000000000e+07
5.011959000000000000e+06
3.863921500000000000e+06
1.741640156250000000e+05
2.114701000000000000e+06
2.860282812500000000e+05
7.976212500000000000e+04
9.397531250000000000e+04
3.075247656250000000e+04
1.689360000000000000e+05
3.646076171875000000e+03
2.603124804687500000e+04
5.366433000000000000e+06
4.872962500000000000e+06
4.934980500000000000e+06
5.676948125000000000e+05
1.636844687500000000e+05
4.336074500000000000e+06
2.476959750000000000e+06
4.213676562500000000e+05
1.867595625000000000e+05
1.017593125000000000e+05
2.460408400000000000e+07
1.452041100000000000e+07
2.126258000000000000e+07
1.326237750000000000e+06
7.897094500000000000e+06
5.955532400000000000e+07
2.751764062500000000e+05
3.609981562500000000e+05
2.421046484375000000e+04
3.091010000000000000e+06
2.569586132812500000e+04
1.509781375000000000e+06
1.771123125000000000e+06
3.203152187500000000e+05
1.223099000000000000e+06
1.365365300000000000e+07
4.292253500000000000e+06
9.451459000000000000e+06
1.689368125000000000e+06
6.440307421875000000e+04
2.771450400000000000e+07
8.514967187500000000e+04
8.240260742187500000e+03
1.404442089843750000e+04
3.289617968750000000e+04
4.175629296875000000e+04
2.645557812500000000e+05
5.104944140625000000e+04
1.136083375000000000e+06
1.346497500000000000e+06
1.172995703125000000e+05
2.796371875000000000e+04
5.190734765625000000e+04
5.101722500000000000e+05
5.657627000000000000e+06
4.211720312500000000e+04
7.976212500000000000e+04
5.751499023437500000e+03
8.337340625000000000e+04
1.281672000000000000e+06
2.906899250000000000e+06
6.211146250000000000e+05
2.583603750000000000e+06
2.357773437500000000e+05
9.986135000000000000e+05
1.011845200000000000e+07
2.466622460937500000e+04
1.364938000000000000e+06
2.794922187500000000e+05
4.572958800000000000e+07
8.341506875000000000e+05
9.869515000000000000e+06
9.049282000000000000e+06
1.134373750000000000e+06
3.394609200000000000e+07
9.397105216979980469e+00
8.597785644531250000e+02
3.567689062500000000e+04
7.873498916625976562e+00
9.847921875000000000e+04
5.778040234375000000e+04
4.664660644531250000e+03
3.846395000000000000e+05
1.109974902343750000e+04
6.284552500000000000e+05
2.388765869140625000e+03
2.496666015625000000e+04
1.530264282226562500e+01
7.259236718750000000e+04
6.843173217773437500e+02
1.613351269531250000e+04
7.839826875000000000e+05
5.846920312500000000e+04
1.180294140625000000e+05
4.328184375000000000e+05
5.461723046875000000e+04
1.958245361328125000e+03
8.679532226562500000e+03
2.617439257812500000e+04
4.295010000000000000e+05
1.916090820312500000e+04
7.833799316406250000e+03
5.827522460937500000e+03
2.608339233398437500e+02
5.423631835937500000e+03
4.196736250000000000e+05
1.729145156250000000e+05
4.361980468750000000e+04
1.879820000000000000e+05
5.214577026367187500e+02
6.279433203125000000e+04
7.031139373779296875e+00
5.657627000000000000e+06
3.393144921875000000e+04
4.782830000000000000e+05
4.830982812500000000e+05
2.329179382324218750e+02
2.003354492187500000e+04
4.854668500000000000e+06
1.257264609375000000e+05
5.214577026367187500e+02
5.641682147979736328e+00
6.279433203125000000e+04
7.106990814208984375e+00
5.424576171875000000e+04
5.657627000000000000e+06
4.848221093750000000e+04
7.420204687500000000e+04
9.765144531250000000e+03
1.326693250000000000e+06
5.036762695312500000e+03
4.830982812500000000e+05
6.772477416992187500e+02
1.301932714843750000e+04
7.153863906860351562e+00
2.254985156250000000e+04
3.161925250000000000e+06
4.195472187500000000e+05
2.068274800000000000e+07
7.166147500000000000e+05
1.849512625000000000e+06
9.054200195312500000e+03
1.038295812500000000e+06
1.868673632812500000e+04
3.108717600000000000e+07
1.049370700000000000e+07
1.346497500000000000e+06
3.858563671875000000e+04
4.477492980957031250e+02
1.067561621093750000e+04
9.451459000000000000e+06
6.279433203125000000e+04
6.113154375000000000e+05
1.935432250976562500e+03
7.547163281250000000e+04
3.639582824707031250e+02
4.285157500000000000e+06
5.027585000000000000e+06
3.605849750000000000e+06
1.653012695312500000e+04
1.751557031250000000e+04
3.780618896484375000e+03
3.037448750000000000e+06
5.139771500000000000e+06
6.128091250000000000e+05
2.344228271484375000e+03
2.313452800000000000e+07
3.497075312500000000e+05
1.402382500000000000e+07
4.246779785156250000e+03
3.027561000000000000e+06
1.886858125000000000e+06
5.598777500000000000e+05
7.004815917968750000e+03
1.370239715576171875e+02
8.893423461914062500e+02
3.091010000000000000e+06
2.407408281250000000e+05
4.684729062500000000e+05
1.671365156250000000e+05
4.404187109375000000e+04
5.101846191406250000e+03
2.163675600000000000e+07
5.913908203125000000e+04
4.740891875000000000e+05
1.803926757812500000e+04
8.992660156250000000e+04
1.474895019531250000e+03
9.139215000000000000e+05
4.857544500000000000e+06
4.334256250000000000e+05
1.045317578125000000e+05
3.142879500000000000e+06
2.336792800000000000e+07
2.486451718750000000e+05
1.289307265625000000e+05
4.697114500000000000e+06
2.475362800000000000e+07
3.879369687500000000e+05
3.241381054687500000e+04
5.710697265625000000e+03
3.775871562500000000e+05
4.385063964843750000e+03
9.547924194335937500e+02
1.460699250000000000e+06
1.737303906250000000e+05
2.176405468750000000e+04
6.520023046875000000e+04
6.895659375000000000e+05
1.299038085937500000e+03
4.459738671875000000e+04
6.235630468750000000e+04
2.474135131835937500e+02
1.096247167968750000e+04
3.098705937500000000e+05
6.660735351562500000e+03
2.229728593750000000e+05
8.601425000000000000e+04
2.463371093750000000e+04
4.032953515625000000e+04
6.678642187500000000e+04
8.613803100585937500e+02
7.392341000000000000e+06
2.761352343750000000e+04
5.036070312500000000e+04
2.226248125000000000e+05
9.956918945312500000e+03
3.297650000000000000e+05
3.573733437500000000e+05
3.362027500000000000e+06
3.123874218750000000e+04
5.323073828125000000e+04
8.711993000000000000e+06
1.514949531250000000e+05
2.396643000000000000e+06
8.005747558593750000e+03
3.420521484375000000e+04
4.119479492187500000e+03
3.706728363037109375e+01
3.717870937500000000e+05
7.415628125000000000e+04
3.301604492187500000e+03
1.316168125000000000e+05
2.475797460937500000e+04
5.179328125000000000e+03
4.270772000000000000e+06
1.959293281250000000e+05
1.807313964843750000e+03
2.987063750000000000e+05
1.516323046875000000e+04
2.002850097656250000e+03
1.687905781250000000e+05
1.289098281250000000e+05
6.026717187500000000e+04
1.046980781250000000e+05
7.323511000000000000e+06
8.956020625000000000e+05
1.405525781250000000e+05
9.887342968750000000e+04
1.092786562500000000e+05
3.139692250000000000e+06
2.714615937500000000e+05
1.212117031250000000e+05
2.706343750000000000e+03
2.153355664062500000e+04
3.886366015625000000e+04
1.061341552734375000e+03
6.942203906250000000e+04
1.094035781250000000e+05
3.331209375000000000e+04
1.312473828125000000e+04
2.069466015625000000e+04
5.789044140625000000e+04
7.324092500000000000e+05
2.168591308593750000e+02
1.186017187500000000e+05
3.553149375000000000e+05
2.438154687500000000e+05
1.114255294799804688e+02
1.816486718750000000e+04
1.445366500000000000e+06
8.597785644531250000e+02
2.028224243164062500e+03
6.279433203125000000e+04
1.607642500000000000e+05
2.794888973236083984e+00
8.476891250000000000e+05
7.393291015625000000e+03
2.306327187500000000e+05
7.990452636718750000e+03
1.799800625000000000e+05
7.125864410400390625e+01
2.978166250000000000e+05
7.147534375000000000e+05
2.574617309570312500e+02
2.265677343750000000e+04
2.135268281250000000e+05
8.527121250000000000e+05
4.089066894531250000e+03
2.871636474609375000e+03
1.530581250000000000e+05
1.290804687500000000e+05
5.101722500000000000e+05
7.741585937500000000e+04
9.796312866210937500e+02
7.023340625000000000e+04
9.397531250000000000e+04
4.718053125000000000e+04
1.787606835937500000e+04
3.028477812500000000e+05
6.970956250000000000e+04
3.320130625000000000e+05
1.364473144531250000e+04
1.080897070312500000e+04
6.339442968750000000e+04
1.125737426757812500e+03
1.055222656250000000e+04
5.214577026367187500e+02
1.158252265625000000e+05
6.467282867431640625e+01
1.224435000000000000e+05
3.850825312500000000e+05
7.683208593750000000e+04
3.939208593750000000e+04
2.464331718750000000e+05
1.108513867187500000e+04
9.302583984375000000e+03
1.994430468750000000e+05
3.676303955078125000e+03
5.478266113281250000e+03
2.215752812500000000e+05
6.084572265625000000e+04
8.348065000000000000e+05
3.137833007812500000e+04
4.595699609375000000e+04
1.691126562500000000e+05
3.982836914062500000e+01
5.568221191406250000e+03
1.972280311584472656e+01
1.032028281250000000e+05
4.871123657226562500e+02
2.875208789062500000e+04
1.635316796875000000e+04
1.273787021636962891e+01
2.290134960937500000e+04
4.912224062500000000e+05
2.743429101562500000e+04
1.290522625000000000e+06
1.664455078125000000e+04
1.647244726562500000e+04
5.154452343750000000e+04
6.834868652343750000e+03
2.161533447265625000e+03
1.455960875000000000e+06
8.260128125000000000e+05
6.185510253906250000e+03
4.124942187500000000e+04
9.543222500000000000e+05
6.240443359375000000e+04
5.217006347656250000e+03
1.702304296875000000e+04
1.848991406250000000e+05
2.622850799560546875e+01
1.290522625000000000e+06
8.486741210937500000e+03
1.935432250976562500e+03
9.859962463378906250e-01
4.133767187500000000e+04
4.111125781250000000e+04
2.442696762084960938e+01
1.300851700000000000e+07
3.115652099609375000e+03
2.553425312500000000e+05
9.847921875000000000e+04
9.397105216979980469e+00
1.326742968750000000e+05
3.024208251953125000e+03
8.597785644531250000e+02
3.241381054687500000e+04
2.512119335937500000e+04
6.855687255859375000e+02
2.173452377319335938e+00
4.165804687500000000e+04
2.388765869140625000e+03
1.509199750000000000e+06
1.398095312500000000e+05
3.992937744140625000e+03
6.705442428588867188e+00
5.745953750000000000e+05
8.192590820312500000e+03
8.416761474609375000e+02
3.012283750000000000e+05
1.629690795898437500e+03
5.962288671875000000e+04
1.969819213867187500e+03
2.803841500000000000e+06
5.060986816406250000e+03
4.835808593750000000e+04
1.717294375000000000e+05
5.214577026367187500e+02
5.657627000000000000e+06
1.186317871093750000e+04
4.359443750000000000e+04
6.279433203125000000e+04
1.344116699218750000e+03
6.975925445556640625e+00
6.213936250000000000e+05
3.308106000000000000e+06
2.321835000000000000e+05
4.830982812500000000e+05
3.521994384765625000e+03
1.095108276367187500e+03
4.757668125000000000e+05
2.731930400000000000e+07
7.456895312500000000e+04
1.619885875000000000e+06
7.660819531250000000e+04
1.572428027343750000e+04
2.660914400000000000e+07
6.231288125000000000e+05
1.416695625000000000e+06
3.188768554687500000e+04
5.965265500000000000e+06
3.711235600000000000e+07
7.576629000000000000e+06
7.420134375000000000e+04
6.769765014648437500e+02
1.108863900000000000e+07
1.721137812500000000e+05
8.954312500000000000e+04
1.225780175781250000e+04
2.691206054687500000e+04
1.120046562500000000e+05
2.511963476562500000e+04
7.506361328125000000e+03
1.976242812500000000e+05
8.155629687500000000e+04
5.997018554687500000e+03
1.180461796875000000e+05
7.196371875000000000e+04
1.949581542968750000e+03
1.366127656250000000e+05
3.110540625000000000e+04
4.254163085937500000e+03
2.238711929321289062e+01
6.572389160156250000e+03
7.310453906250000000e+04
1.847490600585937500e+03
1.912663437500000000e+05
3.743800537109375000e+03
7.942653906250000000e+04
1.326742968750000000e+05
1.848155000000000000e+06
6.855687255859375000e+02
3.121533691406250000e+03
5.101722500000000000e+05
9.397105216979980469e+00
4.929086914062500000e+03
6.279433203125000000e+04
7.202563125000000000e+05
2.121801614761352539e+00
1.238399500000000000e+06
3.992937744140625000e+03
2.882399414062500000e+04
5.839402000000000000e+06
2.090753750000000000e+06
4.328163757324218750e+02
8.170452343750000000e+04
9.718719531250000000e+04
5.373051166534423828e+00
9.948935546875000000e+03
1.833485750000000000e+06
1.011189843750000000e+05
1.159473510742187500e+03
1.252966375000000000e+06
4.581117187500000000e+03
3.785812500000000000e+05
1.445366500000000000e+06
5.101722500000000000e+05
3.594272500000000000e+06
9.847921875000000000e+04
1.741670703125000000e+04
7.166837890625000000e+03
3.177023500000000000e+06
7.065232000000000000e+06
3.433802500000000000e+06
3.767192187500000000e+05
2.826953200000000000e+07
7.420134375000000000e+04
3.786251562500000000e+04
5.641718864440917969e+00
3.294125976562500000e+03
2.920030500000000000e+06
6.279433203125000000e+04
6.140886000000000000e+06
1.840747680664062500e+03
1.662012812500000000e+05
7.136213302612304688e+00
9.709189375000000000e+05
1.301931347656250000e+04
2.947918500000000000e+06
6.007351684570312500e+02
7.704097656250000000e+04
1.106028652191162109e+01
6.893397000000000000e+06
4.497486800000000000e+07
1.888137031250000000e+05
6.023652832031250000e+03
7.065914375000000000e+05
2.976896000000000000e+06
8.542467968750000000e+04
1.222132568359375000e+03
2.508638800000000000e+07
2.227515500000000000e+06
3.092173828125000000e+03
5.598777500000000000e+05
2.918787574768066406e+01
5.657627000000000000e+06
4.738648925781250000e+03
5.523776000000000000e+06
3.311457750000000000e+06
7.207573242187500000e+02
6.819034375000000000e+05
7.311540800000000000e+07
8.362723500000000000e+06
2.144506875000000000e+05
6.235630468750000000e+04
1.267165603637695312e+02
3.091010000000000000e+06
8.932487500000000000e+05
1.583617773437500000e+04
7.221866400000000000e+07
5.052151953125000000e+04
9.369875976562500000e+03
8.267872500000000000e+06
1.304424600000000000e+07
3.125796813964843750e+02
3.688208496093750000e+03
7.004815917968750000e+03
1.543720703125000000e+03
1.120046562500000000e+05
2.057468125000000000e+05
1.998866015625000000e+04
7.415628125000000000e+04
3.322100781250000000e+04
2.793978125000000000e+04
1.163815527343750000e+04
2.092242382812500000e+04
2.391324462890625000e+03
1.655695781250000000e+05
2.841729492187500000e+04
1.158593671875000000e+05
1.294930000000000000e+06
1.463924875000000000e+06
1.856433281250000000e+05
1.083795312500000000e+05
3.466973437500000000e+05
9.589483593750000000e+04
6.557626562500000000e+04
6.811443125000000000e+05
3.585504750000000000e+06
1.414553125000000000e+06
7.976212500000000000e+04
1.689360000000000000e+05
5.101722500000000000e+05
4.830798339843750000e+03
9.397531250000000000e+04
5.657627000000000000e+06
4.550759375000000000e+04
3.091010000000000000e+06
7.723453125000000000e+04
2.264273250000000000e+06
2.476959750000000000e+06
1.011845200000000000e+07
1.024683375000000000e+06
1.195108875000000000e+06
8.248146875000000000e+04
1.728561375000000000e+06
6.557751000000000000e+06
5.241447812500000000e+05
7.607659200000000000e+07
4.621518400000000000e+07
3.894842800000000000e+07
1.076621000000000000e+07
3.839363200000000000e+08
6.854653000000000000e+06
2.928118720000000000e+08
1.408079616000000000e+09
2.679862304687500000e+03
7.420134375000000000e+04
5.641718864440917969e+00
1.223554565429687500e+03
6.213936250000000000e+05
1.344116699218750000e+03
5.801737792968750000e+03
6.279433203125000000e+04
7.172184375000000000e+05
1.969973754882812500e+02
5.137613671875000000e+04
1.353949890136718750e+02
5.782495605468750000e+03
1.301931347656250000e+04
6.760772656250000000e+04
1.230865955352783203e+01
1.619885875000000000e+06
1.763296375000000000e+06
1.198867919921875000e+03
4.253729062500000000e+05
1.197697343750000000e+05
6.447313671875000000e+04
1.023005599975585938e+02
4.944581640625000000e+04
2.201320500000000000e+06
6.531026562500000000e+04
8.597785644531250000e+02
7.676788085937500000e+03
6.157347265625000000e+04
2.502922851562500000e+03
1.315139282226562500e+03
8.448120117187500000e+00
4.923535346984863281e+00
1.470782421875000000e+04
2.024731445312500000e+04
2.311682373046875000e+03
3.720584228515625000e+03
1.685345092773437500e+03
2.401439208984375000e+02
6.793865625000000000e+04
2.423754296875000000e+04
2.853486132812500000e+04
6.901630859375000000e+02
2.850833984375000000e+03
6.087224006652832031e+00
6.664521875000000000e+05
7.034161621093750000e+03
5.734370117187500000e+03
7.881054077148437500e+02
4.536063437500000000e+05
7.204369140625000000e+03
3.164154882812500000e+04
9.397531250000000000e+04
2.961600312500000000e+05
1.689360000000000000e+05
1.212267421875000000e+05
1.033194937500000000e+06
7.976212500000000000e+04
5.184381562500000000e+05
2.072549414062500000e+04
2.254555937500000000e+05
3.283680859375000000e+04
5.055194062500000000e+05
2.476959750000000000e+06
7.980567500000000000e+05
1.092957421875000000e+05
4.532694687500000000e+05
4.364086562500000000e+05
2.195469250000000000e+06
2.659821250000000000e+06
4.153962750000000000e+06
2.037238476562500000e+04
8.492652000000000000e+06
8.168489375000000000e+05
4.260913600000000000e+07
1.326353281250000000e+05
3.429361500000000000e+06
6.795844500000000000e+06
5.101722500000000000e+05
1.486136406250000000e+05
8.659058750000000000e+05
1.140554077148437500e+03
2.396272500000000000e+06
9.451459000000000000e+06
2.720213437500000000e+05
6.435936328125000000e+04
4.585436035156250000e+03
4.922409667968750000e+03
1.205007250000000000e+06
4.829528000000000000e+07
1.605964531250000000e+05
2.501538800000000000e+07
4.056247656250000000e+04
9.704984375000000000e+04
5.397567500000000000e+06
6.786641250000000000e+05
2.383639000000000000e+06
2.372911132812500000e+04
2.758804800000000000e+08
8.351097500000000000e+05
8.705681000000000000e+06
3.596395000000000000e+06
6.879329500000000000e+06
1.698901600000000000e+08
2.651939392089843750e+02
3.523028437500000000e+05
9.572751953125000000e+03
1.697955131530761719e+01
5.101722500000000000e+05
1.815863085937500000e+04
4.637186035156250000e+03
6.365435000000000000e+05
1.541103125000000000e+06
4.127996093750000000e+04
1.666439218750000000e+05
1.061786816406250000e+04
7.348038482666015625e+01
6.458145500000000000e+06
3.876866406250000000e+04
6.057918945312500000e+03
1.759567343750000000e+05
6.947470000000000000e+05
3.992434375000000000e+04
4.348676500000000000e+06
1.727865875000000000e+06
1.461895000000000000e+05
7.234915527343750000e+03
8.693427000000000000e+06
5.328200000000000000e+05
2.812803000000000000e+06
1.871844125000000000e+06
6.645078125000000000e+04
1.840747680664062500e+03
2.514854296875000000e+04
1.615527500000000000e+06
4.960408203125000000e+04
1.612550500000000000e+06
8.597785644531250000e+02
3.322100781250000000e+04
1.179702529907226562e+02
8.472244375000000000e+05
2.540844687500000000e+05
1.062062000000000000e+06
1.823908007812500000e+04
9.365642968750000000e+04
1.244741894531250000e+04
1.179432265625000000e+05
2.037982750000000000e+06
5.052387890625000000e+04
4.020805175781250000e+03
2.868010000000000000e+05
9.916486250000000000e+05
1.069230468750000000e+05
5.167253906250000000e+04
1.358313437500000000e+05
3.080714062500000000e+05
7.976212500000000000e+04
4.202880859375000000e+04
3.637538437500000000e+05
5.048764000000000000e+06
7.420134375000000000e+04
3.091010000000000000e+06
1.249873000000000000e+06
4.677751953125000000e+04
5.417941284179687500e+02
6.132084765625000000e+04
1.176860875000000000e+06
1.578959687500000000e+05
5.065657200000000000e+07
7.868717773437500000e+03
5.567671250000000000e+05
6.465213125000000000e+05
8.514967187500000000e+04
3.019618945312500000e+04
1.681499687500000000e+05
3.997575439453125000e+03
4.658835449218750000e+03
2.415394000000000000e+07
5.403931875000000000e+05
1.018191093750000000e+05
5.143943359375000000e+04
9.068426000000000000e+06
1.870310312500000000e+05
1.558547265625000000e+04
2.809679492187500000e+04
1.073313984375000000e+05
3.091792500000000000e+05
9.451459000000000000e+06
5.778216250000000000e+05
7.481335000000000000e+05
1.098047750000000000e+06
3.285613671875000000e+04
9.749621093750000000e+03
6.376085937500000000e+03
7.085950781250000000e+04
8.718120117187500000e+03
2.369995600000000000e+07
4.012815000000000000e+05
3.712431875000000000e+05
1.152573875000000000e+06
8.297881500000000000e+06
1.430938125000000000e+06
1.025752125000000000e+06
1.679352625000000000e+06
9.124324218750000000e+04
4.932873046875000000e+03
1.573700500000000000e+07
1.278782400000000000e+07
3.578849750000000000e+06
3.165015937500000000e+05
1.480565500000000000e+06
3.821907750000000000e+06
5.101722500000000000e+05
1.689360000000000000e+05
7.976212500000000000e+04
1.513403320312500000e+03
3.091010000000000000e+06
5.657627000000000000e+06
6.580957812500000000e+04
9.397531250000000000e+04
5.076046875000000000e+03
1.597936914062500000e+04
1.195108875000000000e+06
1.011845200000000000e+07
1.628262109375000000e+04
2.476959750000000000e+06
4.747726562500000000e+04
6.334396484375000000e+04
6.557751000000000000e+06
4.952347500000000000e+05
4.634015937500000000e+05
1.143085625000000000e+05
3.894842800000000000e+07
9.709587500000000000e+05
2.343160468750000000e+05
6.695438125000000000e+05
1.023549500000000000e+06
2.660605250000000000e+06
3.300037500000000000e+04
8.597785644531250000e+02
2.631197265625000000e+04
6.587024902343750000e+03
1.145379589843750000e+04
0.000000000000000000e+00
8.508891601562500000e+03
3.319538671875000000e+04
5.737930908203125000e+02
1.769376586914062500e+03
4.701406250000000000e+03
9.451459000000000000e+06
5.464021000000000000e+06
2.099186875000000000e+05
8.208348800000000000e+07
5.123810546875000000e+04
2.407408281250000000e+05
8.448120117187500000e+00
1.454300683593750000e+04
5.657627000000000000e+06
5.214577026367187500e+02
1.145473437500000000e+05
6.279433203125000000e+04
3.005218250000000000e+06
5.820147323608398438e+01
3.817929500000000000e+06
4.141891601562500000e+03
1.785913375000000000e+06
2.626859570312500000e+04
3.676080937500000000e+05
4.725169372558593750e+01
4.830982812500000000e+05
2.546886000000000000e+07
7.641445800781250000e+03
2.920735937500000000e+05
8.576126875000000000e+05
2.511933200000000000e+07
3.675253515625000000e+04
1.422765332031250000e+04
1.670270750000000000e+06
1.913397875000000000e+06
1.120046562500000000e+05
9.906740625000000000e+05
2.057468125000000000e+05
6.091653320312500000e+03
1.445366500000000000e+06
7.415628125000000000e+04
3.105803906250000000e+04
3.091010000000000000e+06
1.659034062500000000e+05
1.148505625000000000e+05
3.797351250000000000e+06
1.294930000000000000e+06
1.065492734375000000e+05
1.800382250000000000e+06
3.087675937500000000e+05
9.792396250000000000e+05
1.034145187500000000e+06
8.493925625000000000e+05
4.335749062500000000e+05
5.509865000000000000e+06
8.661393000000000000e+06
6.414558750000000000e+05
2.184285750000000000e+06
3.627959750000000000e+06
4.648651500000000000e+06
8.529550000000000000e+06
7.420134375000000000e+04
4.541160546875000000e+04
3.080467187500000000e+05
1.434199371337890625e+02
3.063751750000000000e+06
9.451459000000000000e+06
2.034223281250000000e+05
8.329171093750000000e+04
1.474825097656250000e+04
9.510086914062500000e+03
1.144744750000000000e+06
1.168538500000000000e+07
4.359485546875000000e+04
2.048413200000000000e+07
7.975042480468750000e+03
5.834015234375000000e+04
6.742180500000000000e+06
2.117799000000000000e+06
2.620228250000000000e+06
4.121981250000000000e+04
4.421635200000000000e+08
5.835276250000000000e+05
4.264020500000000000e+06
2.948003000000000000e+06
5.816303500000000000e+06
5.959691200000000000e+07
8.659058750000000000e+05
1.664455078125000000e+04
2.093234570312500000e+04
5.455403125000000000e+04
1.322792846679687500e+03
1.017081665039062500e+03
1.821825125000000000e+06
6.585012500000000000e+05
9.407647460937500000e+03
3.211738671875000000e+04
1.764751500000000000e+06
1.445366500000000000e+06
3.575096875000000000e+05
1.746979003906250000e+03
5.564884375000000000e+05
6.855687255859375000e+02
1.848155000000000000e+06
1.326742968750000000e+05
4.902893066406250000e+03
6.279433203125000000e+04
9.397105216979980469e+00
2.233485412597656250e+02
5.101722500000000000e+05
1.338014500000000000e+06
2.323353710937500000e+04
5.839402000000000000e+06
3.992937744140625000e+03
5.623504028320312500e+02
1.238399500000000000e+06
1.343052750000000000e+06
1.197668750000000000e+05
8.170452343750000000e+04
3.002091562500000000e+05
4.880593872070312500e+02
1.273251250000000000e+05
1.833485750000000000e+06
7.104272000000000000e+06
8.800814453125000000e+03
2.631070500000000000e+06
1.262954921875000000e+05
1.218306500000000000e+07
5.214577026367187500e+02
9.397105216979980469e+00
0.000000000000000000e+00
7.976212500000000000e+04
2.492618945312500000e+04
1.480653198242187500e+03
5.266018066406250000e+03
1.995697021484375000e+02
1.760225534439086914e+00
1.089475312500000000e+05
1.373135131835937500e+03
1.807548125000000000e+05
3.947009062500000000e+05
3.085599609375000000e+03
3.091010000000000000e+06
2.121662031250000000e+05
5.485660644531250000e+03
7.007991000000000000e+06
5.435378515625000000e+04
7.952628125000000000e+04
8.348812500000000000e+05
3.432470250000000000e+06
7.976212500000000000e+04
9.397105216979980469e+00
1.982020117187500000e+04
5.214577026367187500e+02
2.320004531250000000e+05
4.786362457275390625e+01
5.266018066406250000e+03
3.801337000000000000e+06
1.297109832763671875e+02
5.912514160156250000e+03
2.605693359375000000e+04
4.942685546875000000e+04
9.451459000000000000e+06
4.913513671875000000e+04
1.848155000000000000e+06
4.728454101562500000e+03
3.113909062500000000e+05
4.704615000000000000e+06
4.985092968750000000e+04
1.169091200000000000e+07
2.294453250000000000e+06
3.001156750000000000e+06
7.420134375000000000e+04
5.657627000000000000e+06
7.214043125000000000e+05
5.424606640625000000e+04
5.464124023437500000e+03
4.697144921875000000e+04
3.161886000000000000e+06
4.153451875000000000e+05
1.488149000000000000e+07
3.151116562500000000e+05
2.296714800000000000e+07
9.451459000000000000e+06
1.472175375000000000e+06
5.510112109375000000e+04
2.438154687500000000e+05
9.944527500000000000e+05
3.624154052734375000e+03
1.414247200000000000e+07
1.608195400000000000e+07
2.503578906250000000e+05
2.546543945312500000e+04
2.702823000000000000e+06
6.279433203125000000e+04
1.126886718750000000e+03
1.918832206726074219e+01
2.637503662109375000e+02
2.066001625000000000e+06
1.884336425781250000e+03
2.953725312500000000e+05
4.960408203125000000e+04
3.763455000000000000e+06
5.097284317016601562e+00
2.700465625000000000e+05
2.787739750000000000e+06
9.781848632812500000e+03
7.067909375000000000e+04
2.563064687500000000e+05
1.187192773437500000e+04
3.523028437500000000e+05
7.750374603271484375e+01
9.451459000000000000e+06
1.235722558593750000e+04
1.647172031250000000e+05
1.220243600000000000e+07
4.113086914062500000e+03
1.700350781250000000e+05
6.455553000000000000e+06
5.699151500000000000e+06
9.397105216979980469e+00
2.845543701171875000e+03
0.000000000000000000e+00
1.372450590133666992e+00
7.004815917968750000e+03
3.091010000000000000e+06
9.397531250000000000e+04
3.299370937500000000e+05
5.598777500000000000e+05
3.092173828125000000e+03
3.353773498535156250e+01
5.657627000000000000e+06
6.882998750000000000e+05
3.793512890625000000e+04
2.163675600000000000e+07
8.289579687500000000e+04
6.487887109375000000e+04
6.557751000000000000e+06
1.689848400000000000e+07
1.891282875000000000e+06
3.311457750000000000e+06
2.258135937500000000e+04
2.897759765625000000e+03
1.377171500000000000e+07
5.489738400000000000e+07
1.155545900000000000e+07
6.513703125000000000e+05
4.979498800000000000e+07
1.586920500000000000e+06
1.277444800000000000e+08
7.420134375000000000e+04
5.641718864440917969e+00
4.677751953125000000e+04
1.247491455078125000e+02
6.279433203125000000e+04
3.091010000000000000e+06
1.542242500000000000e+06
1.884336425781250000e+03
2.586331939697265625e+01
5.551756640625000000e+04
1.301931347656250000e+04
1.176860875000000000e+06
3.232644140625000000e+04
7.183843994140625000e+02
3.738690614700317383e-01
5.048267578125000000e+03
7.058349500000000000e+06
1.218962421875000000e+05
1.427330500000000000e+07
1.036771777343750000e+04
8.086330625000000000e+05
1.183011962890625000e+03
8.066481250000000000e+05
2.050460662841796875e+02
3.023676800000000000e+07
4.140507812500000000e+05
9.397105216979980469e+00
6.279433203125000000e+04
1.864138671875000000e+03
7.434910774230957031e+00
5.101722500000000000e+05
1.567437187500000000e+05
2.155371582031250000e+03
2.988775500000000000e+06
8.646091406250000000e+04
1.166871972656250000e+04
8.170452343750000000e+04
3.766902832031250000e+03
3.004688453674316406e+01
7.007022500000000000e+06
2.246321875000000000e+04
4.235379394531250000e+03
1.118864625000000000e+06
1.143966875000000000e+05
4.649523437500000000e+04
1.600695875000000000e+06
1.182836875000000000e+06
1.952423828125000000e+04
5.987946777343750000e+03
9.372868750000000000e+05
8.524316875000000000e+05
7.238176875000000000e+05
1.352456909179687500e+03
1.356858539581298828e+01
3.750567968750000000e+04
3.531673828125000000e+03
1.884336425781250000e+03
4.243997265625000000e+04
1.689360000000000000e+05
2.128575585937500000e+04
8.093664550781250000e+03
9.397105216979980469e+00
3.839670658111572266e+00
2.955325927734375000e+03
6.032433105468750000e+03
2.002309448242187500e+03
1.864602343750000000e+05
4.068965820312500000e+03
3.384443359375000000e+03
3.016210742187500000e+04
2.015679687500000000e+04
8.398261718750000000e+04
2.172532958984375000e+03
4.415128906250000000e+03
7.636931419372558594e+00
1.120774902343750000e+03
2.289418125000000000e+05
9.647989843750000000e+04
2.584509765625000000e+03
4.145828906250000000e+04
8.311655883789062500e+02
1.387845156250000000e+05
9.397105216979980469e+00
5.101722500000000000e+05
7.667005371093750000e+03
6.279433203125000000e+04
3.846268177032470703e+00
2.070504750000000000e+06
8.170452343750000000e+04
4.981525802612304688e+01
2.949376250000000000e+05
1.156068359375000000e+05
5.360803515625000000e+04
2.407408281250000000e+05
1.671365156250000000e+05
8.448120117187500000e+00
2.452931640625000000e+04
3.091010000000000000e+06
6.279433203125000000e+04
1.314901000000000000e+07
1.884336425781250000e+03
5.239388750000000000e+05
3.608521938323974609e+00
9.139215000000000000e+05
2.626859570312500000e+04
1.747553250000000000e+06
4.103133300781250000e+03
5.783068000000000000e+06
1.372873544692993164e+00
7.058349500000000000e+06
3.405324160000000000e+08
1.843220156250000000e+05
3.399973437500000000e+04
9.312309375000000000e+05
5.045937200000000000e+07
2.586379062500000000e+05
8.060582031250000000e+04
1.087255360000000000e+08
7.801404800000000000e+07
2.416593281250000000e+05
1.884336425781250000e+03
8.514967187500000000e+04
5.758230859375000000e+04
1.352078342437744141e+01
1.026628937500000000e+06
1.501899658203125000e+03
1.935432250976562500e+03
7.356230020523071289e-01
5.860709375000000000e+04
5.874306152343750000e+03
2.042214400000000000e+07
3.343740000000000000e+05
4.626253125000000000e+04
2.606141601562500000e+03
5.741298125000000000e+05
1.686955468750000000e+04
1.312430620193481445e+00
3.007122812500000000e+05
1.172596313476562500e+03
2.951944250000000000e+06
2.603147216796875000e+03
1.133448500000000000e+07
1.472763750000000000e+05
3.470976074218750000e+03
2.668508000000000000e+06
5.641718864440917969e+00
2.898634765625000000e+03
0.000000000000000000e+00
1.708692550659179688e+00
1.437044555664062500e+03
8.597785644531250000e+02
6.279433203125000000e+04
1.031756134033203125e+02
1.665021875000000000e+04
1.088480625000000000e+06
1.544320410156250000e+04
1.445366500000000000e+06
3.864006640625000000e+04
1.850426500000000000e+06
6.731456542968750000e+03
2.538779250000000000e+06
6.581516601562500000e+03
2.978166250000000000e+05
4.283620117187500000e+03
7.140483125000000000e+05
1.578809062500000000e+05
1.809005859375000000e+04
3.707260250000000000e+06
4.413461000000000000e+06
7.441608125000000000e+05
1.354135546875000000e+04
1.207221800000000000e+07
2.579539000000000000e+06
2.430785468750000000e+05
7.428163500000000000e+06
3.764076953125000000e+04
5.573298645019531250e+01
1.275219921875000000e+05
7.218106250000000000e+04
1.479169843750000000e+05
9.397105216979980469e+00
5.101722500000000000e+05
7.327591500000000000e+06
1.840747680664062500e+03
2.920030500000000000e+06
2.616460000000000000e+07
6.279433203125000000e+04
2.128952968750000000e+05
2.154242400000000000e+08
3.573909179687500000e+03
1.068995250000000000e+06
1.490725700000000000e+07
8.170452343750000000e+04
1.398142031250000000e+05
1.846096800000000000e+08
6.893397000000000000e+06
2.923940250000000000e+06
1.010874176000000000e+09
4.564349200000000000e+07
1.141748750000000000e+06
8.546718125000000000e+05
1.970177600000000000e+08
2.560114000000000000e+07
7.304060160000000000e+08
1.237086800000000000e+08
2.144506875000000000e+05
5.101722500000000000e+05
3.091010000000000000e+06
6.627197500000000000e+06
7.487465209960937500e+02
6.235630468750000000e+04
1.043162402343750000e+04
1.689360000000000000e+05
3.091866406250000000e+04
6.501035937500000000e+04
1.700070468750000000e+05
7.221866400000000000e+07
3.739595000000000000e+06
1.195108875000000000e+06
5.976083500000000000e+06
3.578208000000000000e+07
3.481885156250000000e+04
7.389441894531250000e+03
9.469986875000000000e+05
6.124790625000000000e+05
1.059373700000000000e+07
1.664140000000000000e+06
9.116023040000000000e+08
1.106632800000000000e+07
2.762246875000000000e+05
1.222375840000000000e+08
3.091010000000000000e+06
1.689360000000000000e+05
7.004815917968750000e+03
6.216985156250000000e+04
5.101722500000000000e+05
5.598777500000000000e+05
6.255005468750000000e+04
1.345285797119140625e+02
6.175796875000000000e+04
6.121730468750000000e+04
1.195108875000000000e+06
2.163675600000000000e+07
6.306115625000000000e+04
1.403858203125000000e+04
6.235172265625000000e+04
6.194530859375000000e+04
1.403679687500000000e+05
6.218366406250000000e+04
6.224014843750000000e+04
6.106441796875000000e+04
3.814403250000000000e+06
6.287571093750000000e+04
6.308111718750000000e+04
6.196539453125000000e+04
6.172316796875000000e+04
6.273567187500000000e+04
1.352456909179687500e+03
1.869985937500000000e+04
1.092424843750000000e+05
2.476496484375000000e+04
9.397105216979980469e+00
2.922915429687500000e+04
4.533708572387695312e+00
2.935537109375000000e+04
3.947099609375000000e+03
8.377782812500000000e+04
8.167964477539062500e+02
3.850281875000000000e+05
1.639167236328125000e+03
2.392889648437500000e+04
1.061606875000000000e+05
1.742274843750000000e+05
1.615282128906250000e+04
1.367639827728271484e+01
3.313310058593750000e+03
1.668862890625000000e+04
2.100664843750000000e+05
2.316767333984375000e+03
1.749527812500000000e+05
6.321409765625000000e+04
4.220895996093750000e+03
1.298204531250000000e+05
2.408932250000000000e+06
5.214577026367187500e+02
2.861425625000000000e+05
8.282867187500000000e+03
1.785229882812500000e+04
3.226336523437500000e+04
8.974507812500000000e+03
8.818034362792968750e+01
5.561794281005859375e+01
5.671335546875000000e+04
2.560555625000000000e+05
6.368544375000000000e+05
8.159978906250000000e+04
1.125010156250000000e+04
1.293040771484375000e+03
1.251692000000000000e+06
9.059507446289062500e+02
3.082998535156250000e+03
2.125565039062500000e+04
4.873977966308593750e+02
1.154171406250000000e+05
1.184551855468750000e+04
5.063845625000000000e+05
6.501842187500000000e+04
1.053062255859375000e+03
8.566200000000000000e+04
6.094018554687500000e+03
1.798453674316406250e+02
3.092173828125000000e+03
2.654971313476562500e+01
2.520261328125000000e+04
1.186317871093750000e+04
1.792904882812500000e+04
9.035910937500000000e+04
3.898562255859375000e+03
2.873780664062500000e+04
1.034551269531250000e+04
1.874467578125000000e+04
4.099177734375000000e+03
1.916072460937500000e+04
5.763702392578125000e+01
2.452168701171875000e+03
2.365861718750000000e+05
6.416423046875000000e+04
7.369091406250000000e+04
9.603723437500000000e+04
2.087161718750000000e+05
6.847671875000000000e+03
8.682532031250000000e+04
1.046968066406250000e+04
6.234712500000000000e+05
2.921939375000000000e+05
1.010108764648437500e+03
1.373351196289062500e+03
8.245174804687500000e+03
1.055915405273437500e+03
6.272161328125000000e+04
5.090588125000000000e+05
1.273803906250000000e+05
9.397105216979980469e+00
2.609200954437255859e+00
1.216666992187500000e+03
8.156235937500000000e+04
2.281525976562500000e+04
2.069361718750000000e+05
4.181883811950683594e+00
1.320306835937500000e+04
7.976212500000000000e+04
9.397105216979980469e+00
2.095136875000000000e+05
1.558911230468750000e+04
5.214577026367187500e+02
4.097740250000000000e+06
7.522315625000000000e+04
3.902559375000000000e+04
8.285943603515625000e+01
3.600640000000000000e+06
5.266018066406250000e+03
6.002421000000000000e+06
3.708766250000000000e+05
4.358882421875000000e+04
5.622183227539062500e+01
1.311348000000000000e+06
3.904668750000000000e+05
3.063142333984375000e+03
1.933820800000000000e+07
4.352253750000000000e+05
1.353931000000000000e+06
2.711533007812500000e+04
1.708708400000000000e+07
3.640318125000000000e+05
1.588233125000000000e+06
6.117166500000000000e+06
8.514967187500000000e+04
8.659058750000000000e+05
1.812215312500000000e+05
1.689360000000000000e+05
5.286839062500000000e+04
8.138609375000000000e+03
2.625909200000000000e+07
6.248366875000000000e+05
2.944636750000000000e+06
6.989550000000000000e+04
9.657826400000000000e+07
5.101722500000000000e+05
9.397105216979980469e+00
8.659058750000000000e+05
1.187921508789062500e+03
6.279433203125000000e+04
9.451459000000000000e+06
3.198795937500000000e+05
1.935432250976562500e+03
1.388807535171508789e+00
9.010737304687500000e+03
8.170452343750000000e+04
4.829528000000000000e+07
1.097536640625000000e+05
2.027173828125000000e+04
1.668650150299072266e+00
2.597703281250000000e+05
3.037448750000000000e+06
1.790268554687500000e+04
5.361624000000000000e+06
1.992014312744140625e+02
6.886648500000000000e+06
6.456347656250000000e+03
1.616840900000000000e+07
2.652615722656250000e+03
4.239683437500000000e+05
6.470530625000000000e+05
8.514967187500000000e+04
4.849913437500000000e+05
2.911333437500000000e+05
9.510086914062500000e+03
1.671365156250000000e+05
7.854475781250000000e+04
1.496459570312500000e+04
2.109642089843750000e+03
1.037119873046875000e+03
1.444359277343750000e+04
2.183417200000000000e+07
1.587358750000000000e+05
4.244826953125000000e+04
7.478439375000000000e+05
1.018584453125000000e+05
2.132720468750000000e+05
2.568373632812500000e+04
9.023957812500000000e+04
6.270546484375000000e+04
2.661635253906250000e+03
6.980117000000000000e+06
4.713876000000000000e+06
1.587272500000000000e+05
3.773326250000000000e+05
6.361833984375000000e+04
2.746533500000000000e+06
2.396272500000000000e+06
9.451459000000000000e+06
6.504056500000000000e+06
6.435936328125000000e+04
1.106913046875000000e+05
1.642386406250000000e+05
5.397567500000000000e+06
5.633725600000000000e+07
5.170408400000000000e+07
8.959660156250000000e+04
6.939609000000000000e+06
9.676684570312500000e+03
1.352456909179687500e+03
6.522530000000000000e+05
1.427114257812500000e+04
8.597785644531250000e+02
1.445366500000000000e+06
6.911234375000000000e+04
6.279433203125000000e+04
2.027068328857421875e+02
1.790907500000000000e+05
4.443885742187500000e+03
8.080801562500000000e+04
6.384115234375000000e+04
1.693137500000000000e+06
1.493755859375000000e+04
2.633932500000000000e+06
2.978166250000000000e+05
9.911552734375000000e+03
4.267376000000000000e+06
1.787506875000000000e+05
3.452415937500000000e+05
2.742864062500000000e+04
4.908082000000000000e+06
5.128608000000000000e+06
3.271632750000000000e+06
8.442166000000000000e+06
2.378266500000000000e+06
2.057468125000000000e+05
1.884336425781250000e+03
4.185505312500000000e+05
4.749988437500000000e+05
4.141739062500000000e+04
6.700439000000000000e+06
2.622850799560546875e+01
6.086237890625000000e+04
8.738319396972656250e+01
1.115923500000000000e+06
5.409110000000000000e+06
6.159166000000000000e+07
5.532100097656250000e+03
2.134260500000000000e+06
2.307613281250000000e+04
7.669862500000000000e+04
2.172170500000000000e+06
3.044825312500000000e+05
3.737410583496093750e+02
1.709814875000000000e+06
7.341252000000000000e+06
1.450832160000000000e+08
4.377429296875000000e+04
2.421761250000000000e+05
9.169234000000000000e+06
8.514967187500000000e+04
1.884336425781250000e+03
4.677751953125000000e+04
6.581177734375000000e+03
1.935432250976562500e+03
3.080458750000000000e+05
1.557226269531250000e+04
5.641719341278076172e+00
3.975577354431152344e+00
2.390705108642578125e+02
4.626253125000000000e+04
2.108894800000000000e+07
2.170458398437500000e+04
7.183872070312500000e+02
1.647332397460937500e+03
1.619445312500000000e+04
1.129870605468750000e+04
3.349913330078125000e+02
7.639733593750000000e+04
1.313299751281738281e+01
1.881356250000000000e+06
6.914861328125000000e+03
1.416074250000000000e+06
1.731221435546875000e+03
1.456539184570312500e+03
1.407735156250000000e+05
1.848155000000000000e+06
6.279433203125000000e+04
5.101722500000000000e+05
8.201286500000000000e+06
6.855687255859375000e+02
1.326742968750000000e+05
1.379434218750000000e+05
9.397105216979980469e+00
2.056004333496093750e+02
3.962694531250000000e+04
5.839402000000000000e+06
1.238399500000000000e+06
3.703824800000000000e+07
8.170452343750000000e+04
1.414604375000000000e+06
1.321359500000000000e+06
3.992937744140625000e+03
2.419393750000000000e+04
4.695284687500000000e+05
2.461163024902343750e+02
1.833485750000000000e+06
3.102403200000000000e+07
3.706571250000000000e+06
1.153790468750000000e+05
1.854252929687500000e+04
3.284876250000000000e+06
2.548428281250000000e+05
3.663922187500000000e+05
6.531755000000000000e+05
3.347254000000000000e+06
5.032613671875000000e+04
1.481804565429687500e+03
4.351948242187500000e+03
1.682451757812500000e+04
9.397531250000000000e+04
7.273350219726562500e+02
2.993731250000000000e+04
5.819190429687500000e+03
7.707779687500000000e+04
1.256817913055419922e+01
5.222384765625000000e+04
4.240063750000000000e+05
3.342500305175781250e+02
1.527466015625000000e+04
7.341278125000000000e+04
7.273350219726562500e+02
5.657627000000000000e+06
7.976212500000000000e+04
3.337785937500000000e+04
5.789044140625000000e+04
3.298059844970703125e+01
5.534686279296875000e+01
5.101722500000000000e+05
2.482023593750000000e+05
4.122230468750000000e+03
5.819865000000000000e+05
7.073075195312500000e+03
3.231474365234375000e+03
1.011845200000000000e+07
1.088265200000000000e+07
8.683991875000000000e+05
9.231052343750000000e+04
7.986822656250000000e+04
4.456653213500976562e+01
2.073512187500000000e+05
1.865471500000000000e+06
2.410899500000000000e+06
2.177875585937500000e+04
2.135174800000000000e+07
1.368428515625000000e+04
2.651031250000000000e+06
4.477492980957031250e+02
5.214577026367187500e+02
9.397105216979980469e+00
3.701464653015136719e+00
2.796371875000000000e+04
1.172995703125000000e+05
1.199035546875000000e+05
7.976212500000000000e+04
3.631173046875000000e+04
1.317074511718750000e+04
3.978843017578125000e+03
4.300623535156250000e+03
7.114340820312500000e+03
5.266018066406250000e+03
4.868742980957031250e+02
4.233219623565673828e+00
2.583603750000000000e+06
8.324405000000000000e+05
4.164816250000000000e+05
3.812664375000000000e+05
4.486445937500000000e+05
4.165506640625000000e+04
5.393647460937500000e+03
6.275051269531250000e+03
1.039258100000000000e+07
5.378307500000000000e+05
4.866336425781250000e+03
1.345285797119140625e+02
3.027996826171875000e+01
1.486136406250000000e+05
5.791777734375000000e+04
3.083404296875000000e+03
1.330522167968750000e+04
1.187695703125000000e+04
5.894697952270507812e+01
3.919532812500000000e+05
2.142373632812500000e+04
9.397531250000000000e+04
7.976212500000000000e+04
7.833799316406250000e+03
2.696822656250000000e+04
1.689360000000000000e+05
6.235630468750000000e+04
5.018321484375000000e+04
7.487465209960937500e+02
5.487722167968750000e+03
3.984495544433593750e+02
2.476959750000000000e+06
8.873182500000000000e+05
5.069364062500000000e+05
2.758643554687500000e+04
3.164662812500000000e+05
1.411158007812500000e+04
3.481885156250000000e+04
1.251856718750000000e+05
2.238668906250000000e+05
1.224721313476562500e+03
2.700226250000000000e+06
9.370488000000000000e+06
2.963483750000000000e+06
7.199420312500000000e+04
4.078255312500000000e+05
2.808867200000000000e+07
5.598777500000000000e+05
5.747830963134765625e+01
4.217825625000000000e+05
5.845061875000000000e+05
9.847921875000000000e+04
1.524457187500000000e+05
3.241381054687500000e+04
2.511963476562500000e+04
6.137336425781250000e+03
1.326742968750000000e+05
3.024372558593750000e+03
2.403854687500000000e+05
1.454202148437500000e+04
4.165748828125000000e+04
1.015778984375000000e+05
1.509199750000000000e+06
1.397968750000000000e+05
1.290410781250000000e+05
1.315574687500000000e+05
3.011944687500000000e+05
1.022738828125000000e+05
2.833237548828125000e+03
5.745893750000000000e+05
4.290870937500000000e+05
5.365258750000000000e+05
2.916730859375000000e+04
2.803734500000000000e+06
4.354944375000000000e+05
2.783399375000000000e+05
6.580580000000000000e+05
9.293553750000000000e+05
2.342711562500000000e+05
4.141739062500000000e+04
2.165260937500000000e+05
1.172995703125000000e+05
4.477492980957031250e+02
5.604321289062500000e+03
9.397105216979980469e+00
1.694659057617187500e+03
6.490747451782226562e+00
7.897549375000000000e+05
3.494016250000000000e+06
9.803423125000000000e+05
4.709067187500000000e+04
1.780936875000000000e+05
2.321032812500000000e+04
4.300623535156250000e+03
9.215843750000000000e+04
4.877283325195312500e+02
2.360369682312011719e+00
1.448207375000000000e+06
1.701691000000000000e+06
2.159523750000000000e+06
3.251753320312500000e+04
4.808230590820312500e+02
1.414843250000000000e+06
1.320247812500000000e+05
4.677751953125000000e+04
1.884336425781250000e+03
5.347165527343750000e+03
5.904236450195312500e+02
1.021413330078125000e+03
2.963865478515625000e+03
5.641674518585205078e+00
5.478805160522460938e+01
1.038959503173828125e+00
2.184730468750000000e+04
5.106045000000000000e+05
1.004618984375000000e+05
7.183884887695312500e+02
2.228117431640625000e+03
9.619144287109375000e+02
1.300469360351562500e+02
4.235475158691406250e+01
2.599936218261718750e+02
3.072206497192382812e+00
1.323087695312500000e+04
3.980141601562500000e+03
1.950034218750000000e+05
2.083305206298828125e+02
1.669315910339355469e+01
1.868768164062500000e+04
3.092162109375000000e+03
7.004895996093750000e+03
5.598777500000000000e+05
8.634173393249511719e+00
9.397592968750000000e+04
5.657627000000000000e+06
7.679066894531250000e+03
3.091030500000000000e+06
5.809695703125000000e+04
5.362076953125000000e+04
8.289627343750000000e+04
3.311467250000000000e+06
9.079257812500000000e+02
2.163658800000000000e+07
1.216583789062500000e+04
4.596937011718750000e+03
6.557813500000000000e+06
2.798352187500000000e+05
9.622301250000000000e+05
1.347360625000000000e+06
5.489748800000000000e+07
1.974398750000000000e+05
1.287049375000000000e+05
3.261281500000000000e+06
5.632190500000000000e+06
1.448503200000000000e+07
5.450042187500000000e+04
9.396989822387695312e+00
3.683756637573242188e+01
3.895340937500000000e+05
8.192510156250000000e+04
4.346132324218750000e+03
6.718794531250000000e+04
1.852377343750000000e+04
4.477052307128906250e+01
2.029315156250000000e+05
2.680657421875000000e+04
6.435966796875000000e+04
1.751922031250000000e+05
2.437055175781250000e+03
1.290521250000000000e+06
5.471670703125000000e+04
2.060227929687500000e+04
2.551271200000000000e+07
2.675059179687500000e+04
1.417973925781250000e+04
1.437938300000000000e+07
1.165911300000000000e+07
7.976318750000000000e+04
1.689361406250000000e+05
7.020300781250000000e+04
9.397592968750000000e+04
1.043001328125000000e+05
7.576991406250000000e+04
2.476943000000000000e+06
8.523828750000000000e+05
6.862280625000000000e+05
7.385484375000000000e+04
4.520911500000000000e+06
5.598777500000000000e+05
3.092162109375000000e+03
3.090072822570800781e+01
5.657627000000000000e+06
1.521438906250000000e+05
3.073966210937500000e+04
3.311467250000000000e+06
4.448748828125000000e+04
2.562981445312500000e+03
5.394958000000000000e+06
5.977377500000000000e+05
1.667433471679687500e+02
3.585242187500000000e+03
6.479006835937500000e+03
8.405168533325195312e+00
6.240425000000000000e+04
1.819711718750000000e+04
1.291425659179687500e+03
1.186323535156250000e+04
1.586763793945312500e+03
1.119140136718750000e+04
1.692726757812500000e+04
8.149025878906250000e+03
1.105366706848144531e+01
2.163318359375000000e+04
4.948552551269531250e+02
3.074260986328125000e+03
1.307911171875000000e+05
3.143883984375000000e+04
7.179125976562500000e+03
7.691975585937500000e+03
1.099207343750000000e+05
4.809602539062500000e+03
1.467091308593750000e+03
1.888436914062500000e+04
1.140063359375000000e+05
8.369437500000000000e+04
2.065989875000000000e+06
7.415621093750000000e+04
2.816292250000000000e+06
3.821972656250000000e+04
1.615518250000000000e+06
5.925225500000000000e+06
4.751141500000000000e+06
1.278468625000000000e+06
1.811776953125000000e+04
1.316891125000000000e+06
9.301826250000000000e+05
1.211708700000000000e+07
3.510134000000000000e+06
9.212880625000000000e+05
1.730296562500000000e+05
9.274806000000000000e+06
7.286018000000000000e+06
2.997218500000000000e+06
1.815164000000000000e+07
2.944398250000000000e+06
1.413141600000000000e+07
1.596311500000000000e+06
2.775735200000000000e+07
3.769201500000000000e+06
1.868306000000000000e+07
4.047269600000000000e+07
3.298062896728515625e+01
5.788955468750000000e+04
1.873071655273437500e+03
5.101737187500000000e+05
4.566619531250000000e+04
1.455788750000000000e+06
9.231043750000000000e+04
3.214904052734375000e+03
4.682455625000000000e+05
1.479272812500000000e+05
9.094491406250000000e+04
5.657627000000000000e+06
4.346534667968750000e+03
2.646638250000000000e+06
3.899733600000000000e+07
1.042550781250000000e+04
7.004895996093750000e+03
1.599380874633789062e+01
8.514838281250000000e+04
9.906532031250000000e+04
6.483996484375000000e+04
3.648872187500000000e+05
5.535795410156250000e+03
8.287963867187500000e+03
3.415303437500000000e+05
4.676100937500000000e+05
1.884347167968750000e+03
2.723066806793212891e-01
5.893093750000000000e+04
1.671078125000000000e+03
5.214596557617187500e+02
6.339484765625000000e+04
2.651844921875000000e+04
1.125732543945312500e+03
9.174676513671875000e+01
2.824555664062500000e+04
9.302486328125000000e+03
4.596831542968750000e+03
4.028494062500000000e+05
1.350762304687500000e+04
1.520232187500000000e+05
9.363166992187500000e+03
1.914813281250000000e+05
3.152693847656250000e+03
5.214596557617187500e+02
2.550026855468750000e+02
7.928025781250000000e+04
2.662363867187500000e+04
3.148260986328125000e+03
2.536153515625000000e+04
1.640848266601562500e+03
6.334224609375000000e+03
7.976318750000000000e+04
4.905432617187500000e+03
4.557178906250000000e+04
1.212967109375000000e+05
1.326740312500000000e+05
5.101737187500000000e+05
9.847969531250000000e+04
1.147378320312500000e+04
1.848160250000000000e+06
3.241340625000000000e+04
1.707142968750000000e+04
1.445352625000000000e+06
1.695182875000000000e+06
4.743204687500000000e+04
1.238393625000000000e+06
1.509188250000000000e+06
1.196203046875000000e+05
3.177011000000000000e+06
2.057356093750000000e+05
1.449547656250000000e+05
6.956108125000000000e+05
7.378304000000000000e+06
5.970174218750000000e+04
2.814812750000000000e+06
1.014575900000000000e+07
4.661359062500000000e+05
2.218486500000000000e+06
1.677995125000000000e+06
4.979286500000000000e+06
1.475273200000000000e+07
2.396247500000000000e+06
3.843641250000000000e+05
1.359203750000000000e+05
1.807544687500000000e+05
9.827926000000000000e+06
8.744048437500000000e+04
7.590978500000000000e+06
9.223194400000000000e+07
4.552139500000000000e+06
2.802507500000000000e+06
1.171058160000000000e+08
5.123766406250000000e+04
1.671350937500000000e+05
8.464946289062500000e+03
9.397592968750000000e+04
1.196282812500000000e+05
2.636808984375000000e+04
2.129868500000000000e+06
1.970593750000000000e+06
2.752635625000000000e+05
4.957923125000000000e+05
5.623322400000000000e+07
6.339484765625000000e+04
5.214596557617187500e+02
6.638672000000000000e+06
4.014401123046875000e+03
1.125732543945312500e+03
1.790599750000000000e+06
3.960447265625000000e+03
4.960337500000000000e+04
3.415485382080078125e+00
8.578073750000000000e+05
9.302486328125000000e+03
9.216436000000000000e+06
2.064823242187500000e+04
8.983831875000000000e+05
1.973328094482421875e+02
3.141354750000000000e+06
2.333882968750000000e+05
8.323330078125000000e+02
8.514062500000000000e+05
2.430439062500000000e+04
2.505218000000000000e+06
4.915456542968750000e+03
4.053957250000000000e+06
3.237422500000000000e+05
1.047493984375000000e+05
1.061361375000000000e+06
1.935442382812500000e+03
4.942685546875000000e+04
2.702533203125000000e+04
6.855720214843750000e+02
1.025432586669921875e+01
9.092355468750000000e+03
2.304835351562500000e+04
1.809150756835937500e+03
5.578889453125000000e+04
3.392501953125000000e+03
3.117041406250000000e+04
4.677748046875000000e+04
3.091030500000000000e+06
9.397592968750000000e+04
1.730362304687500000e+04
7.420240625000000000e+04
5.424601953125000000e+04
4.553091125488281250e+02
5.657627000000000000e+06
7.453838750000000000e+05
1.671752807617187500e+03
1.176868750000000000e+06
4.047258750000000000e+06
1.003400585937500000e+04
6.557813500000000000e+06
9.966825000000000000e+06
5.611557031250000000e+04
3.161886000000000000e+06
2.990561250000000000e+05
3.640060156250000000e+04
1.764203200000000000e+07
4.203143600000000000e+07
4.078733437500000000e+05
1.603074500000000000e+06
2.789316400000000000e+07
1.099999600000000000e+07
2.401769280000000000e+08
