1.861492968750000000e+05
4.340121000000000000e+06
2.154642187500000000e+05
4.317017187500000000e+05
2.276923500000000000e+06
1.518697125000000000e+06
2.588965234375000000e+04
2.766222500000000000e+06
6.485475000000000000e+05
7.011121093750000000e+04
1.596922400000000000e+07
2.314803250000000000e+06
1.816704062500000000e+05
7.197378000000000000e+06
4.277701500000000000e+06
2.119055625000000000e+05
2.893754800000000000e+07
2.237684500000000000e+06
1.510998500000000000e+06
2.727627250000000000e+06
7.784831200000000000e+07
1.570788600000000000e+07
2.277016750000000000e+06
7.113919500000000000e+06
2.863742800000000000e+07
7.669652000000000000e+07
1.182495625000000000e+05
9.383819531250000000e+04
6.789425000000000000e+05
1.518697125000000000e+06
1.449692875000000000e+06
7.734801875000000000e+05
4.732411000000000000e+06
1.768743250000000000e+06
5.698118750000000000e+05
3.780923750000000000e+06
2.748821000000000000e+06
3.601285312500000000e+05
7.180294375000000000e+05
8.782729375000000000e+05
6.473580000000000000e+05
4.410306562500000000e+05
1.156279625000000000e+06
1.608442000000000000e+06
1.692522375000000000e+06
2.126968000000000000e+06
2.506546750000000000e+06
9.051164000000000000e+06
1.379819200000000000e+07
1.008498400000000000e+07
3.085890800000000000e+07
1.073472000000000000e+06
1.182495625000000000e+05
2.520798250000000000e+06
1.879382656250000000e+05
1.852088000000000000e+07
5.235680078125000000e+04
8.229156875000000000e+05
2.202544800000000000e+07
7.521192800000000000e+07
1.202345600000000000e+07
1.008776576000000000e+09
7.283003000000000000e+06
2.814503600000000000e+07
8.578807000000000000e+06
9.114410156250000000e+04
2.245097500000000000e+06
1.560275000000000000e+07
2.140828800000000000e+09
1.841559200000000000e+07
6.470479200000000000e+07
8.608222720000000000e+08
7.414751000000000000e+06
1.871321472000000000e+09
7.418246250000000000e+05
2.628562750000000000e+06
5.269949000000000000e+06
3.340036875000000000e+05
4.932498750000000000e+05
1.172045100000000000e+07
4.776098125000000000e+05
5.294542000000000000e+06
1.659676406250000000e+05
3.656637500000000000e+06
5.502419000000000000e+06
1.209515000000000000e+07
7.224322500000000000e+05
5.478274000000000000e+07
4.385714000000000000e+06
6.703494500000000000e+06
2.800372400000000000e+07
2.592474250000000000e+06
5.745670000000000000e+06
2.046726400000000000e+07
4.697234400000000000e+07
8.829217000000000000e+06
9.999844000000000000e+06
1.142931760000000000e+08
3.596092800000000000e+07
7.537162400000000000e+07
8.322285625000000000e+05
2.262039257812500000e+04
1.932043281250000000e+05
1.094074500000000000e+06
4.596513500000000000e+06
4.628925500000000000e+06
5.720959600000000000e+07
1.163070250000000000e+06
5.480202500000000000e+05
5.135215000000000000e+06
1.259084277343750000e+04
2.432384000000000000e+07
2.798095937500000000e+05
2.520352968750000000e+05
1.098209300000000000e+07
1.773752640000000000e+08
2.894531250000000000e+06
4.691873600000000000e+08
2.230389500000000000e+06
2.234760400000000000e+07
4.967508400000000000e+07
2.167331093750000000e+05
1.333450125000000000e+06
9.819381000000000000e+06
1.239397248000000000e+09
7.390416500000000000e+06
6.643838800000000000e+07
2.800614400000000000e+08
2.246976000000000000e+07
6.904208000000000000e+08
1.367703300000000000e+07
7.032461500000000000e+06
4.512598000000000000e+06
2.281394500000000000e+06
1.705412968750000000e+05
4.171657187500000000e+05
5.245573600000000000e+07
2.232984000000000000e+07
9.211409000000000000e+06
3.322893750000000000e+06
7.289650400000000000e+07
1.068021718750000000e+05
5.240265000000000000e+06
6.283234375000000000e+05
1.256853375000000000e+06
3.045887000000000000e+06
1.128319875000000000e+06
2.387934500000000000e+06
5.220361200000000000e+07
3.626745750000000000e+06
8.931762500000000000e+05
2.131374400000000000e+07
2.460535500000000000e+06
6.543070000000000000e+06
6.867168000000000000e+07
1.930994000000000000e+07
2.218093000000000000e+06
1.666839520000000000e+08
2.871652000000000000e+07
1.037228300000000000e+07
6.749210400000000000e+07
3.121767360000000000e+08
1.190012560000000000e+08
1.560379100000000000e+07
1.443008160000000000e+08
6.434791040000000000e+08
9.223691520000000000e+08
8.941097600000000000e+07
1.283890300000000000e+07
5.170335500000000000e+06
3.811832960000000000e+08
5.803881000000000000e+06
1.012558203125000000e+05
2.064961625000000000e+06
1.349536523437500000e+04
1.379819200000000000e+07
4.970092500000000000e+06
6.432967500000000000e+05
4.091754062500000000e+05
1.169379062500000000e+05
1.966688125000000000e+05
9.747879200000000000e+07
1.660292700000000000e+07
1.393778375000000000e+06
1.974523500000000000e+06
3.984674609375000000e+04
1.177234750000000000e+06
1.634786100000000000e+07
4.386940000000000000e+06
2.424729500000000000e+06
2.183413281250000000e+05
4.896112400000000000e+07
3.650264000000000000e+07
6.993109500000000000e+06
1.235534250000000000e+06
6.865422000000000000e+06
2.330796800000000000e+07
7.098759000000000000e+06
1.086392000000000000e+06
2.401996800000000000e+07
9.092935000000000000e+06
4.646833200000000000e+07
4.107791200000000000e+07
1.672717800000000000e+07
1.671203100000000000e+07
9.239250000000000000e+05
2.663011200000000000e+07
1.968730400000000000e+07
4.005318720000000000e+08
3.057306800000000000e+07
7.434985600000000000e+07
3.244789250000000000e+06
2.350127360000000000e+08
4.928703040000000000e+08
4.428415500000000000e+06
7.805680640000000000e+08
2.747780400000000000e+07
1.407016448000000000e+09
9.878988000000000000e+06
2.432340224000000000e+09
3.592673280000000000e+08
1.072612992000000000e+09
1.512583424000000000e+09
5.457853200000000000e+07
8.534742000000000000e+06
3.015915750000000000e+06
3.757963750000000000e+06
2.335870500000000000e+06
3.992190625000000000e+04
1.035580320000000000e+08
9.971280000000000000e+07
1.298588400000000000e+07
7.549149000000000000e+06
1.977688960000000000e+08
1.106612187500000000e+05
2.248628750000000000e+06
1.217402625000000000e+06
2.461307500000000000e+06
2.045208400000000000e+07
2.891945600000000000e+07
3.621709750000000000e+06
2.652169000000000000e+06
2.457746093750000000e+05
6.485381875000000000e+05
7.031051200000000000e+07
2.002248800000000000e+07
2.853095200000000000e+07
2.613435000000000000e+06
6.912216000000000000e+07
5.459396000000000000e+06
2.429133125000000000e+05
3.307637109375000000e+04
1.267996200000000000e+07
1.180923000000000000e+06
4.317017187500000000e+05
5.089355600000000000e+07
5.380299500000000000e+06
2.371850781250000000e+05
1.253902700000000000e+07
5.018362000000000000e+07
5.580276000000000000e+06
1.151395125000000000e+06
3.427556750000000000e+06
2.032751600000000000e+07
4.700385500000000000e+06
1.805435625000000000e+06
1.861492968750000000e+05
4.317017187500000000e+05
2.028560800000000000e+07
4.810971500000000000e+06
8.791016250000000000e+05
4.238345625000000000e+05
4.560653437500000000e+05
2.588965234375000000e+04
3.602573200000000000e+07
1.225479900000000000e+07
4.645762500000000000e+06
1.917193500000000000e+06
1.768152875000000000e+06
1.816704062500000000e+05
1.259232900000000000e+07
2.001370400000000000e+07
4.728044000000000000e+06
4.148001250000000000e+05
7.780898400000000000e+07
3.565440800000000000e+07
1.206782000000000000e+07
1.882677250000000000e+06
1.246237000000000000e+07
7.702564000000000000e+07
7.453055500000000000e+06
1.825953200000000000e+07
3.380956250000000000e+06
1.086392000000000000e+06
1.259852375000000000e+06
1.808843125000000000e+05
2.515984800000000000e+07
1.333306800000000000e+07
1.116951300000000000e+07
3.376042750000000000e+06
4.884397600000000000e+07
2.652179000000000000e+06
2.276936500000000000e+06
9.721099000000000000e+06
2.140804250000000000e+06
9.383819531250000000e+04
4.780162500000000000e+05
5.498200000000000000e+05
1.134020125000000000e+06
1.768153125000000000e+05
4.315164687500000000e+05
1.438220800000000000e+07
8.112064500000000000e+06
6.007340500000000000e+06
3.252866000000000000e+07
1.673135700000000000e+07
3.384482250000000000e+06
3.327079500000000000e+06
3.114990000000000000e+05
7.399402500000000000e+05
1.355505875000000000e+06
1.069876560000000000e+08
4.635466800000000000e+07
3.875509500000000000e+06
4.339047600000000000e+07
7.091613000000000000e+06
8.832380000000000000e+07
2.045208400000000000e+07
7.672447200000000000e+07
6.349253000000000000e+06
2.566068750000000000e+06
1.787491125000000000e+06
6.215590500000000000e+06
3.858987840000000000e+08
4.753220400000000000e+07
1.923070720000000000e+08
1.210389700000000000e+07
6.792709760000000000e+08
2.045208400000000000e+07
6.031030000000000000e+06
5.286783593750000000e+04
1.111852880000000000e+08
6.905326875000000000e+05
5.921857500000000000e+05
2.332986560000000000e+08
1.391275125000000000e+06
1.750236875000000000e+06
2.645368400000000000e+07
5.326675600000000000e+07
6.626053000000000000e+06
6.311478500000000000e+06
1.164356250000000000e+04
2.071883600000000000e+07
5.398775390625000000e+04
1.106975312500000000e+05
1.721138880000000000e+08
8.745268125000000000e+05
9.833217500000000000e+05
3.563469500000000000e+06
6.470194800000000000e+07
5.269949000000000000e+06
3.938477500000000000e+06
2.628562750000000000e+06
3.696030312500000000e+05
1.008498400000000000e+07
5.294542000000000000e+06
3.996480500000000000e+06
1.518697125000000000e+06
2.801139687500000000e+05
7.161604375000000000e+05
7.171340000000000000e+07
5.478274000000000000e+07
6.269133000000000000e+06
2.000637600000000000e+07
3.155948250000000000e+06
7.690257500000000000e+06
5.425853600000000000e+07
1.899998400000000000e+07
2.361962800000000000e+07
2.041071500000000000e+06
1.915427200000000000e+08
5.229250400000000000e+07
1.379643680000000000e+08
3.010039200000000000e+07
1.364441920000000000e+08
3.674365440000000000e+08
6.235033500000000000e+06
4.499875312500000000e+05
1.389148500000000000e+06
8.517065000000000000e+06
1.379819200000000000e+07
1.172045100000000000e+07
2.847227000000000000e+06
3.896106250000000000e+05
1.029859062500000000e+06
3.125825312500000000e+05
2.327118800000000000e+07
1.823269600000000000e+07
2.992785200000000000e+07
1.034136375000000000e+06
6.351209500000000000e+06
1.321674800000000000e+07
1.724509200000000000e+07
5.537820400000000000e+07
1.948690800000000000e+07
8.726190625000000000e+05
5.755062000000000000e+07
1.087133120000000000e+08
1.019103200000000000e+08
7.167581500000000000e+06
1.724184640000000000e+08
2.277348000000000000e+08
5.045453000000000000e+06
2.699935000000000000e+06
1.300708984375000000e+05
1.156427800000000000e+07
2.652169000000000000e+06
1.264561700000000000e+07
1.854254800000000000e+07
6.333961718750000000e+04
1.128319875000000000e+06
4.201722000000000000e+06
3.556587646484375000e+03
1.287124125000000000e+06
6.782797363281250000e+03
9.764251562500000000e+04
1.927013200000000000e+07
5.084679200000000000e+07
2.784328437500000000e+05
6.254548000000000000e+07
9.294511875000000000e+05
5.010688000000000000e+06
5.881773000000000000e+06
7.204747070312500000e+03
4.465226875000000000e+05
2.619903281250000000e+05
1.407391360000000000e+08
8.966968750000000000e+05
1.065452800000000000e+07
1.664487700000000000e+07
9.058507500000000000e+05
3.765195200000000000e+07
3.896106250000000000e+05
2.333025250000000000e+06
4.932498750000000000e+05
1.429413250000000000e+06
2.520798250000000000e+06
9.383819531250000000e+04
6.674508125000000000e+05
4.810971500000000000e+06
4.042768000000000000e+06
2.728610937500000000e+05
6.198282500000000000e+06
2.642850000000000000e+06
1.399404375000000000e+06
1.060681800000000000e+07
1.493973500000000000e+07
2.415398500000000000e+06
1.379032600000000000e+07
1.000990100000000000e+07
5.190649375000000000e+05
1.024319400000000000e+07
1.195652560000000000e+08
2.238015200000000000e+07
4.104600500000000000e+06
2.930580800000000000e+07
3.348661200000000000e+07
1.332888080000000000e+08
1.165882500000000000e+07
4.646833200000000000e+07
3.896106250000000000e+05
3.268042812500000000e+05
5.176773600000000000e+07
1.335467700000000000e+07
1.031293062500000000e+06
6.031030000000000000e+06
2.921838500000000000e+06
3.214839687500000000e+05
9.271703040000000000e+08
1.943950400000000000e+07
1.899665000000000000e+06
1.805213600000000000e+07
3.659721500000000000e+06
2.875442812500000000e+05
1.557231520000000000e+08
4.076655600000000000e+07
7.031395500000000000e+06
3.814152000000000000e+06
2.290959360000000000e+09
1.230349760000000000e+08
8.092392000000000000e+06
4.700762500000000000e+06
2.062713120000000000e+08
4.718581440000000000e+08
3.967346000000000000e+07
1.264561700000000000e+07
2.652169000000000000e+06
2.672274500000000000e+06
6.598752400000000000e+07
1.312716000000000000e+07
4.145283750000000000e+06
1.128319875000000000e+06
4.054807500000000000e+06
6.736338750000000000e+05
2.238801920000000000e+08
7.799576000000000000e+07
1.300735840000000000e+08
1.927013200000000000e+07
4.615519600000000000e+07
6.585734500000000000e+06
2.048949760000000000e+08
2.182989440000000000e+08
1.345207800000000000e+07
3.738022750000000000e+06
5.344039040000000000e+08
9.353534720000000000e+08
1.423658400000000000e+08
3.764685200000000000e+07
1.712676960000000000e+08
9.797056000000000000e+08
5.625586400000000000e+07
9.502718125000000000e+05
3.036351250000000000e+06
4.427565600000000000e+07
6.106045500000000000e+06
1.008498400000000000e+07
6.318648828125000000e+04
1.607943900000000000e+07
4.343691562500000000e+05
6.755761875000000000e+05
3.424166720000000000e+08
4.486359000000000000e+06
6.994083500000000000e+06
7.262362000000000000e+06
1.628832960000000000e+08
4.238345625000000000e+05
1.947550125000000000e+06
3.379444250000000000e+06
5.480202500000000000e+05
8.461222500000000000e+05
1.423968125000000000e+06
4.770910500000000000e+06
3.029438500000000000e+06
3.565203250000000000e+06
2.331755250000000000e+06
4.665355000000000000e+06
1.076751040000000000e+08
1.979982400000000000e+07
3.076174000000000000e+06
4.223552500000000000e+06
4.000522500000000000e+06
1.717869531250000000e+05
3.758230080000000000e+08
5.915997200000000000e+07
9.799941000000000000e+06
3.915389750000000000e+06
1.419271520000000000e+08
2.276923500000000000e+06
5.294542000000000000e+06
9.383819531250000000e+04
9.922653906250000000e+04
3.725014800000000000e+07
2.652169000000000000e+06
5.965497500000000000e+05
1.379819200000000000e+07
1.287832625000000000e+06
4.016804687500000000e+05
1.055495840000000000e+08
1.438215300000000000e+07
4.081180750000000000e+06
8.881200800000000000e+07
3.357436500000000000e+06
2.752905937500000000e+05
7.266510400000000000e+07
5.110873200000000000e+07
4.909645500000000000e+06
1.379129800000000000e+07
6.120313600000000000e+08
1.555836160000000000e+08
2.531581200000000000e+07
3.618798800000000000e+07
1.093146320000000000e+08
7.121197440000000000e+08
4.818961000000000000e+06
2.345474687500000000e+05
1.507585750000000000e+06
4.150292000000000000e+06
1.413780500000000000e+07
5.294542000000000000e+06
1.008498400000000000e+07
2.019276250000000000e+05
5.480202500000000000e+05
1.012027125000000000e+06
1.956177187500000000e+05
1.518697125000000000e+06
2.631244726562500000e+04
1.012877890625000000e+05
5.644287600000000000e+07
4.282153600000000000e+07
3.135900750000000000e+06
5.425853600000000000e+07
2.261105500000000000e+06
2.058002125000000000e+06
1.030307500000000000e+07
2.292616875000000000e+05
3.814689687500000000e+05
7.670848125000000000e+05
4.770042880000000000e+08
1.757972000000000000e+07
1.930394000000000000e+07
1.398976200000000000e+07
5.094990000000000000e+06
1.256848560000000000e+08
2.398444800000000000e+07
1.646404700000000000e+07
2.548086000000000000e+07
1.858438000000000000e+06
1.086392000000000000e+06
1.381339750000000000e+06
4.767528750000000000e+05
9.779976250000000000e+05
1.716533125000000000e+05
3.097940625000000000e+05
7.308444800000000000e+07
9.687086400000000000e+07
6.912046000000000000e+06
1.320947440000000000e+08
6.674176500000000000e+06
1.003132600000000000e+07
3.838238500000000000e+06
1.075709125000000000e+06
9.548221250000000000e+05
1.592328000000000000e+06
2.250708800000000000e+08
2.340932800000000000e+07
3.571260000000000000e+07
6.604519600000000000e+07
3.652096250000000000e+06
1.098126160000000000e+08
5.507580000000000000e+06
2.290140781250000000e+05
1.834342750000000000e+06
2.400641200000000000e+07
1.086392000000000000e+06
7.098759000000000000e+06
5.480202500000000000e+05
4.954848500000000000e+06
4.646833200000000000e+07
4.932498750000000000e+05
3.248117500000000000e+06
4.223552500000000000e+06
1.823186400000000000e+07
1.255342875000000000e+06
1.968730400000000000e+07
3.681544250000000000e+06
7.774803000000000000e+06
9.045624000000000000e+06
2.404013600000000000e+07
5.961881000000000000e+06
2.789311200000000000e+07
2.534586400000000000e+07
6.064615000000000000e+06
2.474692400000000000e+07
6.374782400000000000e+07
3.348246400000000000e+07
1.012557600000000000e+07
2.098850800000000000e+07
8.090467200000000000e+07
7.099644000000000000e+07
8.003947200000000000e+07
3.483455000000000000e+05
1.415252000000000000e+06
2.492009200000000000e+07
1.861492968750000000e+05
2.154642187500000000e+05
9.334368750000000000e+05
1.130883875000000000e+06
1.518697125000000000e+06
1.536528875000000000e+06
8.164127343750000000e+04
1.672862875000000000e+06
1.630701250000000000e+05
4.622971562500000000e+05
2.314803250000000000e+06
1.637694625000000000e+06
4.712340625000000000e+05
5.122718000000000000e+06
1.566887187500000000e+05
1.018201562500000000e+06
7.186637000000000000e+06
2.526895000000000000e+06
1.400712750000000000e+06
1.154011500000000000e+06
1.424779200000000000e+07
2.636201750000000000e+06
1.798957625000000000e+06
3.642287750000000000e+06
6.187893000000000000e+06
1.106822700000000000e+07
9.383819531250000000e+04
6.031030000000000000e+06
5.547161250000000000e+05
4.223552500000000000e+06
1.382758750000000000e+05
5.296587500000000000e+06
2.567419600000000000e+07
2.966883750000000000e+05
7.427561500000000000e+06
1.493175800000000000e+07
6.131305200000000000e+07
1.288497500000000000e+07
6.563000000000000000e+05
6.169908500000000000e+06
4.492760937500000000e+05
1.172045100000000000e+07
5.625586400000000000e+07
1.600676125000000000e+06
4.646833200000000000e+07
2.179475000000000000e+06
5.142458500000000000e+06
6.632962000000000000e+07
1.462004800000000000e+08
2.980793200000000000e+07
5.235748000000000000e+07
5.261146000000000000e+06
5.105589000000000000e+06
9.014785280000000000e+08
2.789231600000000000e+07
7.785677600000000000e+07
9.471546000000000000e+06
7.006556160000000000e+08
1.863655360000000000e+08
1.030241280000000000e+08
3.713501600000000000e+07
2.837921920000000000e+08
6.031106560000000000e+08
1.379819200000000000e+07
3.237935600000000000e+07
1.528363900000000000e+07
2.150698500000000000e+06
2.746895000000000000e+06
1.768964250000000000e+06
9.267073750000000000e+05
9.657710000000000000e+06
9.589404375000000000e+05
8.592137000000000000e+06
2.268473920000000000e+08
3.275760000000000000e+07
2.290236400000000000e+07
6.715028800000000000e+07
2.544244400000000000e+07
5.245874400000000000e+07
2.218004000000000000e+07
2.939776750000000000e+06
1.250463400000000000e+07
3.217564000000000000e+07
2.466489920000000000e+08
1.459500160000000000e+08
1.116083120000000000e+08
1.981918080000000000e+08
2.593638800000000000e+07
2.635162400000000000e+08
3.896106250000000000e+05
2.162072500000000000e+06
4.590512000000000000e+06
3.358329750000000000e+06
3.509815600000000000e+07
2.848519750000000000e+06
2.031639125000000000e+06
1.909433200000000000e+07
1.114657100000000000e+07
1.861492968750000000e+05
1.162235250000000000e+06
5.294542000000000000e+06
1.023212812500000000e+06
6.039864453125000000e+04
7.854528800000000000e+07
1.636979600000000000e+07
4.096904687500000000e+05
1.375454700000000000e+07
1.987141600000000000e+08
1.186576500000000000e+06
5.189522500000000000e+06
1.465496406250000000e+05
3.435973437500000000e+04
1.567994125000000000e+06
3.896106250000000000e+05
3.498184765625000000e+04
1.294267000000000000e+06
1.470561875000000000e+05
2.315596289062500000e+04
9.134131000000000000e+06
4.219522500000000000e+06
2.842143437500000000e+05
5.860155000000000000e+06
1.057763125000000000e+06
5.516037890625000000e+04
2.489926500000000000e+06
9.334727343750000000e+04
5.455382421875000000e+04
1.116725156250000000e+05
1.922435200000000000e+07
1.238811750000000000e+06
1.778155250000000000e+06
6.904319375000000000e+05
9.383291406250000000e+04
1.525659375000000000e+06
5.294542000000000000e+06
3.961187750000000000e+06
7.230249375000000000e+05
2.060514000000000000e+07
4.238345625000000000e+05
1.947550125000000000e+06
8.703212800000000000e+07
2.201682031250000000e+05
5.480202500000000000e+05
4.223552500000000000e+06
1.250287695312500000e+04
7.098759000000000000e+06
2.778217187500000000e+05
1.690742875000000000e+06
4.770910500000000000e+06
1.705332000000000000e+07
3.114898125000000000e+05
3.312629200000000000e+07
7.494425000000000000e+05
4.963833600000000000e+07
9.045624000000000000e+06
2.135525156250000000e+05
2.213319750000000000e+06
2.638055500000000000e+06
6.507348800000000000e+07
3.171740500000000000e+06
1.363946800000000000e+07
1.301834600000000000e+07
4.680190500000000000e+06
4.244010400000000000e+07
1.086392000000000000e+06
7.866570500000000000e+06
1.080181400000000000e+07
6.024172500000000000e+05
1.455920900000000000e+07
2.188412000000000000e+07
3.631242578125000000e+04
6.379466000000000000e+07
4.073260625000000000e+05
2.177110750000000000e+06
1.265642700000000000e+07
4.397813600000000000e+07
8.060375625000000000e+05
6.883967200000000000e+07
4.034391000000000000e+06
6.349998000000000000e+06
5.125802880000000000e+08
2.712315250000000000e+06
1.657201700000000000e+07
3.658363600000000000e+07
2.510076320000000000e+08
8.128668500000000000e+06
3.340196400000000000e+07
2.919740800000000000e+07
4.373248320000000000e+08
1.966183520000000000e+08
1.114657100000000000e+07
5.625586400000000000e+07
5.294542000000000000e+06
1.053060500000000000e+06
4.936948500000000000e+06
1.861492968750000000e+05
5.245408125000000000e+05
4.223552500000000000e+06
2.357068750000000000e+06
3.612977812500000000e+05
5.650815200000000000e+07
7.854528800000000000e+07
9.218018000000000000e+06
6.193919600000000000e+07
6.399537200000000000e+07
6.722739000000000000e+06
1.706122400000000000e+07
2.849873000000000000e+06
8.623728750000000000e+05
1.927303600000000000e+07
9.549793920000000000e+08
6.078534000000000000e+07
6.169724800000000000e+07
3.169060160000000000e+08
3.054905200000000000e+07
1.302317824000000000e+09
1.128319875000000000e+06
2.045208400000000000e+07
9.383819531250000000e+04
2.801330566406250000e+03
9.945164800000000000e+07
4.238345625000000000e+05
6.744509277343750000e+03
1.367703300000000000e+07
5.929235156250000000e+04
3.347718261718750000e+03
1.799655520000000000e+08
1.956791750000000000e+06
6.867097167968750000e+03
1.364197280000000000e+08
4.366039062500000000e+05
5.829607421875000000e+03
1.405414560000000000e+08
1.318889500000000000e+06
5.867560937500000000e+04
1.041106750000000000e+06
9.357460480000000000e+08
4.665475500000000000e+06
1.012487812500000000e+05
7.667526000000000000e+06
9.497867000000000000e+06
3.752226000000000000e+07
5.290669600000000000e+07
4.223552500000000000e+06
1.724655625000000000e+06
5.264574000000000000e+06
1.157930500000000000e+06
2.555114648437500000e+04
6.516938400000000000e+07
4.191775200000000000e+07
3.713293000000000000e+06
5.506629000000000000e+06
6.275495600000000000e+07
3.045887000000000000e+06
3.896106250000000000e+05
4.818961000000000000e+06
8.226230000000000000e+05
1.646404700000000000e+07
3.229220800000000000e+07
3.958687750000000000e+06
1.825953200000000000e+07
3.562915000000000000e+05
3.735998250000000000e+06
3.880960800000000000e+07
1.706777760000000000e+08
2.911543200000000000e+07
1.999512000000000000e+07
1.557769375000000000e+06
5.423765000000000000e+06
4.219137280000000000e+08
2.396007200000000000e+07
1.104172880000000000e+08
1.289734200000000000e+07
1.551234944000000000e+09
2.893276480000000000e+08
4.054039040000000000e+08
1.326278600000000000e+07
9.183718400000000000e+08
4.239613696000000000e+09
2.379160250000000000e+06
2.045208400000000000e+07
1.773840234375000000e+04
3.630178000000000000e+07
5.258135000000000000e+05
3.955706562500000000e+05
1.512098240000000000e+08
6.882913125000000000e+05
5.110234062500000000e+05
1.080486400000000000e+07
2.068121200000000000e+07
4.932498750000000000e+05
1.086392000000000000e+06
4.646833200000000000e+07
7.011709375000000000e+04
5.480202500000000000e+05
4.223552500000000000e+06
3.992423046875000000e+04
7.098759000000000000e+06
5.999061250000000000e+05
3.809949500000000000e+06
3.681544250000000000e+06
2.789311200000000000e+07
8.716932500000000000e+05
1.968730400000000000e+07
1.052821625000000000e+06
5.222253600000000000e+07
9.045624000000000000e+06
8.982803750000000000e+05
6.364816000000000000e+06
9.236815000000000000e+06
6.374782400000000000e+07
6.000755000000000000e+06
4.077083200000000000e+07
2.547614800000000000e+07
1.342747000000000000e+07
1.016730640000000000e+08
1.713544875000000000e+06
2.643129750000000000e+06
3.334359062500000000e+05
3.700735750000000000e+06
1.082878984375000000e+05
1.182495625000000000e+05
1.995934400000000000e+07
6.736338750000000000e+05
1.870769875000000000e+06
3.318909200000000000e+07
3.210440000000000000e+05
1.204369900000000000e+07
1.056587500000000000e+06
6.005971000000000000e+06
6.070946000000000000e+06
1.335582960000000000e+08
6.538049375000000000e+05
1.383054800000000000e+07
5.544188125000000000e+05
1.911652400000000000e+07
2.203697440000000000e+08
6.865546500000000000e+06
3.074563600000000000e+07
2.046706800000000000e+07
4.276475200000000000e+08
4.714639500000000000e+06
1.571394880000000000e+08
2.402950000000000000e+07
4.256918720000000000e+08
5.368998400000000000e+08
2.991935000000000000e+06
1.671203100000000000e+07
1.849715600000000000e+07
5.979715000000000000e+06
3.896106250000000000e+05
4.281546000000000000e+06
8.333595000000000000e+05
1.455920900000000000e+07
8.278234375000000000e+05
2.466881750000000000e+06
3.938589200000000000e+07
9.078695200000000000e+07
3.151878400000000000e+07
2.169221760000000000e+08
2.271529600000000000e+07
4.865475600000000000e+07
8.093109500000000000e+06
1.566497875000000000e+06
6.553793000000000000e+06
5.109330000000000000e+06
8.894174080000000000e+08
2.198600640000000000e+08
5.695029760000000000e+08
2.959443200000000000e+08
1.060319700000000000e+07
2.285050624000000000e+09
7.866570500000000000e+06
3.509815600000000000e+07
7.650362500000000000e+05
1.413780500000000000e+07
2.065038281250000000e+05
2.883049062500000000e+05
1.541033600000000000e+08
5.926259000000000000e+06
1.718766000000000000e+07
3.622590500000000000e+06
1.017972480000000000e+08
4.948176000000000000e+06
1.172975400000000000e+07
5.264574000000000000e+06
1.377838500000000000e+06
5.454278750000000000e+05
2.053500750000000000e+06
1.949891625000000000e+06
4.932498750000000000e+05
1.745481250000000000e+05
9.662372656250000000e+04
9.004088000000000000e+06
2.281059200000000000e+07
1.435748600000000000e+07
2.836994800000000000e+07
7.177630000000000000e+06
8.531722000000000000e+06
4.826725000000000000e+06
2.072233250000000000e+06
1.184655800000000000e+07
1.008932875000000000e+06
3.162102800000000000e+07
2.703900400000000000e+07
8.248858400000000000e+07
5.347319600000000000e+07
2.707136000000000000e+07
1.920754080000000000e+08
2.923150800000000000e+07
3.319200400000000000e+07
4.780162500000000000e+05
2.653198437500000000e+05
4.115264400000000000e+07
1.379819200000000000e+07
1.133428625000000000e+06
4.818961000000000000e+06
3.371670250000000000e+06
8.462191250000000000e+05
2.079260928000000000e+09
1.175370320000000000e+08
2.072278800000000000e+07
2.061732400000000000e+07
2.082394400000000000e+07
9.501468125000000000e+05
1.767747680000000000e+08
3.233251600000000000e+07
1.700058000000000000e+07
4.516193000000000000e+06
1.932341120000000000e+09
1.188382336000000000e+09
2.051577760000000000e+08
3.208041200000000000e+07
8.504505600000000000e+07
2.983686144000000000e+09
1.223255250000000000e+06
1.947550125000000000e+06
1.549468437500000000e+05
1.642737500000000000e+06
5.323572500000000000e+05
2.911383437500000000e+05
5.468379000000000000e+06
8.529016250000000000e+05
7.784338125000000000e+05
7.599200625000000000e+05
3.617974500000000000e+06
1.276849375000000000e+06
2.520798250000000000e+06
2.045208400000000000e+07
6.736338750000000000e+05
2.205180800000000000e+07
1.090129280000000000e+08
4.108093500000000000e+06
3.152635600000000000e+07
4.053636250000000000e+06
4.601974500000000000e+06
2.789093200000000000e+07
2.042429600000000000e+08
4.026703500000000000e+06
6.714977600000000000e+07
1.004562900000000000e+07
1.727890800000000000e+07
8.562307200000000000e+08
5.783054800000000000e+07
3.061235200000000000e+08
5.564056000000000000e+07
1.681003392000000000e+09
5.848902800000000000e+07
2.177064000000000000e+08
1.106401280000000000e+08
1.614337280000000000e+09
3.745558528000000000e+09
1.671203100000000000e+07
4.107791200000000000e+07
1.271607031250000000e+05
4.646833200000000000e+07
4.030401855468750000e+03
1.840330859375000000e+04
4.928703040000000000e+08
4.544706250000000000e+05
3.718687000000000000e+06
6.743869531250000000e+04
1.788185200000000000e+07
1.379819200000000000e+07
1.172045100000000000e+07
9.532895000000000000e+06
3.896106250000000000e+05
4.200628000000000000e+06
2.192094500000000000e+06
1.724509200000000000e+07
1.352788640000000000e+08
8.766154400000000000e+07
1.934575500000000000e+06
2.047293440000000000e+08
1.114657100000000000e+07
1.861492968750000000e+05
2.069746750000000000e+06
2.924404296875000000e+04
5.294542000000000000e+06
6.243201600000000000e+07
1.027047421875000000e+05
4.368005000000000000e+05
2.889296679687500000e+04
3.295939062500000000e+04
7.854528800000000000e+07
8.994309600000000000e+07
2.841260000000000000e+05
1.981497375000000000e+06
1.873566992187500000e+04
8.455192187500000000e+04
4.649794400000000000e+07
9.823055468750000000e+04
1.334791250000000000e+06
9.986753906250000000e+04
3.202773120000000000e+08
8.950608125000000000e+05
3.235253750000000000e+06
7.524403125000000000e+04
4.871986500000000000e+06
9.010909000000000000e+06
9.383819531250000000e+04
3.896106250000000000e+05
6.031030000000000000e+06
5.628320800781250000e+03
4.932498750000000000e+05
4.223552500000000000e+06
5.673797851562500000e+03
4.646833200000000000e+07
1.112585449218750000e+04
3.380669921875000000e+04
2.642850000000000000e+06
2.567419600000000000e+07
1.227751855468750000e+04
1.805213600000000000e+07
6.112600585937500000e+03
3.921602343750000000e+04
2.789311200000000000e+07
1.010691406250000000e+05
8.027228125000000000e+05
3.314322500000000000e+05
1.329901680000000000e+08
2.919474375000000000e+05
1.977333250000000000e+06
2.260500312500000000e+05
5.289364000000000000e+06
1.362397000000000000e+07
3.189993250000000000e+06
3.967346000000000000e+07
6.355375390625000000e+04
1.156639600000000000e+07
4.586175781250000000e+03
2.235177343750000000e+04
1.385889120000000000e+08
1.546984843750000000e+05
5.798636000000000000e+06
1.483228125000000000e+05
1.582670800000000000e+07
9.383819531250000000e+04
4.818961000000000000e+06
1.379819200000000000e+07
5.200946250000000000e+05
3.757963750000000000e+06
5.294542000000000000e+06
2.630453125000000000e+05
4.115264400000000000e+07
2.513620250000000000e+06
2.655581000000000000e+06
2.053937600000000000e+07
8.881200800000000000e+07
4.729552500000000000e+05
1.767747680000000000e+08
6.718112000000000000e+06
1.259067200000000000e+07
5.758839200000000000e+07
3.179029500000000000e+06
2.150854400000000000e+07
5.480918400000000000e+07
8.210170240000000000e+08
1.343346300000000000e+07
1.239874160000000000e+08
1.908200000000000000e+08
7.728449600000000000e+07
9.859478400000000000e+08
3.896106250000000000e+05
4.932498750000000000e+05
3.116661500000000000e+06
9.383819531250000000e+04
1.237922375000000000e+06
7.737605000000000000e+05
2.642850000000000000e+06
1.926840500000000000e+06
8.478247000000000000e+06
1.205499250000000000e+06
1.058523400000000000e+07
1.274004453125000000e+05
6.576000000000000000e+06
7.063885500000000000e+06
3.468183750000000000e+05
6.031030000000000000e+06
1.379819200000000000e+07
6.093068125000000000e+05
5.625586400000000000e+07
5.550903000000000000e+06
3.054390000000000000e+06
3.229689200000000000e+07
1.172014400000000000e+08
7.211415625000000000e+05
8.274858400000000000e+07
7.417021000000000000e+06
2.248690800000000000e+07
1.476005760000000000e+08
1.084649100000000000e+07
1.152754600000000000e+07
1.227846080000000000e+08
1.224796672000000000e+09
2.248858000000000000e+07
1.677882560000000000e+08
1.209358960000000000e+08
2.816379200000000000e+08
1.514621696000000000e+09
2.606219600000000000e+07
3.953545500000000000e+06
7.202665500000000000e+06
5.294542000000000000e+06
3.568268000000000000e+06
3.765313750000000000e+05
1.157452400000000000e+08
7.204641600000000000e+07
9.212148000000000000e+06
2.743606400000000000e+07
1.069941840000000000e+08
5.480202500000000000e+05
1.808647070312500000e+04
3.387978750000000000e+05
2.280290468750000000e+05
1.413780500000000000e+07
4.580774687500000000e+05
2.133878000000000000e+06
8.172991000000000000e+06
2.045208400000000000e+07
2.722271200000000000e+07
1.219452600000000000e+07
1.732660480000000000e+08
1.979982400000000000e+07
1.076751040000000000e+08
2.089324800000000000e+07
1.333282812500000000e+05
4.223552500000000000e+06
9.383819531250000000e+04
3.114051953125000000e+04
6.031030000000000000e+06
4.670410937500000000e+04
1.140564453125000000e+04
3.758230080000000000e+08
1.403900800000000000e+08
5.108650625000000000e+05
2.579761600000000000e+08
1.437218375000000000e+06
2.796607187500000000e+05
2.567419600000000000e+07
3.683809062500000000e+05
1.954603710937500000e+04
1.652640429687500000e+04
2.564842752000000000e+09
2.138492400000000000e+07
1.587312500000000000e+06
2.796532250000000000e+06
1.637263125000000000e+05
5.476748800000000000e+07
4.646833200000000000e+07
3.601285312500000000e+05
6.508456250000000000e+05
1.459941718750000000e+05
4.936948500000000000e+06
5.726818500000000000e+06
3.424162000000000000e+06
5.344531250000000000e+05
1.107555125000000000e+06
3.398081250000000000e+05
2.503815600000000000e+07
5.022728800000000000e+07
1.603528625000000000e+06
1.468502875000000000e+06
1.717053906250000000e+05
8.159893750000000000e+05
2.665536800000000000e+07
6.472326000000000000e+06
1.836063200000000000e+07
1.101215750000000000e+06
8.777045600000000000e+07
3.816047500000000000e+06
2.029288400000000000e+07
1.176035250000000000e+06
2.865966800000000000e+07
1.719313600000000000e+07
7.399353125000000000e+05
1.244025546875000000e+05
4.660243125000000000e+05
7.784798125000000000e+05
3.106794500000000000e+06
3.760096562500000000e+05
3.140601250000000000e+05
2.248641750000000000e+06
3.896106250000000000e+05
4.932498750000000000e+05
7.250746875000000000e+04
9.383819531250000000e+04
1.095278125000000000e+05
7.528372656250000000e+04
2.642850000000000000e+06
1.456262343750000000e+05
9.007723750000000000e+05
1.780281406250000000e+05
1.482499750000000000e+06
3.896106250000000000e+05
3.189959750000000000e+06
4.932498750000000000e+05
3.961417578125000000e+04
2.652197000000000000e+06
9.383819531250000000e+04
4.374499218750000000e+04
2.276928000000000000e+06
1.375747812500000000e+05
2.266872656250000000e+04
7.317493000000000000e+06
2.642850000000000000e+06
8.065410937500000000e+04
1.521107900000000000e+07
2.288979218750000000e+05
3.047413750000000000e+05
1.438220800000000000e+07
3.302647812500000000e+05
3.718282812500000000e+04
1.122810000000000000e+06
7.344876800000000000e+07
5.521188750000000000e+05
1.037258562500000000e+06
8.888568000000000000e+06
5.101053500000000000e+06
2.190516800000000000e+07
1.979982400000000000e+07
1.488296600000000000e+07
8.991508000000000000e+06
1.389616250000000000e+06
5.480202500000000000e+05
4.932498750000000000e+05
4.690367968750000000e+04
1.086392000000000000e+06
3.586783125000000000e+05
6.147659765625000000e+04
7.739320800000000000e+07
5.143320800000000000e+07
8.595514000000000000e+06
1.330616400000000000e+07
7.203620000000000000e+06
1.190610875000000000e+06
3.681544250000000000e+06
1.520597656250000000e+05
2.222160625000000000e+05
5.226912187500000000e+05
1.005644720000000000e+08
1.747312000000000000e+07
2.378191200000000000e+07
5.871853500000000000e+06
1.090645125000000000e+06
1.690390000000000000e+07
4.238345625000000000e+05
5.830614000000000000e+07
2.028560800000000000e+07
1.238189062500000000e+05
5.294542000000000000e+06
4.810971500000000000e+06
2.010930156250000000e+05
3.085890800000000000e+07
1.821806125000000000e+06
1.533975375000000000e+06
4.679127200000000000e+07
1.259232900000000000e+07
8.724201250000000000e+05
4.209941440000000000e+08
5.683970500000000000e+06
4.006226500000000000e+06
7.627448000000000000e+07
5.965612500000000000e+06
3.993055250000000000e+06
2.280202400000000000e+07
1.248290960000000000e+08
3.621913200000000000e+07
1.146787400000000000e+07
6.860060000000000000e+07
9.537683200000000000e+07
1.259786240000000000e+08
8.152729375000000000e+05
2.064337600000000000e+07
3.633627812500000000e+05
8.400179000000000000e+06
8.972110000000000000e+05
2.380653750000000000e+06
6.382592800000000000e+07
8.636370625000000000e+05
1.172886000000000000e+07
6.592886000000000000e+06
3.302560400000000000e+07
2.344556800000000000e+07
7.241276500000000000e+06
1.412379100000000000e+07
4.207596875000000000e+05
1.270177100000000000e+07
2.071883600000000000e+07
7.621438125000000000e+05
1.909979600000000000e+07
8.266203906250000000e+04
1.532571500000000000e+06
1.284312400000000000e+08
8.591392640000000000e+08
2.141553600000000000e+07
2.265084320000000000e+08
1.201190300000000000e+07
1.668063000000000000e+07
2.916636480000000000e+08
1.451348800000000000e+07
5.438722000000000000e+07
2.721767200000000000e+07
2.211998464000000000e+09
1.392532000000000000e+08
8.445299840000000000e+08
2.716333760000000000e+08
4.568784640000000000e+08
2.567343872000000000e+09
6.243201600000000000e+07
1.140039700000000000e+07
2.069746750000000000e+06
2.256612500000000000e+05
1.379442900000000000e+07
1.114657100000000000e+07
1.441165750000000000e+06
8.578622500000000000e+05
4.250258125000000000e+05
3.843406875000000000e+05
2.747084800000000000e+08
8.994309600000000000e+07
6.895532000000000000e+07
1.425197800000000000e+07
6.666937000000000000e+06
1.737168000000000000e+06
1.518891040000000000e+08
9.698820000000000000e+06
8.093750000000000000e+06
7.074659375000000000e+05
7.451856000000000000e+08
5.269995520000000000e+08
9.205864800000000000e+07
9.820449000000000000e+06
5.824700400000000000e+07
8.858771840000000000e+08
1.762450800000000000e+07
4.761250400000000000e+07
4.353113125000000000e+05
8.330707500000000000e+06
3.148919531250000000e+04
2.044802625000000000e+06
2.085539680000000000e+08
3.937279500000000000e+06
3.013032000000000000e+07
5.051519500000000000e+06
6.581293200000000000e+07
1.518697125000000000e+06
8.126236250000000000e+05
7.653004375000000000e+05
3.927289500000000000e+06
8.760310625000000000e+05
3.163330500000000000e+06
9.948123125000000000e+05
2.422329531250000000e+05
1.861492968750000000e+05
3.601285312500000000e+05
1.857474687500000000e+05
4.932498750000000000e+05
1.259151464843750000e+04
1.506804218750000000e+05
1.911315125000000000e+06
8.536356250000000000e+05
3.161754687500000000e+05
6.030812500000000000e+06
1.967123750000000000e+06
6.519383125000000000e+05
9.730722500000000000e+05
7.205691406250000000e+04
1.363399687500000000e+05
4.027356875000000000e+05
3.079816750000000000e+06
1.021266937500000000e+06
3.998783125000000000e+05
4.960962000000000000e+06
4.168658750000000000e+05
1.849339750000000000e+06
4.223552500000000000e+06
8.464218750000000000e+03
4.245126562500000000e+04
6.681800000000000000e+05
1.379819200000000000e+07
2.817675750000000000e+06
6.292553500000000000e+06
4.887333200000000000e+07
4.609721600000000000e+07
2.100358500000000000e+06
7.736468750000000000e+05
2.552727000000000000e+06
1.899530800000000000e+07
1.073422300000000000e+07
7.947701000000000000e+06
3.896106250000000000e+05
3.022504000000000000e+06
3.258172750000000000e+06
3.227572480000000000e+08
9.691650400000000000e+07
1.632409600000000000e+08
4.051344500000000000e+06
9.472377000000000000e+06
1.388952700000000000e+07
1.195505800000000000e+07
7.512518400000000000e+07
4.598981200000000000e+07
2.785996250000000000e+06
1.840046880000000000e+08
1.253566720000000000e+09
7.794671360000000000e+08
1.322918300000000000e+07
1.008622160000000000e+08
1.074599296000000000e+09
4.234353000000000000e+06
9.793401000000000000e+06
3.257885625000000000e+05
6.168167000000000000e+06
7.068474500000000000e+06
7.289736500000000000e+06
3.139081600000000000e+07
1.982487600000000000e+07
1.235023200000000000e+07
2.667556000000000000e+07
1.425242240000000000e+08
7.453055500000000000e+06
1.932770400000000000e+07
3.151130000000000000e+06
2.909911200000000000e+07
2.053412800000000000e+07
1.382147700000000000e+07
4.216014400000000000e+07
2.098210400000000000e+07
2.994612400000000000e+07
3.822745200000000000e+07
6.481966800000000000e+07
4.223939500000000000e+06
1.584230375000000000e+06
3.442129375000000000e+05
3.573666000000000000e+06
1.825953200000000000e+07
7.453055500000000000e+06
1.339797000000000000e+06
1.086392000000000000e+06
3.807813125000000000e+05
2.133495500000000000e+06
2.515984800000000000e+07
2.566536000000000000e+06
4.566087500000000000e+06
1.931629500000000000e+06
1.053791400000000000e+07
4.936948500000000000e+06
4.646833200000000000e+07
1.111852880000000000e+08
2.108357421875000000e+04
3.601285312500000000e+05
2.064337600000000000e+07
1.368107617187500000e+04
9.925810000000000000e+06
4.622726562500000000e+03
6.370746875000000000e+04
2.503815600000000000e+07
1.048531120000000000e+08
7.584757031250000000e+04
1.053923200000000000e+09
7.851488281250000000e+04
5.971173000000000000e+06
7.906379500000000000e+06
7.465298828125000000e+03
1.116436625000000000e+06
1.195021718750000000e+05
6.820648960000000000e+08
1.920092812500000000e+05
2.022568800000000000e+07
2.220560800000000000e+07
7.664281875000000000e+05
4.980040400000000000e+07
3.896106250000000000e+05
9.383819531250000000e+04
2.991935000000000000e+06
2.846385937500000000e+05
4.932498750000000000e+05
1.671203100000000000e+07
6.019467578125000000e+04
4.864558000000000000e+06
3.761796562500000000e+05
7.892421875000000000e+05
2.642850000000000000e+06
3.938589200000000000e+07
3.143546875000000000e+05
1.769814800000000000e+07
1.332798000000000000e+06
7.476705000000000000e+06
3.615907600000000000e+07
4.773534062500000000e+05
2.242944500000000000e+06
1.576190800000000000e+07
1.691958560000000000e+08
7.045034500000000000e+06
5.158223600000000000e+07
1.288085360000000000e+08
1.748825600000000000e+07
2.287901760000000000e+08
2.276923500000000000e+06
3.362598750000000000e+06
1.350050250000000000e+06
1.178166200000000000e+07
1.060006875000000000e+06
1.646188100000000000e+07
1.728666601562500000e+04
4.056517250000000000e+06
1.368244433593750000e+04
3.168415625000000000e+04
3.360075200000000000e+07
1.313137812500000000e+05
1.693799625000000000e+06
7.444737500000000000e+04
3.983178250000000000e+06
1.012027125000000000e+06
1.525394500000000000e+06
3.935309062500000000e+05
5.919413500000000000e+06
4.408733984375000000e+04
2.960310000000000000e+05
1.399897000000000000e+07
9.812243125000000000e+05
1.184566250000000000e+06
5.630381000000000000e+06
1.221769000000000000e+07
1.111852880000000000e+08
1.367703300000000000e+07
9.925810000000000000e+06
4.610005937500000000e+05
4.223552500000000000e+06
4.646833200000000000e+07
1.268593375000000000e+06
4.932498750000000000e+05
1.719687187500000000e+05
6.460750390625000000e+04
2.435667680000000000e+08
1.053923200000000000e+09
3.144756400000000000e+07
4.605046800000000000e+07
3.455879000000000000e+06
1.761504625000000000e+06
2.789311200000000000e+07
9.065365000000000000e+06
1.150495000000000000e+06
2.843629062500000000e+05
9.163003520000000000e+08
1.685863840000000000e+08
1.003336000000000000e+08
1.149632300000000000e+07
1.700242800000000000e+07
4.322727040000000000e+08
1.861492968750000000e+05
4.223552500000000000e+06
9.210984375000000000e+04
4.936948500000000000e+06
5.318503125000000000e+05
4.508258000000000000e+06
1.706122400000000000e+07
2.354007812500000000e+05
1.025609700000000000e+07
5.821636500000000000e+06
2.525543200000000000e+07
2.276923500000000000e+06
3.923084800000000000e+07
3.189993250000000000e+06
8.400887500000000000e+05
5.239890500000000000e+06
4.932498750000000000e+05
1.422758437500000000e+05
1.165882500000000000e+07
2.413082250000000000e+06
7.007865000000000000e+05
1.134671200000000000e+08
1.521116700000000000e+07
3.040602000000000000e+06
1.378796640000000000e+08
3.647306400000000000e+07
2.107441250000000000e+06
2.858482000000000000e+07
1.101666800000000000e+07
2.068371250000000000e+06
6.551506000000000000e+06
2.352926080000000000e+08
1.736783040000000000e+08
2.207975200000000000e+07
5.829902400000000000e+07
3.334200400000000000e+07
3.108423040000000000e+08
1.128319875000000000e+06
4.238345625000000000e+05
4.216236000000000000e+06
9.383819531250000000e+04
6.458194500000000000e+06
3.135291000000000000e+06
1.956791750000000000e+06
2.647907600000000000e+07
7.216513000000000000e+06
1.150667700000000000e+07
4.741449200000000000e+07
2.207547750000000000e+06
1.412379100000000000e+07
6.522641000000000000e+06
5.294542000000000000e+06
1.003616312500000000e+06
6.951352500000000000e+06
6.922084000000000000e+07
2.076140000000000000e+07
1.435765760000000000e+08
3.992563600000000000e+07
4.665672320000000000e+08
5.874629600000000000e+07
1.805435625000000000e+06
5.830614000000000000e+07
4.054807500000000000e+06
4.056517250000000000e+06
4.115264400000000000e+07
3.301059000000000000e+06
1.114657100000000000e+07
5.509201875000000000e+05
3.363586500000000000e+06
5.570736000000000000e+07
9.949362560000000000e+08
1.559126500000000000e+07
8.075297600000000000e+07
2.680853750000000000e+06
1.857569120000000000e+08
6.055875200000000000e+07
3.319976500000000000e+06
6.590992000000000000e+07
6.859225000000000000e+06
1.101262592000000000e+09
2.843636400000000000e+07
6.700958080000000000e+08
5.503755600000000000e+07
7.073205600000000000e+07
8.897482880000000000e+08
6.031030000000000000e+06
5.625586400000000000e+07
4.223552500000000000e+06
2.195552800000000000e+07
1.379819200000000000e+07
9.383819531250000000e+04
2.457219500000000000e+06
5.294542000000000000e+06
7.181067000000000000e+06
2.089749125000000000e+06
1.476005760000000000e+08
2.567419600000000000e+07
1.272468600000000000e+07
6.193919600000000000e+07
6.548890880000000000e+08
4.600209600000000000e+07
8.881200800000000000e+07
5.195577600000000000e+07
2.355785500000000000e+06
6.952968000000000000e+07
1.100848896000000000e+09
7.586362240000000000e+08
7.769730400000000000e+07
8.745317120000000000e+08
5.188093760000000000e+08
7.287851520000000000e+09
3.999659200000000000e+07
2.276923500000000000e+06
3.189993250000000000e+06
5.750339375000000000e+05
4.864558000000000000e+06
1.671203100000000000e+07
1.083302750000000000e+06
4.932498750000000000e+05
9.879821875000000000e+04
6.736310156250000000e+04
1.736312800000000000e+08
1.053480560000000000e+08
1.989772800000000000e+07
1.521116700000000000e+07
1.726933375000000000e+06
1.362921750000000000e+06
3.615907600000000000e+07
2.960444250000000000e+06
3.304983750000000000e+06
2.126489531250000000e+05
3.939673280000000000e+08
3.956894000000000000e+07
1.317434800000000000e+08
1.074725200000000000e+07
1.580299800000000000e+07
2.538923200000000000e+08
3.601285312500000000e+05
1.218432000000000000e+07
4.700385500000000000e+06
2.652728000000000000e+06
1.735732400000000000e+07
2.333025250000000000e+06
5.184870937500000000e+05
5.665978400000000000e+07
3.711339000000000000e+06
1.543848200000000000e+07
5.284234800000000000e+07
1.031503000000000000e+07
2.792433500000000000e+06
1.396170080000000000e+08
3.288142000000000000e+07
1.852331600000000000e+07
4.417605760000000000e+08
1.763136800000000000e+07
2.936506400000000000e+07
2.936401920000000000e+08
9.013633920000000000e+08
9.570009600000000000e+07
5.107608400000000000e+07
4.764032320000000000e+08
1.368511104000000000e+09
1.931810304000000000e+09
1.379819200000000000e+07
1.673113600000000000e+07
5.625586400000000000e+07
1.205647625000000000e+06
8.915058750000000000e+05
6.031030000000000000e+06
1.359603125000000000e+05
8.477624000000000000e+06
7.334570000000000000e+05
1.223655500000000000e+06
2.187511680000000000e+08
1.476005760000000000e+08
1.008111500000000000e+06
1.818283680000000000e+08
1.140664000000000000e+07
1.629820400000000000e+07
4.501306000000000000e+07
4.559914062500000000e+05
8.609438750000000000e+05
6.261813500000000000e+06
1.612475520000000000e+09
5.112326000000000000e+07
1.995880800000000000e+07
8.473370400000000000e+07
5.736077500000000000e+06
3.305177280000000000e+08
4.223552500000000000e+06
8.941097600000000000e+07
7.098759000000000000e+06
2.885072750000000000e+06
8.534742000000000000e+06
5.480202500000000000e+05
6.457350000000000000e+04
1.397282800000000000e+07
2.195165500000000000e+06
5.948835000000000000e+05
1.296861440000000000e+08
9.045624000000000000e+06
5.710304500000000000e+06
1.742290880000000000e+08
7.802089600000000000e+07
5.011242500000000000e+06
6.759709600000000000e+07
5.165545500000000000e+06
4.537542812500000000e+05
1.116527500000000000e+07
1.015643840000000000e+09
8.195021600000000000e+07
7.304601000000000000e+06
9.270425600000000000e+07
3.269343200000000000e+07
4.571548480000000000e+08
2.509577200000000000e+07
1.134020125000000000e+06
3.191782000000000000e+07
4.308787187500000000e+05
4.223552500000000000e+06
4.126504400000000000e+07
3.418794500000000000e+06
4.825187500000000000e+06
1.765115468750000000e+05
2.082743750000000000e+06
4.416314400000000000e+07
1.146305280000000000e+09
4.062177250000000000e+06
7.060064800000000000e+07
1.355557750000000000e+06
1.737792800000000000e+07
1.553351200000000000e+08
1.327526200000000000e+07
8.211544000000000000e+07
1.452406800000000000e+07
9.232615040000000000e+08
4.254912000000000000e+07
7.040730240000000000e+08
5.334616400000000000e+07
8.618046080000000000e+08
1.233960192000000000e+09
2.631304000000000000e+06
1.204174800000000000e+07
1.165882500000000000e+07
3.962888000000000000e+06
9.334368750000000000e+05
5.975479375000000000e+05
6.489458750000000000e+05
3.601285312500000000e+05
5.509201875000000000e+05
1.446751000000000000e+06
1.171955700000000000e+07
4.139962000000000000e+06
3.781926500000000000e+06
1.068106200000000000e+07
7.452110500000000000e+06
5.603697200000000000e+07
2.380411000000000000e+06
8.824286875000000000e+05
8.079661875000000000e+05
7.673065625000000000e+05
2.459812400000000000e+07
1.035469100000000000e+07
5.626848500000000000e+06
8.728909000000000000e+06
2.241462500000000000e+06
1.754578800000000000e+07
6.031030000000000000e+06
1.190159300000000000e+07
7.037204500000000000e+06
5.553930800000000000e+07
2.276923500000000000e+06
5.294542000000000000e+06
5.994251875000000000e+05
3.725014800000000000e+07
1.448708750000000000e+06
1.800675750000000000e+06
1.055495840000000000e+08
3.934907000000000000e+06
1.098295200000000000e+07
4.348476000000000000e+07
1.475442880000000000e+08
4.628925500000000000e+06
1.413780500000000000e+07
6.086778125000000000e+05
6.471268800000000000e+07
2.115990250000000000e+06
9.663713125000000000e+05
1.674468000000000000e+08
2.133104750000000000e+06
5.010076000000000000e+06
5.694820000000000000e+07
5.176280000000000000e+07
4.704066400000000000e+07
5.838750488281250000e+03
6.355478515625000000e+04
5.593916500000000000e+06
3.605608750000000000e+06
5.480202500000000000e+05
4.973619500000000000e+06
2.244724218750000000e+04
5.516658000000000000e+06
8.961546000000000000e+06
8.013644375000000000e+05
2.412129600000000000e+07
2.813422812500000000e+05
6.325730625000000000e+05
1.191272100000000000e+07
7.761273600000000000e+07
3.038544000000000000e+06
5.152786000000000000e+07
1.605407187500000000e+05
2.619840750000000000e+06
2.382574240000000000e+08
7.267226000000000000e+06
7.046324500000000000e+06
4.904479000000000000e+06
8.217940480000000000e+08
6.560271500000000000e+06
3.258690800000000000e+07
9.809685000000000000e+06
1.175296240000000000e+08
1.711870240000000000e+08
4.223552500000000000e+06
5.625586400000000000e+07
6.031030000000000000e+06
9.053705625000000000e+05
5.294542000000000000e+06
9.383819531250000000e+04
2.094208125000000000e+05
1.379819200000000000e+07
7.256638125000000000e+05
1.452957812500000000e+05
6.193919600000000000e+07
2.567419600000000000e+07
5.648166000000000000e+06
1.476005760000000000e+08
3.059377200000000000e+07
9.412640625000000000e+05
8.881200800000000000e+07
5.558070500000000000e+06
1.974338281250000000e+05
6.456451000000000000e+06
1.100848896000000000e+09
1.819685280000000000e+08
5.569181000000000000e+06
7.612550400000000000e+07
1.984727600000000000e+07
5.651852800000000000e+08
1.967838625000000000e+06
3.601285312500000000e+05
3.472679296875000000e+04
1.226341250000000000e+06
1.546511406250000000e+05
3.678457812500000000e+04
2.721861000000000000e+06
2.899778437500000000e+05
3.943527343750000000e+04
3.404153125000000000e+05
6.957508125000000000e+05
5.480202500000000000e+05
3.279941875000000000e+05
3.697564375000000000e+05
2.019757656250000000e+05
2.520798250000000000e+06
4.810971500000000000e+06
2.333025250000000000e+06
5.581271000000000000e+06
9.383819531250000000e+04
3.896106250000000000e+05
1.310065500000000000e+06
4.932498750000000000e+05
8.029893125000000000e+05
1.682407875000000000e+06
1.379032600000000000e+07
6.198282500000000000e+06
1.083468400000000000e+07
1.060681800000000000e+07
1.528226900000000000e+07
2.885300800000000000e+07
2.642850000000000000e+06
8.689492500000000000e+05
3.083358000000000000e+06
1.326446375000000000e+06
1.195652560000000000e+08
1.864336800000000000e+07
3.125173600000000000e+07
4.230174800000000000e+07
2.737655250000000000e+06
1.083336800000000000e+08
4.056517250000000000e+06
3.757963750000000000e+06
4.115264400000000000e+07
2.852519921875000000e+04
1.861492968750000000e+05
1.114657100000000000e+07
2.039627929687500000e+04
5.294542000000000000e+06
5.052290527343750000e+03
6.010014843750000000e+04
1.317549600000000000e+07
6.055875200000000000e+07
1.038987421875000000e+05
5.758839200000000000e+07
4.725481250000000000e+05
1.217296100000000000e+07
7.854528800000000000e+07
9.257399414062500000e+03
1.111405500000000000e+06
9.226923125000000000e+05
8.163511040000000000e+08
1.952731500000000000e+06
2.120547600000000000e+07
1.928709280000000000e+08
1.370141900000000000e+07
9.990894720000000000e+08
2.276923500000000000e+06
3.759002400000000000e+07
4.311655000000000000e+06
6.574113125000000000e+05
5.291690000000000000e+06
5.480202500000000000e+05
2.594989648437500000e+04
1.439543600000000000e+07
1.365551125000000000e+06
5.681611875000000000e+05
1.066476240000000000e+08
2.019666000000000000e+07
2.273278500000000000e+06
1.524466400000000000e+08
3.762122800000000000e+07
4.311325500000000000e+06
5.721014000000000000e+07
5.301494500000000000e+06
5.441020625000000000e+05
1.440474700000000000e+07
8.429688960000000000e+08
1.072236080000000000e+08
2.019508000000000000e+07
1.530643200000000000e+08
5.715538800000000000e+07
8.487123200000000000e+08
7.098759000000000000e+06
1.932770400000000000e+07
2.393058281250000000e+05
3.411765200000000000e+07
5.323034375000000000e+05
7.615159000000000000e+06
4.887333200000000000e+07
2.357131500000000000e+06
1.197879600000000000e+07
1.884917600000000000e+07
3.009115200000000000e+07
1.861492968750000000e+05
4.166254062500000000e+05
1.880014750000000000e+06
1.527080125000000000e+06
9.925810000000000000e+06
1.367703300000000000e+07
1.111852880000000000e+08
2.983885250000000000e+06
4.932498750000000000e+05
4.646833200000000000e+07
8.307211875000000000e+05
4.223552500000000000e+06
5.506780000000000000e+05
4.838440500000000000e+06
4.605046800000000000e+07
1.053923200000000000e+09
4.441010500000000000e+06
2.435667680000000000e+08
2.150333200000000000e+07
6.855612800000000000e+07
2.789311200000000000e+07
3.891312250000000000e+06
8.396159000000000000e+06
1.126315200000000000e+07
9.163003520000000000e+08
9.397323200000000000e+07
2.155907200000000000e+08
3.205938880000000000e+08
6.149306000000000000e+07
2.415027712000000000e+09
3.896106250000000000e+05
4.646833200000000000e+07
2.458951171875000000e+04
6.031030000000000000e+06
1.537272558593750000e+04
1.363150000000000000e+05
1.805213600000000000e+07
1.679838085937500000e+04
3.584184375000000000e+05
1.099588046875000000e+05
1.551156875000000000e+05
3.775634500000000000e+06
6.235033500000000000e+06
4.759910312500000000e+05
5.294542000000000000e+06
4.192964062500000000e+04
4.492157187500000000e+05
7.241356000000000000e+07
2.634716500000000000e+06
2.179354250000000000e+06
8.826896250000000000e+05
2.569158400000000000e+07
6.031030000000000000e+06
4.646833200000000000e+07
1.362028200000000000e+07
3.896106250000000000e+05
2.451578500000000000e+06
2.992040500000000000e+06
1.805213600000000000e+07
1.834040000000000000e+07
5.199166400000000000e+07
2.851232250000000000e+06
2.763854000000000000e+07
1.471709600000000000e+07
5.480202500000000000e+05
4.219652187500000000e+05
1.367703300000000000e+07
2.391090750000000000e+06
2.503413476562500000e+04
7.273276800000000000e+07
1.145255200000000000e+07
4.084198750000000000e+05
1.200954300000000000e+07
5.641338400000000000e+07
2.276923500000000000e+06
9.383819531250000000e+04
2.279790429687500000e+04
2.652169000000000000e+06
1.010755078125000000e+05
4.226749609375000000e+04
1.438215300000000000e+07
1.168288500000000000e+06
2.898992968750000000e+04
2.808466250000000000e+05
3.898158000000000000e+06
5.480202500000000000e+05
1.589788000000000000e+06
7.048940000000000000e+05
3.163330500000000000e+06
3.354567500000000000e+05
5.870592500000000000e+05
6.984884500000000000e+06
7.512293125000000000e+05
7.062262500000000000e+05
5.879658500000000000e+06
4.578991000000000000e+06
4.932498750000000000e+05
9.237474609375000000e+03
1.068988085937500000e+04
1.297018554687500000e+04
2.603589000000000000e+06
1.172045100000000000e+07
6.223710500000000000e+06
5.975479375000000000e+05
7.198401875000000000e+05
6.902396875000000000e+05
3.932247500000000000e+06
4.222074500000000000e+06
7.814945500000000000e+06
6.074015625000000000e+05
3.934539500000000000e+06
1.449156500000000000e+06
1.134020125000000000e+06
5.089864453125000000e+04
5.480202500000000000e+05
2.794386562500000000e+05
1.266311328125000000e+04
9.524334000000000000e+06
5.569960000000000000e+05
7.959140625000000000e+05
2.162404843750000000e+05
5.272543000000000000e+06
4.646833200000000000e+07
6.977013600000000000e+07
1.152451875000000000e+06
4.330540000000000000e+07
5.830614000000000000e+07
5.294542000000000000e+06
1.379819200000000000e+07
8.299278125000000000e+04
4.238345625000000000e+05
1.128319875000000000e+06
3.841266406250000000e+04
9.383819531250000000e+04
1.613929980468750000e+04
2.663654101562500000e+04
4.679127200000000000e+07
1.775746560000000000e+08
1.373906125000000000e+06
8.881200800000000000e+07
1.549753000000000000e+06
1.041583437500000000e+06
1.956791750000000000e+06
2.534317812500000000e+05
1.037015625000000000e+05
2.452099023437500000e+04
4.843719040000000000e+08
8.110872500000000000e+06
9.696841000000000000e+06
8.639201000000000000e+06
4.268757187500000000e+05
3.567998800000000000e+07
2.276923500000000000e+06
3.189993250000000000e+06
3.725014800000000000e+07
2.823620750000000000e+06
4.932498750000000000e+05
5.294542000000000000e+06
1.130744625000000000e+06
1.172045100000000000e+07
2.071636750000000000e+06
5.184561000000000000e+06
1.521116700000000000e+07
1.055495840000000000e+08
1.030191500000000000e+07
1.343777600000000000e+08
4.760471000000000000e+06
2.306030560000000000e+08
2.800372400000000000e+07
9.026028000000000000e+06
5.400207200000000000e+07
6.591029200000000000e+07
2.179295040000000000e+08
3.504196800000000000e+07
6.509562240000000000e+08
4.486351680000000000e+08
1.606706080000000000e+08
1.130278400000000000e+09
4.646833200000000000e+07
4.932498750000000000e+05
1.175400900000000000e+07
6.597842968750000000e+04
4.223552500000000000e+06
5.347636000000000000e+07
1.036212562500000000e+06
5.276889500000000000e+06
4.384423437500000000e+04
8.757620000000000000e+05
2.789311200000000000e+07
9.174318080000000000e+08
3.475094000000000000e+06
2.828296000000000000e+07
6.715620625000000000e+05
2.191296000000000000e+06
6.462598000000000000e+07
1.592665125000000000e+06
2.434695200000000000e+07
3.206338250000000000e+06
2.560633120000000000e+08
2.040684000000000000e+07
5.721286800000000000e+07
3.018335600000000000e+07
8.381764000000000000e+07
1.197823280000000000e+08
1.646404700000000000e+07
7.740235156250000000e+04
1.443672125000000000e+06
4.666628000000000000e+06
1.172045100000000000e+07
3.730269200000000000e+07
5.625586400000000000e+07
1.522923500000000000e+06
1.066023500000000000e+06
4.646833200000000000e+07
5.159902343750000000e+04
2.539861200000000000e+07
4.551081875000000000e+05
1.310527875000000000e+06
8.873040000000000000e+07
9.014785280000000000e+08
5.078763000000000000e+06
3.070210880000000000e+08
3.943279600000000000e+07
5.370808800000000000e+07
7.917068800000000000e+07
1.690773500000000000e+06
1.041788600000000000e+07
1.640245600000000000e+07
2.071873920000000000e+09
8.766856800000000000e+07
3.380615680000000000e+08
3.436696320000000000e+08
1.325032800000000000e+08
1.807161856000000000e+09
4.646833200000000000e+07
4.223552500000000000e+06
1.478983700000000000e+07
4.932498750000000000e+05
8.074832500000000000e+05
3.187993750000000000e+05
2.789311200000000000e+07
3.431710400000000000e+07
2.611250000000000000e+07
4.899879000000000000e+06
1.571787520000000000e+08
4.810971500000000000e+06
3.085890800000000000e+07
2.333025250000000000e+06
7.248164500000000000e+06
5.294542000000000000e+06
4.932498750000000000e+05
1.234376375000000000e+06
1.172045100000000000e+07
5.923411500000000000e+06
1.718351093750000000e+05
7.627448000000000000e+07
1.060681800000000000e+07
1.361099200000000000e+08
2.359420160000000000e+08
1.837479680000000000e+08
5.424049000000000000e+06
2.800372400000000000e+07
4.707082000000000000e+07
1.471174750000000000e+06
1.139187700000000000e+07
9.629004000000000000e+07
3.300473088000000000e+09
1.226331680000000000e+08
3.097302400000000000e+08
6.539700000000000000e+07
1.743837568000000000e+09
3.509815600000000000e+07
1.172045100000000000e+07
1.413780500000000000e+07
2.592965625000000000e+04
1.455920900000000000e+07
7.866570500000000000e+06
3.460255468750000000e+04
1.086392000000000000e+06
4.586175781250000000e+03
1.500455371093750000e+04
4.122682880000000000e+08
1.541033600000000000e+08
5.291316500000000000e+06
2.389276000000000000e+07
1.559011093750000000e+05
9.194842500000000000e+05
1.265642700000000000e+07
9.886371093750000000e+04
1.858872656250000000e+05
1.932630468750000000e+04
5.825781760000000000e+08
2.119342400000000000e+07
3.895436800000000000e+07
8.988956875000000000e+05
3.898950000000000000e+05
5.195746000000000000e+07
3.189993250000000000e+06
1.012020900000000000e+07
5.773880625000000000e+05
3.404439200000000000e+07
1.467096400000000000e+07
3.601285312500000000e+05
4.932498750000000000e+05
1.968244125000000000e+06
1.433376300000000000e+07
4.188383500000000000e+06
9.416713000000000000e+06
1.861492968750000000e+05
4.494106250000000000e+05
6.448341875000000000e+05
3.565787600000000000e+07
3.359838400000000000e+07
6.302665600000000000e+07
9.730722500000000000e+05
5.774569375000000000e+05
6.398251500000000000e+06
5.423049600000000000e+07
1.995393600000000000e+07
1.034348560000000000e+08
6.197561250000000000e+05
1.549953760000000000e+08
4.707252800000000000e+07
2.693134720000000000e+08
2.060679000000000000e+06
2.808450880000000000e+08
2.655156480000000000e+08
6.441248750000000000e+05
5.122564843750000000e+04
1.669719531250000000e+05
1.850260750000000000e+06
5.176773600000000000e+07
4.646833200000000000e+07
4.223552500000000000e+06
3.739455312500000000e+05
1.165882500000000000e+07
5.239890500000000000e+06
2.714400000000000000e+04
4.932498750000000000e+05
1.922766992187500000e+04
8.659554687500000000e+03
9.271703040000000000e+08
6.603612400000000000e+07
8.708073000000000000e+06
2.789311200000000000e+07
4.500647500000000000e+05
8.426315000000000000e+05
2.858482000000000000e+07
3.182498437500000000e+05
3.728647500000000000e+05
3.111510312500000000e+05
2.652828000000000000e+08
4.840132800000000000e+07
3.762991200000000000e+07
9.244623000000000000e+06
3.072852000000000000e+06
6.286098400000000000e+07
2.207547750000000000e+06
4.223552500000000000e+06
5.294542000000000000e+06
2.426237031250000000e+05
1.003029400000000000e+07
1.412379100000000000e+07
9.753522500000000000e+05
5.625586400000000000e+07
5.250565000000000000e+06
1.536007250000000000e+06
4.917967200000000000e+07
6.922084000000000000e+07
3.534815000000000000e+06
6.193919600000000000e+07
3.949999000000000000e+06
8.839917000000000000e+06
9.002225920000000000e+08
1.055527400000000000e+07
2.098610800000000000e+07
8.910028800000000000e+07
1.013940544000000000e+09
3.388722400000000000e+07
1.022951360000000000e+08
5.931001200000000000e+07
5.769694080000000000e+08
7.673532800000000000e+08
5.294542000000000000e+06
5.625586400000000000e+07
5.830614000000000000e+07
2.096206093750000000e+05
4.223552500000000000e+06
4.238345625000000000e+05
1.228059062500000000e+05
8.703212800000000000e+07
1.181426953125000000e+05
7.989200781250000000e+04
6.193919600000000000e+07
4.679127200000000000e+07
4.200921250000000000e+05
1.294289664000000000e+09
7.111980000000000000e+05
3.886724375000000000e+05
1.705332000000000000e+07
3.589606250000000000e+05
1.188916171875000000e+05
1.769764218750000000e+05
2.532292480000000000e+08
2.539714000000000000e+06
6.610035000000000000e+05
1.864054125000000000e+06
4.674219375000000000e+05
5.298254500000000000e+06
1.646404700000000000e+07
4.143998400000000000e+07
1.064157100000000000e+07
2.537260937500000000e+05
4.646833200000000000e+07
6.500733125000000000e+05
3.418238671875000000e+04
7.339571500000000000e+06
5.559503125000000000e+04
7.193621875000000000e+04
5.006910720000000000e+08
9.172126400000000000e+07
7.379156875000000000e+05
3.456688000000000000e+08
1.166696600000000000e+07
3.728558750000000000e+06
5.586515200000000000e+07
1.581124843750000000e+05
4.057763750000000000e+05
2.182372000000000000e+06
1.196234880000000000e+09
2.885168800000000000e+07
9.261459000000000000e+06
2.590545120000000000e+08
5.380315000000000000e+06
2.828502720000000000e+08
2.319626093750000000e+05
3.896106250000000000e+05
4.499875312500000000e+05
4.531865000000000000e+05
1.774257500000000000e+06
1.005450400000000000e+07
5.722935625000000000e+05
1.389148500000000000e+06
2.597598906250000000e+05
7.474525000000000000e+05
5.679575500000000000e+06
6.524059500000000000e+06
5.221098125000000000e+05
1.034136375000000000e+06
5.212550625000000000e+05
5.219669062500000000e+05
1.669801100000000000e+07
1.899599500000000000e+06
3.232891500000000000e+06
1.135339125000000000e+06
1.377594600000000000e+07
2.257356500000000000e+06
1.561673875000000000e+06
1.111074750000000000e+06
1.149323100000000000e+07
6.060782500000000000e+06
5.181218400000000000e+07
7.056187200000000000e+07
1.128319875000000000e+06
6.782797363281250000e+03
1.849715600000000000e+07
2.991935000000000000e+06
7.354255468750000000e+04
4.281546000000000000e+06
3.451225000000000000e+04
3.556587646484375000e+03
3.503931200000000000e+08
1.633801920000000000e+08
1.103328750000000000e+06
2.523525600000000000e+07
6.724528750000000000e+05
7.204747070312500000e+03
9.078695200000000000e+07
2.918966750000000000e+06
3.161685625000000000e+05
3.424432031250000000e+04
1.799182848000000000e+09
3.679672800000000000e+07
6.222773000000000000e+06
3.810370312500000000e+05
1.367374600000000000e+07
1.186633040000000000e+08
1.877060400000000000e+07
7.156435625000000000e+05
2.705388750000000000e+05
9.658724000000000000e+06
4.940318437500000000e+05
4.228187000000000000e+06
1.176503710937500000e+04
4.646833200000000000e+07
8.258325000000000000e+04
1.139492625000000000e+06
2.792888400000000000e+07
5.009420000000000000e+05
1.866042625000000000e+06
1.828082000000000000e+07
1.913965600000000000e+07
6.031030000000000000e+06
4.646833200000000000e+07
6.094643500000000000e+06
2.056754250000000000e+06
3.896106250000000000e+05
1.199352343750000000e+05
1.629650156250000000e+05
8.847696250000000000e+05
3.606544921875000000e+04
4.677975781250000000e+04
1.805213600000000000e+07
3.123779200000000000e+07
6.060007500000000000e+06
4.467307600000000000e+07
2.270986000000000000e+06
7.054427000000000000e+06
3.542850500000000000e+06
7.838088281250000000e+04
8.238996875000000000e+04
6.944826875000000000e+05
1.545000800000000000e+08
5.947939000000000000e+06
1.446683700000000000e+07
3.708568000000000000e+07
4.259431500000000000e+06
1.042079280000000000e+08
1.413780500000000000e+07
7.098759000000000000e+06
4.899909375000000000e+05
5.625586400000000000e+07
7.297396250000000000e+05
4.533386562500000000e+05
1.714863680000000000e+08
3.127669750000000000e+06
2.173397500000000000e+06
1.176832100000000000e+07
3.257820800000000000e+07
4.223552500000000000e+06
4.646833200000000000e+07
7.098759000000000000e+06
1.443911500000000000e+06
4.932498750000000000e+05
5.480202500000000000e+05
4.322968750000000000e+04
1.086392000000000000e+06
5.610245703125000000e+04
2.183109375000000000e+05
2.789311200000000000e+07
9.045624000000000000e+06
2.346095500000000000e+06
1.968730400000000000e+07
1.428082200000000000e+07
1.496184625000000000e+06
3.681544250000000000e+06
1.933057031250000000e+05
1.504706250000000000e+05
5.557645000000000000e+05
6.374782400000000000e+07
1.758250400000000000e+07
2.877645250000000000e+06
5.444889000000000000e+06
1.022635250000000000e+06
2.596638400000000000e+07
1.413780500000000000e+07
3.356111250000000000e+06
1.128515750000000000e+06
5.681611875000000000e+05
3.085890800000000000e+07
2.939745600000000000e+07
1.364725875000000000e+06
1.394471400000000000e+07
8.887180625000000000e+05
2.444697343750000000e+05
7.963593600000000000e+07
6.561302800000000000e+07
1.414481800000000000e+07
1.842595600000000000e+07
3.354511250000000000e+06
1.122280125000000000e+06
1.087512480000000000e+08
3.100546000000000000e+07
2.945077200000000000e+07
1.393011900000000000e+07
2.353855360000000000e+08
7.982436000000000000e+07
6.575120400000000000e+07
1.842307600000000000e+07
1.092418880000000000e+08
2.363244000000000000e+08
8.534742000000000000e+06
5.480202500000000000e+05
6.358521875000000000e+04
1.397282800000000000e+07
7.759109375000000000e+05
5.720256250000000000e+05
6.759709600000000000e+07
4.094365000000000000e+06
2.354180781250000000e+05
8.557808000000000000e+06
1.634795400000000000e+07
1.267996200000000000e+07
1.646404700000000000e+07
4.788496500000000000e+06
5.767899000000000000e+06
3.601285312500000000e+05
1.861492968750000000e+05
5.363908750000000000e+05
4.932498750000000000e+05
8.688035000000000000e+05
6.934336875000000000e+05
4.849280800000000000e+07
3.931204400000000000e+07
1.315508100000000000e+07
3.580966000000000000e+07
1.686030000000000000e+07
1.559444800000000000e+07
9.730722500000000000e+05
6.282156250000000000e+05
8.972118750000000000e+05
2.700452750000000000e+06
1.464631200000000000e+08
1.570354200000000000e+07
3.172463200000000000e+07
7.620772800000000000e+07
1.770386875000000000e+06
7.802818400000000000e+07
6.530951000000000000e+06
4.115264400000000000e+07
1.172045100000000000e+07
1.161269125000000000e+06
5.429509000000000000e+06
8.272938750000000000e+05
1.871193437500000000e+05
1.825953200000000000e+07
2.827212500000000000e+06
1.214715000000000000e+05
7.447930400000000000e+07
3.903335200000000000e+07
1.499923700000000000e+07
5.281517440000000000e+08
9.036696800000000000e+07
3.545030500000000000e+06
4.031736400000000000e+07
1.506529600000000000e+07
6.900830625000000000e+05
9.446624375000000000e+05
2.992655360000000000e+08
7.460431360000000000e+08
2.025302000000000000e+07
1.052317760000000000e+08
1.361360700000000000e+07
3.743613760000000000e+08
1.413780500000000000e+07
1.172045100000000000e+07
3.725014800000000000e+07
5.953864000000000000e+06
1.086392000000000000e+06
4.311655000000000000e+06
5.578430000000000000e+06
3.189993250000000000e+06
6.679914375000000000e+05
5.752117500000000000e+06
2.389276000000000000e+07
1.504199200000000000e+08
1.378483680000000000e+08
1.343777600000000000e+08
2.676204000000000000e+07
1.416407680000000000e+08
7.506248000000000000e+06
5.115482500000000000e+06
3.408772800000000000e+07
1.873787600000000000e+07
2.075776960000000000e+08
1.384837440000000000e+08
6.680922240000000000e+08
4.336344640000000000e+08
4.046482000000000000e+07
1.110636800000000000e+09
1.367703300000000000e+07
4.932498750000000000e+05
4.223552500000000000e+06
1.027059875000000000e+06
9.925810000000000000e+06
1.111852880000000000e+08
3.626943000000000000e+06
4.646833200000000000e+07
8.242028750000000000e+05
2.380419750000000000e+06
4.605046800000000000e+07
2.435667680000000000e+08
3.332579200000000000e+07
2.789311200000000000e+07
5.140414000000000000e+06
1.622169400000000000e+07
1.053923200000000000e+09
1.337984100000000000e+07
5.930187200000000000e+07
1.847041375000000000e+06
9.163003520000000000e+08
1.151072320000000000e+08
5.038082880000000000e+08
2.131756400000000000e+07
1.133475120000000000e+08
7.982621440000000000e+08
1.802350800000000000e+07
9.834661875000000000e+05
3.038646562500000000e+05
3.447757600000000000e+07
3.206913000000000000e+06
7.227733750000000000e+05
1.121575000000000000e+06
2.648986750000000000e+06
1.379819200000000000e+07
1.182495625000000000e+05
1.068106328125000000e+05
1.008498400000000000e+07
2.627988125000000000e+05
3.392676875000000000e+05
2.202544800000000000e+07
5.086916000000000000e+06
2.915459375000000000e+05
1.424211250000000000e+06
1.117814400000000000e+07
1.182495625000000000e+05
9.383819531250000000e+04
6.031030000000000000e+06
2.008195312500000000e+05
1.518697125000000000e+06
1.454363800000000000e+07
4.266229687500000000e+05
4.223552500000000000e+06
1.145514921875000000e+05
1.210262375000000000e+06
4.732411000000000000e+06
1.260523400000000000e+07
2.716229062500000000e+05
2.567419600000000000e+07
2.051316093750000000e+05
2.359472750000000000e+06
6.730711200000000000e+07
2.935090250000000000e+06
4.802724500000000000e+06
2.058282875000000000e+06
1.484025760000000000e+08
2.152896000000000000e+06
5.373233500000000000e+06
5.692921000000000000e+06
3.459152800000000000e+07
3.706276800000000000e+07
8.991508000000000000e+06
3.896106250000000000e+05
4.646833200000000000e+07
2.973083007812500000e+04
2.089324800000000000e+07
1.076751040000000000e+08
4.031518750000000000e+05
6.031030000000000000e+06
3.517641796875000000e+04
1.239283046875000000e+05
6.969540500000000000e+06
8.512251520000000000e+08
3.110982187500000000e+05
1.805213600000000000e+07
6.821562500000000000e+04
1.704744687500000000e+05
2.579761600000000000e+08
3.034843000000000000e+06
2.669571600000000000e+07
2.273526250000000000e+05
2.034153856000000000e+09
2.516472500000000000e+06
2.809274400000000000e+07
2.812730937500000000e+05
1.194326000000000000e+08
1.611666080000000000e+08
8.003947200000000000e+07
8.703212800000000000e+07
6.778173339843750000e+03
8.941097600000000000e+07
3.647079296875000000e+04
1.833631445312500000e+04
2.347503360000000000e+09
1.196496750000000000e+06
2.824097812500000000e+05
4.651889500000000000e+06
3.893661600000000000e+07
1.379819200000000000e+07
6.031030000000000000e+06
7.399353125000000000e+05
4.723130371093750000e+03
5.625586400000000000e+07
1.412379100000000000e+07
1.096046171875000000e+05
1.003029400000000000e+07
3.132994921875000000e+04
6.341936250000000000e+05
1.476005760000000000e+08
5.898353200000000000e+07
5.376071250000000000e+05
1.379698100000000000e+07
3.094589257812500000e+04
3.336782500000000000e+05
9.002225920000000000e+08
1.888291000000000000e+06
5.271527000000000000e+06
4.358603500000000000e+06
9.475873920000000000e+08
7.344801500000000000e+06
9.730041000000000000e+06
2.407659750000000000e+06
1.035894400000000000e+08
1.536686880000000000e+08
4.238345625000000000e+05
2.419120781250000000e+05
2.084617656250000000e+05
9.915824375000000000e+05
4.936948500000000000e+06
7.872696875000000000e+05
2.064337600000000000e+07
1.368244433593750000e+04
1.977265200000000000e+07
1.111852880000000000e+08
2.108389648437500000e+04
2.202641600000000000e+07
2.657653125000000000e+04
6.370673828125000000e+04
2.859823600000000000e+07
1.048531120000000000e+08
7.585740625000000000e+04
2.402731520000000000e+08
6.507897265625000000e+04
1.116495125000000000e+06
5.889284480000000000e+08
2.072921000000000000e+06
5.970643500000000000e+06
2.119941000000000000e+06
2.027046912000000000e+09
2.098044250000000000e+06
2.022580000000000000e+07
3.241767200000000000e+07
2.415132480000000000e+08
9.767799040000000000e+08
2.158062000000000000e+07
5.833402000000000000e+06
8.272938750000000000e+05
2.973318554687500000e+04
1.076751040000000000e+08
8.991508000000000000e+06
3.441247500000000000e+06
4.646833200000000000e+07
1.868019125000000000e+06
4.408675000000000000e+04
4.699512960000000000e+08
6.871531200000000000e+07
1.854166400000000000e+07
4.210052000000000000e+07
4.989221000000000000e+06
5.506938125000000000e+05
8.512251520000000000e+08
9.988545600000000000e+07
4.835008500000000000e+06
2.480964000000000000e+07
2.086805888000000000e+09
3.751734400000000000e+08
5.828912800000000000e+07
3.858669600000000000e+07
5.169888640000000000e+08
1.806934400000000000e+09
2.645146800000000000e+07
3.725014800000000000e+07
1.172045100000000000e+07
3.295501000000000000e+06
1.548499000000000000e+07
1.173134400000000000e+07
5.710370000000000000e+06
3.189965750000000000e+06
3.431782250000000000e+06
3.891186250000000000e+05
2.580913280000000000e+08
1.531653760000000000e+08
7.697188800000000000e+07
1.343772640000000000e+08
7.821444800000000000e+07
1.525003500000000000e+07
1.061376640000000000e+08
5.732177200000000000e+07
5.812414800000000000e+07
1.008350300000000000e+07
1.144450688000000000e+09
7.824491520000000000e+08
5.148250240000000000e+08
2.325385120000000000e+08
3.177152000000000000e+08
2.863805952000000000e+09
1.128319875000000000e+06
5.830658400000000000e+07
4.238406562500000000e+05
6.641621582031250000e+03
1.379816600000000000e+07
9.383801562500000000e+04
3.568975585937500000e+03
5.294537000000000000e+06
2.646728320312500000e+04
3.871493652343750000e+03
1.775732960000000000e+08
1.956776875000000000e+06
7.104353027343750000e+03
4.679154000000000000e+07
7.464373750000000000e+05
5.088636328125000000e+04
8.881285600000000000e+07
3.018621875000000000e+05
6.201459960937500000e+03
6.395774375000000000e+05
4.843719040000000000e+08
3.274570250000000000e+06
9.603375000000000000e+04
3.897277000000000000e+06
3.833746250000000000e+06
2.035754800000000000e+07
5.963745625000000000e+05
4.646859600000000000e+07
8.575153750000000000e+05
4.784839500000000000e+06
7.317773750000000000e+05
2.820956000000000000e+06
3.237454000000000000e+07
2.887104000000000000e+06
8.473235000000000000e+06
5.649173500000000000e+06
2.682930000000000000e+07
1.397280300000000000e+07
5.457936400000000000e+07
1.409984625000000000e+06
7.453041500000000000e+06
1.003448812500000000e+06
6.896336875000000000e+05
1.578306560000000000e+08
3.423280500000000000e+06
3.379399250000000000e+06
1.392793750000000000e+06
8.409990000000000000e+06
6.031042000000000000e+06
5.625607600000000000e+07
2.338277500000000000e+06
1.379816600000000000e+07
3.018483750000000000e+05
6.033975625000000000e+05
1.476017120000000000e+08
3.635877750000000000e+06
3.696492000000000000e+07
5.980069000000000000e+06
2.083511840000000000e+08
4.238406562500000000e+05
1.128319875000000000e+06
1.460194824218750000e+04
9.383801562500000000e+04
4.569939453125000000e+03
4.109639160156250000e+03
1.956776875000000000e+06
9.920703906250000000e+04
1.454569726562500000e+04
1.180937597656250000e+04
1.678234843750000000e+05
6.259703600000000000e+07
1.276854125000000000e+06
5.514274000000000000e+07
9.364863750000000000e+05
4.223955500000000000e+06
5.790649200000000000e+07
2.397820250000000000e+06
2.991932250000000000e+06
3.360231875000000000e+05
1.720256375000000000e+06
3.477570400000000000e+07
6.804717440000000000e+08
3.946063600000000000e+07
1.708435520000000000e+08
1.232730625000000000e+06
5.108066400000000000e+07
2.286318080000000000e+08
3.996370000000000000e+06
6.124362800000000000e+07
9.367735000000000000e+06
3.123192576000000000e+09
2.076682400000000000e+07
1.250464768000000000e+09
2.709906560000000000e+08
3.692160320000000000e+08
5.844705280000000000e+09
2.603603750000000000e+06
1.114665600000000000e+07
5.728785000000000000e+06
1.336249625000000000e+06
9.334296875000000000e+05
1.662574125000000000e+06
4.903681875000000000e+05
2.028465781250000000e+05
4.317009062500000000e+05
2.787914648437500000e+04
1.118458600000000000e+07
8.027119500000000000e+06
2.573109000000000000e+06
8.463209600000000000e+07
1.099269800000000000e+07
5.602833000000000000e+06
1.758334375000000000e+06
9.196570000000000000e+05
1.644430500000000000e+06
1.982570312500000000e+05
3.561682000000000000e+07
1.106364700000000000e+07
7.936211000000000000e+06
8.317694400000000000e+07
1.733123750000000000e+06
3.516536400000000000e+07
1.454361200000000000e+07
1.518703000000000000e+06
9.792621875000000000e+05
4.223585000000000000e+06
1.364944375000000000e+06
2.944477500000000000e+05
6.730762400000000000e+07
4.010633750000000000e+06
4.090700000000000000e+06
3.550054250000000000e+06
4.157552000000000000e+07
9.383801562500000000e+04
8.171341250000000000e+05
1.981954218750000000e+05
6.431428125000000000e+05
1.947539000000000000e+06
5.830658400000000000e+07
2.886025000000000000e+06
1.413780500000000000e+07
2.820009250000000000e+06
3.722512000000000000e+06
1.683415360000000000e+08
3.112744000000000000e+06
8.132224000000000000e+07
5.138711600000000000e+07
1.933600800000000000e+08
1.172054000000000000e+07
1.835662375000000000e+06
5.698423500000000000e+06
1.297142700000000000e+07
3.896091562500000000e+05
1.899549200000000000e+07
1.634048281250000000e+05
1.073426400000000000e+07
1.159117500000000000e+05
2.234767000000000000e+06
1.195505800000000000e+07
5.650471250000000000e+05
1.703310000000000000e+07
3.397680250000000000e+06
1.263910700000000000e+07
9.715970000000000000e+05
3.144855750000000000e+06
1.810832875000000000e+06
3.896091562500000000e+05
1.889603281250000000e+05
1.482266562500000000e+05
4.428403000000000000e+06
4.541892500000000000e+06
1.697959375000000000e+06
1.529139843750000000e+05
4.618052500000000000e+06
6.031042000000000000e+06
8.973598750000000000e+05
5.861044921875000000e+04
2.063158625000000000e+06
1.111857040000000000e+08
4.223585000000000000e+06
4.936958000000000000e+06
3.134319000000000000e+06
1.367700600000000000e+07
2.064321600000000000e+07
1.768297875000000000e+06
1.861501718750000000e+05
3.929391250000000000e+05
6.655820000000000000e+05
2.435653600000000000e+08
1.048523120000000000e+08
1.207312320000000000e+08
1.706125600000000000e+07
2.096962000000000000e+07
3.383698250000000000e+06
1.310362640000000000e+08
1.303337700000000000e+07
9.797306000000000000e+06
9.025980625000000000e+05
1.697519360000000000e+09
6.202493440000000000e+08
8.089295200000000000e+07
3.177107600000000000e+07
8.901926400000000000e+07
2.212467200000000000e+09
8.534717000000000000e+06
7.362959000000000000e+06
2.473890500000000000e+06
3.775612750000000000e+06
3.632574375000000000e+05
4.178848437500000000e+05
9.555182400000000000e+07
2.216418000000000000e+07
7.640263500000000000e+06
7.640627500000000000e+06
1.502335520000000000e+08
2.520769500000000000e+06
3.085884400000000000e+07
3.072265750000000000e+06
1.379816600000000000e+07
8.140531875000000000e+05
2.940163750000000000e+06
7.521164000000000000e+07
9.701373000000000000e+06
5.877913600000000000e+07
1.090542500000000000e+07
1.725059680000000000e+08
1.899549200000000000e+07
3.896091562500000000e+05
3.927858750000000000e+05
1.007036328125000000e+05
1.073426400000000000e+07
2.783319500000000000e+06
1.139523000000000000e+06
5.975410625000000000e+05
1.154995078125000000e+05
2.659526562500000000e+05
1.195505800000000000e+07
6.519631500000000000e+06
9.290049000000000000e+06
1.823619000000000000e+06
1.974758125000000000e+05
2.103104375000000000e+05
4.063021500000000000e+06
3.236201250000000000e+06
1.548715750000000000e+06
3.334152187500000000e+05
1.453751000000000000e+07
4.848366500000000000e+06
3.249480750000000000e+06
9.562071875000000000e+05
2.061972375000000000e+06
6.823165000000000000e+06
1.086381625000000000e+06
1.471692700000000000e+07
5.388211250000000000e+05
9.925867000000000000e+06
5.438484765625000000e+04
2.555330750000000000e+06
1.527731500000000000e+07
1.101709500000000000e+06
2.109438000000000000e+07
6.391195500000000000e+06
2.087767200000000000e+07
3.725022000000000000e+07
5.294537000000000000e+06
1.379816600000000000e+07
6.370585000000000000e+05
2.276915000000000000e+06
2.652176750000000000e+06
4.551910625000000000e+05
9.383801562500000000e+04
1.187109062500000000e+05
3.763519062500000000e+05
1.055493840000000000e+08
7.266537600000000000e+07
1.578179100000000000e+07
8.881285600000000000e+07
2.757577750000000000e+06
8.209111500000000000e+06
1.438226300000000000e+07
1.943637125000000000e+06
1.511043125000000000e+06
2.048801875000000000e+05
6.120266880000000000e+08
6.605238000000000000e+07
4.650823600000000000e+07
3.867415600000000000e+07
8.139288000000000000e+06
3.718933120000000000e+08
