1.382153000000000000e+07
9.709389000000000000e+06
1.394970781250000000e+05
7.586760000000000000e+05
8.198150500000000000e+06
2.803411250000000000e+05
5.177231875000000000e+05
2.783160250000000000e+06
1.011145500000000000e+06
3.729810312500000000e+05
2.462009200000000000e+07
3.638413250000000000e+06
1.224697200000000000e+07
5.434270000000000000e+06
7.314381500000000000e+06
2.446614531250000000e+05
4.372200500000000000e+06
1.458262125000000000e+06
4.426770000000000000e+05
1.538166875000000000e+05
2.197174400000000000e+07
1.616440000000000000e+07
4.308839000000000000e+06
1.600586000000000000e+06
7.316928750000000000e+05
1.236769900000000000e+07
2.414973750000000000e+05
1.380538720000000000e+08
1.112422800000000000e+07
2.803411250000000000e+05
4.517222500000000000e+06
1.098854700000000000e+07
2.179630800000000000e+07
7.435733000000000000e+06
2.322476000000000000e+07
7.184554000000000000e+06
2.467768400000000000e+07
2.703730625000000000e+05
3.710903500000000000e+06
3.877172000000000000e+07
4.911341000000000000e+06
5.371454000000000000e+07
5.445261600000000000e+07
5.228569000000000000e+06
4.104666400000000000e+07
4.419828400000000000e+07
5.828101200000000000e+07
5.013482400000000000e+07
1.402436800000000000e+08
6.390909000000000000e+06
3.934069600000000000e+07
1.053974875000000000e+06
2.414973750000000000e+05
8.277166000000000000e+06
9.160410000000000000e+05
6.616929000000000000e+06
8.911079375000000000e+05
1.532266250000000000e+06
1.465144400000000000e+07
3.310546560000000000e+08
1.161178375000000000e+06
8.352733600000000000e+07
9.152638750000000000e+05
2.303928000000000000e+06
4.613131000000000000e+06
7.384161875000000000e+05
1.676897625000000000e+06
1.456730375000000000e+06
2.309508000000000000e+08
9.317195625000000000e+05
3.148369750000000000e+06
2.108309750000000000e+06
1.390663500000000000e+06
2.588375750000000000e+06
1.169749300000000000e+07
1.159387300000000000e+07
4.769776800000000000e+07
2.941628750000000000e+05
3.830019000000000000e+06
1.619828800000000000e+07
6.085291875000000000e+05
6.800665600000000000e+07
1.108232343750000000e+05
1.811689843750000000e+05
1.432130100000000000e+07
7.060751200000000000e+07
1.134063500000000000e+06
7.055935360000000000e+08
1.788081125000000000e+06
1.226445600000000000e+07
1.490897120000000000e+08
1.270908750000000000e+06
6.339663125000000000e+05
5.659660400000000000e+07
3.349148800000000000e+08
6.105050000000000000e+06
1.296076800000000000e+07
2.064606400000000000e+08
4.055444800000000000e+07
1.737601600000000000e+08
5.564848500000000000e+06
2.406098242187500000e+04
1.794107421875000000e+04
8.529198437500000000e+04
1.032930960000000000e+08
7.373359000000000000e+06
4.677333600000000000e+07
6.080042500000000000e+06
2.326018000000000000e+07
4.129417200000000000e+07
4.786708750000000000e+05
1.614773760000000000e+08
1.062129453125000000e+05
8.212689500000000000e+06
9.380829600000000000e+07
4.115619840000000000e+08
5.515084000000000000e+07
3.505635840000000000e+08
7.134410500000000000e+06
1.791072800000000000e+07
2.780972800000000000e+08
5.829931500000000000e+06
1.912845200000000000e+07
7.148410400000000000e+07
1.008641984000000000e+09
7.209755200000000000e+07
1.994291360000000000e+08
2.255079040000000000e+08
1.489768640000000000e+08
7.003603200000000000e+08
8.102760800000000000e+07
8.921518000000000000e+06
5.471910156250000000e+04
8.570712000000000000e+06
1.205793203125000000e+05
1.082651000000000000e+06
5.736117760000000000e+08
9.521369375000000000e+05
2.610585500000000000e+06
2.279937000000000000e+06
9.580419200000000000e+07
1.752011520000000000e+08
6.666687200000000000e+07
6.469445000000000000e+05
5.267224375000000000e+05
2.424524960000000000e+08
9.843509375000000000e+04
5.710058750000000000e+05
6.733576500000000000e+06
1.065802500000000000e+07
1.946164218750000000e+05
5.484947840000000000e+08
1.734749600000000000e+07
5.850545000000000000e+06
3.340706400000000000e+07
2.495700800000000000e+07
4.574785000000000000e+05
3.896321200000000000e+07
4.464070800000000000e+07
3.586413750000000000e+05
5.810737500000000000e+06
3.646432000000000000e+08
1.705388320000000000e+08
1.115331300000000000e+07
2.420499200000000000e+07
3.046607600000000000e+07
2.407332640000000000e+08
4.903626800000000000e+07
1.097662900000000000e+07
1.519382700000000000e+07
9.925059200000000000e+07
8.200462400000000000e+07
1.698224480000000000e+08
4.387651500000000000e+06
3.713781562500000000e+05
1.402436800000000000e+08
5.173447200000000000e+07
2.829332500000000000e+06
1.109172700000000000e+07
1.914303906250000000e+05
2.286048750000000000e+06
9.499255040000000000e+08
4.744364480000000000e+08
2.235208400000000000e+07
6.739035200000000000e+07
8.801382000000000000e+06
4.414640000000000000e+06
2.728937280000000000e+08
4.231842000000000000e+06
2.599160400000000000e+07
8.595990000000000000e+06
3.592387328000000000e+09
1.744242560000000000e+08
1.396447200000000000e+08
3.344805600000000000e+07
2.058315520000000000e+08
1.783187072000000000e+09
1.060870640000000000e+08
3.819881250000000000e+05
1.769238560000000000e+08
1.272257500000000000e+07
6.932865600000000000e+07
3.516268000000000000e+07
1.493024900000000000e+07
1.672121200000000000e+07
9.598485000000000000e+06
2.733082000000000000e+07
4.506159200000000000e+07
8.051892480000000000e+08
3.827582400000000000e+07
5.211119200000000000e+07
1.417149900000000000e+07
4.815418000000000000e+07
1.049005120000000000e+08
1.274368000000000000e+07
4.002170400000000000e+07
2.135362000000000000e+07
8.296309120000000000e+08
5.169363600000000000e+07
1.418703200000000000e+08
4.899793200000000000e+07
3.050514800000000000e+07
1.621310400000000000e+08
9.483970400000000000e+07
8.119546400000000000e+07
2.238880859375000000e+04
2.079378000000000000e+07
2.006319218750000000e+05
5.805741015625000000e+04
6.237863424000000000e+09
4.850829687500000000e+05
6.904161250000000000e+05
1.114457000000000000e+06
3.240544960000000000e+08
1.352553920000000000e+08
5.137643600000000000e+07
5.146745200000000000e+07
5.276369600000000000e+07
5.445261600000000000e+07
3.217343200000000000e+07
1.622293906250000000e+05
9.797760000000000000e+07
3.145967187500000000e+05
1.008808687500000000e+06
6.140272640000000000e+08
4.201124500000000000e+06
8.355262500000000000e+06
9.422444000000000000e+06
1.647957760000000000e+08
8.031657600000000000e+07
2.981362000000000000e+07
1.635043250000000000e+06
6.600313600000000000e+07
2.398828800000000000e+07
7.586760000000000000e+05
1.367328480000000000e+08
9.579963200000000000e+07
3.089913200000000000e+07
3.800433600000000000e+07
2.092763840000000000e+08
8.347732800000000000e+07
1.737269200000000000e+07
1.165747520000000000e+08
2.121349760000000000e+08
3.388949000000000000e+06
9.108414062500000000e+04
1.382153000000000000e+07
7.586760000000000000e+05
1.081399250000000000e+06
4.401212000000000000e+07
1.032759000000000000e+07
5.675708125000000000e+05
5.931618750000000000e+05
5.177231875000000000e+05
5.907896250000000000e+05
2.182788400000000000e+07
5.239235500000000000e+06
2.100376500000000000e+06
1.542853593750000000e+05
1.224697200000000000e+07
1.264837500000000000e+06
2.155153750000000000e+06
1.975881600000000000e+07
8.693289375000000000e+05
2.578678000000000000e+06
7.662688125000000000e+05
1.867376000000000000e+07
1.993805250000000000e+06
1.500378375000000000e+06
1.828441125000000000e+06
1.819984000000000000e+08
9.703118400000000000e+07
1.724775600000000000e+07
3.819881250000000000e+05
3.810086800000000000e+07
2.317940400000000000e+07
8.077161600000000000e+07
1.662562560000000000e+08
5.937611600000000000e+07
3.079828400000000000e+07
3.215240960000000000e+08
9.797722400000000000e+07
8.198205000000000000e+06
1.007538625000000000e+06
2.601697750000000000e+06
1.380538720000000000e+08
9.936346875000000000e+04
3.059529250000000000e+06
1.324543125000000000e+05
2.795247250000000000e+06
1.007409875000000000e+06
1.361995200000000000e+08
3.328053750000000000e+06
6.250804500000000000e+06
4.140834750000000000e+06
5.209784000000000000e+06
7.509048125000000000e+05
8.814267000000000000e+06
7.083191500000000000e+06
1.388575000000000000e+06
1.376551500000000000e+06
4.392674800000000000e+07
1.920185200000000000e+07
3.762191500000000000e+06
4.578056500000000000e+06
4.324915500000000000e+06
3.148369200000000000e+07
5.445261600000000000e+07
4.743747500000000000e+06
1.265662100000000000e+07
5.975964000000000000e+06
1.849657375000000000e+06
2.106681500000000000e+06
5.427147200000000000e+07
1.054769280000000000e+08
1.502409100000000000e+07
4.706302000000000000e+06
1.637080480000000000e+08
5.445261600000000000e+07
1.006475520000000000e+08
4.008699218750000000e+04
1.914805200000000000e+07
5.340489453125000000e+04
6.698046093750000000e+04
9.518207360000000000e+08
5.898247500000000000e+05
7.227216875000000000e+05
3.549752500000000000e+05
7.358537500000000000e+06
9.402324800000000000e+07
1.708640000000000000e+07
5.548996400000000000e+07
5.995914000000000000e+07
5.986121600000000000e+07
5.728756000000000000e+07
1.001315776000000000e+09
6.681530000000000000e+07
6.019439200000000000e+07
7.570978400000000000e+07
9.133963200000000000e+07
4.769776800000000000e+07
3.400630250000000000e+06
1.159387300000000000e+07
2.709675500000000000e+06
6.390909000000000000e+06
6.800665600000000000e+07
1.856100000000000000e+06
2.803411250000000000e+05
1.641135312500000000e+05
3.167516250000000000e+05
2.625127600000000000e+07
7.055935360000000000e+08
2.588059200000000000e+07
2.254179000000000000e+06
9.621934375000000000e+05
6.166785000000000000e+06
5.305878400000000000e+07
9.060805625000000000e+05
3.105191200000000000e+07
3.645157500000000000e+05
1.109342640000000000e+08
1.079425600000000000e+07
3.474270400000000000e+08
1.547919875000000000e+06
2.458504000000000000e+07
1.191829680000000000e+08
2.659975600000000000e+07
1.390630700000000000e+07
5.417695500000000000e+06
8.681723125000000000e+05
1.402436800000000000e+08
1.619828800000000000e+07
1.380100625000000000e+06
6.091476250000000000e+05
8.931925000000000000e+05
4.574016875000000000e+05
3.764859840000000000e+08
3.139057200000000000e+07
8.888008000000000000e+06
2.173868000000000000e+07
1.813570375000000000e+06
1.653720250000000000e+06
2.254080000000000000e+07
6.340521500000000000e+06
3.101082812500000000e+05
1.082772875000000000e+06
2.598978240000000000e+08
5.192892800000000000e+07
7.378965000000000000e+06
6.304025500000000000e+06
4.513975500000000000e+06
8.049124800000000000e+07
7.962576000000000000e+07
6.002981250000000000e+05
1.024267500000000000e+05
2.282175750000000000e+06
9.797760000000000000e+07
1.505422125000000000e+06
1.549856375000000000e+06
6.072469375000000000e+05
9.843509375000000000e+04
3.623223000000000000e+06
3.068407226562500000e+04
8.113133750000000000e+05
6.432755859375000000e+03
2.262816015625000000e+04
5.404176000000000000e+06
2.506558400000000000e+07
5.459208500000000000e+06
2.179182000000000000e+06
1.416633125000000000e+05
7.699990000000000000e+05
7.902180500000000000e+06
2.012598632812500000e+04
2.223969062500000000e+05
2.534441796875000000e+04
3.326083200000000000e+07
3.298615312500000000e+05
8.115531000000000000e+06
2.451075000000000000e+05
4.189905937500000000e+05
4.440697000000000000e+06
6.091476250000000000e+05
7.227946000000000000e+06
3.830019000000000000e+06
8.727713125000000000e+05
8.277166000000000000e+06
1.380538720000000000e+08
1.658387125000000000e+06
4.401212000000000000e+07
9.308407000000000000e+06
1.560561093750000000e+05
4.348340500000000000e+06
4.874616000000000000e+07
2.670266875000000000e+05
8.317626000000000000e+06
1.419606300000000000e+07
7.804505000000000000e+05
1.186635360000000000e+08
1.061005600000000000e+07
7.473135000000000000e+05
7.354425500000000000e+06
7.268713600000000000e+07
6.585414000000000000e+06
2.618177500000000000e+06
1.133848600000000000e+07
1.134467200000000000e+07
2.450091600000000000e+07
2.103355200000000000e+07
6.932865600000000000e+07
6.091476250000000000e+05
8.486196093750000000e+04
1.791846240000000000e+08
3.063922240000000000e+08
3.691052734375000000e+04
1.006475520000000000e+08
1.978977656250000000e+05
7.065996093750000000e+04
4.219523840000000000e+08
3.156950400000000000e+07
6.369179296875000000e+04
1.470517920000000000e+08
5.113442500000000000e+05
1.133624531250000000e+05
9.671034880000000000e+09
1.111263375000000000e+06
2.041939531250000000e+05
1.355572000000000000e+06
4.271268352000000000e+09
2.715177500000000000e+06
4.874647812500000000e+05
1.924555750000000000e+06
3.053157600000000000e+07
1.876437600000000000e+07
1.630433760000000000e+08
1.505422125000000000e+06
9.797760000000000000e+07
1.060477400000000000e+07
2.115001750000000000e+06
3.699428160000000000e+08
2.759545200000000000e+07
9.843509375000000000e+04
1.556281625000000000e+06
2.711073750000000000e+06
3.536338400000000000e+07
3.253136384000000000e+09
1.031590240000000000e+08
5.404176000000000000e+06
3.002144400000000000e+07
2.688134400000000000e+07
9.835201000000000000e+06
9.846257000000000000e+06
2.840905920000000000e+08
8.005776250000000000e+05
2.023241120000000000e+08
2.623897600000000000e+08
8.650951680000000000e+08
3.717888400000000000e+07
2.462117200000000000e+07
5.947158400000000000e+08
1.969155840000000000e+08
9.365158125000000000e+05
7.191458125000000000e+05
7.328276000000000000e+06
1.013216400000000000e+07
6.390909000000000000e+06
7.702611875000000000e+05
3.859628480000000000e+08
1.061427125000000000e+06
8.530935625000000000e+05
2.031547200000000000e+08
9.958611875000000000e+05
7.695937500000000000e+05
1.369777125000000000e+06
1.238329750000000000e+06
5.675708125000000000e+05
9.110898437500000000e+04
5.223874000000000000e+06
2.326018000000000000e+07
7.547471500000000000e+06
8.323465500000000000e+06
7.924647000000000000e+06
9.487131000000000000e+06
2.355716000000000000e+06
3.272312800000000000e+07
9.789068000000000000e+06
1.182660100000000000e+07
7.108031200000000000e+07
1.276078906250000000e+05
6.037146400000000000e+07
1.067502875000000000e+06
4.951187500000000000e+04
1.744802432000000000e+09
7.265993750000000000e+05
1.408275250000000000e+06
5.985654375000000000e+05
3.288850400000000000e+07
8.198065000000000000e+06
6.800665600000000000e+07
1.380538720000000000e+08
6.377289375000000000e+05
1.218079520000000000e+08
9.797722400000000000e+07
7.208830625000000000e+05
1.402436800000000000e+08
1.228239750000000000e+06
5.207929687500000000e+05
1.528254720000000000e+09
1.361987360000000000e+08
1.873110375000000000e+06
8.123888000000000000e+08
6.240518000000000000e+06
3.280944000000000000e+06
2.467808768000000000e+09
1.555965700000000000e+07
1.887441375000000000e+06
1.307733750000000000e+06
1.190753894400000000e+10
8.796118400000000000e+07
2.241655200000000000e+07
3.603377600000000000e+07
7.725044800000000000e+07
1.112638336000000000e+09
1.178866080000000000e+08
1.603718250000000000e+06
2.706269000000000000e+06
9.258969000000000000e+06
2.939812800000000000e+07
6.800665600000000000e+07
6.390909000000000000e+06
3.792805250000000000e+06
2.326018000000000000e+07
1.726449218750000000e+05
3.344353500000000000e+06
2.803411250000000000e+05
2.689860500000000000e+06
2.769878250000000000e+06
2.762875200000000000e+08
4.714657500000000000e+06
2.003499500000000000e+06
5.305878400000000000e+07
1.070525000000000000e+07
3.500840250000000000e+06
9.309935000000000000e+06
6.612985500000000000e+06
4.343690000000000000e+06
2.341618250000000000e+06
2.947219840000000000e+08
1.725016000000000000e+07
4.935253500000000000e+06
9.432513000000000000e+06
8.208047000000000000e+06
2.685157200000000000e+07
1.811229440000000000e+08
1.678829200000000000e+07
1.237097800000000000e+07
6.278404800000000000e+07
3.819881250000000000e+05
1.868248875000000000e+06
5.568770400000000000e+07
5.617460500000000000e+06
5.279832800000000000e+07
5.474826800000000000e+07
5.191932000000000000e+07
5.282360800000000000e+07
7.007728800000000000e+07
2.489306400000000000e+07
6.006582400000000000e+07
7.131156800000000000e+07
7.519287500000000000e+06
5.715582400000000000e+07
6.034440400000000000e+07
5.614995200000000000e+07
1.167603360000000000e+08
6.886252800000000000e+07
8.281885600000000000e+07
6.927341600000000000e+07
6.368670000000000000e+07
8.291226400000000000e+07
4.945112800000000000e+07
2.135525000000000000e+06
2.645114250000000000e+06
7.397482000000000000e+06
3.819881250000000000e+05
1.060870640000000000e+08
2.326018000000000000e+07
7.162416875000000000e+05
6.932865600000000000e+07
3.830019000000000000e+06
2.867657187500000000e+05
6.037146400000000000e+07
3.444484750000000000e+06
2.031274375000000000e+05
4.506159200000000000e+07
2.414813200000000000e+07
2.506469375000000000e+05
3.499336000000000000e+08
1.136485700000000000e+07
8.372725000000000000e+05
9.928504800000000000e+07
9.123910000000000000e+06
4.555837187500000000e+05
3.411606500000000000e+06
4.700050880000000000e+08
7.042058000000000000e+06
2.223951750000000000e+06
7.414263500000000000e+06
2.554304400000000000e+07
2.461877600000000000e+07
4.479203750000000000e+05
1.219283625000000000e+06
1.038805812500000000e+06
1.093780375000000000e+06
1.382153000000000000e+07
1.394970781250000000e+05
2.200388750000000000e+06
2.507668250000000000e+06
2.803411250000000000e+05
5.854044500000000000e+06
7.252686000000000000e+06
7.371291500000000000e+06
4.575398000000000000e+06
2.777851750000000000e+06
3.638413250000000000e+06
8.626045000000000000e+06
1.041284000000000000e+07
2.855063500000000000e+06
3.014869000000000000e+06
1.722794750000000000e+06
1.215080700000000000e+07
5.716369000000000000e+06
3.466905000000000000e+06
4.797569500000000000e+06
1.035516500000000000e+07
1.107963300000000000e+07
5.465704000000000000e+06
4.308901000000000000e+06
5.087023000000000000e+06
1.105529400000000000e+07
1.380538720000000000e+08
1.006475520000000000e+08
6.198902500000000000e+05
6.037146400000000000e+07
1.009248593750000000e+05
3.634192187500000000e+05
1.509534208000000000e+09
2.425474500000000000e+06
4.532438500000000000e+06
1.648294625000000000e+06
4.301390400000000000e+07
6.598311600000000000e+07
4.545780000000000000e+06
2.454924000000000000e+07
1.807416750000000000e+06
1.619828800000000000e+07
1.969155840000000000e+08
7.606384000000000000e+06
6.932865600000000000e+07
2.856436000000000000e+06
1.152011600000000000e+07
1.762872160000000000e+08
1.915121408000000000e+09
2.386789200000000000e+07
3.998278800000000000e+07
3.804339500000000000e+06
1.156430100000000000e+07
4.306859840000000000e+08
1.273381400000000000e+07
5.837624400000000000e+07
2.570830000000000000e+07
1.195644032000000000e+09
4.491649200000000000e+07
2.176379040000000000e+08
3.729721200000000000e+07
1.665930560000000000e+08
4.076579840000000000e+08
1.402436800000000000e+08
3.054031200000000000e+07
2.732227200000000000e+07
7.533356875000000000e+05
5.569839500000000000e+06
5.710184500000000000e+06
6.071588750000000000e+05
1.027003400000000000e+07
9.263000625000000000e+05
2.780716750000000000e+06
1.558910400000000000e+08
1.064645040000000000e+08
2.022775000000000000e+06
8.663496000000000000e+07
1.634642625000000000e+06
1.383630000000000000e+07
1.209021500000000000e+07
1.546252625000000000e+06
3.516433000000000000e+06
5.404227500000000000e+06
5.307693120000000000e+08
9.789946000000000000e+06
2.151391600000000000e+07
3.785523200000000000e+07
6.525622000000000000e+06
9.422486400000000000e+07
6.091476250000000000e+05
1.304627125000000000e+06
2.347610750000000000e+06
1.236793250000000000e+06
9.944444000000000000e+07
5.567209200000000000e+07
5.665406400000000000e+07
6.604872000000000000e+07
1.136717700000000000e+07
1.382153000000000000e+07
1.952788437500000000e+05
6.800665600000000000e+07
6.292168750000000000e+05
6.587706875000000000e+05
8.179296800000000000e+07
1.107231796875000000e+05
1.041427500000000000e+06
7.325795500000000000e+06
2.532791500000000000e+06
3.026311250000000000e+06
1.085903500000000000e+07
1.517501120000000000e+08
3.703447250000000000e+06
4.679521000000000000e+06
6.091476250000000000e+05
3.075810500000000000e+06
4.742825000000000000e+06
3.316849750000000000e+06
3.797967250000000000e+06
3.713332250000000000e+06
4.269650800000000000e+07
3.843733500000000000e+06
1.421739000000000000e+07
6.162564000000000000e+06
1.088373100000000000e+07
3.703949000000000000e+06
3.343569000000000000e+06
5.819544000000000000e+06
2.711218750000000000e+06
6.974760500000000000e+06
4.850401500000000000e+06
1.848192000000000000e+07
7.771103500000000000e+06
3.721773750000000000e+06
8.923492000000000000e+06
6.800665600000000000e+07
3.588292750000000000e+06
2.885226750000000000e+06
1.592888600000000000e+07
5.675708125000000000e+05
9.110898437500000000e+04
1.831851500000000000e+06
2.294758437500000000e+05
2.326018000000000000e+07
6.037146400000000000e+07
2.187710937500000000e+05
1.060870640000000000e+08
1.848675625000000000e+05
2.059093500000000000e+06
7.924647000000000000e+06
2.131736000000000000e+07
5.330578750000000000e+05
3.787390750000000000e+06
1.114850312500000000e+05
7.594215625000000000e+05
3.499336000000000000e+08
3.236725750000000000e+06
7.877996500000000000e+06
8.400243000000000000e+06
9.707672000000000000e+07
2.562226750000000000e+06
9.203998000000000000e+06
6.729885625000000000e+05
8.965073600000000000e+07
2.897400400000000000e+07
3.819881250000000000e+05
7.940630400000000000e+07
2.217944800000000000e+07
2.276804000000000000e+07
3.617701200000000000e+07
5.384390500000000000e+06
2.966444000000000000e+07
8.793596000000000000e+06
4.085077600000000000e+07
2.152134500000000000e+06
4.744235600000000000e+07
1.778514800000000000e+07
2.649888400000000000e+07
2.927782000000000000e+07
5.822612000000000000e+07
5.622654000000000000e+06
8.124746500000000000e+06
5.652356400000000000e+07
1.922306875000000000e+06
2.776778750000000000e+06
4.032474800000000000e+07
1.016300240000000000e+08
4.554210500000000000e+06
1.190336400000000000e+07
3.222521000000000000e+06
1.180802800000000000e+07
1.136717700000000000e+07
1.969155840000000000e+08
6.800665600000000000e+07
3.370406750000000000e+06
3.303285250000000000e+06
1.382153000000000000e+07
1.048401000000000000e+06
6.037146400000000000e+07
4.597175500000000000e+06
2.320654250000000000e+06
2.405795040000000000e+08
8.179296800000000000e+07
7.827955625000000000e+05
4.857006080000000000e+09
1.646084400000000000e+07
8.994081000000000000e+06
5.419410000000000000e+07
3.003224250000000000e+06
2.165638750000000000e+06
8.099217000000000000e+06
1.886948480000000000e+09
5.990389000000000000e+06
4.470471000000000000e+06
6.450000400000000000e+07
9.423829000000000000e+06
5.533016800000000000e+07
9.843509375000000000e+04
5.445261600000000000e+07
1.380538720000000000e+08
2.208038593750000000e+05
2.345313437500000000e+05
5.675708125000000000e+05
9.958799804687500000e+03
8.102760800000000000e+07
3.768425000000000000e+05
1.358086718750000000e+05
1.280183200000000000e+07
1.508122400000000000e+07
7.795626562500000000e+04
1.472575872000000000e+09
2.956023200000000000e+07
2.429599750000000000e+06
2.453641200000000000e+07
6.677285937500000000e+04
8.042092187500000000e+04
1.866920400000000000e+07
8.838114560000000000e+08
5.851644500000000000e+06
2.017507750000000000e+06
6.559466240000000000e+08
3.486294250000000000e+06
2.586008160000000000e+08
1.844115360000000000e+08
6.037146400000000000e+07
1.494479375000000000e+05
7.306229600000000000e+07
1.827341718750000000e+05
8.720347656250000000e+04
4.483658752000000000e+09
1.656457125000000000e+06
7.102741875000000000e+05
1.087501125000000000e+06
2.979457600000000000e+07
2.424524960000000000e+08
6.091476250000000000e+05
1.178866080000000000e+08
1.148958875000000000e+06
1.678829200000000000e+07
6.475714400000000000e+07
7.776138000000000000e+06
9.703118400000000000e+07
8.393583750000000000e+05
3.761947750000000000e+06
8.092813600000000000e+07
1.111643392000000000e+09
5.046976400000000000e+07
2.346374240000000000e+08
2.046501750000000000e+06
1.569219500000000000e+07
1.560594240000000000e+08
6.758390000000000000e+06
4.972722000000000000e+07
2.980122800000000000e+07
1.866107008000000000e+09
4.482500400000000000e+07
3.273369600000000000e+08
1.217591680000000000e+08
1.376612960000000000e+08
8.267795200000000000e+08
3.378674000000000000e+07
5.445261600000000000e+07
8.856069531250000000e+04
1.924658400000000000e+07
4.137425000000000000e+05
4.429705312500000000e+05
4.920109120000000000e+08
2.291569000000000000e+06
5.472433000000000000e+06
3.587078000000000000e+06
8.026588800000000000e+07
3.830019000000000000e+06
3.819881250000000000e+05
6.932865600000000000e+07
1.106923515625000000e+05
2.326018000000000000e+07
6.037146400000000000e+07
3.999027343750000000e+04
1.060870640000000000e+08
6.709074218750000000e+04
1.623429843750000000e+05
2.414813200000000000e+07
9.928504800000000000e+07
4.485457812500000000e+05
4.506159200000000000e+07
9.022150781250000000e+04
4.109680937500000000e+05
3.499336000000000000e+08
1.132647500000000000e+06
1.550305875000000000e+06
2.248568750000000000e+06
4.700050880000000000e+08
9.447332000000000000e+06
1.556770100000000000e+07
3.040402000000000000e+06
3.538200400000000000e+07
2.001203520000000000e+08
1.033525062500000000e+06
7.038810000000000000e+05
5.792484500000000000e+06
3.274917000000000000e+06
1.758630720000000000e+08
2.414973750000000000e+05
1.953696400000000000e+07
2.711073750000000000e+06
3.249851562500000000e+05
6.224082800000000000e+07
2.737950250000000000e+06
2.990449687500000000e+05
3.715935750000000000e+06
4.274231000000000000e+06
2.171083200000000000e+07
7.162198400000000000e+08
1.458647700000000000e+07
2.328841600000000000e+07
1.041315250000000000e+06
3.058414800000000000e+07
2.690889200000000000e+07
4.634858000000000000e+06
5.378323200000000000e+07
1.748278500000000000e+06
1.022669056000000000e+09
7.261323500000000000e+06
4.602423360000000000e+08
1.955292000000000000e+07
3.702970400000000000e+07
3.747185920000000000e+08
2.313043520000000000e+08
1.672121200000000000e+07
2.555070000000000000e+07
7.729852500000000000e+06
6.091476250000000000e+05
5.401103600000000000e+07
2.096846250000000000e+06
3.617701200000000000e+07
3.713480312500000000e+05
1.231589625000000000e+06
7.976545600000000000e+07
6.201192960000000000e+08
3.734105600000000000e+07
7.619624800000000000e+07
1.553350400000000000e+07
1.549539000000000000e+07
1.436089120000000000e+08
1.553822750000000000e+06
8.170910500000000000e+06
1.644328750000000000e+06
8.933959040000000000e+08
3.670496800000000000e+07
1.184338000000000000e+08
5.345035600000000000e+07
1.064027200000000000e+07
2.365038560000000000e+08
7.940630400000000000e+07
9.944444000000000000e+07
2.873334000000000000e+07
2.939812800000000000e+07
4.016033200000000000e+07
3.044812000000000000e+07
3.172623616000000000e+09
8.922085600000000000e+07
8.945549600000000000e+07
5.664228400000000000e+07
2.987158400000000000e+08
6.640227600000000000e+07
1.971500000000000000e+07
7.306229600000000000e+07
4.790456000000000000e+06
1.928509600000000000e+07
6.112775500000000000e+06
5.287043125000000000e+05
3.830019000000000000e+06
1.220824250000000000e+06
2.890520250000000000e+06
9.769544800000000000e+07
8.839362560000000000e+08
1.758408400000000000e+07
1.503453440000000000e+08
1.111577125000000000e+06
4.935558000000000000e+07
2.828306800000000000e+07
2.911544000000000000e+06
2.794730000000000000e+06
3.457831000000000000e+06
4.459017920000000000e+08
1.943890800000000000e+07
2.177828320000000000e+08
2.725388400000000000e+07
1.247012300000000000e+07
9.367795200000000000e+07
8.349473750000000000e+05
9.712708750000000000e+05
9.936346875000000000e+04
4.784349062500000000e+05
4.691900160000000000e+08
1.402436800000000000e+08
2.034035250000000000e+06
1.178866080000000000e+08
2.978449250000000000e+06
1.051283625000000000e+06
5.561011600000000000e+07
3.850219250000000000e+06
1.108092750000000000e+06
5.488865500000000000e+06
3.651041250000000000e+06
7.821270000000000000e+05
8.544919552000000000e+09
1.111151120000000000e+08
3.754009250000000000e+06
9.961104000000000000e+06
2.672726880000000000e+08
7.102108800000000000e+07
3.301458750000000000e+06
1.613045900000000000e+07
2.089816160000000000e+08
1.957270720000000000e+08
8.085165625000000000e+05
9.110898437500000000e+04
1.082256406250000000e+05
1.631037625000000000e+06
4.261687500000000000e+05
3.716719140625000000e+04
1.948107500000000000e+06
7.820173125000000000e+05
1.246855859375000000e+05
8.607526250000000000e+05
1.746785000000000000e+06
9.208973437500000000e+04
8.277166000000000000e+06
5.445261600000000000e+07
2.711073750000000000e+06
9.674621250000000000e+05
2.189109375000000000e+05
1.481650250000000000e+06
1.554168200000000000e+07
3.209571600000000000e+07
7.840334000000000000e+06
8.224630000000000000e+05
1.108650300000000000e+07
7.722861250000000000e+05
1.146160480000000000e+08
1.583788000000000000e+07
1.192589200000000000e+08
5.618837000000000000e+06
1.294152500000000000e+07
2.808755250000000000e+06
4.161479200000000000e+07
1.628968800000000000e+07
6.143253000000000000e+06
1.783991600000000000e+07
1.731557120000000000e+08
3.457814000000000000e+07
6.832402400000000000e+07
1.672121200000000000e+07
3.516268000000000000e+07
4.558375000000000000e+05
6.932865600000000000e+07
6.389048828125000000e+04
1.014392734375000000e+05
1.049005120000000000e+08
6.032266875000000000e+05
2.791017250000000000e+06
1.383593593750000000e+05
4.398875500000000000e+06
1.402436800000000000e+08
1.619828800000000000e+07
1.248620875000000000e+06
6.091476250000000000e+05
1.246973875000000000e+06
1.093731250000000000e+06
2.254080000000000000e+07
1.717230750000000000e+06
3.176392750000000000e+06
5.198273437500000000e+05
2.948312250000000000e+06
1.136717700000000000e+07
1.382153000000000000e+07
8.304360937500000000e+04
1.041094218750000000e+05
6.800665600000000000e+07
1.230277250000000000e+06
2.116405937500000000e+05
4.809556250000000000e+05
9.219667187500000000e+04
1.819651171875000000e+04
8.179296800000000000e+07
1.545307750000000000e+06
2.241255781250000000e+05
1.909369250000000000e+06
4.590819687500000000e+05
3.844440625000000000e+04
1.223620800000000000e+07
5.990445625000000000e+05
4.332920312500000000e+04
8.232147656250000000e+04
4.025942400000000000e+07
1.086858375000000000e+06
1.157649218750000000e+05
5.128380937500000000e+05
3.635090312500000000e+05
1.947839875000000000e+06
1.380538720000000000e+08
6.091476250000000000e+05
1.006475520000000000e+08
5.263144531250000000e+04
3.830019000000000000e+06
6.037146400000000000e+07
1.081099121093750000e+04
6.932865600000000000e+07
1.712628906250000000e+04
3.624820703125000000e+04
4.874616000000000000e+07
1.509534208000000000e+09
8.344937500000000000e+04
1.470517920000000000e+08
3.648933593750000000e+04
5.392405625000000000e+05
9.928504800000000000e+07
6.777001562500000000e+04
4.052391875000000000e+05
5.405900781250000000e+04
1.582237824000000000e+09
1.293626625000000000e+06
7.691402000000000000e+06
2.834361250000000000e+05
1.175038500000000000e+06
1.325747400000000000e+07
6.137982000000000000e+06
1.630433760000000000e+08
2.582191718750000000e+05
2.220874400000000000e+07
1.568165820312500000e+04
2.576951367187500000e+04
1.085117360000000000e+08
2.948262500000000000e+05
2.980182500000000000e+06
2.432587343750000000e+05
1.082485200000000000e+07
1.380538720000000000e+08
1.178866080000000000e+08
1.402436800000000000e+08
2.198775600000000000e+07
2.079378000000000000e+07
6.800665600000000000e+07
1.746039200000000000e+07
4.691900160000000000e+08
2.930447200000000000e+07
3.502512800000000000e+07
1.182864512000000000e+09
8.123888000000000000e+08
1.961197200000000000e+07
8.544919552000000000e+09
4.937337600000000000e+07
3.195071200000000000e+07
6.721531904000000000e+09
2.399496800000000000e+07
4.471382400000000000e+07
8.978848800000000000e+07
3.880588902400000000e+10
5.322399600000000000e+07
5.526614400000000000e+07
1.572207360000000000e+08
1.516766080000000000e+08
3.294704000000000000e+08
6.091476250000000000e+05
3.830019000000000000e+06
6.821779375000000000e+05
1.380538720000000000e+08
1.636639250000000000e+06
1.684992968750000000e+05
4.874616000000000000e+07
7.916876250000000000e+05
6.481116250000000000e+05
1.521249875000000000e+06
7.130744000000000000e+06
1.738085600000000000e+08
4.025697200000000000e+07
9.342974400000000000e+07
3.524836562500000000e+05
1.006475520000000000e+08
1.402436800000000000e+08
1.675471750000000000e+06
1.969155840000000000e+08
3.660489500000000000e+06
4.441836500000000000e+06
8.670377600000000000e+08
1.154031872000000000e+09
1.794326375000000000e+06
2.243723520000000000e+09
2.664297250000000000e+06
5.471279500000000000e+06
8.731170816000000000e+09
7.708107000000000000e+06
5.352809600000000000e+07
1.501503800000000000e+07
9.587395584000000000e+09
9.149126000000000000e+06
8.450708800000000000e+07
1.476194560000000000e+08
1.936782560000000000e+08
4.663750080000000000e+08
7.561583200000000000e+07
4.008098400000000000e+07
8.650611000000000000e+06
6.800665600000000000e+07
1.912148400000000000e+07
1.245506000000000000e+06
2.556081664000000000e+09
1.144065920000000000e+08
1.346309000000000000e+07
1.946128000000000000e+07
3.889172480000000000e+08
2.326018000000000000e+07
8.490953125000000000e+05
6.130271250000000000e+05
6.773618000000000000e+06
2.939812800000000000e+07
5.420588400000000000e+07
5.307173600000000000e+07
5.935573600000000000e+07
5.445261600000000000e+07
2.519245750000000000e+06
1.742735125000000000e+06
1.250725800000000000e+07
7.108031200000000000e+07
1.182660100000000000e+07
3.637316400000000000e+07
6.384675200000000000e+07
6.037146400000000000e+07
1.380538720000000000e+08
6.524176400000000000e+07
1.006475520000000000e+08
7.127321600000000000e+07
6.428641600000000000e+07
1.744802432000000000e+09
1.242417280000000000e+09
7.735129600000000000e+07
2.770722240000000000e+08
9.887439200000000000e+07
6.841661600000000000e+07
1.509534208000000000e+09
8.044996000000000000e+07
6.815092000000000000e+07
8.648934400000000000e+07
7.992604672000000000e+09
1.486700160000000000e+08
1.021276720000000000e+08
1.269589280000000000e+08
1.119795440000000000e+08
2.372909600000000000e+08
6.932865600000000000e+07
2.703730625000000000e+05
4.471728500000000000e+06
2.582608500000000000e+06
3.303285250000000000e+06
2.735674000000000000e+07
3.804539500000000000e+06
5.606114500000000000e+06
1.425882750000000000e+06
2.261886250000000000e+06
1.096518100000000000e+07
4.383208800000000000e+07
2.555533250000000000e+06
5.440720500000000000e+06
2.029681375000000000e+06
3.138752500000000000e+06
3.051702400000000000e+07
3.211375250000000000e+06
6.076338500000000000e+06
3.004983250000000000e+06
8.846138400000000000e+07
3.410201000000000000e+06
1.119899400000000000e+07
5.055779500000000000e+06
9.352347000000000000e+06
2.549491200000000000e+07
2.141702812500000000e+05
2.360594843750000000e+05
6.179558105468750000e+02
3.042894287109375000e+03
1.012011300000000000e+07
1.665535800000000000e+07
1.697941600000000000e+07
4.115382000000000000e+07
6.091476250000000000e+05
3.830019000000000000e+06
7.303122656250000000e+04
1.380538720000000000e+08
2.636686562500000000e+05
8.854211718750000000e+04
4.874616000000000000e+07
1.474927000000000000e+06
1.983264531250000000e+05
1.172677500000000000e+06
1.072726400000000000e+07
6.091476250000000000e+05
6.137993500000000000e+06
3.830019000000000000e+06
5.495544140625000000e+04
9.797797600000000000e+07
1.380538720000000000e+08
2.011254375000000000e+05
8.198182500000000000e+06
1.094093375000000000e+06
2.566008398437500000e+04
3.181291600000000000e+07
4.874616000000000000e+07
8.629866250000000000e+05
1.735054000000000000e+07
1.089551375000000000e+06
2.196591875000000000e+05
1.362003040000000000e+08
8.344129500000000000e+06
7.473990000000000000e+05
2.596764750000000000e+06
2.596892480000000000e+08
9.140632000000000000e+06
1.335029600000000000e+07
3.217039750000000000e+06
3.817397200000000000e+07
5.943616800000000000e+07
7.108031200000000000e+07
2.116438000000000000e+07
8.425648125000000000e+05
1.550118500000000000e+07
2.326018000000000000e+07
3.830019000000000000e+06
4.873404500000000000e+06
3.819881250000000000e+05
4.044770000000000000e+05
1.087296200000000000e+07
4.585363200000000000e+08
1.534027680000000000e+08
1.112270720000000000e+08
1.846972800000000000e+07
4.282366000000000000e+07
8.928327000000000000e+06
2.414813200000000000e+07
7.616677500000000000e+06
7.096065000000000000e+06
1.261587250000000000e+06
1.266503936000000000e+09
5.602065280000000000e+08
2.080220000000000000e+08
4.045008000000000000e+07
1.236187400000000000e+07
1.216048896000000000e+09
5.675708125000000000e+05
1.467800000000000000e+06
1.081399250000000000e+06
4.542680000000000000e+07
6.800665600000000000e+07
4.401212000000000000e+07
4.702505600000000000e+07
3.934069600000000000e+07
4.983004800000000000e+07
4.916663200000000000e+07
1.493096100000000000e+07
1.264837500000000000e+06
4.522286400000000000e+07
1.771003200000000000e+07
4.504268800000000000e+07
4.779858400000000000e+07
5.676657920000000000e+08
5.332510400000000000e+07
5.048710000000000000e+07
5.987686000000000000e+07
2.201818000000000000e+07
4.873407600000000000e+07
4.973509600000000000e+07
5.558307200000000000e+07
6.782052000000000000e+07
6.304685600000000000e+07
2.299921500000000000e+06
2.196574800000000000e+07
1.014485500000000000e+06
1.346609500000000000e+07
1.378860000000000000e+06
1.112988125000000000e+06
4.411768000000000000e+07
1.093452875000000000e+06
1.351846125000000000e+06
6.675074500000000000e+06
1.101196200000000000e+07
1.871309375000000000e+05
5.551385937500000000e+04
4.484862812500000000e+05
3.036233750000000000e+05
1.389363400000000000e+07
5.995914000000000000e+07
2.306229750000000000e+06
4.996338000000000000e+07
9.261303750000000000e+05
7.314500500000000000e+06
5.394421484375000000e+04
3.376139250000000000e+06
1.147188750000000000e+05
2.633887500000000000e+06
1.753921406250000000e+05
8.210006875000000000e+05
6.519925760000000000e+08
6.674310000000000000e+06
1.377100600000000000e+07
3.332019600000000000e+07
9.324436000000000000e+06
9.674184375000000000e+04
2.281888500000000000e+06
4.546178500000000000e+06
2.389737760000000000e+08
1.379998200000000000e+07
1.230277250000000000e+06
2.107363000000000000e+06
8.304360937500000000e+04
1.168525078125000000e+05
3.232462400000000000e+07
1.136717700000000000e+07
3.290247000000000000e+06
1.649233300000000000e+07
2.570244250000000000e+06
1.433588000000000000e+06
1.599489200000000000e+07
1.545307750000000000e+06
3.800397500000000000e+05
4.560817000000000000e+06
9.836416875000000000e+05
7.382934375000000000e+04
4.564593200000000000e+07
6.829851000000000000e+06
2.650316000000000000e+06
7.658267000000000000e+06
2.524556000000000000e+07
3.818898000000000000e+06
5.793251250000000000e+05
2.670618500000000000e+06
1.152677700000000000e+07
8.488894000000000000e+06
4.586874400000000000e+07
1.466920960000000000e+08
2.988020000000000000e+06
1.765253600000000000e+07
1.672741406250000000e+05
6.500249500000000000e+06
8.637068800000000000e+08
1.401246200000000000e+07
1.073846800000000000e+08
5.759670500000000000e+06
5.032291520000000000e+08
2.803411250000000000e+05
5.163923600000000000e+07
5.160851200000000000e+07
5.080422800000000000e+07
1.601737375000000000e+06
1.339247900000000000e+07
8.229397500000000000e+06
2.533943750000000000e+06
1.382153000000000000e+07
2.703730625000000000e+05
4.134344375000000000e+05
3.830019000000000000e+06
4.756869375000000000e+05
9.644475000000000000e+04
6.689936000000000000e+06
3.680947250000000000e+06
1.063997375000000000e+06
1.066235500000000000e+07
8.121020000000000000e+06
3.370792250000000000e+06
4.854052500000000000e+06
6.623684500000000000e+06
2.189664843750000000e+05
1.294786750000000000e+06
1.689912800000000000e+07
4.899832500000000000e+06
2.381241750000000000e+06
6.144547000000000000e+06
3.489946500000000000e+06
1.320473100000000000e+07
6.037146400000000000e+07
1.411322265625000000e+04
2.308141601562500000e+04
4.537841562500000000e+05
1.402436800000000000e+08
1.104436125000000000e+06
2.766826500000000000e+06
3.327504400000000000e+07
1.330730600000000000e+07
7.428956500000000000e+06
5.458724000000000000e+06
2.175031500000000000e+06
8.535219200000000000e+07
2.022061375000000000e+06
1.042526100000000000e+07
6.091476250000000000e+05
6.409091500000000000e+06
4.261625500000000000e+06
1.137763840000000000e+08
4.786262400000000000e+07
1.396475500000000000e+07
2.848103600000000000e+07
3.149225500000000000e+06
3.553245000000000000e+06
3.439547200000000000e+07
8.347668800000000000e+07
6.188164500000000000e+06
1.921526000000000000e+06
8.042345600000000000e+08
6.246024800000000000e+07
2.078826400000000000e+07
4.371020500000000000e+06
3.955392400000000000e+07
9.266607200000000000e+07
4.610914500000000000e+06
8.087993500000000000e+06
8.739979687500000000e+04
1.498814200000000000e+07
4.959874500000000000e+06
1.701147500000000000e+06
1.599013300000000000e+07
4.076042500000000000e+06
3.617946250000000000e+05
1.176241900000000000e+07
1.190969900000000000e+07
1.819984000000000000e+08
4.701901000000000000e+06
6.015985000000000000e+05
2.666650750000000000e+06
3.627845500000000000e+06
3.055400500000000000e+06
4.277069000000000000e+06
3.455196800000000000e+07
5.908635500000000000e+06
3.385308750000000000e+06
5.772153000000000000e+06
3.933266800000000000e+07
3.812497250000000000e+06
8.260726875000000000e+05
6.569857500000000000e+06
9.703118400000000000e+07
1.819984000000000000e+08
4.445674800000000000e+07
3.819881250000000000e+05
3.240704000000000000e+07
3.048287200000000000e+07
8.077161600000000000e+07
6.166536000000000000e+07
5.687069600000000000e+07
3.527540400000000000e+07
8.360654400000000000e+07
3.303285250000000000e+06
6.932865600000000000e+07
1.914805200000000000e+07
1.464183281250000000e+05
2.703730625000000000e+05
2.196574800000000000e+07
5.375937500000000000e+03
7.347535625000000000e+05
1.187444238281250000e+04
2.116054687500000000e+04
1.096518100000000000e+07
6.449717200000000000e+07
2.101290156250000000e+05
6.108182000000000000e+07
9.695144375000000000e+05
1.579126000000000000e+06
1.031184300000000000e+07
2.533433789062500000e+04
5.188867812500000000e+05
5.197700000000000000e+04
1.307848240000000000e+08
1.410463500000000000e+06
8.276558500000000000e+06
7.291941000000000000e+06
4.484788500000000000e+06
2.968379600000000000e+07
6.091476250000000000e+05
1.380538720000000000e+08
2.313043520000000000e+08
8.146690625000000000e+05
3.830019000000000000e+06
1.672121200000000000e+07
7.684635625000000000e+05
4.253613600000000000e+07
6.441838750000000000e+05
6.527925000000000000e+06
4.874616000000000000e+07
7.976545600000000000e+07
8.907316250000000000e+05
3.949258240000000000e+08
2.053042500000000000e+06
6.983199500000000000e+06
6.613544800000000000e+07
1.145447000000000000e+06
5.867374500000000000e+06
2.421293200000000000e+07
7.895824000000000000e+08
4.489855500000000000e+06
9.880514000000000000e+06
4.729950800000000000e+07
2.925554800000000000e+07
7.673324800000000000e+07
8.198150500000000000e+06
2.872928750000000000e+06
2.048764875000000000e+06
4.344452000000000000e+06
1.779670125000000000e+06
1.005496500000000000e+07
1.272900878906250000e+04
2.110258750000000000e+06
5.352155761718750000e+03
1.245017734375000000e+05
1.081812400000000000e+07
1.712439453125000000e+04
2.109214750000000000e+06
1.606825468750000000e+05
1.615148500000000000e+06
1.726449218750000000e+05
1.720092375000000000e+06
5.746856800000000000e+07
7.818562500000000000e+05
4.557068400000000000e+07
5.484767200000000000e+07
2.726228000000000000e+06
5.433361600000000000e+07
6.973075200000000000e+07
5.141604000000000000e+07
6.773687200000000000e+07
1.914805200000000000e+07
8.102760800000000000e+07
7.347535625000000000e+05
5.780029375000000000e+05
6.037146400000000000e+07
6.932865600000000000e+07
3.165328250000000000e+06
3.830019000000000000e+06
1.293341500000000000e+06
2.018743375000000000e+06
3.355089920000000000e+09
6.108182000000000000e+07
3.791138500000000000e+06
1.739880000000000000e+08
1.820054000000000000e+06
8.308558125000000000e+05
9.928504800000000000e+07
5.579845000000000000e+06
5.512955500000000000e+06
1.655937625000000000e+06
2.102362752000000000e+09
2.445372000000000000e+07
7.201937500000000000e+06
2.546784250000000000e+06
1.303322800000000000e+07
3.962724800000000000e+07
1.382153000000000000e+07
6.037146400000000000e+07
5.392636875000000000e+05
3.303285250000000000e+06
4.370796562500000000e+05
5.137909500000000000e+06
5.419410000000000000e+07
6.557819500000000000e+06
1.663560800000000000e+07
5.000024000000000000e+06
6.385040800000000000e+07
8.198150500000000000e+06
1.540237280000000000e+08
6.137982000000000000e+06
1.382222500000000000e+06
7.522713600000000000e+07
3.830019000000000000e+06
3.421889062500000000e+05
2.103355200000000000e+07
2.803467250000000000e+06
6.087626250000000000e+05
1.640378880000000000e+09
1.735044000000000000e+07
2.665339000000000000e+06
1.040881520000000000e+08
5.667416000000000000e+07
1.129051750000000000e+06
1.507208800000000000e+08
2.487379600000000000e+07
1.012572687500000000e+06
4.760230000000000000e+06
6.763221120000000000e+08
4.369880000000000000e+08
4.813427000000000000e+06
3.409683600000000000e+07
2.299844800000000000e+07
2.009219840000000000e+08
9.843509375000000000e+04
5.675708125000000000e+05
7.019852343750000000e+04
1.380538720000000000e+08
1.909180937500000000e+05
2.679846250000000000e+05
1.508122400000000000e+07
2.748763437500000000e+05
4.762879687500000000e+05
2.597054750000000000e+06
7.749095000000000000e+06
6.138292968750000000e+04
4.484862812500000000e+05
6.647332500000000000e+06
6.800665600000000000e+07
8.038442000000000000e+06
3.043895200000000000e+07
3.531128750000000000e+06
7.298118500000000000e+06
5.784265000000000000e+06
7.292529600000000000e+07
2.051964000000000000e+07
3.960156750000000000e+06
9.108414062500000000e+04
1.467800000000000000e+06
1.556281625000000000e+06
2.110258750000000000e+06
4.691900160000000000e+08
5.853290500000000000e+06
1.136717700000000000e+07
8.197753750000000000e+05
1.601464300000000000e+07
1.195007375000000000e+06
9.862464000000000000e+07
1.973053600000000000e+07
1.719577500000000000e+06
2.074643437500000000e+05
7.496975500000000000e+06
1.968896480000000000e+08
1.974828625000000000e+06
1.742985440000000000e+08
1.674575700000000000e+07
3.259679600000000000e+07
3.312569500000000000e+06
3.712858880000000000e+08
3.156956250000000000e+06
7.338028800000000000e+07
8.335291200000000000e+07
1.006475520000000000e+08
1.969155840000000000e+08
6.037146400000000000e+07
3.425596000000000000e+06
1.402436800000000000e+08
1.380538720000000000e+08
1.499355625000000000e+06
6.800665600000000000e+07
1.859147000000000000e+06
4.655512500000000000e+05
8.731170816000000000e+09
1.509534208000000000e+09
5.747346500000000000e+06
4.857006080000000000e+09
1.460432000000000000e+07
2.956421000000000000e+06
8.123888000000000000e+08
5.768784500000000000e+06
2.466933250000000000e+06
2.443409250000000000e+06
2.403912089600000000e+10
4.688078000000000000e+07
9.426345000000000000e+06
4.887435600000000000e+07
3.186168000000000000e+07
2.374897600000000000e+08
1.345991360000000000e+08
8.198150500000000000e+06
6.137982000000000000e+06
2.593663500000000000e+06
4.253613600000000000e+07
1.672121200000000000e+07
1.033358562500000000e+06
3.830019000000000000e+06
3.798169375000000000e+05
4.249041875000000000e+05
9.454067200000000000e+08
1.465774400000000000e+08
2.712930400000000000e+07
1.735044000000000000e+07
1.427507600000000000e+07
3.585617750000000000e+06
6.613544800000000000e+07
5.374873500000000000e+06
1.165040750000000000e+06
1.153025750000000000e+06
7.236003200000000000e+08
3.822375360000000000e+08
4.974145200000000000e+07
4.054029600000000000e+07
1.033874500000000000e+07
4.763633280000000000e+08
2.703730625000000000e+05
6.034682400000000000e+07
3.388949000000000000e+06
8.426451875000000000e+05
1.654785300000000000e+07
7.227946000000000000e+06
7.426457500000000000e+05
3.621152800000000000e+07
1.152732600000000000e+07
3.774633750000000000e+06
2.381882000000000000e+07
2.002191125000000000e+06
6.025016875000000000e+05
9.212609600000000000e+07
3.104735200000000000e+07
4.848330000000000000e+06
6.832663200000000000e+07
7.922373000000000000e+06
3.192540500000000000e+06
2.483184400000000000e+07
1.851520320000000000e+08
1.246258500000000000e+07
6.505862000000000000e+06
6.687229200000000000e+07
2.791551600000000000e+07
1.346610400000000000e+08
1.402436800000000000e+08
5.554354400000000000e+07
1.969155840000000000e+08
5.740795000000000000e+06
2.246209200000000000e+07
1.006475520000000000e+08
3.747867500000000000e+06
1.736262000000000000e+07
4.313180500000000000e+06
7.375996500000000000e+06
3.519584960000000000e+08
8.731170816000000000e+09
5.160542500000000000e+06
1.326097792000000000e+09
1.395535700000000000e+07
1.621043500000000000e+07
5.074682880000000000e+08
5.507890000000000000e+06
1.512922400000000000e+07
1.275837000000000000e+07
1.070969856000000000e+10
1.810171600000000000e+07
2.904538000000000000e+07
5.852853600000000000e+07
3.621892400000000000e+07
1.921072960000000000e+08
6.037146400000000000e+07
4.903626800000000000e+07
1.060870640000000000e+08
4.489125000000000000e+05
8.119546400000000000e+07
2.326018000000000000e+07
8.009989843750000000e+04
3.422597600000000000e+07
6.001125390625000000e+04
4.126553125000000000e+05
4.875690496000000000e+09
3.499336000000000000e+08
3.107582500000000000e+06
1.727253120000000000e+09
2.047321625000000000e+06
8.959153000000000000e+06
4.125003200000000000e+08
5.787945000000000000e+05
3.471033250000000000e+06
1.872412125000000000e+06
5.762921984000000000e+09
2.013347680000000000e+08
3.391270000000000000e+07
5.145626000000000000e+07
4.499975600000000000e+07
5.920877440000000000e+08
5.953846875000000000e+05
1.324543125000000000e+05
3.045414000000000000e+06
1.005850812500000000e+06
6.037146400000000000e+07
3.547214400000000000e+07
3.789977750000000000e+06
4.266631200000000000e+07
2.792998250000000000e+06
1.701222400000000000e+07
3.351901750000000000e+06
2.058754000000000000e+07
7.734108750000000000e+05
1.145399200000000000e+07
1.374606000000000000e+06
5.724770500000000000e+06
4.812381440000000000e+08
8.310141000000000000e+06
2.046179600000000000e+07
6.512352800000000000e+07
1.028697920000000000e+08
3.918191250000000000e+06
7.056351000000000000e+06
2.483757600000000000e+07
1.606948320000000000e+08
5.948766000000000000e+07
3.026308000000000000e+07
1.909338400000000000e+07
2.103355200000000000e+07
2.452448000000000000e+07
2.200388750000000000e+06
1.978102800000000000e+07
3.331207000000000000e+06
2.703730625000000000e+05
8.197753750000000000e+05
2.077273000000000000e+06
2.735277600000000000e+07
6.326078400000000000e+07
2.136152400000000000e+07
6.144687500000000000e+06
2.396734000000000000e+07
2.844423200000000000e+07
6.207972000000000000e+06
1.689337500000000000e+06
1.324867600000000000e+07
3.436714062500000000e+05
6.167854000000000000e+07
1.567030100000000000e+07
4.889076400000000000e+07
7.589096000000000000e+06
5.551348000000000000e+06
3.964774000000000000e+07
1.006475520000000000e+08
1.190522500000000000e+07
5.557408000000000000e+06
3.533021200000000000e+07
8.198150500000000000e+06
6.800665600000000000e+07
1.247450000000000000e+07
1.218072400000000000e+08
1.516472900000000000e+07
2.866824800000000000e+07
1.528266496000000000e+09
1.251587200000000000e+07
4.439286000000000000e+07
5.249427200000000000e+07
1.101730560000000000e+08
7.373359000000000000e+06
2.939812800000000000e+07
2.616512500000000000e+06
9.183609600000000000e+07
2.918685750000000000e+06
1.629158125000000000e+06
1.059847808000000000e+09
1.069696400000000000e+07
5.660789500000000000e+06
2.173308400000000000e+07
4.717220400000000000e+07
1.209093000000000000e+07
6.031184570312500000e+03
2.024840454101562500e+03
3.450494531250000000e+04
3.272219200000000000e+07
2.326018000000000000e+07
4.210983200000000000e+07
7.516485625000000000e+05
4.478662800000000000e+07
1.994024000000000000e+07
1.756338250000000000e+06
1.712079200000000000e+08
4.489906250000000000e+04
6.731233500000000000e+06
2.183809760000000000e+08
3.004351360000000000e+08
1.528223900000000000e+07
2.943012480000000000e+08
3.576830000000000000e+06
2.815867600000000000e+07
5.150754560000000000e+08
4.788414000000000000e+06
1.157747600000000000e+07
4.601060800000000000e+07
1.372662528000000000e+09
9.007992800000000000e+07
3.297388160000000000e+08
1.160994560000000000e+08
2.481902720000000000e+08
9.708807040000000000e+08
6.037146400000000000e+07
1.969155840000000000e+08
1.006475520000000000e+08
1.559922812500000000e+05
6.800665600000000000e+07
1.380538720000000000e+08
1.627991250000000000e+05
1.402436800000000000e+08
1.766733906250000000e+05
8.076795312500000000e+04
4.857006080000000000e+09
1.509534208000000000e+09
8.649657500000000000e+05
8.731170816000000000e+09
3.762456750000000000e+06
7.421776875000000000e+05
8.123888000000000000e+08
4.444604687500000000e+05
2.341983281250000000e+05
1.553597625000000000e+06
2.403912089600000000e+10
3.090373200000000000e+07
5.006389000000000000e+06
3.626966400000000000e+07
7.119450500000000000e+06
2.712305920000000000e+08
9.002751250000000000e+05
2.703730625000000000e+05
1.893594921875000000e+04
5.537784500000000000e+06
1.092360390625000000e+05
6.227084375000000000e+04
3.204702500000000000e+06
3.322490625000000000e+04
5.058554687500000000e+04
3.109440000000000000e+05
1.552816093750000000e+05
2.326018000000000000e+07
1.039607625000000000e+06
1.386272625000000000e+06
2.889671500000000000e+06
8.277166000000000000e+06
4.401212000000000000e+07
7.227946000000000000e+06
1.049242700000000000e+07
1.380538720000000000e+08
6.091476250000000000e+05
3.550918000000000000e+06
3.830019000000000000e+06
3.926675000000000000e+06
3.758741750000000000e+06
1.186635360000000000e+08
4.348340500000000000e+06
1.108650300000000000e+07
8.317626000000000000e+06
1.992556400000000000e+07
2.440153600000000000e+07
4.874616000000000000e+07
6.625200500000000000e+06
1.853573875000000000e+06
3.655654250000000000e+06
7.268713600000000000e+07
2.707998400000000000e+07
3.268694800000000000e+07
2.815255600000000000e+07
8.981738000000000000e+06
6.004600400000000000e+07
2.110258750000000000e+06
2.079378000000000000e+07
4.691900160000000000e+08
1.387849500000000000e+06
1.382153000000000000e+07
1.136717700000000000e+07
4.210977343750000000e+04
6.800665600000000000e+07
1.928185000000000000e+05
1.738435781250000000e+05
4.528535600000000000e+07
1.968896480000000000e+08
6.255516250000000000e+05
6.721531904000000000e+09
5.924982000000000000e+06
1.211131100000000000e+07
8.179296800000000000e+07
3.232695937500000000e+05
6.385533984375000000e+04
1.893741000000000000e+06
2.396211200000000000e+09
4.991748500000000000e+06
7.375981500000000000e+06
4.054193920000000000e+08
2.809127500000000000e+06
4.263712320000000000e+08
8.198065000000000000e+06
1.262699360000000000e+08
2.555952000000000000e+07
7.484853125000000000e+05
6.888696000000000000e+07
2.326018000000000000e+07
6.387422265625000000e+04
3.214448000000000000e+07
2.572701250000000000e+05
3.531446875000000000e+04
1.546124800000000000e+09
6.019554000000000000e+07
9.142501250000000000e+05
1.058054208000000000e+09
8.379967500000000000e+06
1.884423375000000000e+06
2.811275520000000000e+08
1.208852875000000000e+06
4.708248125000000000e+05
2.743703500000000000e+06
3.267426560000000000e+09
1.669209760000000000e+08
5.716799500000000000e+06
7.068864000000000000e+07
1.915477200000000000e+07
4.973749120000000000e+08
1.060870640000000000e+08
4.701901000000000000e+06
1.993710375000000000e+06
3.296582250000000000e+06
1.121922000000000000e+07
9.781957000000000000e+06
5.182761500000000000e+06
1.896450000000000000e+07
2.006947600000000000e+07
1.326741500000000000e+07
2.807046400000000000e+07
1.382153000000000000e+07
1.056993203125000000e+05
1.379317187500000000e+05
7.901157500000000000e+05
7.347535625000000000e+05
8.102760800000000000e+07
1.914805200000000000e+07
1.346149700000000000e+07
3.830019000000000000e+06
6.932865600000000000e+07
1.086719900000000000e+07
6.037146400000000000e+07
5.068437500000000000e+06
6.477358500000000000e+06
1.739880000000000000e+08
6.108182000000000000e+07
5.471649500000000000e+06
3.355089920000000000e+09
7.833433600000000000e+07
6.191474400000000000e+07
9.928504800000000000e+07
6.279538000000000000e+06
2.604783200000000000e+07
4.732270000000000000e+07
2.102362752000000000e+09
5.368299200000000000e+07
5.101971200000000000e+07
1.614783872000000000e+09
1.373512800000000000e+08
1.312391936000000000e+09
6.091476250000000000e+05
6.932865600000000000e+07
1.769458984375000000e+04
1.006475520000000000e+08
1.623579101562500000e+04
8.010929687500000000e+04
1.470517920000000000e+08
1.100165937500000000e+05
8.691862500000000000e+05
1.281796750000000000e+06
8.691943000000000000e+06
1.381138400000000000e+07
2.659975600000000000e+07
5.700645625000000000e+05
6.800665600000000000e+07
3.661605078125000000e+04
8.242257812500000000e+04
3.229296640000000000e+08
3.002199000000000000e+06
3.989028500000000000e+06
1.792520625000000000e+05
8.315361600000000000e+07
1.006475520000000000e+08
6.932865600000000000e+07
1.217509600000000000e+07
6.091476250000000000e+05
4.168347750000000000e+06
2.922423500000000000e+06
1.470517920000000000e+08
2.544424400000000000e+07
7.863222400000000000e+07
2.056177750000000000e+06
5.239973600000000000e+07
3.177150000000000000e+07
2.326018000000000000e+07
6.190672500000000000e+05
8.102760800000000000e+07
1.658434800000000000e+07
8.344193500000000000e+06
4.692061440000000000e+08
1.281803920000000000e+08
5.022230400000000000e+07
4.165992640000000000e+08
1.703048704000000000e+09
8.198150500000000000e+06
1.380538720000000000e+08
3.991962500000000000e+04
9.797760000000000000e+07
7.586347500000000000e+05
1.610790000000000000e+05
1.361982240000000000e+08
1.925765625000000000e+06
1.650331375000000000e+06
6.145889500000000000e+06
3.880768000000000000e+07
2.326018000000000000e+07
1.523724300000000000e+07
3.522484500000000000e+06
1.339247900000000000e+07
1.589856250000000000e+06
8.612107500000000000e+05
8.971162400000000000e+07
8.978415000000000000e+06
5.045640000000000000e+06
1.541382375000000000e+06
1.666088500000000000e+07
3.830019000000000000e+06
6.392522265625000000e+04
5.498532421875000000e+04
7.329692968750000000e+04
2.993184800000000000e+07
1.619828800000000000e+07
1.283274375000000000e+06
1.978102800000000000e+07
1.655539750000000000e+06
1.487060625000000000e+06
5.900367600000000000e+07
6.775970000000000000e+06
1.240798125000000000e+06
4.424915500000000000e+06
1.273636600000000000e+07
5.453930859375000000e+04
1.324543125000000000e+05
1.828526757812500000e+04
2.326018000000000000e+07
9.780375000000000000e+04
4.606542812500000000e+05
4.724185500000000000e+06
5.680911718750000000e+04
9.491049218750000000e+04
5.865858500000000000e+06
3.822990250000000000e+06
6.932865600000000000e+07
4.546201875000000000e+05
5.587707031250000000e+04
7.943193750000000000e+05
1.467800000000000000e+06
6.800665600000000000e+07
1.402436800000000000e+08
1.678562968750000000e+05
5.675708125000000000e+05
9.843509375000000000e+04
1.204647265625000000e+04
1.380538720000000000e+08
2.586028515625000000e+04
1.750078437500000000e+05
1.493096100000000000e+07
6.810305500000000000e+06
2.267299062500000000e+05
8.123888000000000000e+08
3.349856250000000000e+06
5.851733500000000000e+06
1.508122400000000000e+07
5.414141015625000000e+04
2.151307656250000000e+05
8.432826250000000000e+05
3.338599360000000000e+08
2.249347250000000000e+06
3.912944500000000000e+06
1.036435840000000000e+08
3.695354000000000000e+06
8.232872800000000000e+07
8.198150500000000000e+06
6.137982000000000000e+06
1.218072400000000000e+08
4.879361500000000000e+06
3.830019000000000000e+06
6.800665600000000000e+07
1.821069625000000000e+06
1.619828800000000000e+07
2.456830500000000000e+06
4.385103500000000000e+06
1.735044000000000000e+07
1.528266496000000000e+09
4.433668000000000000e+06
8.879423200000000000e+07
9.705463000000000000e+06
1.656051600000000000e+07
1.490897120000000000e+08
2.705170000000000000e+06
7.299754500000000000e+06
1.075291200000000000e+07
6.057749760000000000e+08
2.339896800000000000e+07
7.641004000000000000e+07
4.724847200000000000e+07
2.669312000000000000e+07
1.421997280000000000e+08
6.932865600000000000e+07
3.830019000000000000e+06
1.902435200000000000e+07
5.364450800000000000e+07
6.037146400000000000e+07
1.870970720000000000e+08
5.579742400000000000e+07
7.180948800000000000e+07
5.209112800000000000e+07
5.778666800000000000e+07
9.928504800000000000e+07
4.274917440000000000e+08
5.868626400000000000e+07
1.500588480000000000e+08
5.335674400000000000e+07
5.330812400000000000e+07
4.558359552000000000e+09
5.847330400000000000e+07
7.589513600000000000e+07
6.389206800000000000e+07
1.941780736000000000e+09
6.244464000000000000e+07
7.444308800000000000e+07
6.137155600000000000e+07
9.130776000000000000e+07
9.145852800000000000e+07
1.678829200000000000e+07
1.469985375000000000e+06
1.327328800000000000e+07
1.119658100000000000e+07
1.619828800000000000e+07
2.623616000000000000e+07
1.969155840000000000e+08
5.242383200000000000e+07
5.597604500000000000e+06
6.932865600000000000e+07
4.564523600000000000e+07
7.199444000000000000e+06
4.849382800000000000e+07
4.980154400000000000e+07
5.720828800000000000e+07
4.306859840000000000e+08
4.516200800000000000e+07
3.739810240000000000e+08
6.918336000000000000e+07
8.744261600000000000e+07
1.188809300000000000e+07
5.188200400000000000e+07
5.498666800000000000e+07
5.996486400000000000e+07
2.998477760000000000e+08
6.590400800000000000e+07
8.381987200000000000e+07
1.394905760000000000e+08
7.199490400000000000e+07
1.459366400000000000e+08
6.932865600000000000e+07
6.037146400000000000e+07
5.501826000000000000e+06
3.830019000000000000e+06
9.324703000000000000e+06
3.617160250000000000e+06
9.928504800000000000e+07
4.833905600000000000e+07
4.610478000000000000e+07
4.530601500000000000e+06
1.290714320000000000e+08
4.401212000000000000e+07
3.934069600000000000e+07
7.227946000000000000e+06
2.098592750000000000e+06
6.800665600000000000e+07
3.830019000000000000e+06
5.829052500000000000e+05
1.619828800000000000e+07
3.043005312500000000e+05
5.131458437500000000e+05
5.676657920000000000e+08
8.317626000000000000e+06
1.258145300000000000e+07
8.258728000000000000e+07
5.611640000000000000e+06
2.078571000000000000e+06
1.490897120000000000e+08
6.194033500000000000e+06
1.678920250000000000e+06
8.629421875000000000e+05
1.633830080000000000e+08
1.186965840000000000e+08
1.597004700000000000e+07
9.591531000000000000e+06
1.901009600000000000e+07
1.112279200000000000e+08
9.944444000000000000e+07
1.619828800000000000e+07
2.939812800000000000e+07
1.641241601562500000e+04
3.617701200000000000e+07
7.940630400000000000e+07
5.445521484375000000e+04
3.819881250000000000e+05
1.568165820312500000e+04
1.786056054687500000e+04
2.583868640000000000e+08
3.172623616000000000e+09
1.074530125000000000e+06
7.717455500000000000e+06
1.832872812500000000e+05
2.976460000000000000e+05
4.744235600000000000e+07
1.016280000000000000e+05
7.175174375000000000e+05
1.592250195312500000e+04
1.611405440000000000e+09
7.859588000000000000e+06
1.984614000000000000e+07
4.428868750000000000e+05
4.296886250000000000e+05
4.666168400000000000e+07
6.137982000000000000e+06
1.628449875000000000e+06
4.519266562500000000e+05
1.743019250000000000e+06
1.859350800000000000e+07
2.703730625000000000e+05
3.830019000000000000e+06
5.580084500000000000e+06
7.569520000000000000e+07
4.768930400000000000e+07
1.285513120000000000e+08
1.382153000000000000e+07
1.244228625000000000e+06
4.535037000000000000e+06
2.142550400000000000e+07
8.782220000000000000e+07
6.468134800000000000e+07
4.854052500000000000e+06
6.380203125000000000e+05
6.597483000000000000e+06
1.201961040000000000e+08
5.719104800000000000e+07
1.411119680000000000e+08
5.043484500000000000e+06
1.744382400000000000e+08
3.011998000000000000e+07
1.591993600000000000e+08
2.540704750000000000e+06
9.021593600000000000e+07
8.568216800000000000e+07
4.444128000000000000e+06
2.294503600000000000e+07
2.325814400000000000e+07
2.627802800000000000e+07
1.791846240000000000e+08
6.932865600000000000e+07
6.037146400000000000e+07
9.025911875000000000e+05
2.103355200000000000e+07
7.522713600000000000e+07
9.609866250000000000e+05
3.830019000000000000e+06
8.819778125000000000e+05
7.460218125000000000e+05
4.219523840000000000e+08
4.327167488000000000e+09
1.965661125000000000e+06
9.928504800000000000e+07
1.012819812500000000e+06
9.603865000000000000e+05
1.507208800000000000e+08
1.110271875000000000e+06
1.308392375000000000e+06
7.309948125000000000e+05
1.921484160000000000e+09
2.154190000000000000e+06
3.228337750000000000e+06
1.008277687500000000e+06
1.170533375000000000e+06
2.768257000000000000e+06
6.138292968750000000e+04
6.037146400000000000e+07
6.800665600000000000e+07
2.940343250000000000e+06
6.582193125000000000e+05
4.484862812500000000e+05
3.377247250000000000e+06
1.969155840000000000e+08
7.412588000000000000e+06
1.224381800000000000e+07
1.693053500000000000e+06
3.531128750000000000e+06
3.952512500000000000e+06
4.857006080000000000e+09
1.669403000000000000e+07
3.429132000000000000e+07
1.646998300000000000e+07
8.642267000000000000e+06
6.081005500000000000e+06
1.306823520000000000e+08
1.494407520000000000e+08
2.672970000000000000e+07
1.531019000000000000e+07
4.773301120000000000e+08
5.318340800000000000e+07
1.701272000000000000e+08
6.800665600000000000e+07
1.969155840000000000e+08
1.467800000000000000e+06
2.891957500000000000e+05
6.037146400000000000e+07
5.675708125000000000e+05
2.889765625000000000e+05
1.831851500000000000e+06
2.896746562500000000e+05
2.880814375000000000e+05
4.857006080000000000e+09
1.493096100000000000e+07
2.899161875000000000e+05
4.784920800000000000e+07
2.895901562500000000e+05
2.888024375000000000e+05
2.131736000000000000e+07
2.901485312500000000e+05
2.883645937500000000e+05
2.881591875000000000e+05
3.885413760000000000e+08
2.911330625000000000e+05
2.901573750000000000e+05
2.889297187500000000e+05
2.892498125000000000e+05
2.910720000000000000e+05
1.678829200000000000e+07
3.579839600000000000e+07
2.197396000000000000e+07
1.305158800000000000e+07
6.932865600000000000e+07
4.752818000000000000e+06
3.018474000000000000e+06
1.999088800000000000e+07
7.742986000000000000e+06
1.053973875000000000e+06
1.078531040000000000e+08
4.039642000000000000e+07
1.255453400000000000e+07
2.227629280000000000e+08
3.238090400000000000e+07
1.786964400000000000e+07
3.374210800000000000e+07
5.678644000000000000e+06
1.712370500000000000e+06
7.750898000000000000e+06
2.700139840000000000e+08
2.610044800000000000e+07
2.493103200000000000e+07
1.443289120000000000e+08
1.113577600000000000e+07
9.965824000000000000e+07
9.250731200000000000e+07
6.091476250000000000e+05
1.390630700000000000e+07
3.681532800000000000e+07
3.086462000000000000e+06
5.044009500000000000e+06
2.194167200000000000e+07
5.417695500000000000e+06
4.060530000000000000e+07
3.413086400000000000e+07
2.900607200000000000e+07
2.542454400000000000e+07
2.814841600000000000e+07
2.173868000000000000e+07
3.871548800000000000e+07
3.804038000000000000e+07
4.467994500000000000e+06
1.976190800000000000e+07
2.500808800000000000e+07
4.123223600000000000e+07
5.261987600000000000e+07
2.657622400000000000e+07
4.675504800000000000e+07
4.616990000000000000e+07
2.595603200000000000e+07
4.838582000000000000e+07
6.823777000000000000e+06
7.862971875000000000e+05
9.843509375000000000e+04
6.432755859375000000e+03
2.555070000000000000e+07
2.313043520000000000e+08
2.147953500000000000e+06
5.401103600000000000e+07
2.379885312500000000e+05
3.068407226562500000e+04
2.656639600000000000e+07
3.894508000000000000e+07
1.271746500000000000e+06
2.845419250000000000e+06
1.231466015625000000e+05
2.012598632812500000e+04
6.201192960000000000e+08
1.413645800000000000e+07
2.623490800000000000e+07
1.961498250000000000e+06
2.600401600000000000e+08
1.169082300000000000e+07
1.277273500000000000e+07
4.645471250000000000e+05
1.297133600000000000e+08
9.438423200000000000e+07
6.184665000000000000e+06
5.475042500000000000e+06
3.152580625000000000e+05
5.285350500000000000e+06
3.830618000000000000e+06
6.033876800000000000e+07
4.838484375000000000e+05
6.932865600000000000e+07
1.195941125000000000e+06
2.346109000000000000e+06
9.921424000000000000e+07
1.031642312500000000e+06
4.169002800000000000e+07
1.437773800000000000e+07
8.024323200000000000e+07
1.006475520000000000e+08
6.932865600000000000e+07
4.419845600000000000e+07
3.473550000000000000e+06
6.091476250000000000e+05
1.763558240000000000e+08
1.754322750000000000e+06
3.362810250000000000e+06
3.002222000000000000e+06
3.950530000000000000e+06
1.470517920000000000e+08
9.752980480000000000e+08
1.048614500000000000e+07
6.800601600000000000e+07
3.109376000000000000e+06
1.880389600000000000e+07
5.125027600000000000e+07
1.522406500000000000e+06
2.783502400000000000e+07
6.439608500000000000e+06
1.207439616000000000e+09
8.023453500000000000e+06
2.653587200000000000e+08
5.632575200000000000e+07
1.504944300000000000e+07
3.567163520000000000e+08
2.939812800000000000e+07
1.060870640000000000e+08
1.059222100000000000e+07
1.969155840000000000e+08
1.961578800000000000e+07
1.530750400000000000e+07
4.578496512000000000e+09
3.781049600000000000e+07
2.240787200000000000e+07
6.268784400000000000e+07
1.596941600000000000e+08
6.037146400000000000e+07
6.932865600000000000e+07
1.060870640000000000e+08
9.287175625000000000e+05
3.830019000000000000e+06
2.326018000000000000e+07
2.211549531250000000e+05
3.819881250000000000e+05
1.154877109375000000e+05
9.271555625000000000e+05
9.928504800000000000e+07
3.499336000000000000e+08
6.844169500000000000e+06
4.506159200000000000e+07
5.115112500000000000e+06
2.771762000000000000e+07
2.414813200000000000e+07
4.696082187500000000e+05
3.960300000000000000e+06
1.290187875000000000e+06
4.700050880000000000e+08
3.935428400000000000e+07
8.814592000000000000e+07
1.164742960000000000e+08
1.593232000000000000e+07
5.929070720000000000e+08
2.939812800000000000e+07
9.752741875000000000e+05
2.278148500000000000e+06
3.531446875000000000e+04
3.934069600000000000e+07
3.353154400000000000e+07
2.370638750000000000e+05
8.576738000000000000e+06
1.072452875000000000e+06
2.482372656250000000e+04
1.066354160000000000e+08
9.135513600000000000e+07
2.595338750000000000e+06
6.213901000000000000e+06
4.021803437500000000e+05
6.903725000000000000e+04
1.850221120000000000e+08
2.593582000000000000e+06
1.160848375000000000e+06
9.855205000000000000e+05
3.315778880000000000e+08
1.860862400000000000e+07
4.214126000000000000e+06
8.228489375000000000e+05
1.606070800000000000e+07
4.323038400000000000e+07
8.119546400000000000e+07
2.326018000000000000e+07
1.061575000000000000e+06
3.422597600000000000e+07
1.998225375000000000e+06
4.191992812500000000e+05
4.125003200000000000e+08
3.649233600000000000e+07
5.196892000000000000e+06
9.866579000000000000e+06
2.025302880000000000e+08
6.600313600000000000e+07
1.678829200000000000e+07
4.280128800000000000e+07
6.258880000000000000e+07
2.703730625000000000e+05
1.382153000000000000e+07
4.580186800000000000e+07
3.830019000000000000e+06
5.275906800000000000e+07
5.125731600000000000e+07
2.357174400000000000e+07
1.011838080000000000e+08
5.722770800000000000e+07
6.767617600000000000e+07
6.012806800000000000e+07
6.639417200000000000e+07
4.854052500000000000e+06
4.735674000000000000e+07
4.657925600000000000e+07
5.230407600000000000e+07
1.330878720000000000e+08
5.624642000000000000e+07
6.324064000000000000e+07
6.473232000000000000e+07
4.909297600000000000e+07
6.336342800000000000e+07
9.368116800000000000e+07
4.691900160000000000e+08
1.619828800000000000e+07
9.296590000000000000e+06
1.943776000000000000e+07
3.464716750000000000e+06
9.105344000000000000e+06
9.703118400000000000e+07
1.186589300000000000e+07
8.191656000000000000e+06
4.294722048000000000e+09
2.319688320000000000e+08
4.145294800000000000e+07
7.806306560000000000e+08
2.665104800000000000e+07
9.709944000000000000e+06
7.856880000000000000e+07
2.269139200000000000e+07
1.220881600000000000e+07
1.086726000000000000e+07
1.580295424000000000e+09
1.516684960000000000e+08
5.527236000000000000e+07
2.563079600000000000e+07
3.937297600000000000e+07
1.322129520000000000e+08
2.939812800000000000e+07
1.619828800000000000e+07
1.218072400000000000e+08
3.543458500000000000e+06
3.819881250000000000e+05
2.555946800000000000e+07
5.728013125000000000e+05
6.137982000000000000e+06
1.143848750000000000e+06
5.139320500000000000e+06
7.717455500000000000e+06
1.023656512000000000e+09
3.243504800000000000e+07
8.879423200000000000e+07
1.455437500000000000e+06
8.941693600000000000e+07
1.464278500000000000e+07
7.317871250000000000e+05
2.505870000000000000e+07
6.675787500000000000e+06
3.725549760000000000e+08
8.827785000000000000e+06
8.026990080000000000e+08
6.140281600000000000e+07
1.296457500000000000e+07
3.115884480000000000e+08
8.102760800000000000e+07
3.830019000000000000e+06
6.037146400000000000e+07
1.510851800000000000e+07
7.347535625000000000e+05
1.914805200000000000e+07
6.683960500000000000e+06
6.932865600000000000e+07
1.459184800000000000e+07
2.741566400000000000e+07
1.739880000000000000e+08
3.355089920000000000e+09
2.107548000000000000e+07
9.928504800000000000e+07
1.757489600000000000e+07
4.341622400000000000e+07
6.108182000000000000e+07
7.333317000000000000e+06
1.479824500000000000e+07
3.020322400000000000e+07
2.102362752000000000e+09
3.031628800000000000e+07
9.072187200000000000e+07
8.482457600000000000e+07
2.038264400000000000e+07
1.419693760000000000e+08
5.256440000000000000e+07
2.497341500000000000e+06
1.467226250000000000e+06
5.751777000000000000e+06
2.772992000000000000e+06
5.277956000000000000e+06
2.731047187500000000e+05
1.834916625000000000e+06
1.402436800000000000e+08
2.414973750000000000e+05
1.086878828125000000e+05
6.390909000000000000e+06
2.273630312500000000e+05
1.510657421875000000e+04
1.465144400000000000e+07
5.769274500000000000e+06
1.564695000000000000e+05
1.685299843750000000e+05
5.665229000000000000e+06
2.414973750000000000e+05
1.380538720000000000e+08
1.006475520000000000e+08
5.476714000000000000e+06
2.803411250000000000e+05
7.411464000000000000e+06
4.598705500000000000e+06
6.037146400000000000e+07
2.161493500000000000e+06
1.101093300000000000e+07
2.179630800000000000e+07
8.614196800000000000e+07
4.562426500000000000e+06
1.509534208000000000e+09
1.413670000000000000e+07
1.518817700000000000e+07
1.945311600000000000e+07
2.969852000000000000e+06
2.763453600000000000e+07
2.235770800000000000e+07
6.609904000000000000e+08
1.646216300000000000e+07
7.793091200000000000e+07
1.454692160000000000e+08
7.421484000000000000e+07
4.802752960000000000e+08
8.425648125000000000e+05
6.091476250000000000e+05
6.932865600000000000e+07
4.690372265625000000e+04
3.637316400000000000e+07
1.182660100000000000e+07
5.017325781250000000e+04
1.006475520000000000e+08
1.077250781250000000e+05
4.006517187500000000e+05
7.528958400000000000e+07
2.696196000000000000e+07
5.530138281250000000e+04
1.470517920000000000e+08
9.663030000000000000e+05
2.640285250000000000e+06
2.770722240000000000e+08
3.362117750000000000e+06
2.316881500000000000e+06
4.229308000000000000e+06
7.078743040000000000e+08
2.403362400000000000e+07
8.402807000000000000e+06
3.314702400000000000e+07
2.337559600000000000e+07
1.373651840000000000e+08
4.479203750000000000e+05
1.831851500000000000e+06
1.331905156250000000e+05
4.903626800000000000e+07
2.342607750000000000e+06
1.588520875000000000e+06
1.945411600000000000e+07
2.331024687500000000e+05
5.384733125000000000e+05
4.086613200000000000e+07
1.261928200000000000e+07
1.402436800000000000e+08
1.006475520000000000e+08
2.141702812500000000e+05
2.038532800000000000e+07
1.969155840000000000e+08
4.484862812500000000e+05
2.487536000000000000e+07
6.582193125000000000e+05
2.231629600000000000e+07
7.984943000000000000e+06
8.731170816000000000e+09
3.008679500000000000e+06
4.285691600000000000e+07
3.510900750000000000e+06
2.746391600000000000e+07
9.866522000000000000e+06
1.646998300000000000e+07
5.741116800000000000e+07
6.707338000000000000e+06
1.105310000000000000e+07
1.112425520000000000e+08
1.128593280000000000e+08
1.385666200000000000e+07
1.530803000000000000e+07
2.371157600000000000e+07
5.063156000000000000e+07
5.675708125000000000e+05
9.716915000000000000e+05
7.917216250000000000e+05
8.637193750000000000e+05
3.303285250000000000e+06
1.749252400000000000e+07
2.196574800000000000e+07
5.352155761718750000e+03
1.586733100000000000e+07
1.914805200000000000e+07
1.465778750000000000e+05
2.756825200000000000e+07
1.250088625000000000e+06
2.117184960937500000e+04
2.206169200000000000e+07
6.449717200000000000e+07
2.098202343750000000e+05
4.019060800000000000e+07
2.324348750000000000e+06
5.182508125000000000e+05
1.091925120000000000e+08
2.981513000000000000e+06
1.579135000000000000e+06
7.012537500000000000e+06
8.051136800000000000e+07
4.020138500000000000e+06
8.237917500000000000e+06
9.100152000000000000e+06
4.836764400000000000e+07
3.640488400000000000e+07
1.283332800000000000e+08
4.642873600000000000e+07
3.464716750000000000e+06
4.993991406250000000e+04
1.182660100000000000e+07
8.425648125000000000e+05
1.935784960937500000e+04
6.932865600000000000e+07
1.730888906250000000e+05
4.986809765625000000e+04
1.290973568000000000e+09
1.758637120000000000e+08
1.898447750000000000e+06
7.134680800000000000e+07
1.014019312500000000e+06
1.787909062500000000e+05
2.696196000000000000e+07
1.120549687500000000e+05
7.549366406250000000e+04
2.950957187500000000e+05
1.135559552000000000e+09
7.241384800000000000e+07
1.505590300000000000e+07
5.313404500000000000e+06
7.555091875000000000e+05
2.530540000000000000e+08
2.220654000000000000e+07
1.218072400000000000e+08
1.619828800000000000e+07
1.171222890625000000e+05
1.171662900000000000e+07
4.948294000000000000e+06
7.361099000000000000e+06
6.137935500000000000e+06
6.581685000000000000e+05
5.097908984375000000e+04
5.053671200000000000e+07
2.287097600000000000e+07
1.644333500000000000e+07
8.879473600000000000e+07
9.186109000000000000e+06
2.429079843750000000e+05
1.169022100000000000e+07
1.119421100000000000e+07
5.094150000000000000e+06
6.124293750000000000e+05
5.827723600000000000e+07
4.844040000000000000e+07
1.670288600000000000e+07
1.459315500000000000e+07
1.208984600000000000e+07
5.231166000000000000e+07
9.843443750000000000e+04
1.467801500000000000e+06
5.675675625000000000e+05
1.587783203125000000e+03
1.402431360000000000e+08
1.380536000000000000e+08
4.061973046875000000e+04
6.800679200000000000e+07
1.567311914062500000e+04
9.972410156250000000e+03
6.810345000000000000e+06
1.508128100000000000e+07
3.815639648437500000e+03
1.493110300000000000e+07
3.091677539062500000e+04
5.290395507812500000e+03
8.123902720000000000e+08
6.274187500000000000e+05
9.208973437500000000e+04
2.478827968750000000e+05
3.338606080000000000e+08
3.883682500000000000e+05
2.178799687500000000e+05
3.132503750000000000e+05
4.791077000000000000e+06
1.373153300000000000e+07
3.795805250000000000e+06
6.932945600000000000e+07
4.985590400000000000e+07
5.704223200000000000e+07
4.857454800000000000e+07
5.107355600000000000e+07
8.848652000000000000e+07
4.953212000000000000e+07
5.338270400000000000e+07
5.186577600000000000e+07
5.512749200000000000e+07
3.422604400000000000e+07
9.483970400000000000e+07
5.073441600000000000e+07
1.819987360000000000e+08
4.267582800000000000e+07
5.216738800000000000e+07
2.233885184000000000e+09
7.220572800000000000e+07
8.899108000000000000e+07
6.252198800000000000e+07
1.356193760000000000e+08
1.006475520000000000e+08
1.969148320000000000e+08
3.278548828125000000e+04
1.402431360000000000e+08
2.477514648437500000e+04
1.767406445312500000e+04
8.731170816000000000e+09
3.246468750000000000e+05
7.339405000000000000e+05
3.920276562500000000e+05
1.755231600000000000e+07
5.675675625000000000e+05
9.843443750000000000e+04
1.933958007812500000e+04
1.380536000000000000e+08
1.814885781250000000e+05
3.448977500000000000e+05
1.508128100000000000e+07
1.104250703125000000e+05
9.605289843750000000e+04
2.854499750000000000e+06
2.249328000000000000e+06
9.929336875000000000e+05
9.208990625000000000e+04
6.342771000000000000e+06
2.675655937500000000e+05
3.933289200000000000e+07
4.933977200000000000e+07
3.396585250000000000e+06
2.313034720000000000e+08
2.800808437500000000e+05
1.150575500000000000e+07
1.265550750000000000e+06
3.670251600000000000e+07
8.728578125000000000e+05
3.607792400000000000e+07
6.850164375000000000e+05
6.121835000000000000e+06
4.537919360000000000e+08
5.960573500000000000e+06
1.401660600000000000e+07
9.825832000000000000e+07
1.801320960000000000e+08
1.592215750000000000e+06
1.791418000000000000e+07
3.085772800000000000e+07
1.751754080000000000e+08
8.318740800000000000e+07
2.993168000000000000e+07
1.136711100000000000e+07
8.015175200000000000e+07
3.793333750000000000e+06
2.200409750000000000e+06
5.808493500000000000e+06
1.105219500000000000e+07
1.843365200000000000e+07
7.586716250000000000e+05
7.509470625000000000e+05
2.535340800000000000e+07
7.817298400000000000e+07
7.124726400000000000e+07
8.929866400000000000e+07
4.345878000000000000e+06
2.933522800000000000e+07
8.506268000000000000e+06
6.820016000000000000e+06
1.306678200000000000e+07
1.713819600000000000e+07
1.344731360000000000e+08
6.962709600000000000e+07
1.039225040000000000e+08
1.300462960000000000e+08
1.427210800000000000e+07
1.887890880000000000e+08
7.411471000000000000e+06
2.803416875000000000e+05
8.006157500000000000e+05
6.037157600000000000e+07
1.122462125000000000e+06
6.884909375000000000e+05
1.945319200000000000e+07
1.820097375000000000e+06
7.178233750000000000e+05
3.235741500000000000e+06
4.634619500000000000e+06
1.380536000000000000e+08
1.315913125000000000e+06
1.236630500000000000e+06
1.860678000000000000e+07
9.110872656250000000e+04
1.467801500000000000e+06
3.329395625000000000e+05
2.939801600000000000e+07
1.360007000000000000e+06
3.342312750000000000e+06
3.087713250000000000e+06
6.812229375000000000e+05
1.938350375000000000e+06
1.904439200000000000e+07
6.670155500000000000e+06
1.619825800000000000e+07
5.121758593750000000e+04
1.249340078125000000e+05
2.991847812500000000e+05
6.091516875000000000e+05
8.535186400000000000e+07
4.643936400000000000e+07
2.022061375000000000e+06
4.843679200000000000e+07
4.986684000000000000e+07
3.439554000000000000e+07
4.802631200000000000e+07
5.094804000000000000e+07
4.741114800000000000e+07
4.981426800000000000e+07
5.620574000000000000e+06
4.891788000000000000e+06
1.078156328125000000e+05
6.091516875000000000e+05
1.519930625000000000e+05
8.418886718750000000e+04
2.369520800000000000e+07
3.896927500000000000e+05
4.847315000000000000e+05
1.681262343750000000e+05
1.510912000000000000e+06
1.006475520000000000e+08
9.173674218750000000e+04
4.432199218750000000e+04
7.292991875000000000e+05
1.914801600000000000e+07
6.037157600000000000e+07
3.303314000000000000e+06
1.031312200000000000e+07
8.102760800000000000e+07
2.196562400000000000e+07
2.086825500000000000e+06
1.382168800000000000e+07
4.867254500000000000e+06
2.261610000000000000e+06
3.355064576000000000e+09
6.449766400000000000e+07
7.342001000000000000e+06
5.419430400000000000e+07
1.571007400000000000e+07
5.714368500000000000e+06
1.296250640000000000e+08
7.389155500000000000e+06
6.551068750000000000e+05
4.700247000000000000e+06
1.018812288000000000e+09
4.017450800000000000e+07
2.886492750000000000e+06
1.660289600000000000e+07
3.570902750000000000e+06
4.622585600000000000e+07
8.119576800000000000e+07
1.918453600000000000e+07
4.532495625000000000e+05
1.381146300000000000e+07
1.983977656250000000e+05
6.121176000000000000e+06
3.986896000000000000e+08
1.914564400000000000e+07
1.721439600000000000e+07
1.162680200000000000e+07
2.536595040000000000e+08
8.277206000000000000e+06
3.934077200000000000e+07
8.131528500000000000e+06
1.402431360000000000e+08
1.401446700000000000e+07
9.940024800000000000e+07
3.310527680000000000e+08
1.188281100000000000e+07
8.928077600000000000e+07
5.320362560000000000e+08
6.631522560000000000e+08
8.535186400000000000e+07
6.091516875000000000e+05
9.059524000000000000e+06
3.095174800000000000e+07
2.022061375000000000e+06
1.782733200000000000e+07
4.272885200000000000e+07
1.978121600000000000e+07
3.698953200000000000e+07
1.235195100000000000e+07
3.439554000000000000e+07
6.550286000000000000e+07
4.921917200000000000e+07
3.439829600000000000e+07
3.272750000000000000e+07
3.459027600000000000e+07
3.278110000000000000e+07
3.197826800000000000e+07
5.771694400000000000e+07
2.279563200000000000e+07
1.325100880000000000e+08
4.248335200000000000e+07
1.643707360000000000e+08
6.726463200000000000e+07
5.626659200000000000e+07
1.753532640000000000e+08
3.819903125000000000e+05
3.177174400000000000e+07
5.416898800000000000e+07
7.347563750000000000e+05
4.344646000000000000e+07
4.078786800000000000e+07
1.232756700000000000e+07
5.724376400000000000e+07
6.925160800000000000e+07
3.635291200000000000e+07
6.475331200000000000e+07
1.218079520000000000e+08
6.800679200000000000e+07
1.402431360000000000e+08
1.459127375000000000e+06
8.198175000000000000e+06
9.797667200000000000e+07
4.486401500000000000e+06
1.380536000000000000e+08
5.746233125000000000e+05
2.833623750000000000e+05
1.528254720000000000e+09
2.467813632000000000e+09
1.161167280000000000e+08
8.123902720000000000e+08
4.174015600000000000e+07
7.535439000000000000e+06
1.361987360000000000e+08
6.506606500000000000e+06
1.694809600000000000e+07
7.672280000000000000e+06
1.190760652800000000e+10
8.460712960000000000e+08
6.140694400000000000e+08
3.226870720000000000e+08
6.479680000000000000e+07
4.651165184000000000e+09
