164.34216499328613
292.5713062286377
106.24551773071289
53.80392074584961
63.8880729675293
68.62831115722656
196.70772552490234
104.54201698303223
19.72818374633789
134.88459587097168
112.47968673706055
258.17084312438965
127.98118591308594
307.8427314758301
26.10921859741211
157.66143798828125
196.3033676147461
56.997060775756836
79.14018630981445
134.9337100982666
31.243562698364258
66.28823280334473
114.71009254455566
270.9636688232422
116.43815040588379
49.94368553161621
91.61972999572754
126.21665000915527
71.35558128356934
68.93062591552734
62.2103214263916
15.26641845703125
176.23138427734375
328.5098075866699
18.2797908782959
43.04814338684082
163.40255737304688
61.2180233001709
41.39971733093262
79.88357543945312
197.16954231262207
53.13301086425781
29.819488525390625
168.22123527526855
156.6026210784912
243.13759803771973
159.63387489318848
166.5058135986328
426.82456970214844
190.3207302093506
73.12250137329102
41.467905044555664
25.740861892700195
113.71660232543945
56.77914619445801
43.83039474487305
85.47496795654297
26.294708251953125
66.09272956848145
86.55357360839844
381.4053535461426
190.8555030822754
135.80799102783203
141.49188995361328
78.84979248046875
116.49560928344727
287.94145584106445
67.23809242248535
136.93785667419434
63.01450729370117
51.9866943359375
158.6618423461914
34.20209884643555
14.90926742553711
216.95852279663086
21.243572235107422
207.0915699005127
120.9564208984375
150.56300163269043
313.98558616638184
218.33395957946777
16.77536964416504
160.76993942260742
105.6966781616211
379.2247772216797
135.56385040283203
233.4461212158203
91.79830551147461
27.07195281982422
62.58130073547363
26.51834487915039
94.52605247497559
88.75179290771484
55.62472343444824
68.54629516601562
104.5675277709961
73.06051254272461
56.72740936279297
128.31377983093262
163.2368564605713
17.46678352355957
21.051883697509766
125.23794174194336
460.92939376831055
242.8429126739502
117.76995658874512
89.58268165588379
53.72166633605957
171.87929153442383
101.82547569274902
333.53114128112793
118.37029457092285
16.099929809570312
58.312177658081055
181.77437782287598
173.39158058166504
38.48409652709961
56.13231658935547
37.000417709350586
67.89851188659668
17.967700958251953
149.83487129211426
131.48236274719238
460.77466011047363
39.3068790435791
519.6056365966797
91.2485122680664
77.80981063842773
114.00365829467773
214.38837051391602
15.861034393310547
31.595468521118164
96.21095657348633
29.5712947845459
171.98586463928223
58.37607383728027
142.55857467651367
23.787736892700195
349.1203784942627
90.79718589782715
23.929834365844727
112.32113838195801
360.2643013000488
135.71476936340332
60.225486755371094
183.2740306854248
84.7620964050293
80.04593849182129
150.162935256958
74.35393333435059
51.76258087158203
122.26343154907227
19.062042236328125
17.750263214111328
129.69541549682617
146.6679573059082
16.276121139526367
161.82565689086914
20.261287689208984
33.3554744720459
45.71890830993652
68.92704963684082
136.7359161376953
153.67460250854492
116.85466766357422
97.55969047546387
20.227670669555664
153.2723903656006
201.08580589294434
25.662660598754883
167.32406616210938
18.886327743530273
114.97020721435547
25.104999542236328
29.774904251098633
308.59851837158203
39.98088836669922
21.825790405273438
120.67103385925293
19.23084259033203
100.99363327026367
155.9891700744629
242.77091026306152
40.315866470336914
89.27679061889648
22.965669631958008
25.86984634399414
221.99177742004395
18.216609954833984
65.09637832641602
211.10057830810547
98.31452369689941
93.59955787658691
84.68484878540039
329.21814918518066
90.61455726623535
283.39099884033203
45.12190818786621
26.066064834594727
381.59680366516113
22.264719009399414
272.8455066680908
46.24223709106445
101.81164741516113
228.6078929901123
54.7785758972168
38.53654861450195
58.83049964904785
451.58910751342773
27.602195739746094
198.777437210083
306.0760498046875
25.22110939025879
37.91522979736328
117.83003807067871
26.53813362121582
58.25066566467285
339.3557071685791
108.9026927947998
326.2636661529541
189.93139266967773
86.69543266296387
193.7258243560791
51.36704444885254
53.18450927734375
41.030168533325195
380.357027053833
30.588388442993164
95.9784984588623
56.36262893676758
53.064823150634766
181.87189102172852
122.63798713684082
274.54161643981934
17.591476440429688
59.39030647277832
23.984432220458984
43.49851608276367
369.3664073944092
129.29439544677734
20.329952239990234
81.56919479370117
221.48370742797852
348.25992584228516
55.347442626953125
59.381723403930664
76.85375213623047
203.4895420074463
490.97681045532227
32.3793888092041
98.12641143798828
104.65097427368164
20.583152770996094
142.21525192260742
301.73754692077637
146.45791053771973
54.778337478637695
76.1568546295166
182.33156204223633
140.36273956298828
340.4257297515869
52.509307861328125
104.46023941040039
254.7931671142578
81.91847801208496
53.249359130859375
143.2662010192871
125.37312507629395
26.427030563354492
192.60549545288086
71.70820236206055
171.18477821350098
294.13414001464844
121.24490737915039
116.66393280029297
71.01106643676758
1050.595760345459
41.00680351257324
69.02480125427246
39.87741470336914
416.18800163269043
310.0004196166992
108.001708984375
22.420406341552734
186.2504482269287
38.924217224121094
184.07201766967773
212.5852108001709
86.72475814819336
25.881052017211914
43.91741752624512
151.3838768005371
21.67367935180664
238.21234703063965
223.6950397491455
213.59610557556152
260.8373165130615
129.9881935119629
36.7741584777832
270.60532569885254
35.34722328186035
18.444299697875977
22.51291275024414
119.36640739440918
94.16913986206055
23.100614547729492
26.590824127197266
143.66412162780762
53.786516189575195
608.2580089569092
22.12071418762207
71.28572463989258
33.47373008728027
100.87776184082031
179.1377067565918
344.97809410095215
16.932964324951172
111.48810386657715
43.187618255615234
33.701419830322266
18.416166305541992
105.6983470916748
361.4485263824463
69.70643997192383
47.56593704223633
20.10941505432129
25.502920150756836
192.06857681274414
55.48596382141113
33.58817100524902
16.323089599609375
85.74986457824707
28.101444244384766
184.6466064453125
19.88959312438965
656.3107967376709
330.14988899230957
28.908491134643555
164.47877883911133
78.61089706420898
142.25387573242188
499.295711517334
75.6983757019043
28.467893600463867
75.91462135314941
170.3953742980957
137.98952102661133
260.8323097229004
41.0614013671875
33.477783203125
31.236648559570312
208.96029472351074
37.651777267456055
14.387130737304688
856.5247058868408
69.32735443115234
286.6499423980713
20.595312118530273
18.452167510986328
123.13413619995117
46.02503776550293
71.77734375
98.63471984863281
532.3266983032227
55.55534362792969
36.016225814819336
136.74426078796387
119.71831321716309
261.54518127441406
53.1771183013916
171.59008979797363
112.21981048583984
51.16558074951172
60.863494873046875
159.32226181030273
39.67404365539551
194.10419464111328
70.56260108947754
290.9679412841797
28.88035774230957
19.7293758392334
82.6263427734375
236.66834831237793
32.70244598388672
161.89908981323242
131.04820251464844
71.54178619384766
39.82210159301758
30.353784561157227
54.34536933898926
79.28466796875
28.605937957763672
124.0694522857666
56.63037300109863
14.057636260986328
124.45378303527832
268.42689514160156
85.98470687866211
76.90715789794922
112.10346221923828
30.415773391723633
227.70309448242188
68.56608390808105
373.28338623046875
188.07196617126465
239.76778984069824
85.58249473571777
123.69966506958008
151.47709846496582
171.24009132385254
16.309022903442383
351.00650787353516
14.453887939453125
17.773866653442383
34.98363494873047
598.2081890106201
68.73869895935059
166.35584831237793
383.713960647583
16.53289794921875
154.82211112976074
21.51632308959961
17.708778381347656
31.02397918701172
193.6655044555664
460.83688735961914
195.9068775177002
225.48556327819824
78.86910438537598
112.55192756652832
24.158239364624023
211.3034725189209
12.903690338134766
15.033245086669922
180.49335479736328
48.18367958068848
282.47785568237305
90.1176929473877
32.691240310668945
138.2603645324707
47.26672172546387
52.29449272155762
47.265052795410156
37.589073181152344
20.362138748168945
90.0115966796875
298.82264137268066
20.58243751525879
31.695127487182617
143.97072792053223
14.46676254272461
137.25543022155762
53.011178970336914
150.35080909729004
70.7097053527832
45.36747932434082
121.52767181396484
70.39260864257812
78.79972457885742
225.79383850097656
270.52998542785645
43.235063552856445
89.8122787475586
317.89159774780273
502.185583114624
30.271291732788086
258.2964897155762
104.92372512817383
103.20782661437988
50.69327354431152
149.1549015045166
143.75734329223633
1044.5966720581055
117.74086952209473
71.93183898925781
159.69038009643555
329.0884494781494
256.1318874359131
77.47721672058105
239.49432373046875
39.49737548828125
154.3741226196289
234.5733642578125
63.05336952209473
87.4946117401123
97.44524955749512
110.49222946166992
69.34380531311035
35.30383110046387
98.82235527038574
102.5242805480957
23.383617401123047
146.38257026672363
76.31897926330566
141.7391300201416
314.30983543395996
83.10461044311523
87.5098705291748
41.56088829040527
34.819602966308594
93.86229515075684
125.54073333740234
432.3544502258301
38.82908821105957
58.835506439208984
325.17147064208984
12.810945510864258
132.99846649169922
56.5948486328125
38.405418395996094
38.94162178039551
39.32452201843262
21.272897720336914
105.92055320739746
35.74037551879883
53.845882415771484
42.21916198730469
110.21685600280762
302.5193214416504
140.26761054992676
34.12008285522461
79.54955101013184
84.23829078674316
33.50019454956055
212.12148666381836
89.39003944396973
157.0892333984375
144.7913646697998
124.63688850402832
157.62925148010254
158.77103805541992
111.50407791137695
168.46132278442383
24.898529052734375
63.74955177307129
210.56318283081055
33.59866142272949
21.252870559692383
45.76873779296875
33.30111503601074
111.57631874084473
78.60422134399414
168.16949844360352
43.84183883666992
71.43640518188477
25.913476943969727
166.82887077331543
87.39948272705078
120.32580375671387
23.56433868408203
166.60022735595703
77.57353782653809
32.804012298583984
95.77345848083496
35.05754470825195
135.11347770690918
202.24452018737793
18.579721450805664
148.8635540008545
17.833232879638672
115.59176445007324
149.3055820465088
43.95151138305664
59.28969383239746
28.225421905517578
229.86841201782227
175.6591796875
38.23137283325195
260.68568229675293
64.9862289428711
52.00624465942383
32.64808654785156
20.833492279052734
277.4970531463623
25.3603458404541
54.720163345336914
147.67718315124512
20.49732208251953
57.82508850097656
18.981456756591797
207.47756958007812
54.05759811401367
26.58224105834961
203.2797336578369
26.634693145751953
26.94392204284668
328.07302474975586
29.677152633666992
22.930622100830078
69.42367553710938
54.77309226989746
182.85799026489258
22.15099334716797
138.06962966918945
70.59502601623535
141.45231246948242
28.16939353942871
53.618431091308594
52.13475227355957
50.48847198486328
137.3283863067627
105.49354553222656
106.73642158508301
126.52587890625
18.9361572265625
142.7326202392578
35.25972366333008
92.68665313720703
66.92957878112793
25.64263343811035
79.47492599487305
30.736446380615234
111.56749725341797
12.723207473754883
157.99236297607422
101.29380226135254
36.03243827819824
52.5054931640625
81.56037330627441
56.26368522644043
75.26659965515137
527.5657176971436
23.153066635131836
105.72385787963867
300.85277557373047
136.40880584716797
28.504610061645508
14.093399047851562
26.11517906188965
582.1328163146973
89.72549438476562
428.94816398620605
56.66971206665039
26.238679885864258
36.401987075805664
308.0289363861084
239.6242618560791
89.23006057739258
265.347957611084
155.5018424987793
105.74555397033691
13.082265853881836
14.605998992919922
68.8927173614502
63.14826011657715
23.334980010986328
23.32758903503418
404.4320583343506
61.18965148925781
175.1878261566162
81.62689208984375
21.219491958618164
1105.027198791504
75.89960098266602
21.5756893157959
300.55737495422363
257.1234703063965
19.35744285583496
313.4472370147705
353.58548164367676
297.2760200500488
98.18506240844727
35.04538536071777
19.60301399230957
476.15694999694824
173.27213287353516
115.71264266967773
28.577089309692383
20.873546600341797
146.3451385498047
155.8845043182373
258.0099105834961
402.15039253234863
257.904052734375
16.97397232055664
52.00076103210449
94.54798698425293
33.54597091674805
44.553279876708984
113.66152763366699
36.92460060119629
24.334430694580078
52.47306823730469
67.21711158752441
72.7691650390625
312.3941421508789
53.99179458618164
152.3737907409668
272.9666233062744
177.15787887573242
197.87049293518066
275.44617652893066
254.71782684326172
148.30708503723145
44.13247108459473
65.8411979675293
156.06284141540527
27.025699615478516
121.86884880065918
108.78920555114746
483.6435317993164
17.656326293945312
29.660940170288086
43.760061264038086
50.62580108642578
41.113853454589844
33.52189064025879
300.1267910003662
28.359413146972656
20.9200382232666
50.80294609069824
154.1891098022461
45.69673538208008
58.37559700012207
84.20586585998535
54.98838424682617
17.533302307128906
47.82509803771973
78.52673530578613
193.52054595947266
161.81492805480957
61.42473220825195
233.9498996734619
234.38620567321777
1068.4497356414795
326.7536163330078
196.53892517089844
101.47666931152344
343.20521354675293
36.38792037963867
31.47578239440918
121.42086029052734
50.01330375671387
17.30513572692871
134.08184051513672
15.717744827270508
16.62921905517578
36.6671085357666
144.3779468536377
24.295568466186523
20.282745361328125
343.4903621673584
398.2992172241211
213.40203285217285
278.0325412750244
132.0960521697998
56.17809295654297
44.28696632385254
46.8442440032959
22.600173950195312
42.80376434326172
183.1033229827881
349.12681579589844
24.225234985351562
53.69138717651367
17.49396324157715
333.9207172393799
135.3476047515869
92.6353931427002
245.09549140930176
125.8692741394043
12.419700622558594
16.19100570678711
25.7570743560791
176.63264274597168
354.39133644104004
71.3798999786377
131.0105323791504
236.586332321167
39.44730758666992
1077.439308166504
48.52747917175293
123.54922294616699
129.5325756072998
88.35029602050781
34.15846824645996
43.13468933105469
107.35344886779785
108.03556442260742
332.3249816894531
150.19488334655762
96.87924385070801
81.5420150756836
519.8616981506348
126.15394592285156
123.3975887298584
275.0279903411865
44.441938400268555
49.86977577209473
152.88686752319336
27.57096290588379
109.2231273651123
140.46430587768555
192.6264762878418
100.52227973937988
48.512935638427734
85.43777465820312
260.448694229126
243.06321144104004
68.56369972229004
112.48230934143066
272.24206924438477
14.175176620483398
299.715518951416
17.93813705444336
414.89553451538086
19.332408905029297
140.2907371520996
44.883012771606445
47.42908477783203
24.021148681640625
77.22330093383789
118.10159683227539
22.190570831298828
21.396160125732422
105.80182075500488
82.1378231048584
22.08399772644043
332.14449882507324
41.27192497253418
188.74049186706543
215.30485153198242
126.20067596435547
22.93992042541504
79.01573181152344
30.033349990844727
110.82053184509277
74.19514656066895
44.325828552246094
22.748708724975586
82.81946182250977
75.69766044616699
319.89479064941406
180.2380084991455
82.23176002502441
151.03459358215332
15.206336975097656
252.37131118774414
397.40610122680664
42.31429100036621
330.7199478149414
67.08598136901855
19.85025405883789
113.82818222045898
15.29550552368164
149.735689163208
21.773815155029297
67.35658645629883
1064.117193222046
71.65217399597168
376.94525718688965
46.35357856750488
143.6774730682373
192.0013427734375
202.4853229522705
210.62779426574707
23.996591567993164
17.29607582092285
80.03115653991699
66.30086898803711
33.234596252441406
143.2626247406006
170.58873176574707
37.654876708984375
34.317731857299805
158.0519676208496
61.157941818237305
207.06915855407715
20.117521286010742
256.1969757080078
296.54598236083984
24.112462997436523
20.14017105102539
39.44563865661621
66.73288345336914
312.7443790435791
285.59279441833496
20.71213722229004
110.98933219909668
90.25430679321289
34.78240966796875
347.5203514099121
97.68819808959961
117.57421493530273
178.15232276916504
70.80483436584473
156.52155876159668
37.54997253417969
103.45602035522461
132.4441432952881
74.83291625976562
214.07413482666016
54.645538330078125
23.350000381469727
44.858694076538086
15.71035385131836
27.36830711364746
87.27908134460449
24.718284606933594
226.61614418029785
128.42512130737305
42.82069206237793
234.2972755432129
23.935317993164062
146.33464813232422
107.29384422302246
36.09657287597656
68.74561309814453
65.90628623962402
282.9294204711914
42.72198677062988
26.1232852935791
103.12485694885254
19.295454025268555
153.25498580932617
79.12039756774902
63.188791275024414
113.89613151550293
229.94518280029297
24.248600006103516
204.90050315856934
237.47587203979492
121.72627449035645
42.814016342163086
71.14839553833008
88.88959884643555
200.67334175109863
20.72286605834961
178.50399017333984
132.2331428527832
38.10429573059082
120.17321586608887
107.41949081420898
879.7638416290283
16.185760498046875
241.5311336517334
48.69341850280762
118.99852752685547
18.225908279418945
55.806875228881836
40.74692726135254
145.37692070007324
118.41917037963867
39.275407791137695
176.43141746520996
25.283336639404297
59.036970138549805
23.448467254638672
171.46015167236328
88.23180198669434
77.91328430175781
140.47932624816895
79.82730865478516
18.761873245239258
29.425382614135742
77.27789878845215
15.82956314086914
62.71004676818848
48.31814765930176
20.194530487060547
59.52310562133789
98.35362434387207
298.6741065979004
320.1782703399658
123.64864349365234
374.23157691955566
143.97406578063965
1032.5469970703125
20.15519142150879
16.107797622680664
160.31956672668457
101.73988342285156
86.70258522033691
87.95809745788574
22.4459171295166
255.75637817382812
177.56128311157227
29.804229736328125
17.565250396728516
54.747581481933594
20.990848541259766
127.288818359375
28.464078903198242
44.10576820373535
14.508485794067383
134.54747200012207
15.330076217651367
56.97202682495117
14.032840728759766
263.9462947845459
249.0229606628418
97.48268127441406
109.49182510375977
110.93330383300781
29.59465980529785
276.5536308288574
89.30778503417969
119.63939666748047
52.35004425048828
121.68502807617188
123.5501766204834
71.03800773620605
77.36563682556152
39.398193359375
46.82445526123047
379.67419624328613
402.2848606109619
206.98928833007812
196.08736038208008
25.71725845336914
134.7634792327881
281.92949295043945
36.76199913024902
100.1436710357666
54.355621337890625
207.80634880065918
28.76567840576172
26.340723037719727
144.1044807434082
15.152931213378906
35.99834442138672
76.10845565795898
48.72918128967285
26.46923065185547
123.21710586547852
86.34066581726074
214.67137336730957
34.760475158691406
107.0854663848877
191.51020050048828
13.48423957824707
215.66367149353027
52.774667739868164
60.66417694091797
102.57673263549805
35.64167022705078
20.61605453491211
23.40221405029297
109.12013053894043
205.5525779724121
183.2275390625
256.81495666503906
284.31010246276855
28.064966201782227
185.0752830505371
102.84852981567383
285.4928970336914
16.758441925048828
29.462575912475586
202.24380493164062
59.64016914367676
351.15718841552734
55.060625076293945
143.97501945495605
427.3810386657715
153.50580215454102
23.531436920166016
68.3295726776123
55.56035041809082
128.82757186889648
72.80278205871582
165.98200798034668
21.263599395751953
83.54830741882324
106.42027854919434
41.18537902832031
142.71259307861328
23.212671279907227
149.7812271118164
354.75730895996094
414.9198532104492
66.18499755859375
69.34881210327148
56.31136894226074
30.057907104492188
21.822452545166016
164.2303466796875
50.560712814331055
126.22833251953125
72.52025604248047
132.9352855682373
158.41293334960938
48.65670204162598
1064.4092559814453
233.231782913208
18.990755081176758
197.15237617492676
227.61178016662598
44.47507858276367
67.37852096557617
19.861459732055664
83.37736129760742
83.08839797973633
32.47952461242676
16.62468910217285
42.74487495422363
20.832300186157227
21.355152130126953
40.055274963378906
143.20802688598633
80.51371574401855
26.2906551361084
18.158674240112305
18.929481506347656
34.45768356323242
162.05739974975586
50.87113380432129
206.5262794494629
50.6441593170166
147.68743515014648
18.99886131286621
55.49812316894531
42.96588897705078
96.10414505004883
67.00277328491211
533.7409973144531
20.287752151489258
238.28935623168945
28.332948684692383
83.82415771484375
331.73227310180664
20.0045108795166
63.7664794921875
19.358158111572266
138.30256462097168
407.27806091308594
179.50773239135742
199.50366020202637
26.211023330688477
18.387317657470703
53.03835868835449
113.0836009979248
31.621932983398438
23.038625717163086
87.04781532287598
165.61365127563477
101.93204879760742
124.34124946594238
32.96399116516113
129.26173210144043
22.511720657348633
183.610200881958
21.066665649414062
28.70941162109375
80.49845695495605
142.6846981048584
25.984525680541992
111.41228675842285
133.50510597229004
98.51670265197754
150.24113655090332
429.4886589050293
73.88901710510254
55.58657646179199
61.7213249206543
20.17688751220703
203.60922813415527
26.317119598388672
24.628400802612305
40.11392593383789
84.8994255065918
93.53852272033691
26.09848976135254
208.72139930725098
108.06894302368164
112.8842830657959
98.71912002563477
13.043403625488281
168.35975646972656
112.51401901245117
19.347190856933594
106.80913925170898
28.932571411132812
53.75838279724121
53.21550369262695
80.47628402709961
200.03008842468262
143.96977424621582
31.090974807739258
123.78978729248047
111.70148849487305
55.25970458984375
176.96475982666016
35.52675247192383
34.7447395324707
38.90252113342285
69.41890716552734
291.23663902282715
28.49721908569336
19.016742706298828
96.56286239624023
596.1532592773438
13.339996337890625
44.4185733795166
101.89652442932129
307.0390224456787
21.408796310424805
21.76356315612793
143.2480812072754
128.44562530517578
25.23183822631836
31.63456916809082
20.582199096679688
143.3427333831787
71.97809219360352
511.8420124053955
32.19461441040039
25.264263153076172
17.279386520385742
443.096399307251
231.45723342895508
206.65907859802246
35.387516021728516
178.24721336364746
368.20101737976074
44.98720169067383
180.7842254638672
37.80531883239746
104.46286201477051
64.45550918579102
55.68647384643555
21.18825912475586
15.895366668701172
72.25918769836426
85.02697944641113
155.51018714904785
86.62676811218262
195.55902481079102
192.02232360839844
119.59576606750488
21.41284942626953
46.10848426818848
334.730863571167
125.02646446228027
465.5189514160156
104.28953170776367
24.321556091308594
82.46731758117676
30.69925308227539
56.70881271362305
93.09506416320801
37.53781318664551
189.26620483398438
52.632808685302734
190.24014472961426
35.26496887207031
129.50992584228516
207.36384391784668
53.894758224487305
117.25306510925293
21.758556365966797
75.46305656433105
136.34920120239258
116.19997024536133
77.69656181335449
70.6937313079834
178.06363105773926
22.481918334960938
21.1331844329834
60.703277587890625
211.76648139953613
52.8106689453125
93.97244453430176
71.26998901367188
334.87391471862793
293.42079162597656
47.32322692871094
118.12591552734375
121.03509902954102
13.741016387939453
164.23487663269043
19.872426986694336
22.14360237121582
64.65935707092285
14.283418655395508
53.21025848388672
172.69372940063477
127.87795066833496
68.5582160949707
153.031587600708
33.86664390563965
103.90663146972656
25.705575942993164
434.65495109558105
21.811246871948242
13.797283172607422
261.3694667816162
376.4312267303467
128.53312492370605
173.66719245910645
22.220373153686523
25.61473846435547
77.41117477416992
515.5301094055176
78.75275611877441
201.81727409362793
26.28493309020996
50.184011459350586
91.01486206054688
120.26143074035645
122.56002426147461
44.28458213806152
41.164398193359375
56.6868782043457
61.7985725402832
26.02529525756836
15.071630477905273
326.48253440856934
94.79260444641113
37.647247314453125
72.2966194152832
230.02028465270996
69.87667083740234
100.98862648010254
72.54290580749512
45.116424560546875
69.71073150634766
1058.0015182495117
62.598228454589844
53.46536636352539
74.71466064453125
68.63737106323242
41.54157638549805
115.62466621398926
21.86441421508789
75.8664608001709
51.305294036865234
164.1995906829834
119.79436874389648
132.2476863861084
46.443939208984375
41.92805290222168
64.13602828979492
287.6133918762207
131.37555122375488
139.71710205078125
300.1551628112793
289.3984317779541
257.88068771362305
46.01001739501953
232.36346244812012
197.43847846984863
37.98508644104004
77.97074317932129
145.58672904968262
119.52781677246094
102.77295112609863
681.6294193267822
104.00533676147461
68.92681121826172
92.50497817993164
101.27592086791992
117.80357360839844
107.70392417907715
61.278343200683594
154.15024757385254
76.0657787322998
74.21612739562988
205.3816318511963
17.810821533203125
208.6355686187744
72.40986824035645
116.92571640014648
240.6609058380127
189.42666053771973
21.136045455932617
265.0635242462158
94.33674812316895
236.54437065124512
30.518770217895508
13.792991638183594
177.93822288513184
45.66597938537598
450.11162757873535
216.95590019226074
51.078081130981445
55.7863712310791
103.52873802185059
169.21472549438477
110.23521423339844
64.83101844787598
28.289794921875
93.42384338378906
59.40508842468262
73.10962677001953
59.54933166503906
144.3183422088623
636.02614402771
292.76347160339355
82.72862434387207
108.08849334716797
332.7975273132324
199.27144050598145
41.12076759338379
294.6958541870117
16.1588191986084
61.100006103515625
276.77464485168457
46.271562576293945
64.48078155517578
19.40155029296875
115.30518531799316
87.47649192810059
12.949943542480469
47.304391860961914
91.33577346801758
66.6818618774414
192.1401023864746
142.09914207458496
25.33721923828125
277.09245681762695
276.7155170440674
40.07077217102051
246.98114395141602
29.962778091430664
25.578737258911133
34.44862365722656
16.551733016967773
71.75326347351074
301.2382984161377
20.137310028076172
43.799638748168945
296.2477207183838
99.64323043823242
269.4106101989746
114.7775650024414
55.11188507080078
22.75371551513672
207.95440673828125
76.99084281921387
65.97709655761719
94.05088424682617
127.16484069824219
93.93930435180664
32.729387283325195
134.44757461547852
168.98274421691895
35.11857986450195
165.70258140563965
54.39448356628418
27.112245559692383
339.3850326538086
99.18332099914551
117.76566505432129
99.4420051574707
121.34265899658203
112.02049255371094
502.1946430206299
76.93171501159668
188.2033348083496
103.3022403717041
91.40133857727051
159.9714756011963
148.98228645324707
125.37169456481934
74.51725006103516
33.29181671142578
31.53538703918457
14.30964469909668
233.11591148376465
44.419288635253906
70.4200267791748
248.33035469055176
206.68292045593262
165.47179222106934
102.88429260253906
201.93171501159668
16.739845275878906
88.64688873291016
16.199350357055664
418.03765296936035
30.474185943603516
151.14283561706543
472.287654876709
23.59461784362793
147.73321151733398
40.08746147155762
100.69823265075684
27.475833892822266
18.972158432006836
157.8350067138672
85.90269088745117
127.06112861633301
72.92842864990234
19.314050674438477
84.65456962585449
50.202369689941406
114.62879180908203
60.865163803100586
187.89172172546387
61.92278861999512
82.8104019165039
205.81316947937012
68.57180595397949
57.15131759643555
45.69125175476074
469.39682960510254
246.9332218170166
47.34396934509277
62.567949295043945
111.3748550415039
143.41425895690918
264.4968032836914
209.5925807952881
267.61436462402344
80.54494857788086
39.920806884765625
118.15595626831055
77.74877548217773
187.07585334777832
23.952960968017578
17.307758331298828
15.808820724487305
33.0350399017334
85.56652069091797
24.264812469482422
362.31493949890137
106.71067237854004
18.500566482543945
1026.3502597808838
155.7633876800537
149.10316467285156
132.2610378265381
169.04878616333008
162.25099563598633
31.98409080505371
27.814626693725586
62.285661697387695
34.203290939331055
26.66330337524414
237.1237277984619
33.54144096374512
179.41832542419434
114.81785774230957
444.29731369018555
67.42167472839355
58.68339538574219
96.4810848236084
39.20245170593262
112.20383644104004
265.3379440307617
270.19405364990234
20.266056060791016
24.993896484375
223.23894500732422
56.124210357666016
144.87171173095703
56.06818199157715
68.57490539550781
301.9692897796631
127.77829170227051
199.42831993103027
1048.8529205322266
62.35790252685547
55.580854415893555
250.06890296936035
78.47261428833008
66.32304191589355
20.094633102416992
37.96744346618652
73.65965843200684
279.47282791137695
61.69629096984863
116.55783653259277
18.463134765625
102.92696952819824
114.44902420043945
228.8801670074463
25.39205551147461
232.27381706237793
23.25606346130371
295.46618461608887
72.21198081970215
117.07425117492676
69.90647315979004
21.640539169311523
106.96983337402344
54.93640899658203
29.12282943725586
381.68883323669434
19.417524337768555
131.90770149230957
49.803733825683594
150.4957675933838
35.538434982299805
172.4698543548584
55.05037307739258
51.74756050109863
158.60962867736816
213.3803367614746
1020.3030109405518
93.10555458068848
32.64164924621582
322.0784664154053
23.652076721191406
52.92963981628418
54.33535575866699
37.27865219116211
167.94323921203613
144.79494094848633
55.777788162231445
57.88159370422363
38.48743438720703
49.38220977783203
1089.3619060516357
131.58082962036133
311.25664710998535
215.38233757019043
54.09431457519531
48.675537109375
81.8939208984375
251.42908096313477
97.36347198486328
17.444849014282227
43.85018348693848
77.56662368774414
213.8526439666748
19.76299285888672
218.07026863098145
215.15607833862305
46.41079902648926
67.25239753723145
30.43985366821289
148.1618881225586
78.80973815917969
183.7620735168457
18.553733825683594
147.89175987243652
93.37878227233887
163.55037689208984
245.96476554870605
27.753114700317383
246.98853492736816
1054.2948246002197
55.310964584350586
186.28716468811035
45.95589637756348
34.804344177246094
229.9480438232422
95.28923034667969
60.67204475402832
304.51250076293945
53.69067192077637
282.3033332824707
153.17702293395996
14.500141143798828
33.57076644897461
14.44101333618164
106.38666152954102
38.71488571166992
120.07403373718262
87.44931221008301
61.34462356567383
124.1297721862793
82.56340026855469
265.0117874145508
20.251989364624023
62.43300437927246
291.0175323486328
129.2710304260254
715.2791023254395
30.12704849243164
98.01054000854492
53.49922180175781
161.9114875793457
22.107362747192383
91.46809577941895
174.454927444458
182.2073459625244
19.893407821655273
144.95515823364258
246.92106246948242
30.45797348022461
152.21214294433594
28.208494186401367
37.154197692871094
12.358427047729492
126.22880935668945
43.50900650024414
20.095348358154297
55.88698387145996
74.18632507324219
65.58394432067871
149.84631538391113
124.43375587463379
219.5909023284912
168.4701442718506
66.20645523071289
169.77238655090332
29.146432876586914
42.22393035888672
83.9545726776123
56.354522705078125
17.572402954101562
37.58740425109863
176.44095420837402
39.583683013916016
78.77111434936523
234.32564735412598
158.7376594543457
78.11212539672852
460.39414405822754
70.24216651916504
113.68632316589355
52.90031433105469
282.5319766998291
43.828725814819336
53.04718017578125
30.800819396972656
1074.3653774261475
60.667991638183594
274.6260166168213
321.25139236450195
29.39462661743164
304.23879623413086
16.651153564453125
189.27764892578125
48.13575744628906
26.412248611450195
1049.3130683898926
93.09196472167969
70.2054500579834
49.390554428100586
38.51819038391113
42.09136962890625
327.53515243530273
169.4948673248291
27.451276779174805
48.70319366455078
64.10336494445801
162.22190856933594
64.59164619445801
41.656494140625
107.82980918884277
59.339046478271484
49.61109161376953
14.088630676269531
273.54884147644043
26.01170539855957
27.415037155151367
86.56644821166992
161.37075424194336
200.62613487243652
100.54826736450195
18.52703094482422
201.92766189575195
174.4377613067627
217.21744537353516
61.589956283569336
200.20747184753418
100.2645492553711
98.75178337097168
22.289037704467773
28.51271629333496
372.9712963104248
98.53410720825195
225.5845069885254
289.0164852142334
36.54336929321289
161.5462303161621
69.3821907043457
115.59534072875977
41.680335998535156
353.35278511047363
27.163267135620117
199.97215270996094
21.65389060974121
51.065683364868164
101.15170478820801
20.839929580688477
15.253543853759766
98.74534606933594
21.047353744506836
37.0640754699707
322.95775413513184
20.282268524169922
43.52593421936035
161.99445724487305
256.7863464355469
133.65912437438965
240.0836944580078
25.350332260131836
65.48738479614258
146.23379707336426
43.85733604431152
26.765108108520508
21.352529525756836
108.46233367919922
126.27768516540527
150.67052841186523
17.800331115722656
17.261981964111328
53.25460433959961
45.609235763549805
139.50848579406738
58.53772163391113
118.75629425048828
163.6950969696045
215.4104709625244
176.99718475341797
22.61972427368164
25.363445281982422
44.51155662536621
188.54570388793945
49.60465431213379
20.02716064453125
158.55169296264648
136.25359535217285
429.23736572265625
1071.5603828430176
40.5430793762207
168.85852813720703
206.1624526977539
18.64171028137207
112.35308647155762
225.0831127166748
181.80370330810547
304.26478385925293
295.66478729248047
41.608333587646484
117.6445484161377
84.16557312011719
130.6014060974121
85.70241928100586
47.93047904968262
31.824350357055664
26.886940002441406
163.63263130187988
49.60012435913086
23.799657821655273
127.40755081176758
65.99187850952148
20.4775333404541
141.14904403686523
54.875850677490234
25.683164596557617
94.17510032653809
26.647090911865234
124.19486045837402
21.84748649597168
81.21776580810547
123.9018440246582
28.765439987182617
13.440847396850586
48.39468002319336
262.1932029724121
134.6879005432129
94.21801567077637
14.76287841796875
341.8900966644287
28.783082962036133
150.01225471496582
161.57245635986328
66.77818298339844
404.5567512512207
210.06512641906738
68.73130798339844
20.88618278503418
63.08865547180176
122.6341724395752
45.706748962402344
31.73208236694336
443.5288906097412
176.7117977142334
35.44282913208008
28.049230575561523
166.55349731445312
23.467063903808594
86.14683151245117
235.43596267700195
114.81285095214844
132.62557983398438
87.34297752380371
20.381927490234375
55.72152137756348
37.51206398010254
85.39366722106934
604.9764156341553
155.57599067687988
310.66203117370605
394.27995681762695
162.3823642730713
37.20235824584961
194.87738609313965
146.63267135620117
474.87378120422363
77.13627815246582
24.65987205505371
28.057098388671875
28.33104133605957
17.747879028320312
56.387901306152344
516.5586471557617
21.095991134643555
87.38040924072266
223.16265106201172
23.456335067749023
42.03152656555176
111.78040504455566
136.56139373779297
151.72719955444336
401.22318267822266
74.4631290435791
176.2855052947998
170.52245140075684
356.2479019165039
106.14609718322754
259.3114376068115
15.942811965942383
73.42314720153809
20.273447036743164
252.5169849395752
1631.9952011108398
140.7489776611328
122.71356582641602
24.60789680480957
35.76159477233887
175.08292198181152
24.815797805786133
274.07121658325195
28.59330177307129
1052.232265472412
64.15367126464844
13.609886169433594
364.5617961883545
95.97659111022949
18.253326416015625
1067.2965049743652
28.60879898071289
144.40274238586426
20.573854446411133
264.07909393310547
26.419878005981445
139.9369239807129
18.5396671295166
117.72751808166504
23.20122718811035
42.5868034362793
174.40176010131836
72.79491424560547
73.9436149597168
92.9727554321289
29.24489974975586
37.18686103820801
119.86637115478516
226.38726234436035
105.17144203186035
83.97626876831055
306.69689178466797
66.17021560668945
210.62445640563965
117.70081520080566
194.66137886047363
23.20122718811035
94.65646743774414
24.22952651977539
79.05793190002441
237.57600784301758
166.68939590454102
26.599884033203125
89.83945846557617
102.8432846069336
48.36893081665039
120.67842483520508
82.65399932861328
23.59795570373535
56.49447441101074
99.96151924133301
216.86935424804688
92.4382209777832
40.89999198913574
112.87593841552734
39.670467376708984
372.38359451293945
97.95689582824707
105.99613189697266
76.77006721496582
90.99888801574707
20.73216438293457
23.089885711669922
88.77301216125488
349.69210624694824
91.4773941040039
217.116117477417
27.24456787109375
320.21260261535645
44.84677314758301
65.10329246520996
18.7380313873291
138.87858390808105
89.32852745056152
128.00335884094238
36.14544868469238
59.664249420166016
309.1259002685547
511.4295482635498
96.8317985534668
474.32756423950195
254.78863716125488
736.9537353515625
