5.786390304565429688e-01
7.308096885681152344e-01
3.458979129791259766e-01
2.183932542800903320e+00
4.531300067901611328e-01
3.414219141006469727e+00
7.010092735290527344e-01
1.095004558563232422e+00
2.926313400268554688e+00
6.254143714904785156e-01
7.532382011413574219e-01
1.085041284561157227e+00
3.509838581085205078e-01
1.558341979980468750e+00
5.012404918670654297e-01
5.296382904052734375e-01
1.013029098510742188e+00
1.932901859283447266e+00
1.817071437835693359e-01
6.046807765960693359e-01
4.473385810852050781e-01
6.574645042419433594e-01
4.275630950927734375e+00
4.184582233428955078e-01
3.849847555160522461e+00
8.500928878784179688e-01
5.640454292297363281e-01
2.599685430526733398e+00
1.905739068984985352e+00
1.851409435272216797e+00
4.070868968963623047e+00
1.724376440048217773e+00
8.528723716735839844e-01
2.622405290603637695e+00
8.279817104339599609e-01
3.405453205108642578e+00
4.375610351562500000e-01
7.742595672607421875e-01
4.543418884277343750e-01
4.376688003540039062e-01
2.641732692718505859e+00
2.364300251007080078e+00
1.012173891067504883e+00
4.078071117401123047e-01
2.258381128311157227e+00
5.480549335479736328e-01
9.492506980895996094e-01
6.406903266906738281e-01
1.703878164291381836e+00
3.802351951599121094e-01
8.908956050872802734e-01
6.452999114990234375e-01
2.212948799133300781e-01
2.046983718872070312e+00
2.565775871276855469e+00
7.492482662200927734e-01
1.735659837722778320e+00
2.528911352157592773e+00
1.723655939102172852e+00
4.026773214340209961e+00
3.314723968505859375e-01
1.642622947692871094e+00
3.254320621490478516e-01
2.597533941268920898e+00
3.505365848541259766e-01
2.012941598892211914e+00
1.108944654464721680e+00
1.059540510177612305e+00
3.822362422943115234e-01
3.273775577545166016e-01
7.671911716461181641e-01
1.494709014892578125e+00
2.085737705230712891e+00
1.540935993194580078e+00
1.399655103683471680e+00
7.686002254486083984e-01
5.569875240325927734e-01
8.585970401763916016e-01
2.883805274963378906e+00
2.459974288940429688e+00
6.953334808349609375e-01
5.020961761474609375e-01
7.653994560241699219e-01
4.039983749389648438e-01
4.171493053436279297e-01
3.513162136077880859e-01
3.412730693817138672e-01
6.779029369354248047e-01
1.671832799911499023e+00
2.816035270690917969e+00
1.562103033065795898e+00
9.486808776855468750e-01
1.639707088470458984e-01
2.199346542358398438e+00
5.028688907623291016e-01
4.231172323226928711e+00
1.780547857284545898e+00
3.232519149780273438e+00
5.177333354949951172e-01
7.188789844512939453e-01
2.342479228973388672e+00
7.906579971313476562e-01
1.753141880035400391e+00
3.178944110870361328e+00
8.209638595581054688e-01
1.787667036056518555e+00
5.472776889801025391e-01
2.132630586624145508e+00
4.981493949890136719e-01
2.440961360931396484e+00
1.264157772064208984e+00
2.809398889541625977e+00
4.784679412841796875e-01
1.914870262145996094e+00
7.061901092529296875e-01
8.021974563598632812e-01
1.687528610229492188e+00
4.766499996185302734e-01
1.255295276641845703e+00
6.698346138000488281e-01
8.740193843841552734e-01
8.578598499298095703e-01
1.038728952407836914e+00
2.348618268966674805e+00
2.041049957275390625e+00
2.226095199584960938e+00
2.267408370971679688e-01
6.729936599731445312e-01
7.092308998107910156e-01
7.125902175903320312e-01
4.398255348205566406e-01
4.080228805541992188e-01
2.062830209732055664e+00
2.407789230346679688e-01
6.268830299377441406e-01
5.166101455688476562e-01
5.872199535369873047e-01
3.227771997451782227e+00
2.177555561065673828e+00
4.379427433013916016e-01
7.585389614105224609e-01
6.250340938568115234e-01
3.079439640045166016e+00
5.424916744232177734e-01
5.547945499420166016e-01
7.912604808807373047e-01
7.804062366485595703e-01
1.005504131317138672e+00
9.693875312805175781e-01
8.204123973846435547e-01
1.389603137969970703e+00
7.642529010772705078e-01
2.124144315719604492e+00
3.389133453369140625e+00
5.899212360382080078e-01
5.360810756683349609e-01
2.366338968276977539e+00
1.252214908599853516e-01
4.541528463363647461e+00
1.385705471038818359e-01
6.844975948333740234e-01
7.679605484008789062e-01
6.212203502655029297e-01
7.660887241363525391e-01
1.952378749847412109e+00
7.078964710235595703e-01
6.427590847015380859e-01
2.061435937881469727e+00
4.270184040069580078e-01
1.361096858978271484e+00
6.942300796508789062e-01
4.661793708801269531e-01
5.686607360839843750e-01
1.232912063598632812e+00
1.874594211578369141e+00
2.473921775817871094e+00
3.737986087799072266e-01
2.953302860260009766e-01
6.420121192932128906e-01
7.217853069305419922e-01
1.570998668670654297e+00
1.578622102737426758e+00
6.733312606811523438e-01
7.538461685180664062e-01
5.954689979553222656e-01
1.220266580581665039e+00
5.152287483215332031e-01
5.671317577362060547e-01
4.078011274337768555e+00
4.151532649993896484e-01
3.608173847198486328e+00
4.740102291107177734e-01
1.893175840377807617e+00
2.248985767364501953e+00
2.934391498565673828e-01
1.409495115280151367e+00
7.484428882598876953e-01
2.093549251556396484e+00
2.679849624633789062e+00
1.196305751800537109e+00
