7.256770133972167969e-01
9.515087604522705078e-01
4.353854656219482422e-01
2.763813495635986328e+00
4.739911556243896484e-01
3.684464931488037109e+00
8.654105663299560547e-01
1.272833108901977539e+00
3.062140464782714844e+00
6.139125823974609375e-01
7.708902359008789062e-01
1.321799993515014648e+00
3.887684345245361328e-01
1.822632074356079102e+00
6.676924228668212891e-01
5.697782039642333984e-01
1.174400329589843750e+00
2.210069656372070312e+00
2.363331317901611328e-01
7.178747653961181641e-01
5.224821567535400391e-01
8.075494766235351562e-01
4.905117750167846680e+00
5.256271362304687500e-01
4.168566226959228516e+00
9.856681823730468750e-01
7.419748306274414062e-01
2.697925806045532227e+00
2.253336429595947266e+00
2.447890281677246094e+00
5.166523694992065430e+00
2.097429513931274414e+00
1.026365995407104492e+00
3.325613260269165039e+00
1.006154775619506836e+00
4.216914653778076172e+00
5.717940330505371094e-01
9.921905994415283203e-01
5.204808712005615234e-01
5.813710689544677734e-01
3.421719312667846680e+00
3.135981559753417969e+00
1.242002248764038086e+00
5.255343914031982422e-01
2.844063043594360352e+00
8.139474391937255859e-01
1.064011335372924805e+00
8.159995079040527344e-01
2.205920457839965820e+00
5.010666847229003906e-01
9.188258647918701172e-01
7.678976058959960938e-01
2.722113132476806641e-01
2.733268976211547852e+00
3.014893770217895508e+00
7.568399906158447266e-01
2.025331497192382812e+00
3.027239799499511719e+00
1.961163043975830078e+00
4.683751106262207031e+00
4.030551910400390625e-01
2.000941514968872070e+00
4.215116500854492188e-01
3.054703712463378906e+00
4.365701675415039062e-01
2.476294994354248047e+00
1.310927391052246094e+00
1.205571413040161133e+00
4.506244659423828125e-01
3.975188732147216797e-01
8.014032840728759766e-01
1.839040517807006836e+00
2.605651855468750000e+00
1.818187475204467773e+00
1.653195619583129883e+00
8.278954029083251953e-01
6.973476409912109375e-01
1.049084901809692383e+00
3.385962724685668945e+00
2.975074768066406250e+00
8.818645477294921875e-01
6.515724658966064453e-01
9.536523818969726562e-01
5.231926441192626953e-01
4.374229907989501953e-01
3.285851478576660156e-01
3.660149574279785156e-01
6.718909740447998047e-01
1.713843345642089844e+00
2.981475591659545898e+00
1.557830572128295898e+00
1.049146652221679688e+00
1.793432235717773438e-01
2.338032007217407227e+00
5.706286430358886719e-01
4.712959527969360352e+00
8.429205417633056641e-01
8.968079090118408203e-01
8.929159641265869141e-01
8.306357860565185547e-01
2.549515247344970703e+00
1.027511835098266602e+00
1.948621749877929688e+00
3.567685842514038086e+00
9.304499626159667969e-01
2.060357570648193359e+00
6.307821273803710938e-01
2.608595848083496094e+00
6.441130638122558594e-01
2.708286046981811523e+00
1.571122169494628906e+00
3.452383995056152344e+00
5.501329898834228516e-01
2.178416013717651367e+00
7.909317016601562500e-01
9.369680881500244141e-01
1.848137617111206055e+00
5.470795631408691406e-01
1.393952846527099609e+00
7.533478736877441406e-01
1.174780845642089844e+00
1.064503669738769531e+00
1.081555366516113281e+00
2.782922744750976562e+00
2.413338899612426758e+00
2.589539289474487305e+00
2.459228038787841797e-01
8.127446174621582031e-01
8.221192359924316406e-01
9.080924987792968750e-01
6.411724090576171875e-01
4.419412612915039062e-01
2.566792011260986328e+00
2.858836650848388672e-01
8.554148674011230469e-01
6.529896259307861328e-01
6.524879932403564453e-01
3.606693506240844727e+00
2.568133354187011719e+00
5.826280117034912109e-01
9.209649562835693359e-01
7.613785266876220703e-01
3.417148828506469727e+00
6.215586662292480469e-01
6.409668922424316406e-01
9.569604396820068359e-01
8.599042892456054688e-01
1.239591360092163086e+00
1.005063056945800781e+00
9.421999454498291016e-01
1.492259025573730469e+00
8.708803653717041016e-01
2.525927543640136719e+00
4.067932367324829102e+00
8.272697925567626953e-01
6.260204315185546875e-01
2.789291143417358398e+00
1.376221179962158203e-01
4.458628892898559570e+00
1.396710872650146484e-01
7.553009986877441406e-01
7.242426872253417969e-01
5.675659179687500000e-01
8.710529804229736328e-01
2.131252527236938477e+00
7.472202777862548828e-01
7.781784534454345703e-01
2.284010171890258789e+00
4.766874313354492188e-01
1.531244516372680664e+00
8.943812847137451172e-01
6.302907466888427734e-01
6.107072830200195312e-01
1.378774881362915039e+00
2.203856706619262695e+00
2.790180444717407227e+00
3.944776058197021484e-01
3.579990863800048828e-01
6.908252239227294922e-01
9.052448272705078125e-01
1.632910966873168945e+00
1.664101362228393555e+00
7.610597610473632812e-01
8.932166099548339844e-01
6.920323371887207031e-01
1.378334999084472656e+00
6.683111190795898438e-01
6.365225315093994141e-01
4.613402366638183594e+00
4.840581417083740234e-01
4.158318519592285156e+00
6.089417934417724609e-01
2.100030422210693359e+00
2.679481267929077148e+00
3.189804553985595703e-01
1.559940576553344727e+00
8.964223861694335938e-01
2.386298418045043945e+00
2.945851325988769531e+00
1.359464168548583984e+00
