6.960067749023437500e-01
8.506479263305664062e-01
3.677303791046142578e-01
2.472267866134643555e+00
6.676073074340820312e-01
3.423002243041992188e+00
7.725570201873779297e-01
1.181627273559570312e+00
3.382166147232055664e+00
6.644001007080078125e-01
8.917882442474365234e-01
1.114933729171752930e+00
3.789532184600830078e-01
1.806874752044677734e+00
5.941154956817626953e-01
5.889875888824462891e-01
1.192394256591796875e+00
2.252246618270874023e+00
1.960954666137695312e-01
6.601679325103759766e-01
5.197455883026123047e-01
6.880338191986083984e-01
4.944387197494506836e+00
6.060554981231689453e-01
4.189152240753173828e+00
9.619114398956298828e-01
6.792974472045898438e-01
2.757018804550170898e+00
2.172598600387573242e+00
2.079232454299926758e+00
4.525285005569458008e+00
1.921525716781616211e+00
9.354972839355468750e-01
3.027515172958374023e+00
9.017505645751953125e-01
4.157855272293090820e+00
5.097999572753906250e-01
8.837831020355224609e-01
6.082248687744140625e-01
5.429787635803222656e-01
3.195004463195800781e+00
2.831291437149047852e+00
1.133623123168945312e+00
4.947600364685058594e-01
2.730988264083862305e+00
6.722836494445800781e-01
1.105207920074462891e+00
8.409609794616699219e-01
2.014251470565795898e+00
4.771585464477539062e-01
1.020008087158203125e+00
7.873854637145996094e-01
2.484858036041259766e-01
2.441355466842651367e+00
3.063561677932739258e+00
8.159830570220947266e-01
1.983838319778442383e+00
2.860680580139160156e+00
1.900506973266601562e+00
4.326293706893920898e+00
4.373946189880371094e-01
1.973734855651855469e+00
3.956923484802246094e-01
3.059283256530761719e+00
4.616014957427978516e-01
2.362100124359130859e+00
1.328822612762451172e+00
1.181003093719482422e+00
4.345908164978027344e-01
3.794734477996826172e-01
8.158915042877197266e-01
1.812725782394409180e+00
2.467823743820190430e+00
1.722765445709228516e+00
1.698582172393798828e+00
9.191470146179199219e-01
6.066703796386718750e-01
9.316842555999755859e-01
3.158979177474975586e+00
2.793106794357299805e+00
7.519540786743164062e-01
5.927381515502929688e-01
9.634196758270263672e-01
5.643670558929443359e-01
4.883890151977539062e-01
3.797531127929687500e-01
3.840420246124267578e-01
6.531574726104736328e-01
1.916740655899047852e+00
3.188651084899902344e+00
1.637113332748413086e+00
9.906685352325439453e-01
1.986932754516601562e-01
2.493432760238647461e+00
5.321493148803710938e-01
4.939949035644531250e+00
2.142079830169677734e+00
3.600423097610473633e+00
5.642046928405761719e-01
8.846914768218994141e-01
2.670500755310058594e+00
1.043855190277099609e+00
2.093056201934814453e+00
3.688539028167724609e+00
9.287667274475097656e-01
2.059183835983276367e+00
6.175899505615234375e-01
2.483361721038818359e+00
5.648181438446044922e-01
2.572147607803344727e+00
1.557133674621582031e+00
3.216371536254882812e+00
5.264735221862792969e-01
2.084388017654418945e+00
7.714340686798095703e-01
9.037847518920898438e-01
1.911999225616455078e+00
5.148611068725585938e-01
1.358413696289062500e+00
7.486736774444580078e-01
1.049751281738281250e+00
9.830789566040039062e-01
1.167953491210937500e+00
2.849154710769653320e+00
2.511474370956420898e+00
2.597638845443725586e+00
2.848107814788818359e-01
8.488419055938720703e-01
8.460164070129394531e-01
1.109297513961791992e+00
5.885300636291503906e-01
4.526360034942626953e-01
2.481975078582763672e+00
2.746896743774414062e-01
7.698154449462890625e-01
5.840795040130615234e-01
6.734056472778320312e-01
3.625582695007324219e+00
2.680321216583251953e+00
5.024032592773437500e-01
8.728628158569335938e-01
7.320461273193359375e-01
3.440017938613891602e+00
6.078755855560302734e-01
6.213133335113525391e-01
1.038561582565307617e+00
8.560903072357177734e-01
1.177073717117309570e+00
1.024394750595092773e+00
9.415249824523925781e-01
1.624844551086425781e+00
8.586211204528808594e-01
2.461295604705810547e+00
4.031054973602294922e+00
6.961317062377929688e-01
6.445488929748535156e-01
2.772675275802612305e+00
1.261234283447265625e-01
4.996525049209594727e+00
1.620850563049316406e-01
9.234268665313720703e-01
8.978214263916015625e-01
6.493060588836669922e-01
7.712697982788085938e-01
2.351850032806396484e+00
7.767889499664306641e-01
7.613282203674316406e-01
2.334991693496704102e+00
4.596478939056396484e-01
1.514127492904663086e+00
7.807590961456298828e-01
5.507941246032714844e-01
5.552558898925781250e-01
1.453916549682617188e+00
2.239834547042846680e+00
2.894539117813110352e+00
4.055502414703369141e-01
3.645045757293701172e-01
7.312057018280029297e-01
8.368926048278808594e-01
1.858232021331787109e+00
1.635792255401611328e+00
7.925674915313720703e-01
8.832614421844482422e-01
7.113575935363769531e-01
1.369394779205322266e+00
5.459511280059814453e-01
6.521050930023193359e-01
4.298919916152954102e+00
4.699580669403076172e-01
4.131217002868652344e+00
5.367345809936523438e-01
2.129813909530639648e+00
2.709625244140625000e+00
3.387951850891113281e-01
1.660383939743041992e+00
8.578271865844726562e-01
2.459487199783325195e+00
3.096054792404174805e+00
1.322732210159301758e+00
