6.558027267456054688e-01
7.970046997070312500e-01
3.810250759124755859e-01
3.931808471679687500e-01
4.176054000854492188e-01
4.324483871459960938e-01
7.066466808319091797e-01
6.382462978363037109e-01
3.110401868820190430e+00
6.179037094116210938e-01
2.828336954116821289e+00
9.785666465759277344e-01
3.388545513153076172e-01
1.583304166793823242e+00
4.795000553131103516e-01
4.736201763153076172e-01
1.027798414230346680e+00
2.059621095657348633e+00
1.897912025451660156e-01
7.003045082092285156e-01
4.593656063079833984e-01
6.332211494445800781e-01
4.137744665145874023e+00
4.614658355712890625e-01
8.248727321624755859e-01
7.779858112335205078e-01
4.810457229614257812e-01
2.217611312866210938e+00
1.759983301162719727e+00
5.999984741210937500e+00
4.365351200103759766e-01
3.713347911834716797e-01
7.761189937591552734e-01
2.431207656860351562e+00
7.008166313171386719e-01
7.764780521392822266e-01
4.750316143035888672e-01
7.188012599945068359e-01
2.416522502899169922e-01
6.371121406555175781e-01
2.919893503189086914e+00
2.356360912322998047e+00
9.918169975280761719e-01
4.220960140228271484e-01
4.340767860412597656e-01
5.165467262268066406e-01
1.013627052307128906e+00
7.278697490692138672e-01
2.482744932174682617e+00
4.386184215545654297e-01
1.936819553375244141e+00
6.823117733001708984e-01
2.368156909942626953e-01
2.010682106018066406e+00
8.262448310852050781e-01
3.141446352005004883e+00
5.920066833496093750e-01
2.521784782409667969e+00
1.296104907989501953e+00
8.914487361907958984e-01
6.331017017364501953e-01
9.644885063171386719e-01
9.351687431335449219e-01
4.368877410888671875e-01
3.652093410491943359e-01
1.935315132141113281e+00
1.041459321975708008e+00
9.481565952301025391e-01
4.142243862152099609e-01
3.183145523071289062e-01
7.016527652740478516e-01
1.365116119384765625e+00
1.922418594360351562e+00
1.457760334014892578e+00
1.270800113677978516e+00
7.729237079620361328e-01
4.916362762451171875e-01
8.740963935852050781e-01
2.714456319808959961e+00
2.271485328674316406e+00
1.291413307189941406e-01
3.717675209045410156e-01
8.222725391387939453e-01
5.750606060028076172e-01
4.780597686767578125e-01
7.020328044891357422e-01
5.624485015869140625e-01
4.327788352966308594e-01
5.060663223266601562e-01
2.662321805953979492e+00
1.458263635635375977e+00
8.655147552490234375e-01
1.265326976776123047e+00
1.039207220077514648e+00
5.262475013732910156e-01
7.870311737060546875e-01
5.274332523345947266e+00
5.752122402191162109e-01
4.716365337371826172e-01
7.030627727508544922e-01
2.300015687942504883e+00
7.986495494842529297e-01
8.691058158874511719e-01
5.186696052551269531e-01
9.427435398101806641e-01
9.174768924713134766e-01
5.742697715759277344e-01
2.155163764953613281e+00
4.756796360015869141e-01
6.659128665924072266e-01
2.605791568756103516e+00
2.773561477661132812e+00
3.819487094879150391e-01
1.003562927246093750e+00
7.270689010620117188e-01
8.204436302185058594e-01
5.591869354248046875e-01
1.384450435638427734e+00
1.229439258575439453e+00
6.932618618011474609e-01
7.181127071380615234e-01
9.623234272003173828e-01
8.417441844940185547e-01
2.439926147460937500e+00
2.118074178695678711e+00
2.226543426513671875e+00
2.402820587158203125e-01
5.875394344329833984e-01
7.916817665100097656e-01
7.974915504455566406e-01
4.247279167175292969e-01
4.624402523040771484e-01
2.236939907073974609e+00
2.574100494384765625e-01
6.698250770568847656e-01
4.073748588562011719e-01
2.084546089172363281e-01
3.145857334136962891e+00
2.454734086990356445e+00
1.937069892883300781e-01
8.176360130310058594e-01
6.415092945098876953e-01
6.338348388671875000e-01
4.938797950744628906e-01
4.841599464416503906e-01
8.672981262207031250e-01
7.604210376739501953e-01
9.833397865295410156e-01
9.625284671783447266e-01
8.197991847991943359e-01
1.496038913726806641e+00
7.565667629241943359e-01
2.214715719223022461e+00
3.551249027252197266e+00
8.397152423858642578e-01
5.786747932434082031e-01
2.587428569793701172e+00
1.783945560455322266e-01
3.182520866394042969e-01
1.500854492187500000e-01
7.830839157104492188e-01
7.669084072113037109e-01
5.834765434265136719e-01
9.063472747802734375e-01
2.308830261230468750e+00
6.642913818359375000e-01
1.240004539489746094e+00
2.144409418106079102e+00
4.095883369445800781e-01
1.868069648742675781e+00
7.505600452423095703e-01
6.324660778045654297e-01
6.175675392150878906e-01
1.325297832489013672e+00
5.153437137603759766e+00
2.049912452697753906e+00
1.958594322204589844e-01
1.720695495605468750e-01
6.446232795715332031e-01
8.037285804748535156e-01
3.716151714324951172e-01
1.556937217712402344e+00
7.039017677307128906e-01
7.898328304290771484e-01
1.424324989318847656e+00
1.309708118438720703e+00
6.025080680847167969e-01
3.485100269317626953e-01
4.279623031616210938e+00
4.505727291107177734e-01
4.264898300170898438e-01
4.681966304779052734e-01
2.299254179000854492e+00
2.105183124542236328e+00
2.289142608642578125e-01
1.403293609619140625e+00
7.120661735534667969e-01
1.952977895736694336e+00
2.475702285766601562e+00
1.077885389328002930e+00
