66.66731834411621
428.09391021728516
66.91169738769531
770.665168762207
19.697904586791992
154.28709983825684
402.5576114654541
52.94179916381836
274.63626861572266
41.29195213317871
227.47516632080078
140.9890651702881
353.87325286865234
16.654014587402344
61.78569793701172
30.532121658325195
104.32744026184082
29.050350189208984
79.2229175567627
71.3191032409668
308.6998462677002
89.03622627258301
99.54190254211426
350.8641719818115
168.28608512878418
220.63708305358887
122.12824821472168
19.312143325805664
46.27513885498047
22.693157196044922
455.29937744140625
129.76360321044922
290.64440727233887
12.589454650878906
294.2643165588379
54.943084716796875
30.514001846313477
50.551414489746094
151.72433853149414
108.06107521057129
100.25691986083984
123.23713302612305
77.40902900695801
55.916547775268555
52.52265930175781
308.9470863342285
37.59646415710449
31.830787658691406
24.12724494934082
194.4427490234375
16.59107208251953
108.60633850097656
153.39040756225586
124.33791160583496
65.96493721008301
272.80640602111816
483.229398727417
501.9094944000244
12.897014617919922
89.1263484954834
294.41070556640625
123.28982353210449
407.7332019805908
19.577503204345703
34.67249870300293
31.039714813232422
25.491714477539062
202.65936851501465
65.19842147827148
98.94895553588867
295.0413227081299
12.688159942626953
1083.3241939544678
41.92471504211426
171.52714729309082
124.90224838256836
67.78335571289062
105.71646690368652
68.76444816589355
280.0421714782715
13.364553451538086
1107.7635288238525
205.92546463012695
231.6901683807373
66.4820671081543
288.74993324279785
200.15811920166016
19.321680068969727
30.661821365356445
178.96556854248047
20.052194595336914
153.43189239501953
117.01726913452148
1032.1078300476074
1052.5250434875488
38.88988494873047
141.35169982910156
193.55058670043945
30.710220336914062
33.07652473449707
23.31066131591797
110.42356491088867
822.7555751800537
349.43294525146484
16.588449478149414
67.27218627929688
270.7836627960205
36.071062088012695
41.00203514099121
150.56371688842773
89.35928344726562
85.75725555419922
152.2831916809082
14.148950576782227
19.761085510253906
91.71342849731445
241.61314964294434
163.40875625610352
44.107913970947266
14.869213104248047
80.17730712890625
229.27522659301758
113.81697654724121
37.915706634521484
124.48287010192871
30.232667922973633
45.8531379699707
551.8462657928467
96.41456604003906
235.15582084655762
297.91903495788574
114.6857738494873
44.04425621032715
18.871068954467773
361.21177673339844
92.99397468566895
32.857656478881836
193.0258274078369
79.3302059173584
124.29666519165039
24.83201026916504
31.663179397583008
17.510652542114258
130.9976577758789
52.53028869628906
18.863201141357422
35.69221496582031
31.826019287109375
48.84815216064453
40.9998893737793
104.05659675598145
87.84794807434082
84.34128761291504
23.273706436157227
87.8291130065918
82.75818824768066
1108.5073947906494
100.90947151184082
154.18505668640137
193.6945915222168
25.934219360351562
208.4033489227295
18.266677856445312
163.91277313232422
14.504194259643555
86.54618263244629
24.53136444091797
53.41291427612305
84.24139022827148
60.675859451293945
173.16746711730957
256.6349506378174
69.19407844543457
16.307353973388672
84.64169502258301
214.0345573425293
208.66894721984863
57.47032165527344
100.79121589660645
211.29536628723145
32.5775146484375
84.42139625549316
20.808696746826172
95.16119956970215
113.98649215698242
79.95271682739258
42.41323471069336
166.58997535705566
41.524410247802734
169.33274269104004
81.23970031738281
66.7569637298584
62.334537506103516
29.1290283203125
54.60095405578613
12.590646743774414
18.46933364868164
105.49640655517578
1074.4941234588623
25.191783905029297
53.28655242919922
29.78968620300293
126.6634464263916
31.012773513793945
23.025989532470703
89.0951156616211
293.67613792419434
148.80776405334473
139.88018035888672
58.67123603820801
71.05755805969238
179.63409423828125
63.63630294799805
65.13357162475586
75.5457878112793
58.03275108337402
103.59454154968262
174.5920181274414
61.83791160583496
58.54511260986328
76.10964775085449
77.25906372070312
28.29456329345703
234.50732231140137
85.37077903747559
66.9260025024414
39.73698616027832
23.30636978149414
31.80694580078125
467.5939083099365
73.72570037841797
112.95723915100098
259.6859931945801
128.6461353302002
317.9185390472412
182.91521072387695
13.631343841552734
94.70033645629883
28.403520584106445
43.75815391540527
93.05930137634277
258.93616676330566
257.580041885376
372.52068519592285
97.2902774810791
361.6831302642822
23.64063262939453
90.25144577026367
338.32287788391113
262.61162757873535
86.8382453918457
90.90757369995117
83.53304862976074
47.010183334350586
34.52277183532715
71.46239280700684
103.49512100219727
81.37202262878418
124.62687492370605
97.6552963256836
32.81044960021973
66.65873527526855
24.20210838317871
154.73127365112305
167.56796836853027
36.89432144165039
18.771886825561523
505.3236484527588
33.049821853637695
51.115989685058594
239.05205726623535
323.7435817718506
44.5399284362793
373.29769134521484
23.587703704833984
92.55456924438477
104.88057136535645
83.0848217010498
23.999691009521484
97.03826904296875
122.07293510437012
343.3494567871094
38.03277015686035
33.065080642700195
30.65180778503418
77.21781730651855
20.127058029174805
120.79596519470215
151.84497833251953
18.681049346923828
229.79092597961426
365.31925201416016
19.70505714416504
98.92106056213379
49.42035675048828
69.60701942443848
17.867088317871094
70.97172737121582
106.15348815917969
64.24903869628906
99.81131553649902
361.4771366119385
160.62164306640625
23.589372634887695
75.52695274353027
61.524152755737305
144.1638469696045
179.2285442352295
204.99324798583984
47.606706619262695
624.3159770965576
491.3899898529053
189.3148422241211
69.42272186279297
166.82672500610352
28.34296226501465
407.639741897583
121.98996543884277
164.27373886108398
18.144845962524414
37.48750686645508
232.04612731933594
79.19883728027344
210.9982967376709
133.34035873413086
142.47441291809082
79.08368110656738
39.12639617919922
132.69424438476562
142.32945442199707
19.034862518310547
175.45557022094727
717.8859710693359
124.74250793457031
35.98523139953613
94.59710121154785
248.7468719482422
37.641286849975586
63.219308853149414
565.9546852111816
124.24755096435547
119.22669410705566
59.213876724243164
110.13293266296387
164.44706916809082
22.64094352722168
42.06585884094238
47.05333709716797
77.4226188659668
28.453826904296875
385.9589099884033
165.99225997924805
109.3292236328125
183.87603759765625
96.9080924987793
341.3667678833008
43.756723403930664
106.29487037658691
245.4063892364502
169.37661170959473
238.81983757019043
50.7657527923584
119.38834190368652
21.00992202758789
94.37251091003418
151.10278129577637
47.36518859863281
112.93935775756836
24.409770965576172
65.31476974487305
304.81791496276855
19.824743270874023
26.065587997436523
23.370981216430664
18.04375648498535
19.65785026550293
124.64284896850586
80.31678199768066
221.0087776184082
160.93087196350098
123.86870384216309
33.55097770690918
56.09440803527832
225.2209186553955
113.65771293640137
70.30081748962402
46.35310173034668
22.92037010192871
56.063175201416016
90.58070182800293
180.40704727172852
85.20793914794922
303.8477897644043
31.57496452331543
100.40998458862305
15.712499618530273
362.46395111083984
737.7240657806396
150.20394325256348
141.49832725524902
36.39030456542969
67.87109375
84.6242904663086
96.23479843139648
119.09174919128418
51.06401443481445
155.78317642211914
361.53340339660645
59.63468551635742
24.926185607910156
1068.500280380249
31.793594360351562
180.64618110656738
43.09368133544922
337.25428581237793
521.3091373443604
50.04167556762695
29.404401779174805
150.65264701843262
23.49090576171875
25.996923446655273
44.618844985961914
37.99724578857422
237.3185157775879
28.969526290893555
21.020174026489258
408.5350036621094
118.54362487792969
99.88999366760254
40.90309143066406
252.27761268615723
43.74980926513672
265.41686058044434
21.907806396484375
70.84774971008301
16.907930374145508
101.96304321289062
461.55333518981934
33.78582000732422
21.669864654541016
179.7487735748291
141.49856567382812
73.9288330078125
52.11639404296875
21.404504776000977
44.623613357543945
18.512725830078125
74.26643371582031
128.62277030944824
113.10410499572754
19.228219985961914
201.1091709136963
23.135662078857422
74.61428642272949
35.204410552978516
86.82370185852051
22.112369537353516
194.23985481262207
36.07368469238281
57.69228935241699
60.682058334350586
193.14098358154297
340.6333923339844
81.92276954650879
18.12744140625
52.22630500793457
23.192882537841797
82.83042907714844
90.37613868713379
28.768539428710938
48.38275909423828
159.0113639831543
253.5231113433838
31.21328353881836
70.49322128295898
336.4999294281006
170.58730125427246
358.2117557525635
438.6098384857178
40.54999351501465
58.81667137145996
34.26933288574219
39.89386558532715
43.790578842163086
45.99714279174805
23.41604232788086
105.78417778015137
58.484792709350586
160.40372848510742
20.854473114013672
74.36847686767578
43.000221252441406
410.7828140258789
270.66636085510254
64.1624927520752
194.9143409729004
78.59921455383301
33.01239013671875
122.46298789978027
101.11117362976074
210.75010299682617
35.41231155395508
254.21667098999023
205.9168815612793
233.2315444946289
115.90075492858887
15.42806625366211
208.1313133239746
81.33554458618164
18.777132034301758
96.87399864196777
52.390336990356445
48.97165298461914
143.85485649108887
52.10065841674805
15.868663787841797
21.54850959777832
363.1784915924072
60.28461456298828
13.715505599975586
31.23188018798828
51.186561584472656
29.76226806640625
237.83016204833984
19.454479217529297
270.91479301452637
44.95739936828613
626.2333393096924
179.77118492126465
44.603824615478516
35.913705825805664
16.207456588745117
22.080421447753906
21.238327026367188
173.57516288757324
22.06707000732422
25.928497314453125
165.27247428894043
32.86600112915039
15.367507934570312
276.1383056640625
109.01069641113281
53.125858306884766
48.58732223510742
134.8583698272705
43.15829277038574
242.9056167602539
29.228925704956055
84.17487144470215
42.633771896362305
47.61695861816406
173.82240295410156
372.5731372833252
176.27477645874023
17.22264289855957
194.05412673950195
26.710033416748047
60.24575233459473
61.066627502441406
44.1441535949707
45.13096809387207
295.25113105773926
22.58586883544922
61.82241439819336
77.00967788696289
108.72721672058105
193.25590133666992
167.42825508117676
349.4760990142822
103.4250259399414
39.170265197753906
330.51276206970215
42.29903221130371
155.93647956848145
1523.9872932434082
75.29115676879883
32.70912170410156
585.5088233947754
225.71372985839844
210.0682258605957
53.70497703552246
13.76962661743164
22.72200584411621
1065.425157546997
26.7336368560791
131.73866271972656
48.20513725280762
117.66219139099121
19.969463348388672
40.87328910827637
281.0215950012207
20.652294158935547
66.29085540771484
99.11441802978516
405.0326347351074
176.7110824584961
86.78030967712402
15.07568359375
22.61638641357422
26.77607536315918
13.801336288452148
134.5837116241455
13.838768005371094
72.36719131469727
66.03145599365234
294.5513725280762
53.3747673034668
50.64511299133301
40.76743125915527
47.19853401184082
108.40559005737305
50.48346519470215
200.8800506591797
277.35161781311035
75.33478736877441
307.2390556335449
51.32412910461426
309.6764087677002
297.5320816040039
16.08562469482422
81.25734329223633
25.370121002197266
105.55434226989746
395.7822322845459
216.85290336608887
109.75384712219238
21.570444107055664
93.0933952331543
113.17658424377441
64.42856788635254
320.10769844055176
103.18279266357422
69.40293312072754
130.96857070922852
112.92767524719238
88.06967735290527
110.96811294555664
172.67441749572754
86.60173416137695
43.264150619506836
35.38322448730469
168.05624961853027
32.477617263793945
51.805973052978516
92.99564361572266
224.46489334106445
99.15804862976074
73.22931289672852
37.316083908081055
258.61287117004395
85.98852157592773
195.0380802154541
111.53817176818848
73.83131980895996
20.907878875732422
168.5311794281006
40.3902530670166
22.313356399536133
399.25122261047363
43.30110549926758
237.43557929992676
52.948951721191406
53.33542823791504
51.58424377441406
80.15155792236328
28.655052185058594
34.35778617858887
23.944616317749023
1057.2235584259033
73.28557968139648
48.79474639892578
603.5439968109131
119.71139907836914
37.16611862182617
316.82825088500977
23.968935012817383
222.23734855651855
346.7378616333008
97.76782989501953
42.24586486816406
339.63465690612793
153.35655212402344
25.616884231567383
13.57412338256836
48.15077781677246
398.06151390075684
18.179893493652344
112.72835731506348
103.62720489501953
30.300617218017578
28.601884841918945
116.25409126281738
197.6945400238037
153.54347229003906
124.46904182434082
162.04476356506348
39.4287109375
75.13952255249023
67.49272346496582
250.07104873657227
289.7508144378662
23.041486740112305
323.92430305480957
43.88833045959473
22.477149963378906
47.850608825683594
233.03556442260742
289.25585746765137
53.45511436462402
50.22692680358887
259.746789932251
102.85139083862305
203.3858299255371
49.896240234375
273.49185943603516
64.53609466552734
21.363496780395508
104.71367835998535
130.662202835083
36.62395477294922
43.73025894165039
84.91253852844238
176.51939392089844
18.62788200378418
20.775794982910156
65.92178344726562
149.61528778076172
238.12270164489746
122.71380424499512
97.27001190185547
442.1088695526123
61.853647232055664
100.42905807495117
35.51030158996582
116.70613288879395
96.27318382263184
15.519142150878906
76.42745971679688
1070.4891681671143
39.20435905456543
175.02665519714355
103.10792922973633
159.86108779907227
18.774747848510742
49.642086029052734
21.834611892700195
202.21352577209473
233.40082168579102
244.54975128173828
68.8178539276123
148.70691299438477
27.450084686279297
268.6958312988281
96.76432609558105
177.43325233459473
190.59491157531738
121.3538646697998
85.78753471374512
81.97236061096191
105.2103042602539
101.82929039001465
82.84521102905273
209.0461254119873
210.47401428222656
34.25717353820801
52.30975151062012
162.19019889831543
42.502641677856445
280.8237075805664
215.15822410583496
117.96808242797852
249.85742568969727
93.15848350524902
229.31981086730957
131.86287879943848
63.9646053314209
365.9710884094238
55.108070373535156
18.280744552612305
96.07434272766113
84.31696891784668
17.4252986907959
133.44693183898926
137.09235191345215
344.0282344818115
74.73921775817871
14.307498931884766
172.2395420074463
70.69182395935059
215.56949615478516
118.63327026367188
43.659210205078125
139.13750648498535
108.13713073730469
86.41314506530762
49.428462982177734
12.119293212890625
164.1848087310791
36.03649139404297
24.219512939453125
20.160675048828125
111.30142211914062
75.46591758728027
96.65751457214355
214.5249843597412
29.01625633239746
70.50037384033203
92.63443946838379
19.37127113342285
92.74768829345703
35.981178283691406
42.74773597717285
159.07907485961914
123.14772605895996
233.21056365966797
136.1088752746582
78.14788818359375
49.49307441711426
46.52738571166992
52.29449272155762
347.47934341430664
173.0802059173584
74.14865493774414
16.74032211303711
25.630474090576172
16.167640686035156
24.072885513305664
34.34252738952637
1049.750804901123
123.08025360107422
173.32029342651367
19.129514694213867
55.44161796569824
22.539854049682617
1024.8408317565918
82.54671096801758
104.92205619812012
66.58411026000977
125.70452690124512
27.28581428527832
728.6696434020996
41.63718223571777
16.019105911254883
74.94974136352539
112.04409599304199
16.782760620117188
391.74890518188477
44.87013816833496
235.20517349243164
23.151636123657227
23.042678833007812
15.874624252319336
18.431425094604492
128.05438041687012
23.7886905670166
302.16360092163086
34.03663635253906
21.17323875427246
318.15528869628906
170.61352729797363
125.9620189666748
34.89518165588379
78.88197898864746
146.07739448547363
97.15390205383301
20.769596099853516
22.78423309326172
99.0285873413086
113.51943016052246
15.064477920532227
34.041643142700195
24.47509765625
23.093223571777344
23.743152618408203
23.029565811157227
82.43775367736816
93.95837783813477
120.26739120483398
548.0756759643555
61.571359634399414
38.339853286743164
25.981903076171875
370.97954750061035
257.62939453125
58.27450752258301
250.85997581481934
92.86117553710938
34.41047668457031
14.500141143798828
78.6890983581543
65.12141227722168
18.77903938293457
49.547433853149414
247.9991912841797
247.06196784973145
39.621829986572266
32.32097625732422
17.296791076660156
289.656400680542
107.0098876953125
50.90165138244629
401.5054702758789
138.83614540100098
29.329538345336914
350.827693939209
27.089834213256836
22.864818572998047
105.72099685668945
1088.658332824707
51.6049861907959
171.68259620666504
307.6143264770508
24.677038192749023
242.39730834960938
329.8003673553467
42.39773750305176
58.68792533874512
112.66422271728516
22.951126098632812
153.25474739074707
58.90965461730957
48.044681549072266
168.39098930358887
23.641109466552734
71.73585891723633
34.00993347167969
43.433189392089844
286.11254692077637
48.62403869628906
71.12526893615723
76.39050483703613
92.20027923583984
183.49719047546387
77.89993286132812
276.5622138977051
113.33084106445312
80.82938194274902
49.39413070678711
22.05944061279297
15.877246856689453
18.10002326965332
53.60078811645508
38.13743591308594
397.3414897918701
29.78062629699707
19.86384391784668
205.1258087158203
18.195390701293945
248.33035469055176
61.74874305725098
95.1385498046875
30.749797821044922
113.03043365478516
20.833492279052734
187.4682903289795
168.3194637298584
204.98013496398926
30.999183654785156
55.49359321594238
24.884939193725586
446.86222076416016
162.2927188873291
172.77193069458008
89.23959732055664
59.76057052612305
54.52394485473633
361.86861991882324
19.97971534729004
372.84398078918457
21.665334701538086
202.64101028442383
31.927824020385742
119.89593505859375
77.10719108581543
486.8927001953125
237.9624843597412
26.705026626586914
114.35151100158691
265.6283378601074
336.625337600708
68.69792938232422
67.22068786621094
18.800020217895508
200.84834098815918
27.298927307128906
84.07449722290039
81.59399032592773
96.7106819152832
51.57208442687988
319.0798759460449
159.57021713256836
47.208309173583984
121.1855411529541
88.20056915283203
128.09514999389648
20.6911563873291
46.5540885925293
585.7868194580078
41.52226448059082
108.19387435913086
48.86221885681152
156.99481964111328
104.17032241821289
52.26635932922363
19.665956497192383
45.99785804748535
86.72380447387695
67.32821464538574
50.73881149291992
13.908624649047852
26.70001983642578
85.18147468566895
66.2376880645752
41.68963432312012
14.196634292602539
48.34723472595215
42.3123836517334
135.9257698059082
28.739452362060547
70.38712501525879
31.422853469848633
61.9502067565918
73.90928268432617
23.073434829711914
21.59404754638672
22.874116897583008
70.79029083251953
61.45429611206055
36.529541015625
40.9395694732666
198.9448070526123
30.260086059570312
58.858633041381836
94.99502182006836
110.72945594787598
173.12002182006836
17.528295516967773
101.32265090942383
42.7708625793457
106.86182975769043
73.21548461914062
113.33107948303223
113.64936828613281
150.74610710144043
93.32156181335449
142.65179634094238
19.795656204223633
30.440092086791992
96.45628929138184
305.9086799621582
20.76578140258789
271.23570442199707
142.01760292053223
89.74027633666992
69.89312171936035
173.811674118042
52.20484733581543
20.88165283203125
42.36316680908203
50.9793758392334
112.16235160827637
174.91650581359863
63.498735427856445
61.99932098388672
56.4424991607666
38.915157318115234
177.0167350769043
410.7248783111572
24.102449417114258
185.21523475646973
104.9501895904541
124.59707260131836
76.28607749938965
19.6840763092041
163.61570358276367
261.63792610168457
85.01935005187988
87.13173866271973
51.165103912353516
93.02306175231934
1072.2877979278564
16.78633689880371
308.43067169189453
47.022104263305664
238.6801242828369
57.204484939575195
79.9412727355957
78.92584800720215
60.71734428405762
102.6458740234375
52.31022834777832
19.278526306152344
28.71108055114746
75.01554489135742
197.20172882080078
181.57124519348145
108.89935493469238
25.491952896118164
137.88199424743652
87.82768249511719
218.08409690856934
115.05889892578125
83.93144607543945
16.25514030456543
254.27532196044922
28.206825256347656
22.863388061523438
132.72643089294434
276.45087242126465
81.33053779602051
48.26235771179199
385.2577209472656
1032.9625606536865
62.406063079833984
67.53826141357422
32.40323066711426
134.83667373657227
534.0800285339355
50.727128982543945
163.95831108093262
91.79401397705078
112.00833320617676
80.54113388061523
71.89130783081055
147.60851860046387
47.69158363342285
366.76549911499023
30.76934814453125
153.5181999206543
42.2208309173584
129.93407249450684
15.888690948486328
103.51753234863281
190.6123161315918
104.39825057983398
106.43219947814941
83.03999900817871
72.91817665100098
150.9225368499756
393.9938545227051
181.29444122314453
90.65723419189453
31.828880310058594
58.98284912109375
105.24797439575195
181.8563938140869
13.557195663452148
179.96883392333984
56.53095245361328
100.91733932495117
17.19498634338379
60.66393852233887
138.05389404296875
23.996829986572266
21.515846252441406
35.43376922607422
74.46599006652832
51.13649368286133
133.8355541229248
41.793107986450195
63.85207176208496
51.007986068725586
402.06384658813477
74.51152801513672
20.31707763671875
63.7507438659668
67.87490844726562
202.15582847595215
90.14415740966797
214.3228054046631
69.22173500061035
23.248910903930664
168.10131072998047
166.62144660949707
71.76589965820312
23.83279800415039
23.886919021606445
44.33631896972656
225.84915161132812
57.25216865539551
182.7692985534668
218.82891654968262
190.7520294189453
21.23236656188965
101.58371925354004
152.97317504882812
141.89839363098145
23.100614547729492
104.80165481567383
98.02651405334473
219.0549373626709
23.613691329956055
131.75201416015625
82.15045928955078
25.988101959228516
232.9697608947754
241.19043350219727
71.25997543334961
27.379274368286133
19.253969192504883
73.26960563659668
430.3712844848633
1078.6936283111572
36.8494987487793
195.70207595825195
155.02667427062988
50.60410499572754
34.02519226074219
34.7750186920166
117.44356155395508
60.65726280212402
13.960123062133789
21.509408950805664
21.953105926513672
40.32087326049805
23.400306701660156
111.51289939880371
398.8680839538574
84.45930480957031
117.18416213989258
132.57884979248047
172.76453971862793
84.02585983276367
26.129961013793945
102.55551338195801
117.88582801818848
27.587890625
24.95408058166504
13.849973678588867
314.17226791381836
16.815185546875
40.42840003967285
21.54064178466797
145.4622745513916
96.61722183227539
105.68046569824219
112.76626586914062
15.064239501953125
102.5400161743164
125.29873847961426
82.60250091552734
131.25157356262207
97.42903709411621
79.15377616882324
240.7071590423584
179.9314022064209
543.7107086181641
18.30458641052246
33.79535675048828
122.47395515441895
26.45111083984375
144.76847648620605
64.04495239257812
90.3782844543457
278.11145782470703
90.58094024658203
107.49006271362305
123.27790260314941
1097.6438522338867
32.83381462097168
139.8458480834961
156.24356269836426
159.2881679534912
30.992507934570312
272.3276615142822
92.00263023376465
195.36352157592773
48.76708984375
193.68934631347656
21.80790901184082
154.53791618347168
96.32539749145508
17.894506454467773
172.91784286499023
70.78218460083008
35.123348236083984
52.919626235961914
26.114940643310547
21.833181381225586
37.38689422607422
106.76789283752441
28.485536575317383
169.0387725830078
110.68010330200195
298.0692386627197
92.6828384399414
307.3728084564209
46.81205749511719
276.74245834350586
81.44426345825195
130.57279586791992
386.2874507904053
25.902748107910156
342.9434299468994
24.920225143432617
32.70578384399414
112.85209655761719
49.84307289123535
30.93099594116211
42.853355407714844
62.01672554016113
77.20065116882324
121.7491626739502
38.06328773498535
37.55068778991699
204.33354377746582
38.72251510620117
87.49508857727051
114.02750015258789
171.5853214263916
74.3558406829834
31.327247619628906
42.60516166687012
155.0443172454834
132.66372680664062
182.5852394104004
176.57065391540527
74.11837577819824
23.688554763793945
18.01133155822754
138.54527473449707
33.953189849853516
133.85558128356934
61.679840087890625
71.95734977722168
37.843942642211914
116.1189079284668
36.397695541381836
383.42833518981934
183.4416389465332
214.37716484069824
184.6597194671631
81.39920234680176
108.9942455291748
637.0358467102051
29.82950210571289
129.3051242828369
156.57830238342285
151.95250511169434
22.150039672851562
40.8015251159668
114.56561088562012
116.64605140686035
71.01821899414062
22.451400756835938
14.423608779907227
188.89689445495605
252.42924690246582
146.81386947631836
85.51716804504395
31.427860260009766
301.18489265441895
38.16342353820801
53.27463150024414
83.82558822631836
79.1020393371582
80.88374137878418
148.17309379577637
26.565074920654297
36.626338958740234
127.93707847595215
56.734323501586914
77.3460865020752
153.67865562438965
64.66150283813477
19.834041595458984
63.69352340698242
269.97828483581543
116.33634567260742
382.5194835662842
199.09238815307617
28.730154037475586
1034.874439239502
69.43225860595703
31.851530075073242
13.907432556152344
26.508092880249023
49.742937088012695
30.14063835144043
15.48147201538086
23.58865737915039
232.6207160949707
55.90319633483887
134.66858863830566
317.7518844604492
177.66737937927246
250.17786026000977
91.85385704040527
80.3072452545166
58.363914489746094
24.302005767822266
29.708385467529297
62.24417686462402
132.28464126586914
105.90267181396484
199.9053955078125
17.464160919189453
160.0964069366455
50.04715919494629
232.18750953674316
68.8774585723877
165.0714874267578
18.38088035583496
278.5334587097168
25.42734146118164
15.369653701782227
65.23299217224121
19.35434341430664
179.24761772155762
67.66748428344727
318.6073303222656
30.305862426757812
294.4903373718262
69.99659538269043
63.4307861328125
22.596359252929688
191.91980361938477
100.1131534576416
139.02950286865234
215.2693271636963
77.83102989196777
49.962759017944336
559.3783855438232
56.68306350708008
1062.3798370361328
180.87410926818848
90.22164344787598
56.48350715637207
39.27326202392578
110.38637161254883
250.89764595031738
25.199174880981445
64.46623802185059
28.972148895263672
55.10544776916504
69.02122497558594
54.57115173339844
65.51551818847656
68.23611259460449
119.51184272766113
306.6749572753906
19.995927810668945
202.70180702209473
28.155803680419922
59.17692184448242
195.69134712219238
244.25077438354492
21.318435668945312
62.2251033782959
130.37919998168945
289.4632816314697
120.84174156188965
32.3786735534668
436.0175132751465
100.28529167175293
33.56599807739258
185.79506874084473
45.828819274902344
152.5564193725586
113.75069618225098
24.033308029174805
73.30560684204102
15.331506729125977
31.392574310302734
334.2561721801758
368.52455139160156
215.93236923217773
22.788524627685547
34.92259979248047
58.420419692993164
98.99449348449707
27.59695053100586
28.479576110839844
317.3813819885254
36.28683090209961
100.17275810241699
264.0118598937988
22.472381591796875
94.52223777770996
30.717134475708008
66.95437431335449
22.073984146118164
121.35744094848633
653.8701057434082
131.36529922485352
123.86107444763184
17.037630081176758
159.29007530212402
20.403623580932617
21.908044815063477
35.703420639038086
151.2303352355957
220.27206420898438
21.851301193237305
23.627042770385742
147.19724655151367
66.92671775817871
43.123722076416016
17.832040786743164
164.32785987854004
151.5030860900879
27.185678482055664
255.0809383392334
153.60498428344727
717.1599864959717
126.97720527648926
73.55594635009766
60.28342247009277
238.88325691223145
37.91999816894531
216.61901473999023
475.5218029022217
18.228530883789062
33.58912467956543
106.39762878417969
80.92308044433594
18.380165100097656
130.19251823425293
50.428152084350586
128.187894821167
79.07462120056152
194.45514678955078
431.5159320831299
57.866573333740234
112.75243759155273
54.98003959655762
428.3616542816162
200.48928260803223
103.7907600402832
154.91795539855957
15.376091003417969
347.0044136047363
115.23151397705078
122.97773361206055
15.829086303710938
29.177427291870117
174.99947547912598
370.76878547668457
71.2425708770752
676.3761043548584
390.4862403869629
43.96510124206543
119.95244026184082
107.97786712646484
152.58216857910156
13.199806213378906
14.702081680297852
219.06614303588867
17.98272132873535
324.507474899292
104.67052459716797
114.0906810760498
82.84401893615723
39.12353515625
1034.8742008209229
20.250797271728516
146.2702751159668
442.5389766693115
222.6717472076416
261.4626884460449
75.5922794342041
295.0761318206787
33.79631042480469
310.44745445251465
160.06946563720703
126.48296356201172
23.729801177978516
331.956148147583
17.021656036376953
114.87007141113281
74.48053359985352
112.78462409973145
455.98411560058594
698.1685161590576
179.68320846557617
69.27061080932617
214.0974998474121
92.47946739196777
31.07428550720215
83.95242691040039
22.68695831298828
26.981592178344727
248.25048446655273
46.85068130493164
45.78661918640137
414.56007957458496
21.699190139770508
72.7224349975586
12.596368789672852
20.748376846313477
19.77705955505371
46.196699142456055
84.70797538757324
750.4210472106934
123.7490177154541
84.19346809387207
231.19068145751953
27.220726013183594
22.378206253051758
230.90291023254395
44.96884346008301
21.093368530273438
178.50852012634277
76.86471939086914
47.18422889709473
31.197309494018555
170.24803161621094
107.19895362854004
121.82259559631348
27.737855911254883
21.663427352905273
18.078088760375977
223.48523139953613
51.58805847167969
69.54240798950195
100.9972095489502
298.234224319458
11.720418930053711
231.54568672180176
186.1572265625
25.46405792236328
149.00755882263184
202.33511924743652
230.75103759765625
291.9297218322754
104.42399978637695
65.51551818847656
104.69341278076172
14.333963394165039
350.4042625427246
63.26770782470703
99.41458702087402
19.62566375732422
216.691255569458
100.67343711853027
78.125
247.9400634765625
77.84891128540039
203.49454879760742
43.75195503234863
108.30903053283691
40.06528854370117
322.13616371154785
83.89019966125488
54.14533615112305
22.82404899597168
352.4148464202881
44.85893249511719
82.92007446289062
1023.306131362915
350.97193717956543
20.82347869873047
17.420530319213867
102.85258293151855
16.425609588623047
178.56884002685547
47.617435455322266
26.874542236328125
39.46542739868164
51.9106388092041
23.279428482055664
660.0184440612793
74.25642013549805
165.62747955322266
13.454437255859375
36.70382499694824
103.89208793640137
33.71572494506836
71.27094268798828
62.02220916748047
127.55155563354492
113.32345008850098
325.8676528930664
18.923521041870117
33.1110954284668
178.41148376464844
265.96999168395996
204.3001651763916
43.29991340637207
392.3478126525879
233.98852348327637
67.58785247802734
61.58900260925293
16.62445068359375
21.05545997619629
172.4555492401123
16.14689826965332
147.88818359375
137.4802589416504
1087.1586799621582
239.19057846069336
57.12008476257324
43.79892349243164
20.610809326171875
62.39628791809082
89.85233306884766
351.83024406433105
81.92276954650879
166.14246368408203
64.56685066223145
91.98403358459473
179.31437492370605
79.25724983215332
33.71238708496094
36.672353744506836
26.42679214477539
341.217041015625
217.05389022827148
116.96052551269531
414.3362045288086
829.3535709381104
29.4036865234375
140.12622833251953
142.73381233215332
19.214153289794922
72.13640213012695
272.8900909423828
25.442838668823242
97.58949279785156
36.565542221069336
163.2697582244873
154.0052890777588
149.16110038757324
187.50262260437012
36.48805618286133
23.741960525512695
209.61475372314453
15.271425247192383
149.16539192199707
32.59396553039551
128.29113006591797
767.7628993988037
138.6244297027588
75.41298866271973
115.53335189819336
492.7651882171631
58.75825881958008
20.833492279052734
30.248165130615234
59.66663360595703
210.55221557617188
67.3513412475586
100.55994987487793
49.01719093322754
63.596487045288086
179.27837371826172
413.26451301574707
67.32845306396484
13.762950897216797
332.75651931762695
132.0791244506836
82.75318145751953
183.27713012695312
121.11592292785645
197.13640213012695
242.16437339782715
221.09603881835938
72.05629348754883
97.82195091247559
111.59038543701172
92.15140342712402
36.216020584106445
143.12338829040527
1066.9662952423096
52.412986755371094
20.262718200683594
22.615909576416016
130.19061088562012
143.18394660949707
327.3739814758301
116.27697944641113
238.71779441833496
44.631004333496094
83.18281173706055
31.28504753112793
429.8727512359619
90.5001163482666
152.1601676940918
86.33303642272949
221.1470603942871
1053.473711013794
18.42808723449707
102.94389724731445
29.842615127563477
113.03853988647461
224.6859073638916
94.81978416442871
34.20090675354004
13.880014419555664
187.49284744262695
112.65349388122559
69.74911689758301
386.0764503479004
349.04932975769043
286.2825393676758
296.1306571960449
52.398681640625
180.42802810668945
503.8435459136963
149.43337440490723
119.23861503601074
32.753944396972656
24.629831314086914
74.21159744262695
319.9019432067871
182.69681930541992
35.894155502319336
34.926652908325195
58.94780158996582
24.48105812072754
50.88353157043457
242.82240867614746
121.48880958557129
155.05528450012207
41.66436195373535
1060.7609748840332
15.398263931274414
37.636756896972656
45.084476470947266
191.77889823913574
21.44002914428711
16.929149627685547
16.634702682495117
141.82448387145996
152.98843383789062
146.17514610290527
21.221160888671875
39.24274444580078
77.41618156433105
243.2723045349121
92.16976165771484
124.57013130187988
183.78114700317383
201.05767250061035
170.92204093933105
15.266656875610352
1069.6403980255127
391.30306243896484
48.908233642578125
53.89809608459473
214.0519618988037
64.1489028930664
136.4755630493164
114.6242618560791
34.17849540710449
40.67182540893555
22.92633056640625
22.50218391418457
46.087026596069336
35.74347496032715
184.47256088256836
74.10573959350586
345.81494331359863
382.2615146636963
71.52891159057617
182.42239952087402
41.92352294921875
38.76209259033203
184.90910530090332
377.4905204772949
290.18378257751465
329.93292808532715
1138.7991905212402
31.708478927612305
32.706260681152344
1080.7149410247803
269.3958282470703
117.05565452575684
115.73505401611328
189.41950798034668
38.77544403076172
204.559326171875
20.406246185302734
85.113525390625
88.79876136779785
141.88170433044434
382.3742866516113
241.7287826538086
16.138315200805664
89.48469161987305
90.38043022155762
19.369125366210938
110.79192161560059
46.75889015197754
47.76263236999512
47.90449142456055
62.3929500579834
145.07055282592773
22.64857292175293
21.85821533203125
35.93778610229492
35.773515701293945
16.20197296142578
29.74390983581543
66.82038307189941
54.84294891357422
25.803565979003906
19.47474479675293
98.63567352294922
19.07062530517578
171.00930213928223
39.00480270385742
309.31639671325684
71.50435447692871
18.832921981811523
55.67169189453125
1023.9996910095215
45.51243782043457
226.18770599365234
38.78307342529297
72.20816612243652
113.65485191345215
224.35998916625977
18.53036880493164
22.10092544555664
92.91553497314453
94.33364868164062
50.06051063537598
201.0643482208252
24.574995040893555
110.45360565185547
51.05948448181152
40.160179138183594
68.31860542297363
39.06822204589844
16.21103286743164
81.21562004089355
33.63609313964844
15.836954116821289
166.16415977478027
533.0638885498047
230.70073127746582
39.21008110046387
23.262739181518555
28.09309959411621
30.92050552368164
164.81542587280273
217.1950340270996
60.4705810546875
175.65059661865234
45.510292053222656
113.67058753967285
24.770498275756836
23.90265464782715
256.1774253845215
66.03026390075684
31.939029693603516
37.13488578796387
215.83175659179688
351.03774070739746
113.86442184448242
23.959636688232422
168.58792304992676
465.8482074737549
401.43513679504395
120.87035179138184
146.73352241516113
166.55349731445312
56.467533111572266
46.582698822021484
124.41492080688477
105.57007789611816
78.44972610473633
128.49831581115723
61.074018478393555
73.15897941589355
58.9601993560791
123.70967864990234
112.14947700500488
24.605274200439453
78.37080955505371
104.92110252380371
15.40374755859375
51.63908004760742
41.29385948181152
103.08527946472168
145.0645923614502
400.712251663208
58.94827842712402
75.4232406616211
72.77822494506836
24.982452392578125
256.00242614746094
68.65167617797852
320.52135467529297
119.53067779541016
69.79227066040039
714.362621307373
78.73678207397461
150.80928802490234
176.45025253295898
161.57150268554688
55.295705795288086
54.64029312133789
132.04669952392578
18.948078155517578
68.5427188873291
451.36189460754395
19.520044326782227
