5.720167160034179688e-01
6.680231094360351562e-01
3.301537036895751953e-01
2.152826309204101562e+00
4.471929073333740234e-01
3.254236698150634766e+00
6.481859683990478516e-01
1.056799650192260742e+00
2.832638978958129883e+00
5.545628070831298828e-01
6.853332519531250000e-01
1.103484392166137695e+00
3.466806411743164062e-01
1.536144733428955078e+00
4.613184928894042969e-01
4.747271537780761719e-01
1.020416259765625000e+00
1.785154581069946289e+00
1.580665111541748047e-01
5.311460494995117188e-01
4.026818275451660156e-01
6.092143058776855469e-01
4.188584089279174805e+00
4.426643848419189453e-01
3.885443210601806641e+00
8.360161781311035156e-01
5.706968307495117188e-01
2.419340133666992188e+00
1.925197362899780273e+00
1.764830827713012695e+00
3.961049795150756836e+00
1.588370084762573242e+00
7.641079425811767578e-01
2.535014390945434570e+00
7.642061710357666016e-01
3.591405391693115234e+00
4.516351222991943359e-01
6.948020458221435547e-01
4.362051486968994141e-01
4.376120567321777344e-01
2.760918617248535156e+00
2.404230117797851562e+00
1.023135662078857422e+00
4.513735771179199219e-01
2.524126291275024414e+00
4.863231182098388672e-01
9.582717418670654297e-01
6.495850086212158203e-01
1.802136182785034180e+00
4.159023761749267578e-01
8.892958164215087891e-01
6.638882160186767578e-01
2.374498844146728516e-01
2.130247354507446289e+00
2.686519622802734375e+00
7.090814113616943359e-01
1.733009338378906250e+00
2.591220140457153320e+00
1.666474819183349609e+00
3.912391901016235352e+00
3.225891590118408203e-01
1.678431987762451172e+00
3.726389408111572266e-01
2.665759325027465820e+00
3.734123706817626953e-01
2.075343132019042969e+00
1.141309738159179688e+00
1.028691530227661133e+00
3.630752563476562500e-01
3.396172523498535156e-01
6.909236907958984375e-01
1.543685913085937500e+00
2.065090417861938477e+00
1.541845083236694336e+00
1.452131986618041992e+00
6.874732971191406250e-01
4.782991409301757812e-01
8.038322925567626953e-01
2.914815664291381836e+00
2.346374511718750000e+00
6.506679058074951172e-01
5.471949577331542969e-01
8.478558063507080078e-01
4.670503139495849609e-01
4.758512973785400391e-01
3.321826457977294922e-01
3.266251087188720703e-01
5.862193107604980469e-01
1.623993396759033203e+00
2.812558650970458984e+00
1.551092147827148438e+00
9.175117015838623047e-01
1.824016571044921875e-01
2.269257068634033203e+00
5.108675956726074219e-01
4.346162319183349609e+00
1.759494543075561523e+00
3.185757875442504883e+00
5.313806533813476562e-01
7.403900623321533203e-01
2.292147397994995117e+00
8.506453037261962891e-01
2.041700839996337891e+00
3.183257341384887695e+00
8.389952182769775391e-01
1.778045177459716797e+00
5.393531322479248047e-01
2.131865024566650391e+00
4.835176467895507812e-01
2.409881830215454102e+00
1.364716291427612305e+00
2.857279539108276367e+00
5.013923645019531250e-01
1.830564975738525391e+00
7.283520698547363281e-01
7.816400527954101562e-01
1.676673173904418945e+00
4.688775539398193359e-01
1.133120775222778320e+00
6.482470035552978516e-01
9.560923576354980469e-01
9.166967868804931641e-01
1.019161701202392578e+00
2.279475450515747070e+00
2.023147821426391602e+00
2.131105661392211914e+00
2.351429462432861328e-01
7.165663242340087891e-01
7.287085056304931641e-01
8.601775169372558594e-01
4.832191467285156250e-01
3.916449546813964844e-01
2.125727891921997070e+00
2.528889179229736328e-01
7.142512798309326172e-01
6.211473941802978516e-01
6.050791740417480469e-01
3.104724645614624023e+00
2.226253032684326172e+00
4.567916393280029297e-01
7.610445022583007812e-01
6.364169120788574219e-01
2.975064516067504883e+00
5.172491073608398438e-01
5.279965400695800781e-01
7.918343544006347656e-01
7.420663833618164062e-01
1.007760286331176758e+00
9.995565414428710938e-01
7.549476623535156250e-01
1.333420038223266602e+00
6.700158119201660156e-01
2.155641555786132812e+00
3.448666095733642578e+00
6.250708103179931641e-01
6.313717365264892578e-01
2.325860023498535156e+00
1.208751201629638672e-01
4.563056707382202148e+00
1.366846561431884766e-01
6.879637241363525391e-01
7.460677623748779297e-01
5.600697994232177734e-01
7.661156654357910156e-01
2.052308320999145508e+00
6.871426105499267578e-01
6.245143413543701172e-01
2.075521469116210938e+00
4.135315418243408203e-01
1.368228435516357422e+00
7.066392898559570312e-01
4.693825244903564453e-01
5.143082141876220703e-01
1.184535026550292969e+00
1.983101606369018555e+00
2.473906278610229492e+00
3.607358932495117188e-01
3.104207515716552734e-01
6.967070102691650391e-01
7.351434230804443359e-01
1.592381477355957031e+00
1.484277725219726562e+00
7.049314975738525391e-01
7.848072052001953125e-01
6.005108356475830078e-01
1.226509094238281250e+00
5.201601982116699219e-01
5.508377552032470703e-01
4.159373283386230469e+00
4.375801086425781250e-01
3.624811887741088867e+00
4.757347106933593750e-01
1.821007251739501953e+00
2.265949726104736328e+00
2.606582641601562500e-01
1.439374685287475586e+00
7.402455806732177734e-01
2.056509733200073242e+00
2.698445320129394531e+00
1.025012731552124023e+00
