6.428701877593994141e-01
8.579633235931396484e-01
3.866372108459472656e-01
3.617799282073974609e-01
4.433388710021972656e-01
4.544651508331298828e-01
6.894464492797851562e-01
1.099080801010131836e+00
1.915724039077758789e+00
7.209374904632568359e-01
2.728083133697509766e+00
1.026838541030883789e+00
3.514394760131835938e-01
1.605242252349853516e+00
5.433976650238037109e-01
5.240061283111572266e-01
1.022127389907836914e+00
2.020315647125244141e+00
1.959383487701416016e-01
7.038478851318359375e-01
4.675240516662597656e-01
6.404597759246826172e-01
4.392874956130981445e+00
1.650781631469726562e-01
8.397207260131835938e-01
8.482151031494140625e-01
5.015771389007568359e-01
2.363421916961669922e+00
1.925269126892089844e+00
6.727643728256225586e+00
4.961023330688476562e-01
4.138109683990478516e-01
8.581027984619140625e-01
2.605067968368530273e+00
8.030533790588378906e-01
8.724067211151123047e-01
4.581031799316406250e-01
7.700450420379638672e-01
2.582788467407226562e-01
1.141992807388305664e+00
2.893176794052124023e+00
1.301349401473999023e+00
1.068425178527832031e+00
4.160001277923583984e-01
4.618639945983886719e-01
5.318408012390136719e-01
8.997931480407714844e-01
6.486256122589111328e-01
2.468800306320190430e+00
4.113552570343017578e-01
1.930678129196166992e+00
6.603925228118896484e-01
2.100608348846435547e-01
1.963507413864135742e+00
8.571400642395019531e-01
3.556244373321533203e+00
5.536975860595703125e-01
2.693603515625000000e+00
1.282132625579833984e+00
9.296615123748779297e-01
7.247464656829833984e-01
1.498190402984619141e+00
1.035914897918701172e+00
4.721901416778564453e-01
3.713359832763671875e-01
2.132348299026489258e+00
1.263644456863403320e+00
1.058679819107055664e+00
3.789472579956054688e-01
3.437945842742919922e-01
7.126295566558837891e-01
1.638883113861083984e+00
2.026586294174194336e+00
1.904335498809814453e+00
1.346405982971191406e+00
7.788763046264648438e-01
5.514624118804931641e-01
8.707928657531738281e-01
1.687976360321044922e+00
2.578402280807495117e+00
1.619043350219726562e-01
3.334515094757080078e-01
7.685103416442871094e-01
7.197244167327880859e-01
4.628050327301025391e-01
6.959831714630126953e-01
5.749046802520751953e-01
4.363014698028564453e-01
5.546488761901855469e-01
1.495432376861572266e+00
1.442303419113159180e+00
8.682444095611572266e-01
1.439650297164916992e+00
9.161276817321777344e-01
5.143926143646240234e-01
4.507410049438476562e+00
5.063637256622314453e+00
5.773153305053710938e-01
7.553737163543701172e-01
7.620284557342529297e-01
2.327189207077026367e+00
8.739957809448242188e-01
8.021016120910644531e-01
5.001020431518554688e-01
1.019658088684082031e+00
1.048860073089599609e+00
4.182965755462646484e-01
2.123822927474975586e+00
5.035932064056396484e-01
2.461604356765747070e+00
1.354567766189575195e+00
2.909726858139038086e+00
4.036953449249267578e-01
1.176349401473999023e+00
8.617506027221679688e-01
7.866714000701904297e-01
6.744287014007568359e-01
9.051029682159423828e-01
1.414485931396484375e+00
2.067154169082641602e+00
6.178917884826660156e-01
9.103493690490722656e-01
1.027800798416137695e+00
2.221799373626708984e+00
2.096830368041992188e+00
2.216005802154541016e+00
2.159938812255859375e-01
3.432836532592773438e-01
7.125620841979980469e-01
7.735655307769775391e-01
4.530196189880371094e-01
5.364549160003662109e-01
2.231258153915405273e+00
2.649567127227783203e-01
6.693203449249267578e-01
4.249863624572753906e-01
1.839909553527832031e-01
3.167581081390380859e+00
2.013238191604614258e+00
1.754913330078125000e-01
7.820913791656494141e-01
6.613156795501708984e-01
6.160485744476318359e-01
5.220913887023925781e-01
3.452374935150146484e-01
8.142001628875732422e-01
8.957483768463134766e-01
9.580950736999511719e-01
9.310035705566406250e-01
7.644584178924560547e-01
1.490296363830566406e+00
7.574746608734130859e-01
2.223017930984497070e+00
3.527951002120971680e+00
7.876579761505126953e-01
6.688082218170166016e-01
2.296505928039550781e+00
1.255748271942138672e-01
2.899801731109619141e-01
1.495687961578369141e-01
7.477967739105224609e-01
7.775251865386962891e-01
7.355723381042480469e-01
9.605526924133300781e-01
2.056315660476684570e+00
6.902461051940917969e-01
1.279286384582519531e+00
2.126589059829711914e+00
4.239635467529296875e-01
1.840633153915405273e+00
7.820467948913574219e-01
9.198002815246582031e-01
5.825335979461669922e-01
1.253505706787109375e+00
5.260554552078247070e+00
2.124206542968750000e+00
1.852648258209228516e-01
1.595406532287597656e-01
6.463165283203125000e-01
7.110679149627685547e-01
3.700976371765136719e-01
9.539322853088378906e-01
6.941988468170166016e-01
7.568395137786865234e-01
2.945782661437988281e+00
1.272709369659423828e+00
6.076719760894775391e-01
3.479182720184326172e-01
4.421207666397094727e+00
4.306521415710449219e-01
4.377756118774414062e-01
5.160424709320068359e-01
2.387403011322021484e+00
2.222880363464355469e+00
2.597670555114746094e-01
1.470164537429809570e+00
9.449200630187988281e-01
2.067384004592895508e+00
2.799665451049804688e+00
1.157636165618896484e+00
