6.936714649200439453e-01
1.103664398193359375e+00
4.121420383453369141e-01
2.864834547042846680e+00
5.286345481872558594e-01
4.211294174194335938e+00
8.082637786865234375e-01
1.422925710678100586e+00
3.869545221328735352e+00
7.099843025207519531e-01
1.129456758499145508e+00
1.422419309616088867e+00
4.149966239929199219e-01
1.543407440185546875e+00
8.911886215209960938e-01
6.852204799652099609e-01
1.178095579147338867e+00
2.305047750473022461e+00
2.012362480163574219e-01
7.814249992370605469e-01
4.699399471282958984e-01
8.824241161346435547e-01
5.059955596923828125e+00
6.034955978393554688e-01
4.793450355529785156e+00
1.291459560394287109e+00
6.389973163604736328e-01
3.105366945266723633e+00
2.202533960342407227e+00
2.265310525894165039e+00
4.966872215270996094e+00
3.109824180603027344e+00
9.594035148620605469e-01
3.452862739562988281e+00
8.823463916778564453e-01
4.180350065231323242e+00
5.651159286499023438e-01
1.051754474639892578e+00
8.132271766662597656e-01
4.975259304046630859e-01
3.347645044326782227e+00
3.270928144454956055e+00
1.227592468261718750e+00
5.473270416259765625e-01
2.917586565017700195e+00
7.335517406463623047e-01
1.073002338409423828e+00
8.942058086395263672e-01
2.333604574203491211e+00
5.052819252014160156e-01
1.038189172744750977e+00
7.745580673217773438e-01
3.719835281372070312e-01
2.615375757217407227e+00
3.104455232620239258e+00
9.763045310974121094e-01
2.209951877593994141e+00
3.079838991165161133e+00
2.007461786270141602e+00
4.691138744354248047e+00
6.256206035614013672e-01
2.039742708206176758e+00
4.426066875457763672e-01
3.278466939926147461e+00
6.371612548828125000e-01
2.851041078567504883e+00
1.332995414733886719e+00
1.041091680526733398e+00
4.661648273468017578e-01
4.094793796539306641e-01
9.085810184478759766e-01
1.916200160980224609e+00
2.717761516571044922e+00
1.676280260086059570e+00
1.660215854644775391e+00
8.710112571716308594e-01
9.055891036987304688e-01
8.646469116210937500e-01
3.732616901397705078e+00
2.938726186752319336e+00
8.153934478759765625e-01
1.150603532791137695e+00
1.012154579162597656e+00
4.945502281188964844e-01
5.477130413055419922e-01
4.053075313568115234e-01
5.174534320831298828e-01
7.262852191925048828e-01
2.084203720092773438e+00
3.338223218917846680e+00
1.797682285308837891e+00
1.062558889389038086e+00
2.192716598510742188e-01
2.613313674926757812e+00
6.930735111236572266e-01
4.639374971389770508e+00
2.058827161788940430e+00
3.370373725891113281e+00
6.081564426422119141e-01
9.643883705139160156e-01
2.878537178039550781e+00
1.053709506988525391e+00
2.204507350921630859e+00
3.714746475219726562e+00
8.786182403564453125e-01
2.327320098876953125e+00
6.600198745727539062e-01
2.536975622177124023e+00
6.100118160247802734e-01
2.791200637817382812e+00
1.503037691116333008e+00
3.601342439651489258e+00
5.656960010528564453e-01
2.165152549743652344e+00
7.273740768432617188e-01
1.370743751525878906e+00
2.005303621292114258e+00
4.872894287109375000e-01
1.896443128585815430e+00
8.136980533599853516e-01
1.103207111358642578e+00
1.181555032730102539e+00
1.200000524520874023e+00
2.928395271301269531e+00
2.674939155578613281e+00
2.376656055450439453e+00
2.817556858062744141e-01
8.233094215393066406e-01
8.808374404907226562e-01
1.007437467575073242e+00
5.162773132324218750e-01
5.756034851074218750e-01
2.394428253173828125e+00
3.077774047851562500e-01
7.655928134918212891e-01
6.440875530242919922e-01
7.365159988403320312e-01
3.569574117660522461e+00
2.462982654571533203e+00
5.408389568328857422e-01
9.580483436584472656e-01
7.719864845275878906e-01
3.203757047653198242e+00
1.064622640609741211e+00
7.481856346130371094e-01
1.046197891235351562e+00
8.667309284210205078e-01
1.167840480804443359e+00
1.086329221725463867e+00
1.037566423416137695e+00
1.626416683197021484e+00
8.746609687805175781e-01
2.645513772964477539e+00
4.136328220367431641e+00
6.903808116912841797e-01
6.527376174926757812e-01
3.098245620727539062e+00
1.364326477050781250e-01
5.252765178680419922e+00
1.603088378906250000e-01
8.715126514434814453e-01
1.021382093429565430e+00
6.923387050628662109e-01
8.862605094909667969e-01
2.334967613220214844e+00
8.020043373107910156e-01
7.428038120269775391e-01
2.338422298431396484e+00
5.108006000518798828e-01
1.540839433670043945e+00
8.435671329498291016e-01
5.250937938690185547e-01
5.885503292083740234e-01
1.481369256973266602e+00
2.402929306030273438e+00
2.867003440856933594e+00
5.076873302459716797e-01
3.879768848419189453e-01
7.803575992584228516e-01
9.798214435577392578e-01
1.863223075866699219e+00
1.745227098464965820e+00
9.785718917846679688e-01
9.041001796722412109e-01
7.101237773895263672e-01
1.329924106597900391e+00
6.161718368530273438e-01
5.691623687744140625e-01
4.256436824798583984e+00
6.504075527191162109e-01
4.141096115112304688e+00
6.624336242675781250e-01
2.078818559646606445e+00
2.632241487503051758e+00
3.133189678192138672e-01
1.433373451232910156e+00
8.300852775573730469e-01
2.355098724365234375e+00
3.041114330291748047e+00
1.344403982162475586e+00
