5.820629596710205078e-01
7.395818233489990234e-01
3.364257812500000000e-01
2.152503728866577148e+00
4.301278591156005859e-01
3.378558158874511719e+00
7.238419055938720703e-01
1.084077835083007812e+00
2.982917070388793945e+00
6.168057918548583984e-01
7.229108810424804688e-01
1.073215484619140625e+00
3.700451850891113281e-01
1.582339763641357422e+00
5.114703178405761719e-01
5.254817008972167969e-01
1.004501581192016602e+00
1.927635908126831055e+00
1.902391910552978516e-01
6.205787658691406250e-01
4.811432361602783203e-01
6.203923225402832031e-01
4.201291322708129883e+00
4.523243904113769531e-01
3.834759950637817383e+00
8.862657546997070312e-01
5.367636680603027344e-01
2.357812166213989258e+00
1.969165086746215820e+00
1.828482627868652344e+00
4.107184410095214844e+00
1.626689195632934570e+00
8.124387264251708984e-01
2.601141214370727539e+00
7.550957202911376953e-01
3.689778566360473633e+00
4.625711441040039062e-01
7.714865207672119141e-01
4.761981964111328125e-01
4.677388668060302734e-01
2.856632947921752930e+00
2.543147563934326172e+00
1.072965383529663086e+00
4.481587409973144531e-01
2.487346649169921875e+00
5.345988273620605469e-01
9.817302227020263672e-01
7.426559925079345703e-01
1.817514896392822266e+00
4.211032390594482422e-01
9.250752925872802734e-01
6.639938354492187500e-01
2.351698875427246094e-01
2.110820055007934570e+00
2.704626560211181641e+00
7.041637897491455078e-01
1.722082853317260742e+00
2.696867227554321289e+00
1.703669071197509766e+00
3.962227344512939453e+00
3.524036407470703125e-01
1.724267244338989258e+00
3.926227092742919922e-01
2.731437206268310547e+00
4.010894298553466797e-01
2.077509403228759766e+00
1.052583217620849609e+00
1.060955524444580078e+00
3.524158000946044922e-01
3.133611679077148438e-01
6.829063892364501953e-01
1.452183723449707031e+00
2.032922267913818359e+00
1.546923875808715820e+00
1.472017049789428711e+00
7.544302940368652344e-01
5.202705860137939453e-01
8.435013294219970703e-01
2.923804759979248047e+00
2.461150169372558594e+00
7.017054557800292969e-01
5.592610836029052734e-01
8.305957317352294922e-01
4.765291213989257812e-01
4.531610012054443359e-01
3.066692352294921875e-01
3.818218708038330078e-01
6.433763504028320312e-01
1.624050378799438477e+00
2.792586803436279297e+00
1.548383474349975586e+00
9.095408916473388672e-01
1.765441894531250000e-01
2.272468090057373047e+00
4.975278377532958984e-01
4.350609540939331055e+00
1.731013774871826172e+00
3.208900213241577148e+00
5.473055839538574219e-01
7.386028766632080078e-01
2.301786422729492188e+00
8.000273704528808594e-01
2.021259307861328125e+00
3.144788742065429688e+00
8.600525856018066406e-01
1.880915164947509766e+00
5.543694496154785156e-01
2.202657699584960938e+00
5.216770172119140625e-01
2.415688991546630859e+00
1.348220348358154297e+00
2.730128288269042969e+00
4.835863113403320312e-01
1.789449691772460938e+00
7.144083976745605469e-01
8.092329502105712891e-01
1.601543664932250977e+00
4.801235198974609375e-01
1.188059091567993164e+00
6.691565513610839844e-01
9.579069614410400391e-01
9.255425930023193359e-01
1.039536714553833008e+00
2.301544666290283203e+00
2.135513305664062500e+00
2.066157341003417969e+00
2.229127883911132812e-01
7.064211368560791016e-01
7.215464115142822266e-01
7.423501014709472656e-01
4.723803997039794922e-01
4.406778812408447266e-01
2.112151861190795898e+00
2.654161453247070312e-01
7.241723537445068359e-01
6.033527851104736328e-01
6.017045974731445312e-01
3.124237537384033203e+00
2.262639045715332031e+00
4.123659133911132812e-01
7.698254585266113281e-01
5.776791572570800781e-01
2.822816848754882812e+00
4.998595714569091797e-01
5.062217712402343750e-01
7.549729347229003906e-01
6.998627185821533203e-01
1.015744447708129883e+00
1.023318290710449219e+00
8.205108642578125000e-01
1.456438302993774414e+00
6.657137870788574219e-01
2.027914047241210938e+00
3.429467678070068359e+00
6.155126094818115234e-01
5.022208690643310547e-01
2.422952890396118164e+00
1.099917888641357422e-01
4.510754585266113281e+00
1.383733749389648438e-01
6.909048557281494141e-01
6.840817928314208984e-01
5.625665187835693359e-01
7.563686370849609375e-01
2.010416984558105469e+00
6.861698627471923828e-01
5.739409923553466797e-01
2.018128156661987305e+00
3.810377120971679688e-01
1.303664684295654297e+00
6.398589611053466797e-01
4.357953071594238281e-01
4.827094078063964844e-01
1.147267341613769531e+00
1.916571617126464844e+00
2.362714052200317383e+00
3.470757007598876953e-01
2.979061603546142578e-01
6.498007774353027344e-01
7.406587600708007812e-01
1.618450641632080078e+00
1.512830257415771484e+00
6.554944515228271484e-01
6.933693885803222656e-01
5.397660732269287109e-01
1.218006134033203125e+00
4.842679500579833984e-01
5.211343765258789062e-01
4.024533987045288086e+00
3.922724723815917969e-01
3.528178453445434570e+00
5.560178756713867188e-01
1.718385219573974609e+00
2.113714218139648438e+00
2.711791992187500000e-01
1.415484666824340820e+00
7.374014854431152344e-01
1.980764865875244141e+00
2.642681121826171875e+00
1.111624956130981445e+00
