7.425518035888671875e-01
8.892748355865478516e-01
4.327328205108642578e-01
2.517766475677490234e+00
5.533628463745117188e-01
3.751346349716186523e+00
8.098030090332031250e-01
1.237655162811279297e+00
3.481193304061889648e+00
6.976001262664794922e-01
7.427239418029785156e-01
1.181666851043701172e+00
4.083173274993896484e-01
1.754666566848754883e+00
5.487082004547119141e-01
5.888359546661376953e-01
1.126860857009887695e+00
2.254889011383056641e+00
2.037835121154785156e-01
7.363605499267578125e-01
4.901199340820312500e-01
7.029163837432861328e-01
4.838485002517700195e+00
5.600075721740722656e-01
4.155854225158691406e+00
9.704487323760986328e-01
6.940386295318603516e-01
2.698270797729492188e+00
2.119872570037841797e+00
2.005256414413452148e+00
4.629828691482543945e+00
1.835094213485717773e+00
9.239609241485595703e-01
2.971149921417236328e+00
9.047980308532714844e-01
4.042198657989501953e+00
5.819149017333984375e-01
9.149467945098876953e-01
5.826098918914794922e-01
5.264632701873779297e-01
3.221686840057373047e+00
2.920375347137451172e+00
1.197808980941772461e+00
5.151536464691162109e-01
2.766443729400634766e+00
6.477475166320800781e-01
1.130505323410034180e+00
8.173050880432128906e-01
1.914005994796752930e+00
4.597766399383544922e-01
1.073081970214843750e+00
7.781720161437988281e-01
2.853951454162597656e-01
2.496424674987792969e+00
3.072679042816162109e+00
8.831160068511962891e-01
2.062264204025268555e+00
3.005419015884399414e+00
1.987962245941162109e+00
4.681739091873168945e+00
4.473156929016113281e-01
1.986993312835693359e+00
4.591298103332519531e-01
3.036786079406738281e+00
4.539382457733154297e-01
2.502200603485107422e+00
1.457587003707885742e+00
1.266063928604125977e+00
4.469640254974365234e-01
3.968293666839599609e-01
9.715938568115234375e-01
1.736540555953979492e+00
2.456755399703979492e+00
1.804940462112426758e+00
1.616285324096679688e+00
8.635241985321044922e-01
6.360311508178710938e-01
9.106686115264892578e-01
3.285792589187622070e+00
2.902629137039184570e+00
7.594139575958251953e-01
6.044373512268066406e-01
1.003869295120239258e+00
4.963049888610839844e-01
5.256037712097167969e-01
4.338865280151367188e-01
4.038341045379638672e-01
6.630215644836425781e-01
1.937875270843505859e+00
3.118755578994750977e+00
1.842107295989990234e+00
1.095759868621826172e+00
1.853456497192382812e-01
2.373058557510375977e+00
5.943601131439208984e-01
4.796327590942382812e+00
1.988073348999023438e+00
3.525158882141113281e+00
6.382665634155273438e-01
8.403279781341552734e-01
2.728191375732421875e+00
9.990975856781005859e-01
2.061051130294799805e+00
3.613925218582153320e+00
8.863015174865722656e-01
2.076458454132080078e+00
6.419837474822998047e-01
2.452900409698486328e+00
6.184587478637695312e-01
2.737681150436401367e+00
1.590487003326416016e+00
3.138616323471069336e+00
5.732812881469726562e-01
2.054696798324584961e+00
7.966415882110595703e-01
8.832681179046630859e-01
1.957890510559082031e+00
5.879585742950439453e-01
1.348793029785156250e+00
7.833120822906494141e-01
1.122992038726806641e+00
1.087290525436401367e+00
1.161264419555664062e+00
2.527741670608520508e+00
2.191106557846069336e+00
2.482821464538574219e+00
2.929649353027343750e-01
7.746572494506835938e-01
9.260711669921875000e-01
8.479666709899902344e-01
5.373427867889404297e-01
4.325840473175048828e-01
2.388922929763793945e+00
3.000967502593994141e-01
9.424335956573486328e-01
7.178175449371337891e-01
7.351183891296386719e-01
3.524743795394897461e+00
2.505407333374023438e+00
5.680027008056640625e-01
9.156572818756103516e-01
7.351415157318115234e-01
3.245913028717041016e+00
5.814342498779296875e-01
7.159931659698486328e-01
9.797041416168212891e-01
8.374898433685302734e-01
1.167148113250732422e+00
1.014460563659667969e+00
9.828405380249023438e-01
1.540556192398071289e+00
9.193766117095947266e-01
2.301299333572387695e+00
3.997880935668945312e+00
6.623909473419189453e-01
5.852079391479492188e-01
2.797276496887207031e+00
1.503353118896484375e-01
5.025296211242675781e+00
1.732640266418457031e-01
8.962602615356445312e-01
8.549530506134033203e-01
6.442015171051025391e-01
8.289601802825927734e-01
2.366858005523681641e+00
7.580106258392333984e-01
6.576807498931884766e-01
2.395927190780639648e+00
6.373643875122070312e-01
1.611546039581298828e+00
9.118411540985107422e-01
5.121004581451416016e-01
7.104649543762207031e-01
1.450045824050903320e+00
2.336601018905639648e+00
2.826032638549804688e+00
4.803524017333984375e-01
3.570163249969482422e-01
7.105884552001953125e-01
8.256428241729736328e-01
2.070302724838256836e+00
2.056084156036376953e+00
8.317203521728515625e-01
9.427134990692138672e-01
6.562097072601318359e-01
1.517408609390258789e+00
6.639549732208251953e-01
6.890296936035156250e-01
4.824988603591918945e+00
5.140695571899414062e-01
4.582199096679687500e+00
5.989174842834472656e-01
2.304968118667602539e+00
2.886800289154052734e+00
3.719785213470458984e-01
1.749444723129272461e+00
9.814219474792480469e-01
2.678329706192016602e+00
3.484601736068725586e+00
1.371624231338500977e+00
