1.828482151031494141e+00
7.581839561462402344e-01
3.667426109313964844e-01
3.770489692687988281e-01
4.146735668182373047e-01
4.471352100372314453e-01
6.836338043212890625e-01
6.133136749267578125e-01
2.920480966567993164e+00
6.732587814331054688e-01
2.779302358627319336e+00
9.346044063568115234e-01
3.417546749114990234e-01
1.600464820861816406e+00
5.058817863464355469e-01
4.385492801666259766e-01
1.108637809753417969e+00
8.460743427276611328e-01
1.886842250823974609e-01
6.127758026123046875e-01
4.204113483428955078e-01
6.183211803436279297e-01
4.385731935501098633e+00
5.111236572265625000e-01
8.276798725128173828e-01
8.153212070465087891e-01
5.288388729095458984e-01
2.421933412551879883e+00
1.934388875961303711e+00
6.622668504714965820e+00
4.622602462768554688e-01
3.923251628875732422e-01
8.354909420013427734e-01
1.797826051712036133e+00
7.992198467254638672e-01
8.722717761993408203e-01
4.817774295806884766e-01
8.104741573333740234e-01
2.771019935607910156e-01
7.053124904632568359e-01
2.893515586853027344e+00
1.417639970779418945e+00
1.098106861114501953e+00
4.402720928192138672e-01
4.623193740844726562e-01
5.404577255249023438e-01
3.423106670379638672e-01
4.430811166763305664e+00
2.502375602722167969e+00
4.323472976684570312e-01
9.210307598114013672e-01
6.782238483428955078e-01
2.316563129425048828e-01
1.116150856018066406e+00
8.952515125274658203e-01
3.445927381515502930e+00
5.330247879028320312e-01
2.432897329330444336e+00
1.147323846817016602e+00
8.849139213562011719e-01
6.573591232299804688e-01
1.126047134399414062e+00
9.059476852416992188e-01
4.151835441589355469e-01
3.413867950439453125e-01
8.444848060607910156e-01
1.112029552459716797e+00
1.002368688583374023e+00
3.835177421569824219e-01
3.096547126770019531e-01
6.914277076721191406e-01
1.387077808380126953e+00
9.093136787414550781e-01
1.587705373764038086e+00
1.389204740524291992e+00
3.376443624496459961e+00
5.064404010772705078e-01
7.775361537933349609e-01
2.732592344284057617e+00
1.360577821731567383e+00
1.372144222259521484e-01
3.733959197998046875e-01
6.518345117568969727e+00
6.874423027038574219e-01
4.639203548431396484e-01
7.868268489837646484e-01
6.619577407836914062e-01
4.977641105651855469e-01
5.633177757263183594e-01
2.837292909622192383e+00
1.642703533172607422e+00
5.105865001678466797e-01
1.428815364837646484e+00
9.011936187744140625e-01
5.189580917358398438e-01
4.120198249816894531e+00
5.191252708435058594e+00
5.753176212310791016e-01
4.738476276397705078e-01
7.100696563720703125e-01
2.395421266555786133e+00
4.390977144241333008e+00
8.637731075286865234e-01
5.422625541687011719e-01
7.655096054077148438e-01
9.268383979797363281e-01
5.161025524139404297e-01
9.678690433502197266e-01
4.870171546936035156e-01
6.720876693725585938e-01
2.272367477416992188e+00
1.579177618026733398e+00
3.593723773956298828e-01
8.921239376068115234e-01
6.610784530639648438e-01
7.574670314788818359e-01
5.073268413543701172e-01
8.334066867828369141e-01
1.186909198760986328e+00
6.207754611968994141e-01
6.643140316009521484e-01
9.507718086242675781e-01
9.929635524749755859e-01
1.109020709991455078e+00
8.714063167572021484e-01
1.047106266021728516e+00
2.262575626373291016e-01
3.632180690765380859e-01
7.238960266113281250e-01
7.909476757049560547e-01
4.149341583251953125e-01
4.242062568664550781e-01
2.201524496078491211e+00
2.573208808898925781e-01
7.210001945495605469e-01
4.402558803558349609e-01
2.203538417816162109e-01
3.278316974639892578e+00
1.168741464614868164e+00
1.850011348724365234e-01
8.070063591003417969e-01
6.593804359436035156e-01
7.705481052398681641e-01
6.658807516098022461e+00
3.895909786224365234e-01
8.372597694396972656e-01
9.155938625335693359e-01
1.014755964279174805e+00
1.021957397460937500e+00
8.540377616882324219e-01
1.043822050094604492e+00
7.582755088806152344e-01
1.067513465881347656e+00
3.383834838867187500e+00
5.843267440795898438e-01
5.460131168365478516e-01
1.472153425216674805e+00
1.866457462310791016e-01
3.262331485748291016e-01
1.706883907318115234e-01
8.071234226226806641e-01
7.539739608764648438e-01
5.668544769287109375e-01
7.811098098754882812e-01
1.033413171768188477e+00
7.528064250946044922e-01
9.537069797515869141e-01
9.218432903289794922e-01
4.122819900512695312e-01
1.379743337631225586e+00
7.264192104339599609e-01
6.454870700836181641e-01
5.801620483398437500e-01
1.251959562301635742e+00
5.183203458786010742e+00
2.060627698898315430e+00
1.923274993896484375e-01
1.657509803771972656e-01
5.514472961425781250e+00
8.974838256835937500e-01
3.494729995727539062e-01
9.623656272888183594e-01
7.031083106994628906e-01
7.958133220672607422e-01
1.371425867080688477e+00
1.314936399459838867e+00
5.692160129547119141e-01
3.196918964385986328e-01
3.837311744689941406e+00
4.096302986145019531e-01
4.146518707275390625e-01
3.265956163406372070e+00
2.429999113082885742e+00
1.122511148452758789e+00
2.220461368560791016e-01
7.403912544250488281e-01
8.768906593322753906e-01
8.365466594696044922e-01
2.556687593460083008e+00
1.140524387359619141e+00
