7.563104629516601562e-01
1.000082015991210938e+00
4.559044837951660156e-01
2.530037164688110352e+00
5.695967674255371094e-01
3.711966037750244141e+00
8.515636920928955078e-01
1.270338296890258789e+00
3.377620458602905273e+00
6.899685859680175781e-01
9.278404712677001953e-01
1.271810770034790039e+00
4.877724647521972656e-01
1.748195409774780273e+00
5.844161510467529297e-01
5.830581188201904297e-01
1.069973945617675781e+00
2.253810882568359375e+00
2.323763370513916016e-01
6.677601337432861328e-01
5.123884677886962891e-01
7.301928997039794922e-01
4.831040143966674805e+00
5.348842144012451172e-01
4.450975894927978516e+00
1.042686223983764648e+00
7.180929183959960938e-01
2.776100873947143555e+00
2.139780282974243164e+00
2.202374696731567383e+00
4.675056934356689453e+00
1.895934820175170898e+00
9.378271102905273438e-01
3.112009763717651367e+00
9.030930995941162109e-01
3.840916633605957031e+00
5.640661716461181641e-01
8.513281345367431641e-01
5.770807266235351562e-01
5.279870033264160156e-01
3.255735397338867188e+00
3.083609580993652344e+00
1.194593906402587891e+00
5.301885604858398438e-01
2.838110685348510742e+00
5.958697795867919922e-01
1.167528152465820312e+00
8.202867507934570312e-01
2.016046047210693359e+00
5.072083473205566406e-01
1.043594598770141602e+00
7.634587287902832031e-01
2.572503089904785156e-01
2.486021757125854492e+00
3.211778163909912109e+00
8.400862216949462891e-01
2.044814586639404297e+00
3.100079298019409180e+00
1.977539777755737305e+00
4.788325309753417969e+00
4.017333984375000000e-01
2.040690183639526367e+00
4.204940795898437500e-01
3.291143894195556641e+00
4.530158042907714844e-01
2.407247066497802734e+00
1.286516666412353516e+00
1.184282541275024414e+00
4.348361492156982422e-01
3.809034824371337891e-01
8.315947055816650391e-01
1.779596328735351562e+00
2.407836914062500000e+00
1.846056222915649414e+00
1.598639249801635742e+00
9.256258010864257812e-01
6.652672290802001953e-01
9.404160976409912109e-01
3.592375993728637695e+00
2.857852458953857422e+00
7.536346912384033203e-01
6.413626670837402344e-01
9.171512126922607422e-01
5.000970363616943359e-01
5.426762104034423828e-01
3.736832141876220703e-01
4.033820629119873047e-01
7.409431934356689453e-01
2.026382446289062500e+00
3.504387140274047852e+00
1.814024448394775391e+00
1.071180343627929688e+00
2.451734542846679688e-01
2.515888452529907227e+00
5.950496196746826172e-01
4.791043758392333984e+00
2.046852827072143555e+00
3.361281633377075195e+00
5.947577953338623047e-01
8.677065372467041016e-01
2.839902639389038086e+00
9.230802059173583984e-01
2.053550958633422852e+00
3.742390632629394531e+00
8.820044994354248047e-01
2.299736738204956055e+00
6.166205406188964844e-01
2.569199085235595703e+00
6.198031902313232422e-01
2.656091213226318359e+00
1.569344758987426758e+00
3.174866676330566406e+00
5.154759883880615234e-01
2.037482738494873047e+00
7.279882431030273438e-01
9.104182720184326172e-01
1.811786890029907227e+00
5.325539112091064453e-01
1.385328769683837891e+00
6.754298210144042969e-01
1.086016416549682617e+00
1.049726724624633789e+00
1.114456892013549805e+00
2.646680831909179688e+00
2.127617359161376953e+00
2.464504241943359375e+00
2.566649913787841797e-01
8.084452152252197266e-01
7.452442646026611328e-01
8.765676021575927734e-01
5.124514102935791016e-01
5.143239498138427734e-01
2.440725088119506836e+00
2.955379486083984375e-01
7.634420394897460938e-01
6.547746658325195312e-01
6.462202072143554688e-01
3.587333917617797852e+00
2.477794170379638672e+00
4.947588443756103516e-01
7.734367847442626953e-01
6.908752918243408203e-01
3.228960275650024414e+00
5.582475662231445312e-01
6.448593139648437500e-01
9.053547382354736328e-01
8.226268291473388672e-01
1.041321516036987305e+00
1.062435865402221680e+00
9.116914272308349609e-01
1.577858209609985352e+00
8.099436759948730469e-01
2.394454717636108398e+00
4.102737665176391602e+00
6.533448696136474609e-01
6.059255599975585938e-01
2.721201658248901367e+00
1.402397155761718750e-01
5.163324832916259766e+00
1.577603816986083984e-01
7.602572441101074219e-01
8.913152217864990234e-01
5.765719413757324219e-01
8.607084751129150391e-01
2.331038236618041992e+00
7.329246997833251953e-01
7.244751453399658203e-01
2.299449205398559570e+00
4.700720310211181641e-01
1.362113237380981445e+00
7.359826564788818359e-01
5.137948989868164062e-01
6.200175285339355469e-01
1.403225421905517578e+00
2.172493457794189453e+00
2.865568637847900391e+00
3.711349964141845703e-01
3.567821979522705078e-01
6.720638275146484375e-01
8.356688022613525391e-01
1.771885156631469727e+00
1.695378303527832031e+00
7.375137805938720703e-01
8.428800106048583984e-01
6.003122329711914062e-01
1.447842359542846680e+00
5.843362808227539062e-01
6.261498928070068359e-01
4.578515052795410156e+00
5.068407058715820312e-01
4.043648481369018555e+00
5.059907436370849609e-01
1.913979291915893555e+00
2.455734252929687500e+00
3.169867992401123047e-01
1.567516565322875977e+00
7.541587352752685547e-01
2.296678066253662109e+00
2.965329885482788086e+00
1.292007207870483398e+00
