4.576807022094726562e-01
2.896797180175781250e+00
5.104046821594238281e+00
2.126515865325927734e+00
3.138861179351806641e+00
3.676769733428955078e-01
2.496109724044799805e+00
8.060774803161621094e-01
2.059966564178466797e+00
1.499336004257202148e+00
4.809510707855224609e-01
2.471139430999755859e-01
2.103365325927734375e+01
3.762412309646606445e+00
3.583555459976196289e+00
1.330828666687011719e+00
2.337785005569458008e+00
7.418475151062011719e-01
2.866579771041870117e+00
2.247882604598999023e+00
4.619499683380126953e+00
2.587432861328125000e-01
8.029739856719970703e-01
5.333872079849243164e+00
1.414383411407470703e+00
2.986445426940917969e+00
3.057000875473022461e+00
3.641174077987670898e+00
6.531391143798828125e-01
3.155384778976440430e+00
5.058100700378417969e+00
6.175721406936645508e+00
1.890470218658447266e+01
3.137757778167724609e-01
5.831947326660156250e-01
4.344582557678222656e-01
1.771497249603271484e+00
2.415874481201171875e+00
2.510697841644287109e-01
1.113623142242431641e+00
3.334522247314453125e-01
6.325028896331787109e+00
2.515657186508178711e+00
1.310541391372680664e+00
3.270626068115234375e-01
1.344555616378784180e+00
1.174298524856567383e+00
1.090900659561157227e+00
1.357579708099365234e+00
2.944202423095703125e-01
2.534320354461669922e-01
1.229731798171997070e+00
9.684759855270385742e+00
5.920314788818359375e-01
2.194015026092529297e+00
2.101106166839599609e+00
4.239359855651855469e+00
1.313659906387329102e+00
2.738866090774536133e+00
1.856746935844421387e+01
1.475160121917724609e+00
1.708621740341186523e+00
9.367566108703613281e-01
9.165895700454711914e+00
5.652644395828247070e+00
1.004077434539794922e+00
3.003339767456054688e+00
4.851186275482177734e+00
1.037087917327880859e+00
5.724644660949707031e+00
2.702130794525146484e+00
1.157631158828735352e+00
2.334758520126342773e+00
2.694682836532592773e+00
1.210566759109497070e+00
2.774919986724853516e+00
1.554651021957397461e+00
6.744034290313720703e-01
5.772884368896484375e+00
3.365822315216064453e+00
9.498708248138427734e-01
1.357281208038330078e+00
9.876286983489990234e-01
4.662205934524536133e+00
1.635771751403808594e+00
5.974368095397949219e+00
5.061985492706298828e+00
1.845844507217407227e+00
1.088209152221679688e+00
1.920814752578735352e+00
3.802323341369628906e+00
1.849840164184570312e+00
3.268811702728271484e-01
2.136926794052124023e+01
4.416677474975585938e+00
3.060209035873413086e+00
3.388578891754150391e-01
3.231906890869140625e-01
2.222456455230712891e+00
4.984082698822021484e+00
3.170425891876220703e-01
6.013100147247314453e+00
2.764409542083740234e+00
9.260466098785400391e-01
8.434967994689941406e-01
7.229287624359130859e-01
2.626417875289916992e+00
5.302058696746826172e+00
2.920453310012817383e+00
4.569693565368652344e+00
2.021559715270996094e+00
1.112760066986083984e+00
5.725064516067504883e+00
2.278053045272827148e+00
4.986335754394531250e+00
3.960496664047241211e+00
7.623141288757324219e+00
1.147859859466552734e+01
4.546317577362060547e+00
9.052200317382812500e-01
3.279321908950805664e+00
9.232401132583618164e+00
4.030177593231201172e-01
2.255107283592224121e+01
1.465230464935302734e+00
1.858736753463745117e+00
2.981062173843383789e+00
5.734448432922363281e-01
3.072828531265258789e+00
4.132275581359863281e-01
2.466835498809814453e+00
2.292711257934570312e+00
1.357943773269653320e+00
2.457751035690307617e+00
3.383620738983154297e+00
2.395700693130493164e+00
4.798460006713867188e-01
5.327854156494140625e-01
3.879317045211791992e+00
1.197083234786987305e+00
1.208485841751098633e+00
8.687705993652343750e-01
4.110724925994873047e-01
1.355289936065673828e+00
1.024361133575439453e+00
2.446406364440917969e+00
9.549835443496704102e+00
1.232603073120117188e+00
2.478323698043823242e+00
4.708106994628906250e+00
9.366815090179443359e-01
9.311630725860595703e-01
1.082201719284057617e+00
6.114068269729614258e+00
1.206837177276611328e+00
1.516683578491210938e+00
2.526789188385009766e+00
4.419402122497558594e+00
5.161675214767456055e+00
4.932823181152343750e-01
5.810350179672241211e+00
2.643356561660766602e+00
4.988963842391967773e+00
1.374080896377563477e+00
4.315384864807128906e+00
9.110599756240844727e+00
9.113638401031494141e-01
5.707328319549560547e-01
4.486175537109375000e+00
1.362361669540405273e+00
2.720203876495361328e+00
2.009470462799072266e-01
2.447476863861083984e+00
3.347530364990234375e-01
4.805465936660766602e+00
9.958293437957763672e-01
8.605706691741943359e-01
2.470867633819580078e-01
6.370761394500732422e-01
1.193959474563598633e+00
5.548377513885498047e+00
2.622498989105224609e+00
2.027316570281982422e+00
7.751870155334472656e-01
4.981996774673461914e+00
1.020680427551269531e+00
1.404244112968444824e+01
1.594727993011474609e+00
8.071780204772949219e-01
4.338734149932861328e-01
6.495096445083618164e+00
2.373695611953735352e+00
2.864577770233154297e-01
2.599796772003173828e+00
1.049907922744750977e+00
8.851137399673461914e+00
9.929664611816406250e+00
3.434896469116210938e-01
2.988493204116821289e+00
3.877106666564941406e+00
