3.951437473297119141e-01
2.710374116897583008e+00
4.728634834289550781e+00
2.142156839370727539e+00
2.713940858840942383e+00
3.693983554840087891e-01
2.471240997314453125e+00
7.633140087127685547e-01
1.991522312164306641e+00
1.354216575622558594e+00
4.420623779296875000e-01
2.478260993957519531e-01
1.883630824089050293e+01
3.400815010070800781e+00
3.151256084442138672e+00
1.127925395965576172e+00
2.215123891830444336e+00
6.912639141082763672e-01
2.623214006423950195e+00
2.074860095977783203e+00
4.323488950729370117e+00
2.438383102416992188e-01
7.996132373809814453e-01
4.793970584869384766e+00
1.305654764175415039e+00
2.844786405563354492e+00
2.789910554885864258e+00
3.264262676239013672e+00
5.592651367187500000e-01
2.984820127487182617e+00
4.430117130279541016e+00
5.600646972656250000e+00
1.676123857498168945e+01
2.641246318817138672e-01
5.033805370330810547e-01
3.665480613708496094e-01
1.750459432601928711e+00
2.157556056976318359e+00
2.302162647247314453e-01
1.055429935455322266e+00
2.807013988494873047e-01
5.577694654464721680e+00
2.264586210250854492e+00
1.206786155700683594e+00
3.004426956176757812e-01
1.300732851028442383e+00
1.136804819107055664e+00
1.080347776412963867e+00
1.067255020141601562e+00
2.902195453643798828e-01
2.209072113037109375e-01
1.110970258712768555e+00
8.471155166625976562e+00
5.242419242858886719e-01
2.052832603454589844e+00
1.939014673233032227e+00
3.713499784469604492e+00
1.207013845443725586e+00
2.530239582061767578e+00
1.647582578659057617e+01
1.437440156936645508e+00
1.357791185379028320e+00
9.332308769226074219e-01
9.046218156814575195e+00
5.266407251358032227e+00
9.165465831756591797e-01
2.782006502151489258e+00
4.286838531494140625e+00
9.152097702026367188e-01
5.170544147491455078e+00
2.640211582183837891e+00
1.017561674118041992e+00
2.081222057342529297e+00
2.402148246765136719e+00
1.102031469345092773e+00
2.521789550781250000e+00
1.404659271240234375e+00
5.888609886169433594e-01
5.316943883895874023e+00
2.872747182846069336e+00
9.091701507568359375e-01
1.221799612045288086e+00
9.486222267150878906e-01
4.152377128601074219e+00
1.542817592620849609e+00
5.331779003143310547e+00
4.696217775344848633e+00
1.712695598602294922e+00
9.194834232330322266e-01
1.684811592102050781e+00
3.449534654617309570e+00
1.699926376342773438e+00
3.269131183624267578e-01
1.953976726531982422e+01
4.025795698165893555e+00
2.804280519485473633e+00
2.973716259002685547e-01
2.602882385253906250e-01
2.051765918731689453e+00
4.404790878295898438e+00
3.009870052337646484e-01
5.422257423400878906e+00
2.374253034591674805e+00
8.589992523193359375e-01
8.389840126037597656e-01
7.146751880645751953e-01
2.513433456420898438e+00
4.863719701766967773e+00
2.638210296630859375e+00
4.277458429336547852e+00
1.774515390396118164e+00
1.023349285125732422e+00
5.352751731872558594e+00
2.097329854965209961e+00
4.512212753295898438e+00
3.603137254714965820e+00
7.074526786804199219e+00
1.007650518417358398e+01
4.107825279235839844e+00
8.906195163726806641e-01
2.842037677764892578e+00
8.326362371444702148e+00
3.695151805877685547e-01
2.017407727241516113e+01
1.270660638809204102e+00
1.729103565216064453e+00
2.880278587341308594e+00
5.054612159729003906e-01
2.966989278793334961e+00
3.779361248016357422e-01
2.341327667236328125e+00
2.154551506042480469e+00
1.284113168716430664e+00
2.239338397979736328e+00
2.947786331176757812e+00
2.212830781936645508e+00
4.345815181732177734e-01
4.820952415466308594e-01
3.517915248870849609e+00
1.003200531005859375e+00
1.173309087753295898e+00
8.099286556243896484e-01
4.230253696441650391e-01
1.328037977218627930e+00
9.380688667297363281e-01
2.209564685821533203e+00
8.569266557693481445e+00
1.054471731185913086e+00
2.410778760910034180e+00
4.291015386581420898e+00
8.698987960815429688e-01
8.291282653808593750e-01
8.943688869476318359e-01
5.719194412231445312e+00
1.112694025039672852e+00
1.521186590194702148e+00
2.285988569259643555e+00
3.976077795028686523e+00
4.684492826461791992e+00
4.461426734924316406e-01
5.435062646865844727e+00
2.461583137512207031e+00
4.434710502624511719e+00
1.378711223602294922e+00
4.153954982757568359e+00
8.099718093872070312e+00
8.394434452056884766e-01
5.238292217254638672e-01
4.131159305572509766e+00
1.276116132736206055e+00
2.468555688858032227e+00
1.833448410034179688e-01
2.286991357803344727e+00
3.106408119201660156e-01
4.545605421066284180e+00
8.482086658477783203e-01
8.493671417236328125e-01
2.503521442413330078e-01
5.982058048248291016e-01
1.168071985244750977e+00
5.215767383575439453e+00
2.630712985992431641e+00
1.841413021087646484e+00
8.286640644073486328e-01
4.585452318191528320e+00
8.782756328582763672e-01
1.262646079063415527e+01
1.384393930435180664e+00
7.574710845947265625e-01
3.825609683990478516e-01
6.158434867858886719e+00
2.325932502746582031e+00
2.647671699523925781e-01
2.563895463943481445e+00
9.602432250976562500e-01
8.199843645095825195e+00
9.108593940734863281e+00
3.101062774658203125e-01
2.788514137268066406e+00
3.545351505279541016e+00
