4.744203090667724609e-01
3.017440557479858398e+00
5.308582305908203125e+00
2.385914802551269531e+00
3.080150127410888672e+00
4.042601585388183594e-01
2.698733806610107422e+00
8.368918895721435547e-01
2.232924938201904297e+00
1.633129835128784180e+00
5.035791397094726562e-01
2.643589973449707031e-01
2.104438543319702148e+01
3.721003770828247070e+00
3.538025379180908203e+00
1.336672306060791016e+00
2.367942333221435547e+00
8.117499351501464844e-01
2.873281478881835938e+00
2.177223443984985352e+00
4.699718236923217773e+00
2.658076286315917969e-01
8.810098171234130859e-01
5.184125423431396484e+00
1.286132335662841797e+00
2.860033988952636719e+00
2.990168809890747070e+00
3.508723020553588867e+00
6.500849723815917969e-01
3.180674076080322266e+00
4.677580595016479492e+00
6.161164999008178711e+00
1.816151976585388184e+01
3.240506649017333984e-01
6.023986339569091797e-01
4.289839267730712891e-01
1.910978794097900391e+00
2.407706737518310547e+00
2.607436180114746094e-01
1.175312042236328125e+00
3.609595298767089844e-01
6.170133590698242188e+00
2.514045476913452148e+00
1.343773603439331055e+00
3.355898857116699219e-01
1.562555551528930664e+00
1.315123796463012695e+00
1.189451456069946289e+00
1.316961288452148438e+00
3.123936653137207031e-01
2.664334774017333984e-01
1.260473966598510742e+00
9.236527919769287109e+00
6.308555603027343750e-01
2.332825660705566406e+00
2.197196960449218750e+00
4.060974359512329102e+00
1.322076797485351562e+00
2.753904581069946289e+00
1.820407843589782715e+01
1.510540723800659180e+00
1.571305751800537109e+00
9.889726638793945312e-01
9.863816738128662109e+00
5.791735887527465820e+00
1.033308029174804688e+00
3.207019805908203125e+00
5.091439723968505859e+00
1.033557415008544922e+00
5.465979337692260742e+00
2.778862476348876953e+00
1.154624223709106445e+00
2.366865158081054688e+00
2.609169960021972656e+00
1.228007793426513672e+00
2.827172279357910156e+00
1.601109266281127930e+00
7.054409980773925781e-01
5.838202953338623047e+00
3.151854515075683594e+00
9.619362354278564453e-01
1.464843034744262695e+00
1.064726114273071289e+00
4.778089284896850586e+00
1.435780525207519531e+00
5.818515300750732422e+00
5.321716070175170898e+00
1.658222913742065430e+00
1.048323631286621094e+00
1.751957416534423828e+00
3.624559402465820312e+00
1.910907983779907227e+00
3.648092746734619141e-01
2.105808973312377930e+01
4.557343959808349609e+00
3.038505077362060547e+00
3.482620716094970703e-01
2.953698635101318359e-01
2.347401857376098633e+00
4.764660835266113281e+00
3.341765403747558594e-01
6.002843618392944336e+00
2.683635711669921875e+00
1.015364885330200195e+00
8.487753868103027344e-01
7.935934066772460938e-01
2.603380918502807617e+00
5.373204469680786133e+00
2.974425315856933594e+00
4.557332754135131836e+00
1.988667011260986328e+00
1.101017951965332031e+00
5.739166975021362305e+00
2.446408271789550781e+00
5.022972345352172852e+00
4.005838155746459961e+00
7.706349134445190430e+00
1.096951866149902344e+01
4.250248908996582031e+00
9.122610092163085938e-01
3.229022741317749023e+00
9.338459253311157227e+00
4.244966506958007812e-01
2.205991029739379883e+01
1.502548694610595703e+00
1.913302898406982422e+00
3.198898077011108398e+00
5.954625606536865234e-01
3.053042411804199219e+00
3.917233943939208984e-01
2.501120805740356445e+00
2.373001098632812500e+00
1.481962919235229492e+00
2.495348930358886719e+00
3.193552017211914062e+00
2.424628496170043945e+00
4.842371940612792969e-01
5.809552669525146484e-01
3.860422611236572266e+00
1.192151546478271484e+00
1.257201433181762695e+00
9.305615425109863281e-01
4.588477611541748047e-01
1.382076263427734375e+00
1.033623456954956055e+00
2.493477106094360352e+00
9.570271015167236328e+00
1.235881567001342773e+00
2.587685823440551758e+00
4.788027524948120117e+00
9.133112430572509766e-01
9.014208316802978516e-01
1.117846965789794922e+00
6.170733928680419922e+00
1.283242225646972656e+00
1.639564037322998047e+00
2.498228549957275391e+00
4.456768512725830078e+00
5.177588701248168945e+00
5.290112495422363281e-01
5.940705060958862305e+00
2.697187185287475586e+00
4.915482997894287109e+00
1.423784255981445312e+00
4.435389280319213867e+00
9.188341379165649414e+00
1.035639047622680664e+00
5.459918975830078125e-01
4.452561616897583008e+00
1.395948171615600586e+00
2.754254341125488281e+00
1.918768882751464844e-01
2.478671789169311523e+00
3.515865802764892578e-01
4.959301710128784180e+00
1.004652738571166992e+00
9.782507419586181641e-01
2.749876976013183594e-01
6.646983623504638672e-01
1.239959955215454102e+00
5.379412651062011719e+00
2.764341592788696289e+00
1.958770990371704102e+00
8.574161529541015625e-01
4.928217649459838867e+00
9.856894016265869141e-01
1.416100311279296875e+01
1.537969112396240234e+00
8.460831642150878906e-01
4.192755222320556641e-01
6.831017732620239258e+00
2.513376235961914062e+00
2.857196331024169922e-01
2.829531908035278320e+00
1.077598571777343750e+00
8.937747955322265625e+00
1.025668811798095703e+01
3.223023414611816406e-01
3.043891668319702148e+00
3.809046745300292969e+00
