4.514162540435791016e-01
2.784011840820312500e+00
4.864389896392822266e+00
2.051223993301391602e+00
8.665813446044921875e+00
4.028322696685791016e-01
2.479139804840087891e+00
8.195255756378173828e+00
2.062965869903564453e+00
1.395324230194091797e+00
4.638144969940185547e-01
2.488365173339843750e-01
1.979155230522155762e+01
3.503535509109497070e+00
3.239859342575073242e+00
1.125549554824829102e+00
2.122952222824096680e+00
6.867978572845458984e-01
2.624711513519287109e+00
2.223921298980712891e+00
4.288105010986328125e+00
2.354211807250976562e-01
7.646698951721191406e-01
4.864749431610107422e+00
1.107210397720336914e+00
2.778566837310791016e+00
3.045032501220703125e+00
4.161992073059082031e+00
6.049005985260009766e-01
3.017215728759765625e+00
4.596092700958251953e+00
5.705024480819702148e+00
1.715485954284667969e+01
2.700381278991699219e-01
5.466651916503906250e-01
1.849768161773681641e-01
1.808267593383789062e+00
1.837044239044189453e+00
1.887960433959960938e-01
1.360374927520751953e+00
2.864456176757812500e-01
5.719535112380981445e+00
2.268412351608276367e+00
1.228935718536376953e+00
2.845726013183593750e-01
1.372136116027832031e+00
1.351082563400268555e+00
1.041574478149414062e+00
1.065555334091186523e+00
2.636127471923828125e-01
2.097270488739013672e-01
1.909432411193847656e-01
8.562343120574951172e+00
3.051836490631103516e-01
1.982075691223144531e+00
1.919126272201538086e+00
3.710531234741210938e+00
1.233223915100097656e+00
2.458307027816772461e+00
1.646301007270812988e+01
1.422886133193969727e+00
1.467017412185668945e+00
9.212865829467773438e-01
9.030851125717163086e+00
5.234941005706787109e+00
8.866486549377441406e-01
2.827530384063720703e+00
4.510335683822631836e+00
9.651088714599609375e-01
6.653577327728271484e+00
4.047064781188964844e+00
3.372747898101806641e-01
3.040562868118286133e+00
2.568168640136718750e-01
1.752530097961425781e+00
3.752074003219604492e+00
2.264359951019287109e+00
3.346004486083984375e-01
6.273877382278442383e+00
3.179900646209716797e+00
1.017509698867797852e+00
7.566978931427001953e-01
9.896590709686279297e-01
4.424860715866088867e+00
1.442976713180541992e+00
5.267512321472167969e+00
4.598176479339599609e+00
1.730378150939941406e+00
1.113247394561767578e+00
4.049320220947265625e-01
3.398719072341918945e+00
1.717153072357177734e+00
3.034820556640625000e-01
1.897699546813964844e+01
3.930989980697631836e+00
2.686617374420166016e+00
3.068468570709228516e-01
2.683091163635253906e-01
1.930712938308715820e+00
4.240054845809936523e+00
2.744503021240234375e-01
5.134424209594726562e+00
1.537509441375732422e+00
8.155632019042968750e-01
9.486701488494873047e-01
6.750915050506591797e-01
2.314863681793212891e+00
4.710647344589233398e+00
2.578467130661010742e+00
3.998994588851928711e+00
1.853971481323242188e-01
9.687387943267822266e-01
5.181661128997802734e+00
1.994987487792968750e+00
4.290579795837402344e+00
3.532984733581542969e+00
6.984207153320312500e+00
9.989639997482299805e+00
4.194159269332885742e+00
8.199822902679443359e-01
2.889943122863769531e+00
8.146440982818603516e+00
3.519906997680664062e-01
2.017927789688110352e+01
1.226656913757324219e+00
3.198906898498535156e+00
2.820050001144409180e+00
3.721375465393066406e-01
2.668995618820190430e+00
4.699363708496093750e-01
2.155251026153564453e+00
1.498191833496093750e+00
8.041851520538330078e-01
2.108593702316284180e+00
2.800146579742431641e+00
2.104553937911987305e+00
3.928277492523193359e-01
4.461381435394287109e-01
3.429588317871093750e+00
1.221497058868408203e+00
1.114182472229003906e+00
7.372322082519531250e-01
3.646776676177978516e-01
1.029778242111206055e+00
1.279541015625000000e+00
1.660259008407592773e+00
8.271696567535400391e+00
1.024738788604736328e+00
2.199419498443603516e+00
4.406641244888305664e+00
8.120183944702148438e-01
8.295431137084960938e-01
8.543121814727783203e-01
5.264495611190795898e+00
1.037045240402221680e+00
1.659232854843139648e+00
2.299889802932739258e+00
3.803464889526367188e+00
4.414890527725219727e+00
5.056419372558593750e-01
5.360281229019165039e+00
2.373250484466552734e+00
4.276794672012329102e+00
5.047702789306640625e-01
4.095248699188232422e+00
8.048457860946655273e+00
8.896324634552001953e-01
5.120236873626708984e-01
6.573911666870117188e+00
1.175808429718017578e+00
2.372264862060546875e+00
1.697361469268798828e-01
2.019369602203369141e+00
2.953791618347167969e-01
4.294406414031982422e+00
8.139784336090087891e-01
7.463147640228271484e-01
2.263276576995849609e-01
5.855963230133056641e-01
7.536497116088867188e-01
4.779609680175781250e+00
2.490429639816284180e+00
1.697721481323242188e+00
7.145414352416992188e-01
6.970650434494018555e+00
8.203439712524414062e-01
1.261762452125549316e+01
1.457968235015869141e+00
7.224824428558349609e-01
3.563096523284912109e-01
5.855864524841308594e+00
2.198399782180786133e+00
2.758896350860595703e-01
2.518024682998657227e+00
8.947219848632812500e-01
7.924448251724243164e+00
8.810710191726684570e+00
3.386418819427490234e-01
2.565185785293579102e+00
3.355645656585693359e+00
