4.236579619192200497e+00
2.602292422816686823e+01
1.706062401241395321e+01
1.419027945986458983e+00
1.552544641800514569e+01
6.845759376562473619e+01
2.201448816516356644e+01
5.834405773793376326e+00
9.542221315702731133e+00
2.049008990880882664e+01
1.802304522292346389e+00
1.405731081682735972e+00
3.010191539057199250e+01
5.255763470634923884e+00
3.005167070764510839e+01
2.197971348118801682e+00
5.970057247945534940e+00
1.048537396637895824e+01
6.941522356981109532e+00
5.071860233562824227e+00
1.650478746288157339e+01
6.275543800671811390e+00
1.407625062534600602e+01
1.912818784619786783e+01
5.116874877442498359e+00
7.194035291131947396e+00
3.573792955607918742e+01
6.349261104898366703e+00
5.605492035514586746e+00
8.709261696846110112e+01
4.371401203390431078e+01
3.665546035398452140e+00
3.532886016195571521e+00
9.167967012592137976e+00
1.254448679046933357e+00
3.615783855497068711e+00
2.580349638166147930e+00
3.097106999628266522e+00
8.907972075202129858e+00
3.929923418524560219e+01
1.420330581152011495e+00
4.379412880684264486e+00
3.654785115883478763e+00
2.517621736168277380e+01
6.284105465226775777e+02
2.261737621281529886e+00
2.437030452055760676e+01
1.456335525976792944e+01
1.316378121016495051e+01
1.210424447990994468e+00
1.249364036033402181e+00
2.286852907774421695e+01
1.250487805390073248e+01
2.334341822214875073e+00
1.436471430403412075e+00
4.613802825193750579e+01
4.978629992770363444e+00
2.610263307508538855e+00
1.375355465988912442e+02
2.163673564043592901e+00
6.234251912823870256e+00
1.765682245937446604e+00
3.401464674864878468e+00
2.432446394777063858e+02
1.297447867022490486e+00
3.587655732833968436e+00
1.972188362082224256e+00
1.841264370305579945e+01
1.583287123961839793e+00
2.991390698487061517e+00
6.684397595908755818e+00
2.950856478860397480e+00
5.388868403823225073e+00
3.595712434754522402e+00
1.111980877694089465e+01
2.102941728730859268e+02
3.771002036985977668e+01
6.918288252558694396e+00
2.942556981986442555e+00
1.868866335669219225e+01
3.583779572021688065e+00
4.845129341087567099e+01
3.120323409544332183e+00
7.971975560906202851e+00
2.479481004662445542e+01
5.938171105694635798e+02
1.867551751580616148e+00
1.477594777851685581e+00
9.757452038020295149e+00
1.022328745523426230e+00
1.567783531425322607e+01
1.101677712206320381e+00
6.331493991216804673e+00
9.058656164265388000e+00
9.290844226311806153e+01
1.388043666811602739e+00
9.078341814051819725e+00
4.351834225325807104e+00
1.549942846731889006e+02
7.311527234885050852e+00
2.531958936828238915e+00
9.118643349850029267e+01
7.284141049893852582e+00
3.313677430010735669e+00
1.548435483305304672e+00
3.217812171466331250e+01
2.954281331666290100e+01
3.864318608939413924e+00
8.273858837702785252e+01
3.563042028777682901e+01
3.757726639860736384e+01
7.341597074871075712e+00
7.494491007621817857e+00
5.766492658518579617e+00
2.138652737495663203e+01
1.020610650735085834e+00
2.710290808870799761e+00
6.101378227108562591e+00
2.379011300394632489e+00
1.035054687911029392e+00
9.366060608622571948e+00
4.790340372687905912e+00
7.941488469428794161e+00
1.053099316410236597e+01
8.028503615378919989e+00
3.015840720014466125e+00
1.760061357675145155e+00
3.343928920807459626e+00
7.137504045753410686e+00
2.419376146341853495e+00
1.168352178174759217e+02
1.604794524481554019e+00
1.295087662984068189e+00
1.957497402316007440e+00
9.620686402149340566e+00
6.630778832696077529e+01
1.432312358515322570e+00
3.696203674272185769e+00
4.217421725649720088e+02
2.649895265936009636e+01
1.369186376577669950e+00
1.161898264462242203e+01
1.051261273197476243e+01
1.288891084106337814e+01
2.146934665974665535e+01
1.464870807552842891e+01
3.152634868912090269e+02
2.348368342643050166e+00
8.669891325538042111e+02
1.613685184131140034e+02
4.390574770153081090e+02
2.876652950349192039e+01
1.745326532095999639e+00
3.882940362311071425e+01
1.360454984590949934e+01
1.204449174522304711e+00
4.538962433840084287e+01
9.034040618576101522e+00
9.264820914359791715e+00
3.829873999078671432e+00
4.812332598945650375e+01
1.655520817994823233e+02
8.150936594590421080e+00
3.488665784548206972e+00
5.831838042853520143e+00
6.564917141217083696e+00
5.849813245249039895e+00
2.683774031101792357e+00
2.750765300480501807e+01
4.547936443043684562e+01
2.504855119400438923e+00
1.467461342298717852e+01
6.088849312697212746e+00
1.797584228398538642e+01
3.705162631943375473e+00
2.777605796830403051e+02
1.763299572625465661e+00
1.451087570932909543e+01
3.403427566878246324e+01
1.161050373988197881e+00
9.269789841877189573e+00
1.170240839184897119e+01
6.067260735162250285e+00
8.850197785788827431e+00
2.087466840624430553e+00
3.781707298264940675e+00
7.589567294513733131e+00
8.301394286511438736e+00
2.465938948307833556e+00
9.310650338930884118e+00
8.836037628466023364e+00
6.252214951697649070e+00
1.210330384613072674e+01
2.076328134089663422e+02
1.819347750052971779e+00
9.845171646733405169e+00
2.306035428828417722e+00
2.194653451992943474e+02
4.076764108152234556e+00
1.394795790890904286e+01
