1.121292114257812500e-01
7.820248603820800781e-02
1.877149343490600586e+00
3.963602361679077148e+02
4.169786691665649414e+00
2.302746772766113281e-01
4.481816291809082031e-02
2.453439235687255859e-01
8.564066886901855469e-02
5.693531036376953125e-02
1.785453200340270996e+01
4.301297664642333984e-01
1.029691696166992188e-01
7.579183578491210938e-02
7.527542114257812500e-02
9.738945960998535156e-02
7.536411285400390625e-02
5.252003669738769531e-02
2.246460914611816406e-01
5.901908874511718750e-02
9.684824943542480469e-02
4.989647865295410156e-02
8.773517608642578125e-02
1.997341156005859375e+00
8.323621749877929688e-02
4.515464305877685547e-01
1.172022819519042969e-01
6.962351799011230469e-01
7.565283775329589844e-02
5.469274520874023438e-02
4.851865768432617188e-02
2.930324077606201172e-01
4.756065084934234619e+02
7.480669021606445312e-02
5.669603347778320312e-01
4.138126373291015625e-01
7.124618530273437500e+00
1.057300567626953125e-01
4.112761020660400391e-01
1.669115066528320312e+00
8.169960975646972656e-02
1.619999408721923828e-01
1.536283493041992188e-01
7.675099372863769531e-02
1.062725400924682617e+01
1.914139986038208008e+00
1.495161056518554688e-01
3.832888603210449219e-02
1.226675510406494141e-01
7.043461799621582031e-01
2.498857975006103516e-01
6.663036346435546875e-02
6.084847450256347656e-02
8.650612831115722656e-02
4.103446006774902344e-02
8.634090423583984375e-02
1.075983047485351562e-01
8.881609439849853516e-01
4.029230024814605713e+02
4.104332447052001953e+00
6.633996963500976562e-02
1.145075321197509766e+00
1.264779577255249023e+02
3.979783058166503906e-01
6.555557250976562500e-02
3.292145729064941406e-01
2.066755294799804688e-01
3.584456443786621094e-02
2.433829784393310547e+00
1.300495386123657227e+00
1.208255290985107422e-01
1.071758270263671875e-01
6.814765930175781250e-02
7.234573364257812500e-02
2.083716392517089844e-01
4.628920555114746094e-02
1.207647323608398438e-01
6.684446334838867188e-02
1.566410064697265625e-01
3.758661746978759766e-01
2.713957548141479492e+00
2.209372520446777344e-01
5.863642692565917969e-02
2.326420545578002930e+00
2.727203369140625000e-01
1.014206409454345703e-01
1.462228298187255859e-01
5.417203903198242188e-02
8.529043197631835938e-02
1.468639373779296875e-01
5.897927284240722656e-02
1.314093589782714844e+00
1.711666584014892578e-01
2.653145790100097656e-01
5.647947788238525391e-01
2.497010231018066406e-01
1.216444969177246094e-01
7.801342010498046875e-02
3.202328681945800781e-01
5.262756347656250000e-02
1.787600517272949219e-01
4.848217964172363281e-02
3.843736648559570312e-02
1.110193729400634766e-01
3.224208354949951172e-01
7.303271293640136719e-01
5.256152153015136719e-02
1.502580642700195312e-01
2.806980609893798828e-01
6.121444702148437500e-02
8.247518539428710938e-02
4.077386856079101562e-02
3.785061836242675781e-02
4.748601913452148438e-01
1.877286434173583984e-01
1.596465110778808594e-01
2.056460380554199219e-01
6.058073043823242188e-02
1.786105632781982422e-01
1.671655178070068359e-01
1.498923301696777344e-01
4.966566562652587891e-01
1.032507419586181641e-01
1.973497867584228516e-01
1.077816486358642578e-01
1.094586849212646484e-01
5.190949440002441406e-01
1.120605468750000000e-01
1.679873466491699219e-01
6.746292114257812500e-02
6.918597221374511719e-02
3.625059127807617188e-02
5.148243904113769531e-02
1.124957652091979980e+02
1.811938285827636719e-01
4.030194282531738281e-01
1.329276561737060547e-01
4.034919738769531250e-01
1.594054698944091797e-01
5.850410461425781250e-02
1.329033374786376953e-01
1.156861782073974609e-01
9.449172019958496094e-02
2.313187122344970703e-01
7.077360153198242188e-02
8.014869689941406250e-02
1.798678159713745117e+00
1.381273269653320312e-01
1.424643993377685547e-01
8.664931917190551758e+01
8.726732730865478516e-01
3.176887035369873047e-01
7.854590415954589844e-01
1.115913391113281250e-01
1.151667189598083496e+01
5.586545467376708984e-01
2.142287421226501465e+01
1.091852188110351562e-01
1.899116976261138916e+02
7.190370559692382812e-02
2.697262763977050781e-01
1.609156131744384766e-01
1.399691104888916016e-01
1.292483806610107422e-01
8.380627632141113281e-02
7.775301933288574219e-01
4.331075906753540039e+00
5.714862170219421387e+02
3.358817100524902344e-01
1.593976020812988281e-01
4.036421775817871094e-01
9.376978874206542969e-02
2.085144519805908203e-01
5.818796157836914062e-02
1.655280590057373047e-01
5.349397659301757812e-02
2.890610218048095703e+00
8.609716415405273438e+00
2.819879055023193359e-01
3.518695831298828125e-01
7.386231422424316406e-02
6.219220161437988281e-02
2.614982128143310547e-01
5.444884300231933594e-02
9.601902961730957031e-02
1.081662178039550781e-01
7.652378082275390625e-02
6.295650005340576172e-01
4.702568054199218750e-02
1.016261577606201172e-01
5.645203590393066406e-02
1.338055133819580078e-01
2.431685924530029297e-01
2.092313766479492188e-01
7.415890693664550781e-02
4.983465671539306641e-01
3.344107151031494141e+00
8.746981620788574219e-02
7.741189002990722656e-02
4.978754043579101562e+00
