1.059279441833496094e-01
1.060657501220703125e-01
1.604782342910766602e+00
3.618048927783966064e+02
3.934718608856201172e+00
2.127737998962402344e-01
4.191637039184570312e-02
2.968306541442871094e-01
7.933354377746582031e-02
5.165386199951171875e-02
1.025744009017944336e+01
4.531457424163818359e-01
5.666947364807128906e-02
2.945375442504882812e-02
7.585382461547851562e-02
9.141945838928222656e-02
7.237482070922851562e-02
4.764437675476074219e-02
2.021863460540771484e-01
5.482959747314453125e-02
5.588006973266601562e-02
4.553079605102539062e-02
5.145812034606933594e-02
1.655094146728515625e+00
7.438087463378906250e-02
4.415447711944580078e-01
9.480500221252441406e-02
5.730748176574707031e-01
6.998085975646972656e-02
5.111289024353027344e-02
4.451584815979003906e-02
2.763798236846923828e-01
4.982246148586273193e+02
9.173107147216796875e-02
6.288599967956542969e-01
5.376696586608886719e-01
7.238106489181518555e+00
1.396546363830566406e-01
3.882186412811279297e-01
1.314758539199829102e+00
7.707548141479492188e-02
1.410899162292480469e-01
1.264843940734863281e-01
6.471586227416992188e-02
9.042340517044067383e+00
1.740343332290649414e+00
1.478912830352783203e-01
3.567528724670410156e-02
1.100826263427734375e-01
3.738584518432617188e-01
2.154042720794677734e-01
6.972718238830566406e-02
4.436826705932617188e-02
5.748748779296875000e-02
3.473734855651855469e-02
3.227641582489013672e-01
9.298086166381835938e-02
3.083772659301757812e-01
3.545657587051391602e+02
3.754953145980834961e+00
6.280994415283203125e-02
1.016785383224487305e+00
1.145530753135681152e+02
3.832743167877197266e-01
5.507302284240722656e-02
7.063293457031250000e-02
1.556177139282226562e-01
3.785729408264160156e-02
2.377625226974487305e+00
9.943757057189941406e-01
8.690977096557617188e-02
9.991455078125000000e-02
6.075477600097656250e-02
6.472992897033691406e-02
2.349202632904052734e-01
4.685592651367187500e-02
8.627820014953613281e-02
4.926657676696777344e-02
8.676838874816894531e-02
7.547068595886230469e-02
2.376709699630737305e+00
3.458454608917236328e-01
4.336428642272949219e-02
2.179288387298583984e+00
2.354831695556640625e-01
6.250238418579101562e-02
1.220889091491699219e-01
5.559515953063964844e-02
7.702159881591796875e-02
1.448192596435546875e-01
7.359695434570312500e-02
9.126641750335693359e-01
1.576261520385742188e-01
9.500622749328613281e-02
4.629325866699218750e-01
2.247424125671386719e-01
1.042177677154541016e-01
6.716513633728027344e-02
1.663796901702880859e-01
4.524207115173339844e-02
9.340095520019531250e-02
4.077911376953125000e-02
8.331227302551269531e-02
1.243903636932373047e-01
2.868790626525878906e-01
3.522322177886962891e-01
4.444026947021484375e-02
1.651122570037841797e-01
2.975592613220214844e-01
7.691669464111328125e-02
6.494069099426269531e-02
3.747010231018066406e-02
3.085207939147949219e-02
2.389769554138183594e-01
2.716057300567626953e-01
1.342279911041259766e-01
1.796133518218994141e-01
5.811214447021484375e-02
1.976809501647949219e-01
1.549541950225830078e-01
1.266145706176757812e-01
3.794882297515869141e-01
9.225821495056152344e-02
1.998345851898193359e-01
9.859609603881835938e-02
1.182944774627685547e-01
1.912875175476074219e-01
9.942412376403808594e-02
1.608469486236572266e-01
5.808424949645996094e-02
6.118440628051757812e-02
2.999615669250488281e-02
5.044794082641601562e-02
9.375753140449523926e+01
1.579487323760986328e-01
3.282384872436523438e-01
8.778214454650878906e-02
2.021746635437011719e-01
1.464850902557373047e-01
5.467200279235839844e-02
9.239530563354492188e-02
9.175467491149902344e-02
8.277487754821777344e-02
1.733093261718750000e-01
6.239628791809082031e-02
7.391619682312011719e-02
1.151566267013549805e+00
2.142508029937744141e-01
1.230146884918212891e-01
7.096951603889465332e+01
3.302140235900878906e-01
2.767641544342041016e-01
4.240145683288574219e-01
9.595179557800292969e-02
1.204184508323669434e+01
1.820514202117919922e-01
1.840626025199890137e+01
6.476187705993652344e-02
1.829174065589904785e+02
3.202867507934570312e-02
3.539724349975585938e-01
1.517789363861083984e-01
1.387333869934082031e-01
6.457161903381347656e-02
5.706262588500976562e-02
2.770628929138183594e-01
4.817655801773071289e+00
4.788164546489715576e+02
8.424520492553710938e-02
9.777784347534179688e-02
4.288129806518554688e-01
8.056592941284179688e-02
1.482288837432861328e-01
4.301548004150390625e-02
1.694669723510742188e-01
4.611992835998535156e-02
2.725572586059570312e+00
8.238657712936401367e+00
4.088754653930664062e-01
7.525587081909179688e-02
6.407546997070312500e-02
1.182880401611328125e-01
2.794497013092041016e-01
4.700756072998046875e-02
8.115935325622558594e-02
9.760022163391113281e-02
6.421089172363281250e-02
5.142700672149658203e-01
3.881430625915527344e-02
9.865689277648925781e-02
6.962251663208007812e-02
1.269402503967285156e-01
2.019958496093750000e-01
1.695613861083984375e-01
6.625676155090332031e-02
5.170972347259521484e-01
2.993969440460205078e+00
7.257604598999023438e-02
6.987333297729492188e-02
4.751213312149047852e+00
