1.285443305969238281e-01
2.745389938354492188e-02
1.765569448471069336e+00
3.819549021720886230e+02
4.078354835510253906e+00
2.380647659301757812e-01
6.988525390625000000e-02
2.184107303619384766e-01
8.805346488952636719e-02
9.315228462219238281e-02
9.896666765213012695e+00
3.973412513732910156e-01
6.634593009948730469e-02
4.246568679809570312e-02
5.911064147949218750e-02
1.046171188354492188e-01
7.195544242858886719e-02
6.021761894226074219e-02
1.878006458282470703e-01
7.589149475097656250e-02
5.944061279296875000e-02
7.572793960571289062e-02
5.870676040649414062e-02
9.039022922515869141e-01
8.605551719665527344e-02
4.333975315093994141e-01
1.082682609558105469e-01
5.989460945129394531e-01
8.853721618652343750e-02
6.939768791198730469e-02
7.547426223754882812e-02
2.800099849700927734e-01
4.493143930435180664e+02
1.185641288757324219e-01
2.632110118865966797e-01
3.288004398345947266e-01
5.859032869338989258e+00
1.000940799713134766e-01
3.081023693084716797e-01
1.460758447647094727e+00
7.605099678039550781e-02
2.863025665283203125e-02
1.589970588684082031e-01
7.224893569946289062e-02
8.396868944168090820e+00
1.755623579025268555e+00
9.186959266662597656e-02
8.145070075988769531e-02
1.095881462097167969e-01
3.596584796905517578e-01
1.999328136444091797e-01
9.305429458618164062e-02
6.408476829528808594e-02
7.838892936706542969e-02
4.918670654296875000e-02
8.096122741699218750e-02
9.635877609252929688e-02
2.709984779357910156e-01
3.488488960266113281e+02
3.349287748336791992e+00
6.331038475036621094e-02
1.015402078628540039e+00
1.023266856670379639e+02
3.315050601959228516e-01
8.382606506347656250e-02
4.670858383178710938e-02
1.537621021270751953e-01
3.328657150268554688e-02
3.950887441635131836e+00
9.677882194519042969e-01
8.225202560424804688e-02
9.287762641906738281e-02
8.380317687988281250e-02
8.953022956848144531e-02
1.350774765014648438e-01
7.224798202514648438e-02
7.814812660217285156e-02
5.434441566467285156e-02
5.868101119995117188e-02
7.851409912109375000e-02
2.331405878067016602e+00
2.235071659088134766e-01
4.993486404418945312e-02
2.100466728210449219e+00
2.378044128417968750e-01
7.329154014587402344e-02
9.797120094299316406e-02
4.623961448669433594e-02
4.038548469543457031e-02
8.997702598571777344e-02
6.440997123718261719e-02
8.438708782196044922e-01
1.767387390136718750e-01
8.041834831237792969e-02
4.614570140838623047e-01
2.434413433074951172e-01
1.082892417907714844e-01
7.216024398803710938e-02
1.935818195343017578e-01
6.353282928466796875e-02
4.169511795043945312e-02
3.850269317626953125e-02
6.579375267028808594e-02
1.060962677001953125e-01
3.076055049896240234e-01
3.500671386718750000e-01
8.307719230651855469e-02
1.489892005920410156e-01
2.446639537811279297e-01
6.065154075622558594e-02
6.876802444458007812e-02
6.900596618652343750e-02
4.343199729919433594e-02
2.595527172088623047e-01
2.493901252746582031e-01
9.380054473876953125e-02
1.149830818176269531e-01
8.288383483886718750e-02
1.684401035308837891e-01
1.035983562469482422e-01
2.498123645782470703e-01
1.201721906661987305e+00
1.154632568359375000e-01
1.981239318847656250e-01
1.017596721649169922e-01
1.080527305603027344e-01
1.533060073852539062e-01
9.809565544128417969e-02
2.116348743438720703e-01
5.996012687683105469e-02
6.234645843505859375e-02
4.899382591247558594e-02
6.062006950378417969e-02
7.043614387512207031e-01
1.494648456573486328e-01
3.577251434326171875e-01
1.087486743927001953e-01
1.384134292602539062e-01
9.218931198120117188e-02
8.075714111328125000e-02
9.445047378540039062e-02
1.312103271484375000e-01
9.329009056091308594e-02
2.413804531097412109e-01
7.756781578063964844e-02
8.847594261169433594e-02
1.078433513641357422e+00
1.460366249084472656e-01
1.396629810333251953e-01
7.757019114494323730e+01
3.112435340881347656e-01
1.704216003417968750e-01
2.565698623657226562e-01
1.018989086151123047e-01
4.143261909484863281e-02
1.626985073089599609e-01
1.961406660079956055e+01
7.644152641296386719e-02
7.331819319725036621e+01
3.003001213073730469e-02
2.180833816528320312e-01
2.105016708374023438e-01
1.226217746734619141e-01
1.036715507507324219e-01
6.646251678466796875e-02
2.237086296081542969e-01
3.286021947860717773e+00
4.871238615512847900e+02
4.285812377929687500e-02
1.007950305938720703e-01
3.205599784851074219e-01
6.540894508361816406e-02
1.271414756774902344e-01
5.162167549133300781e-02
1.573712825775146484e-01
6.538558006286621094e-02
2.421115636825561523e+00
7.024528503417968750e+00
1.061277389526367188e-01
8.071017265319824219e-02
7.922410964965820312e-02
7.400178909301757812e-02
2.437338829040527344e-01
6.867408752441406250e-02
8.823776245117187500e-02
1.028263568878173828e-01
3.391742706298828125e-02
1.649911403656005859e-01
6.321048736572265625e-02
6.819391250610351562e-02
6.710147857666015625e-02
1.209411621093750000e-01
2.210676670074462891e-01
1.747636795043945312e-01
8.177924156188964844e-02
7.258677482604980469e-02
3.217394590377807617e+00
1.009006500244140625e-01
9.130430221557617188e-02
4.098303318023681641e+00
