0.3521451950073242
2.6600139141082764
0.11318707466125488
1.633981466293335
0.046657562255859375
0.03667330741882324
19.203898429870605
9.043193340301514
0.019138336181640625
1.7492330074310303
0.028533220291137695
0.08649563789367676
2.2652087211608887
4.280246019363403
4.571987628936768
0.044153690338134766
0.023252010345458984
0.1624915599822998
0.0803074836730957
0.33055663108825684
0.03515744209289551
0.0695042610168457
0.6556713581085205
0.30645227432250977
0.1416780948638916
0.10548996925354004
0.02227187156677246
2.373699188232422
0.05246233940124512
0.05282402038574219
0.3200197219848633
0.3795478343963623
11.257021188735962
0.2855184078216553
0.019576549530029297
0.1255176067352295
0.18908071517944336
0.4408447742462158
1.1630148887634277
2.8658900260925293
0.06817889213562012
0.2514925003051758
0.14188385009765625
16.019590377807617
0.05521798133850098
1.0982086658477783
0.0361478328704834
0.02313852310180664
0.03817272186279297
0.42544007301330566
0.2393181324005127
0.060338735580444336
0.30343103408813477
1.0547375679016113
0.021502971649169922
0.35957980155944824
0.6084094047546387
0.510094165802002
0.06673479080200195
0.041374921798706055
0.08042407035827637
0.08670663833618164
0.35521411895751953
32.51570773124695
0.07408881187438965
0.415698766708374
6.85485315322876
0.063873291015625
1.1426174640655518
0.0684347152709961
0.01792454719543457
0.03779196739196777
0.04109978675842285
0.06567096710205078
0.21111249923706055
0.04119420051574707
0.02137923240661621
57.718650817871094
10.922333478927612
0.932917594909668
0.7846856117248535
4.273996353149414
0.03703713417053223
0.14262604713439941
0.147918701171875
0.10569047927856445
0.06457376480102539
0.03552865982055664
0.10233283042907715
0.17672181129455566
2.0530970096588135
0.04086017608642578
0.23212337493896484
0.12490010261535645
0.057408809661865234
0.03612709045410156
1.8857316970825195
0.032250165939331055
91.44397783279419
0.05809307098388672
0.03747200965881348
0.10989928245544434
0.03931164741516113
0.3706982135772705
19.30885934829712
0.06598258018493652
0.0911409854888916
0.0966954231262207
0.2125566005706787
5.9613823890686035
224.84606766700745
0.06418085098266602
8.174503326416016
0.029202938079833984
0.036064863204956055
0.26502013206481934
5.193488597869873
0.5486223697662354
0.1058049201965332
0.05167746543884277
0.13114643096923828
25.997753381729126
0.20929646492004395
0.7195091247558594
0.3225576877593994
0.09991693496704102
47.308786153793335
0.037383317947387695
11.146441221237183
0.16415095329284668
0.0304872989654541
3.6603357791900635
38.447654485702515
0.040596961975097656
0.1367628574371338
0.08962726593017578
0.06751513481140137
0.03804373741149902
2.149479389190674
4.156587839126587
0.1396479606628418
14.418535470962524
0.0607762336730957
0.4718492031097412
0.04779958724975586
231.7401258945465
0.0879983901977539
4.705855131149292
0.6298589706420898
12.030750036239624
0.1709432601928711
0.10843396186828613
0.03891396522521973
0.11101865768432617
0.030954837799072266
2.3100502490997314
0.06586050987243652
28.185822010040283
0.07581353187561035
25.331522464752197
25.279350996017456
0.04088234901428223
0.2057030200958252
0.04687762260437012
7.721164226531982
144.67292165756226
0.07152581214904785
2.1412534713745117
5.973055362701416
0.023113727569580078
0.08911585807800293
0.6121091842651367
0.08115887641906738
0.04947304725646973
0.20636367797851562
1.2357933521270752
0.061780452728271484
0.17727112770080566
0.046619415283203125
1.2680654525756836
0.134138822555542
7.444879770278931
0.04544544219970703
245.63778162002563
0.297072172164917
0.21801400184631348
0.032736778259277344
25.039568662643433
0.03469276428222656
0.0302278995513916
6.891653060913086
2.8645081520080566
0.2254023551940918
0.23226666450500488
0.40801119804382324
15.064436197280884
0.14379453659057617
0.05994296073913574
0.07681775093078613
0.5536367893218994
