1.025313138961791992e+00
3.378359508514404297e+01
2.321454524993896484e+00
9.324510812759399414e+00
7.063810825347900391e-01
3.800076007843017578e+00
2.373854279518127441e+01
4.855680704116821289e+00
1.898976325988769531e+00
1.120323133468627930e+01
8.884166438579559326e+02
9.325431799888610840e+01
1.524463677406311035e+01
2.625658893585205078e+01
3.556650638580322266e+00
5.727768182754516602e+00
7.862535476684570312e+00
8.843710422515869141e-01
8.957451701164245605e+01
9.679430150985717773e+02
2.363562631607055664e+01
3.567944049835205078e+00
8.357034921646118164e+00
2.693877220153808594e-01
3.180694103240966797e+00
1.256224155426025391e+00
4.923144340515136719e+00
3.555812835693359375e-01
1.032098338603973389e+02
3.318584442138671875e+00
7.058468818664550781e+00
3.029553890228271484e-01
1.689491653442382812e+01
3.480918407440185547e-01
7.840044975280761719e+00
2.340221691131591797e+01
1.757050514221191406e+00
1.577893733978271484e+00
6.396972179412841797e+00
1.082398891448974609e+00
3.025286197662353516e-01
9.988770484924316406e+00
4.946161508560180664e+00
1.263034105300903320e+00
2.986324787139892578e+00
3.898581480979919434e+01
4.011285305023193359e-01
2.349654197692871094e+00
9.636341214179992676e+01
5.157845020294189453e-01
6.987710309028625488e+01
8.921260833740234375e-01
1.782823550701141357e+02
7.441055774688720703e-01
8.409041643142700195e+00
5.175266265869140625e-01
1.995303630828857422e-01
1.246262407302856445e+01
1.860132217407226562e+00
1.391493082046508789e+00
3.089257240295410156e+00
1.204921960830688477e+00
8.178238868713378906e-01
1.741395068168640137e+01
2.232105255126953125e+00
7.092764377593994141e+00
5.823754787445068359e+00
1.216480970382690430e+00
9.522547721862792969e-01
3.203228235244750977e+00
3.943136692047119141e+00
1.426901578903198242e+01
1.953814935684204102e+01
7.646286487579345703e-01
7.641599178314208984e-01
2.851966142654418945e+00
1.225080013275146484e+00
2.014725208282470703e-01
7.753150463104248047e-01
1.525237083435058594e+00
1.132994413375854492e+00
4.296765923500061035e+01
4.356863260269165039e+00
4.464410305023193359e+01
7.238461017608642578e+00
1.964260816574096680e+00
8.134238004684448242e+00
1.331601428985595703e+01
6.066207885742187500e-01
4.500341415405273438e-01
1.495115280151367188e+00
5.579681396484375000e-01
5.287373065948486328e-01
1.977380275726318359e+01
2.879445028305053711e+01
1.760537862777709961e+00
5.636861801147460938e+00
6.244440078735351562e-01
6.257007503509521484e+01
2.898567438125610352e+00
2.482856512069702148e+00
7.317469835281372070e+00
1.638100004196166992e+01
7.404124259948730469e+00
1.663224697113037109e+01
2.353521108627319336e+00
9.800000190734863281e-01
3.263814449310302734e-01
3.018369674682617188e-01
1.583310604095458984e+00
2.741482257843017578e-01
7.083404064178466797e-01
1.083143019676208496e+01
2.923007011413574219e+00
1.594682455062866211e+00
4.736199140548706055e+00
2.075657415390014648e+01
1.701115679740905762e+01
4.828963994979858398e+00
2.569556236267089844e-01
7.330739498138427734e-01
6.081018447875976562e-01
7.553086280822753906e-01
4.378790855407714844e-01
2.365553379058837891e-01
2.964234352111816406e-01
6.339047431945800781e+00
5.550765991210937500e-01
1.871124148368835449e+01
1.634676218032836914e+00
9.632840156555175781e+00
5.504053115844726562e+00
4.836636781692504883e+01
3.524821996688842773e+00
2.273681402206420898e+00
1.565519547462463379e+01
1.189247369766235352e+00
2.436177730560302734e-01
8.652084112167358398e+00
1.159778118133544922e+00
4.099202632904052734e+00
1.430019879341125488e+01
1.095600318908691406e+01
2.875157833099365234e+00
2.767263889312744141e+00
5.853365182876586914e+00
4.117984771728515625e-01
2.724386453628540039e+00
1.087543535232543945e+01
2.738661408424377441e+01
3.706506729125976562e+00
2.436125278472900391e-01
4.958629369735717773e+00
5.734357833862304688e+00
4.460933208465576172e-01
3.143830299377441406e-01
2.519153094291687012e+01
7.314885616302490234e+00
2.417778968811035156e-01
5.935504674911499023e+00
4.803769588470458984e-01
5.673410892486572266e-01
1.132614135742187500e+00
4.437910294532775879e+01
6.034178733825683594e+00
3.881688117980957031e-01
3.017409801483154297e+00
9.721927404403686523e+01
4.302191638946533203e+01
2.764184236526489258e+00
6.765093803405761719e+00
3.258306741714477539e+00
4.515597343444824219e+00
6.978111767768859863e+01
1.944870471954345703e+00
6.133356094360351562e+00
5.654019117355346680e+00
4.308967590332031250e-01
2.087594866752624512e+01
4.265263080596923828e-01
5.641673588752746582e+01
4.371058464050292969e+00
3.350563049316406250e-01
1.124577045440673828e+00
2.753121376037597656e+00
4.419500827789306641e-01
3.522179841995239258e+01
9.091377973556518555e+00
1.158459615707397461e+01
2.732791662216186523e+00
1.013063137531280518e+02
9.197860479354858398e+00
2.366847276687622070e+00
8.767209053039550781e+01
3.115034103393554688e-01
4.748060083389282227e+01
1.211477041244506836e+00
3.321806669235229492e+00
3.350391149520874023e+00
8.416006803512573242e+01
