9.883587360382080078e-01
3.366732287406921387e+01
2.926331281661987305e+00
8.969407796859741211e+00
6.993024349212646484e-01
3.638384580612182617e+00
1.967292332649230957e+01
4.656169176101684570e+00
1.854719400405883789e+00
1.113951015472412109e+01
5.752546019554138184e+02
9.027020931243896484e+01
1.584500527381896973e+01
2.426680731773376465e+01
3.599452018737792969e+00
6.405989646911621094e+00
7.438988447189331055e+00
8.501377105712890625e-01
8.306265163421630859e+01
5.768882770538330078e+02
2.305513024330139160e+01
3.165795087814331055e+00
9.116129398345947266e+00
2.777869701385498047e-01
2.452360630035400391e+00
1.217017889022827148e+00
4.202960968017578125e+00
3.354177474975585938e-01
9.188310360908508301e+01
3.136247634887695312e+00
7.471462726593017578e+00
2.855579853057861328e-01
1.597285819053649902e+01
4.379286766052246094e-01
6.544905900955200195e+00
2.218039226531982422e+01
1.395037412643432617e+00
1.546164274215698242e+00
6.109094858169555664e+00
1.028753757476806641e+00
1.857249736785888672e-01
9.875151872634887695e+00
4.824748039245605469e+00
1.138705015182495117e+00
3.042476654052734375e+00
3.675592613220214844e+01
3.804244995117187500e-01
2.597873210906982422e-01
9.648251867294311523e+01
5.582799911499023438e-01
6.594375729560852051e+01
9.747493267059326172e-01
1.725545525550842285e+02
7.936594486236572266e-01
7.894081830978393555e+00
4.264485836029052734e-01
1.854574680328369141e-01
9.600048065185546875e+00
1.248852252960205078e+00
1.230468273162841797e+00
2.681971549987792969e+00
1.159383773803710938e+00
7.036769390106201172e-01
1.537423658370971680e+01
1.980125665664672852e+00
6.565753221511840820e+00
5.469317913055419922e+00
1.271830320358276367e+00
8.717012405395507812e-01
4.787693023681640625e+00
2.177211761474609375e+00
1.309455704689025879e+01
1.799108552932739258e+01
7.303693294525146484e-01
8.036971092224121094e-01
2.763205289840698242e+00
1.139995098114013672e+00
1.898326873779296875e-01
8.073329925537109375e-01
1.411198139190673828e+00
8.551242351531982422e-01
4.342228627204895020e+01
3.869821786880493164e+00
4.348184084892272949e+01
5.404891967773437500e+00
3.058607578277587891e-01
7.747788667678833008e+00
1.219930934906005859e+01
5.752031803131103516e-01
4.264168739318847656e-01
2.170240879058837891e-01
7.370710372924804688e-01
5.013828277587890625e-01
1.848409771919250488e+01
2.756952929496765137e+01
1.475333690643310547e+00
5.814426660537719727e+00
6.183640956878662109e-01
5.891170763969421387e+01
2.806663513183593750e+00
2.376860141754150391e+00
1.701019525527954102e+00
1.661670041084289551e+01
7.448687791824340820e+00
1.591570353507995605e+01
1.392191648483276367e+00
9.538810253143310547e-01
3.022370338439941406e-01
3.044459819793701172e-01
1.544171333312988281e+00
2.859778404235839844e-01
6.977889537811279297e-01
1.108485722541809082e+01
3.178288936614990234e-01
9.461321830749511719e-01
4.491977930068969727e+00
2.077140760421752930e+01
1.600407266616821289e+01
4.727988719940185547e+00
2.570064067840576172e-01
6.818680763244628906e-01
5.658872127532958984e-01
6.218595504760742188e-01
3.942859172821044922e-01
2.371826171875000000e-01
2.729065418243408203e-01
6.334841489791870117e+00
5.357234477996826172e-01
1.721945905685424805e+01
1.354878187179565430e+00
8.668951034545898438e+00
9.022478103637695312e+00
5.132560276985168457e+01
2.945306301116943359e-01
1.980739593505859375e+00
1.417168283462524414e+01
9.276373386383056641e-01
2.296614646911621094e-01
7.661035537719726562e+00
1.213005065917968750e+00
1.165014028549194336e+00
1.324970006942749023e+01
1.023593258857727051e+01
2.756157159805297852e+00
2.468656778335571289e+00
5.615188837051391602e+00
4.599149227142333984e-01
1.680512428283691406e+00
9.862326860427856445e+00
2.466275262832641602e+01
3.522931098937988281e+00
2.693705558776855469e-01
4.737020015716552734e+00
5.762802124023437500e+00
3.976485729217529297e-01
2.655761241912841797e-01
2.399043226242065430e+01
6.699487209320068359e+00
2.100930213928222656e-01
5.610965490341186523e+00
4.883875846862792969e-01
5.261907577514648438e-01
1.086874723434448242e+00
4.064523530006408691e+01
5.483759880065917969e+00
3.740458488464355469e-01
1.575585842132568359e+00
1.941657452583312988e+02
5.250061035156250000e+00
2.766942977905273438e-01
1.217894077301025391e+00
2.881505489349365234e+00
4.194129228591918945e+00
6.518687343597412109e+01
1.743453502655029297e+00
5.785540103912353516e+00
5.460809707641601562e+00
1.754240989685058594e-01
1.908347558975219727e+01
3.336222171783447266e-01
1.083847117424011230e+02
7.386615276336669922e-01
2.493174076080322266e-01
1.807355880737304688e-01
2.530898094177246094e+00
3.877289295196533203e-01
3.054614377021789551e+01
5.871773481369018555e+00
9.845006942749023438e+00
2.554062604904174805e+00
9.188476800918579102e+01
8.178050041198730469e+00
2.129835844039916992e+00
7.849060606956481934e+01
3.048677444458007812e-01
4.132077455520629883e+01
1.075366020202636719e+00
2.945036411285400391e+00
3.062575340270996094e+00
7.222130131721496582e+01
