2.079854011535644531e-01
9.310436248779296875e-02
2.427259445190429688e+00
3.934785919189453125e+02
4.068357467651367188e+00
5.803463459014892578e-01
4.879355430603027344e-02
2.522449493408203125e-01
9.646368026733398438e-02
6.462478637695312500e-02
1.320717000961303711e+01
6.588368415832519531e-01
6.544089317321777344e-02
3.612923622131347656e-02
1.075656414031982422e-01
1.246743202209472656e-01
8.644151687622070312e-02
5.333495140075683594e-02
2.134563922882080078e-01
7.026362419128417969e-02
1.005499362945556641e-01
2.146139144897460938e-01
6.293964385986328125e-02
2.546684026718139648e+00
1.048259735107421875e-01
5.282955169677734375e-01
1.149291992187500000e-01
6.213657855987548828e-01
9.769678115844726562e-02
6.152057647705078125e-02
5.700302124023437500e-02
3.203110694885253906e-01
5.480809926986694336e+02
9.370994567871093750e-02
5.099263191223144531e-01
3.529212474822998047e-01
6.182842254638671875e+00
1.076972484588623047e-01
3.461184501647949219e-01
1.395669460296630859e+00
7.492280006408691406e-02
1.717135906219482422e-01
1.363887786865234375e-01
7.051539421081542969e-02
8.791977405548095703e+00
1.784940242767333984e+00
1.042771339416503906e-01
3.954267501831054688e-02
1.023793220520019531e-01
4.120037555694580078e-01
2.055556774139404297e-01
5.885148048400878906e-02
4.216623306274414062e-02
5.980825424194335938e-02
3.267908096313476562e-02
7.939219474792480469e-02
9.621024131774902344e-02
2.734463214874267578e-01
3.735850532054901123e+02
3.801438093185424805e+00
6.904816627502441406e-02
1.121870040893554688e+00
1.250915877819061279e+02
4.207763671875000000e-01
6.301641464233398438e-02
7.969713211059570312e-02
1.736412048339843750e-01
3.360462188720703125e-02
2.453250885009765625e+00
1.072799921035766602e+00
9.849715232849121094e-02
1.003570556640625000e-01
6.365704536437988281e-02
7.101035118103027344e-02
1.872575283050537109e-01
5.001115798950195312e-02
9.271025657653808594e-02
5.534720420837402344e-02
1.003534793853759766e-01
8.542561531066894531e-02
2.425969600677490234e+00
2.446053028106689453e-01
5.223703384399414062e-02
2.207460641860961914e+00
2.537600994110107422e-01
6.968688964843750000e-02
1.300411224365234375e-01
5.642890930175781250e-02
7.513713836669921875e-02
1.364550590515136719e-01
5.571341514587402344e-02
9.225835800170898438e-01
2.002344131469726562e-01
8.162283897399902344e-02
4.731986522674560547e-01
2.591986656188964844e-01
1.142275333404541016e-01
7.496237754821777344e-02
1.722173690795898438e-01
4.806113243103027344e-02
9.508705139160156250e-02
4.221844673156738281e-02
3.983354568481445312e-02
1.073937416076660156e-01
3.319623470306396484e-01
3.447487354278564453e-01
5.616831779479980469e-02
1.505646705627441406e-01
2.736773490905761719e-01
6.441283226013183594e-02
6.963753700256347656e-02
3.662610054016113281e-02
3.619790077209472656e-02
2.607269287109375000e-01
1.949017047882080078e-01
1.488165855407714844e-01
1.896133422851562500e-01
6.079936027526855469e-02
1.654427051544189453e-01
1.683096885681152344e-01
1.345469951629638672e-01
4.136953353881835938e-01
1.008508205413818359e-01
2.198784351348876953e-01
9.898662567138671875e-02
1.037464141845703125e-01
1.524219512939453125e-01
1.035933494567871094e-01
1.666309833526611328e-01
6.452751159667968750e-02
6.220865249633789062e-02
3.435969352722167969e-02
6.066203117370605469e-02
1.000818834304809570e+02
1.564955711364746094e-01
5.860297679901123047e-01
1.134669780731201172e-01
1.479582786560058594e-01
2.048008441925048828e-01
5.827355384826660156e-02
9.978151321411132812e-02
1.006343364715576172e-01
1.006743907928466797e-01
1.939780712127685547e-01
6.881117820739746094e-02
7.979989051818847656e-02
1.182416200637817383e+00
1.638894081115722656e-01
1.358854770660400391e-01
8.370301675796508789e+01
6.691598892211914062e-01
3.255035877227783203e-01
3.382441997528076172e-01
1.098821163177490234e-01
1.114452886581420898e+01
3.993623256683349609e-01
2.107780241966247559e+01
9.640312194824218750e-02
1.858796508312225342e+02
1.160042285919189453e-01
7.569901943206787109e-01
1.938905715942382812e-01
1.516268253326416016e-01
7.365751266479492188e-02
5.733561515808105469e-02
7.470717430114746094e-01
4.308116436004638672e+00
5.243883166313171387e+02
7.881546020507812500e-02
9.774446487426757812e-02
3.759806156158447266e-01
8.969759941101074219e-02
1.947565078735351562e-01
4.797792434692382812e-02
1.589584350585937500e-01
5.497145652770996094e-02
2.714966297149658203e+00
8.863129377365112305e+00
2.309725284576416016e-01
7.663917541503906250e-02
1.240806579589843750e-01
6.276893615722656250e-02
2.438371181488037109e-01
4.782223701477050781e-02
8.762025833129882812e-02
1.018693447113037109e-01
7.037806510925292969e-02
1.324040889739990234e-01
4.285764694213867188e-02
7.925128936767578125e-02
5.474519729614257812e-02
1.329870223999023438e-01
2.424972057342529297e-01
2.027451992034912109e-01
7.173442840576171875e-02
2.728633880615234375e-01
3.384362459182739258e+00
7.797884941101074219e-02
7.706212997436523438e-02
4.517087936401367188e+00
