1.412098407745361328e-01
2.995514869689941406e-02
2.694029808044433594e-01
3.330177800655364990e+02
6.269474744796752930e+00
2.274291515350341797e-01
5.932688713073730469e-02
2.065691947937011719e-01
1.735360622406005859e-01
6.348514556884765625e-02
1.575091862678527832e+01
3.709084987640380859e-01
5.476212501525878906e-02
3.011465072631835938e-02
1.065590381622314453e-01
9.648966789245605469e-02
8.525347709655761719e-02
4.025030136108398438e-02
1.975183486938476562e-01
6.822037696838378906e-02
5.770897865295410156e-02
5.694222450256347656e-02
5.904769897460937500e-02
1.147894620895385742e+00
4.537463188171386719e-02
4.931616783142089844e-01
3.039803504943847656e-01
3.209829330444335938e-02
6.569004058837890625e-02
4.800343513488769531e-02
5.055618286132812500e-02
3.215627670288085938e-01
4.755221312046051025e+02
6.223273277282714844e-02
2.462422847747802734e-01
3.435256481170654297e-01
6.108220577239990234e+00
1.013410091400146484e-01
2.925145626068115234e-01
1.361256837844848633e+00
7.418203353881835938e-02
2.326774597167968750e-02
1.330885887145996094e-01
8.017396926879882812e-02
8.603538036346435547e+00
1.914916038513183594e-01
9.005975723266601562e-02
3.530097007751464844e-02
1.041257381439208984e-01
3.663718700408935547e-01
2.006924152374267578e-01
9.601593017578125000e-02
4.204368591308593750e-02
5.927300453186035156e-02
3.292870521545410156e-02
7.721590995788574219e-02
1.161911487579345703e-01
2.693502902984619141e-01
3.514956495761871338e+02
5.093008995056152344e+00
6.799745559692382812e-02
1.178692340850830078e+00
1.100841281414031982e+02
3.764126300811767578e-01
6.808567047119140625e-02
4.604911804199218750e-02
1.644454002380371094e-01
3.386211395263671875e-02
3.405475378036499023e+00
9.543833732604980469e-01
8.962082862854003906e-02
1.110038757324218750e-01
6.975150108337402344e-02
7.182860374450683594e-02
1.345884799957275391e-01
4.260301589965820312e-02
1.057317256927490234e-01
8.118081092834472656e-02
1.262805461883544922e-01
7.763481140136718750e-02
2.218884229660034180e+00
2.122507095336914062e-01
4.760193824768066406e-02
1.388802051544189453e+00
3.502213954925537109e-01
8.024263381958007812e-02
1.388633251190185547e-01
5.873489379882812500e-02
9.780454635620117188e-02
1.332955360412597656e-01
5.456018447875976562e-02
7.731287479400634766e-01
2.891709804534912109e-01
9.298801422119140625e-02
4.543941020965576172e-01
2.312989234924316406e-01
1.083140373229980469e-01
9.016861915588378906e-01
1.700670719146728516e-01
5.666851997375488281e-02
4.358816146850585938e-02
4.916787147521972656e-02
4.032206535339355469e-02
1.278183460235595703e-01
4.211888313293457031e-01
3.217217922210693359e-01
5.732226371765136719e-02
1.491768360137939453e-01
2.435789108276367188e-01
6.426668167114257812e-02
8.226966857910156250e-02
3.491878509521484375e-02
3.585624694824218750e-02
2.510788440704345703e-01
1.709520816802978516e-01
1.393616199493408203e-01
1.020967960357666016e-01
6.667470932006835938e-02
1.626703739166259766e-01
1.509253978729248047e-01
1.267788410186767578e-01
2.606308460235595703e-01
1.028642654418945312e-01
2.072937488555908203e-01
1.032712459564208984e-01
1.050381660461425781e-01
1.676728725433349609e-01
1.076085567474365234e-01
2.159445285797119141e-01
1.187057495117187500e-01
6.386613845825195312e-02
3.735518455505371094e-02
4.556989669799804688e-02
1.022559583187103271e+02
1.735818386077880859e-01
8.016607761383056641e-01
1.161136627197265625e-01
1.758878231048583984e-01
1.491813659667968750e-01
5.922961235046386719e-02
1.020731925964355469e-01
9.500074386596679688e-02
9.045028686523437500e-02
2.296571731567382812e-01
6.571030616760253906e-02
7.078599929809570312e-02
9.487969875335693359e-01
1.395468711853027344e-01
1.329014301300048828e-01
7.229080057144165039e+01
2.875337600708007812e-01
2.846121788024902344e-01
2.501304149627685547e-01
9.785985946655273438e-02
7.589721679687500000e-02
1.823761463165283203e-01
1.867979788780212402e+01
5.066442489624023438e-02
1.767210099697113037e+02
2.754688262939453125e-02
2.104821205139160156e-01
1.302666664123535156e-01
1.432907581329345703e-01
7.585000991821289062e-02
5.237793922424316406e-02
2.587840557098388672e-01
3.153583526611328125e+00
4.663769476413726807e+02
4.045867919921875000e-02
9.723186492919921875e-02
3.103861808776855469e-01
9.772896766662597656e-02
1.443073749542236328e-01
5.674552917480468750e-02
1.550071239471435547e-01
4.642319679260253906e-02
2.393003225326538086e+00
8.069935321807861328e+00
2.075247764587402344e-01
4.765915870666503906e-02
8.202123641967773438e-02
5.117249488830566406e-02
2.821764945983886719e-01
5.339765548706054688e-02
1.718018770217895508e+00
1.134688854217529297e-01
1.948709487915039062e-01
1.612508296966552734e-01
3.994965553283691406e-02
7.534146308898925781e-02
5.225872993469238281e-02
1.196875572204589844e-01
2.163577079772949219e-01
1.740012168884277344e-01
8.840489387512207031e-02
6.816339492797851562e-02
3.008782148361206055e+00
9.277510643005371094e-02
8.199310302734375000e-02
4.444112300872802734e+00
