1.101505756378173828e-01
7.512116432189941406e-02
1.769630908966064453e+00
3.457004618644714355e+02
3.747395277023315430e+00
2.224009037017822266e-01
4.686498641967773438e-02
2.332842350006103516e-01
8.057594299316406250e-02
5.476856231689453125e-02
1.605573701858520508e+01
4.193031787872314453e-01
4.911255836486816406e-02
3.292679786682128906e-02
7.383370399475097656e-02
9.112310409545898438e-02
7.628011703491210938e-02
4.787921905517578125e-02
2.011568546295166016e-01
6.143903732299804688e-02
5.154061317443847656e-02
4.570221900939941406e-02
4.865980148315429688e-02
1.726212263107299805e+00
8.915615081787109375e-02
5.860531330108642578e-01
1.027088165283203125e-01
6.219973564147949219e-01
7.966685295104980469e-02
5.508184432983398438e-02
4.479050636291503906e-02
2.951884269714355469e-01
4.622846307754516602e+02
7.242941856384277344e-02
4.238104820251464844e-01
3.442411422729492188e-01
5.948425054550170898e+00
1.030099391937255859e-01
3.668000698089599609e-01
1.359647035598754883e+00
7.168722152709960938e-02
1.433024406433105469e-01
1.191093921661376953e-01
6.214952468872070312e-02
8.372383832931518555e+00
1.625967264175415039e+00
9.048557281494140625e-02
3.316950798034667969e-02
9.648203849792480469e-02
3.497955799102783203e-01
2.018787860870361328e-01
5.504679679870605469e-02
3.757500648498535156e-02
5.617475509643554688e-02
3.052043914794921875e-02
1.432387828826904297e-01
9.317898750305175781e-02
2.613945007324218750e-01
3.503003423213958740e+02
3.660632371902465820e+00
9.205198287963867188e-02
1.184196472167968750e+00
1.647517623901367188e+02
4.345047473907470703e-01
5.929541587829589844e-02
7.186555862426757812e-02
2.056031227111816406e-01
3.325343132019042969e-02
2.244529724121093750e+00
9.760463237762451172e-01
9.924626350402832031e-02
9.711194038391113281e-02
6.554508209228515625e-02
6.561994552612304688e-02
1.767480373382568359e-01
4.301834106445312500e-02
8.420753479003906250e-02
5.058693885803222656e-02
8.797144889831542969e-02
7.941961288452148438e-02
2.754865646362304688e+00
5.330269336700439453e-01
5.510902404785156250e-02
2.377998352050781250e+00
2.333624362945556641e-01
6.435585021972656250e-02
1.210975646972656250e-01
5.919742584228515625e-02
7.492971420288085938e-02
1.291933059692382812e-01
5.291318893432617188e-02
8.732774257659912109e-01
1.647901535034179688e-01
7.824826240539550781e-02
7.641983032226562500e-01
2.371702194213867188e-01
1.100935935974121094e-01
6.917977333068847656e-02
1.644477844238281250e-01
4.576778411865234375e-02
9.216713905334472656e-02
4.198718070983886719e-02
3.855824470520019531e-02
1.024062633514404297e-01
3.247065544128417969e-01
3.587851524353027344e-01
4.870891571044921875e-02
1.614592075347900391e-01
2.548868656158447266e-01
5.835580825805664062e-02
6.561756134033203125e-02
3.535413742065429688e-02
3.540277481079101562e-02
5.108642578125000000e-01
1.930491924285888672e-01
1.403572559356689453e-01
2.006540298461914062e-01
6.054639816284179688e-02
1.640818119049072266e-01
1.463012695312500000e-01
1.262590885162353516e-01
3.859119415283203125e-01
9.529972076416015625e-02
2.280650138854980469e-01
9.285449981689453125e-02
1.009128093719482422e-01
5.104236602783203125e-01
9.803748130798339844e-02
1.568226814270019531e-01
5.867218971252441406e-02
5.894446372985839844e-02
2.952456474304199219e-02
4.354929924011230469e-02
9.599466037750244141e+01
2.048056125640869141e-01
6.473860740661621094e-01
1.188087463378906250e-01
1.379539966583251953e-01
1.387760639190673828e-01
5.653214454650878906e-02
9.126448631286621094e-02
9.420132637023925781e-02
8.720588684082031250e-02
2.321748733520507812e-01
8.305406570434570312e-02
6.607007980346679688e-02
1.572520494461059570e+00
1.361014842987060547e-01
1.257491111755371094e-01
7.810730195045471191e+01
3.176090717315673828e-01
2.707509994506835938e-01
2.514805793762207031e-01
9.748387336730957031e-02
9.340287446975708008e+00
1.752612590789794922e-01
1.945826101303100586e+01
4.810714721679687500e-02
1.750473344326019287e+02
1.160147190093994141e-01
3.432552814483642578e-01
1.944055557250976562e-01
1.468522548675537109e-01
6.972074508666992188e-02
5.164241790771484375e-02
7.282638549804687500e-01
4.711402654647827148e+00
5.015662221908569336e+02
1.119921207427978516e-01
3.369669914245605469e-01
4.037005901336669922e-01
1.048069000244140625e-01
1.365332603454589844e-01
5.618095397949218750e-02
3.616797924041748047e-01
5.338525772094726562e-02
2.466938257217407227e+00
7.834245443344116211e+00
2.351279258728027344e-01
7.414340972900390625e-02
6.646442413330078125e-02
4.534363746643066406e-02
2.289712429046630859e-01
4.357147216796875000e-02
7.952666282653808594e-02
9.793567657470703125e-02
6.940245628356933594e-02
1.357917785644531250e-01
3.604245185852050781e-02
7.348418235778808594e-02
5.136728286743164062e-02
1.107938289642333984e-01
2.038936614990234375e-01
1.764280796051025391e-01
7.052302360534667969e-02
2.707035541534423828e-01
3.135810852050781250e+00
8.145570755004882812e-02
8.307480812072753906e-02
4.309234142303466797e+00
