0.23296380043029785
0.3528177738189697
5.871063709259033
0.10836172103881836
172.9311065673828
2.5138392448425293
0.05922436714172363
0.1123054027557373
0.02951645851135254
0.03728008270263672
0.030893802642822266
33.6440589427948
0.05498075485229492
0.026934146881103516
3.177922010421753
0.4994852542877197
7.547758102416992
4.3030431270599365
0.02057027816772461
0.02198171615600586
0.08491086959838867
6.325821161270142
0.03098464012145996
1.297018051147461
0.0612640380859375
12.092944145202637
0.06578373908996582
0.02203059196472168
24.497015476226807
0.05865144729614258
0.9492249488830566
0.1268787384033203
0.01942300796508789
0.10698342323303223
0.018859148025512695
0.16371560096740723
0.056577205657958984
2.983675718307495
0.019158124923706055
8.256788730621338
0.20000052452087402
0.1421201229095459
0.029944419860839844
0.1316089630126953
0.06174921989440918
0.018862009048461914
0.057242393493652344
0.02875804901123047
8.177396774291992
0.045473575592041016
6.310582637786865
0.32247018814086914
0.06205272674560547
15.098257064819336
0.08011245727539062
0.793097734451294
23.568758726119995
0.0765678882598877
0.06243085861206055
0.02654433250427246
103.05462384223938
178.09874176979065
1.8548431396484375
0.07953834533691406
20.861497163772583
0.03343081474304199
0.09991312026977539
0.060178518295288086
0.02555990219116211
0.33051633834838867
0.09779000282287598
0.03179001808166504
0.132096529006958
0.02530503273010254
42.68997073173523
0.07376646995544434
0.2756345272064209
0.025228500366210938
0.36011815071105957
0.17314958572387695
234.58068013191223
0.6693568229675293
0.11261582374572754
0.0692141056060791
2.433734893798828
0.26732444763183594
0.07847476005554199
0.11052703857421875
49.47441911697388
0.034635305404663086
0.04279017448425293
0.07656049728393555
4.584885835647583
8.089762926101685
0.28176093101501465
0.23090505599975586
0.022721529006958008
0.2237708568572998
2.2762980461120605
0.3085947036743164
0.02490997314453125
0.11249208450317383
0.02524566650390625
15.566387414932251
27.9368736743927
0.032683610916137695
0.2196660041809082
0.07508444786071777
0.028855085372924805
0.04990696907043457
0.08761072158813477
0.11360764503479004
0.038004398345947266
0.027782440185546875
0.06523251533508301
0.0962972640991211
0.11712050437927246
0.38401317596435547
0.03474688529968262
0.026751995086669922
0.08064961433410645
0.11046266555786133
0.05263400077819824
7.725724697113037
0.04407787322998047
0.07854914665222168
2.2359161376953125
0.022536277770996094
0.022781848907470703
0.023448944091796875
5.709294319152832
0.03055882453918457
0.7487502098083496
2.2752926349639893
0.08465051651000977
0.11473846435546875
0.14040231704711914
0.05231022834777832
0.1554710865020752
0.05086874961853027
9.580433368682861
23.21812105178833
0.03188824653625488
0.06724691390991211
18.835485696792603
0.043503761291503906
11.1060471534729
0.027492761611938477
0.04993271827697754
12.683876276016235
0.022292137145996094
0.028782129287719727
0.022790908813476562
0.044027090072631836
0.03357386589050293
0.023621797561645508
0.043885231018066406
7.012013912200928
0.9406294822692871
0.03331136703491211
0.06046938896179199
0.07828831672668457
0.137650728225708
0.08925056457519531
0.024838924407958984
0.0865175724029541
0.07266354560852051
0.11814403533935547
0.010436534881591797
0.11720514297485352
0.03517436981201172
0.06730055809020996
0.03610682487487793
6.587659597396851
3.0586462020874023
0.049982309341430664
8.150497913360596
0.05055952072143555
37.341095209121704
0.4112086296081543
36.966933727264404
0.13619351387023926
0.043401241302490234
0.3126664161682129
0.03282427787780762
18.7843120098114
0.05455422401428223
65.76564073562622
182.9355661869049
0.07032465934753418
1.4628541469573975
0.026964902877807617
0.30870747566223145
0.03473711013793945
0.06773543357849121
0.08468151092529297
7.40782356262207
424.1290295124054
0.030634164810180664
0.0916755199432373
