6.048393249511718750e-02
1.247341632843017578e-01
7.777047157287597656e-02
1.988689899444580078e+00
3.523612022399902344e-02
6.641674041748046875e-02
8.822863101959228516e-01
2.765686511993408203e-01
7.875609397888183594e-02
1.481032371520996094e-01
8.823084831237792969e-02
1.793203353881835938e-01
3.253393173217773438e-01
5.508899688720703125e-02
2.423746585845947266e-01
1.721866130828857422e-01
1.615381240844726562e-02
5.313435554504394531e+00
8.096921443939208984e-01
1.419656276702880859e-01
1.709437370300292969e-02
1.989576816558837891e-01
2.941098213195800781e-01
1.238596439361572266e-01
1.188259124755859375e-01
3.065016269683837891e-01
5.007013168334960938e+02
4.455900192260742188e-02
5.405282974243164062e-02
5.988121032714843750e-03
1.311336002349853516e+02
4.066729545593261719e-02
5.078816201686859131e+02
1.943469047546386719e-02
5.565619468688964844e-02
1.579451560974121094e-02
4.957699775695800781e-02
9.785532951354980469e-02
3.581142425537109375e-02
7.021222114562988281e-01
6.375503540039062500e-02
7.650375366210937500e-02
2.565217018127441406e-02
4.565906524658203125e-02
9.617496037483215332e+01
4.024481773376464844e-02
1.305701732635498047e-01
1.467471122741699219e-01
5.077167441844940186e+02
2.183222770690917969e-02
1.405595283508300781e+02
2.915961742401123047e-01
1.225681304931640625e-01
9.304323196411132812e-01
2.743387222290039062e-02
3.518867492675781250e-02
5.513215065002441406e-02
1.586143016815185547e+00
1.569406986236572266e-01
2.870908572673797607e+02
1.318264007568359375e-01
6.614327430725097656e-02
5.046001467704772949e+02
5.871486663818359375e-02
2.283463478088378906e-01
2.258777618408203125e-01
6.647229194641113281e-02
6.956362724304199219e-02
5.331659317016601562e-02
9.472608566284179688e-02
1.703310012817382812e-02
4.592730998992919922e-01
1.289129257202148438e-01
3.749084472656250000e-02
8.904123306274414062e-02
2.755625247955322266e-01
1.724815368652343750e-02
3.767061233520507812e-02
9.892606735229492188e-02
8.338975906372070312e-02
1.350011825561523438e-01
5.212616920471191406e-02
5.675482749938964844e-02
1.123809814453125000e-01
3.885233402252197266e-01
1.529943943023681641e-01
5.365657806396484375e-02
2.092189788818359375e-01
5.381250381469726562e-02
3.683343148231506348e+01
1.002194881439208984e-01
1.508641242980957031e-02
1.290712356567382812e-01
5.176734924316406250e-02
3.402734994888305664e+00
5.376100540161132812e-02
1.170775890350341797e-01
3.775382041931152344e-02
4.962778091430664062e-02
1.093525886535644531e-01
4.535216324329376221e+02
1.152372360229492188e-02
3.919057846069335938e+00
3.426021099090576172e+00
1.669096946716308594e-02
2.149686813354492188e-01
1.561017036437988281e-01
2.283287048339843750e-02
7.249021530151367188e-02
1.435217857360839844e-01
5.390858650207519531e-02
2.213954925537109375e-02
7.200002670288085938e-02
2.317764759063720703e-01
2.605791091918945312e-01
3.791236877441406250e-02
7.003450393676757812e-02
2.217223644256591797e-01
2.831816673278808594e-02
1.275725364685058594e-01
1.584196090698242188e-02
1.542193889617919922e-01
3.225464820861816406e-01
1.079728603363037109e-01
5.311603331565856934e+01
9.572484493255615234e-01
1.218919754028320312e-01
3.076242685317993164e+00
4.275918006896972656e-02
4.513478279113769531e-02
9.808945655822753906e-02
1.060922145843505859e-01
5.871402740478515625e+00
5.074334228038787842e+02
9.247917866706848145e+01
5.315303802490234375e-02
1.159553527832031250e-01
2.583680152893066406e-01
5.001831054687500000e-02
1.692461967468261719e-02
6.362223625183105469e-02
2.629232406616210938e-02
2.194356918334960938e-02
4.243588447570800781e-02
7.768297195434570312e-02
2.479553222656250000e-02
5.115320444107055664e+00
7.799148559570312500e-02
4.206485748291015625e-01
1.133055686950683594e-01
7.728886604309082031e-02
1.968765258789062500e-01
5.011383972167968750e+02
1.864440441131591797e-01
1.102169513702392578e+00
5.249786376953125000e-02
1.750636100769042969e-02
1.221709251403808594e-01
1.186237335205078125e-01
9.147579669952392578e-01
5.010411739349365234e-01
7.542347908020019531e-02
5.654430389404296875e-02
5.411386489868164062e-01
2.797055244445800781e-02
4.626662731170654297e+00
7.954380512237548828e-01
1.912128925323486328e-01
1.147122383117675781e-01
3.934431076049804688e-01
5.376649856567382812e+00
1.231598258018493652e+02
1.954901218414306641e-01
6.253457069396972656e-02
5.689382553100585938e-02
6.143283843994140625e-02
4.374699592590332031e-01
3.118526935577392578e-01
9.732534885406494141e-01
1.106672286987304688e-01
3.401157855987548828e-01
3.731791973114013672e-01
5.794692039489746094e-02
1.024427413940429688e-01
1.250744104385375977e+00
1.893472671508789062e-02
5.569277024269104004e+01
1.748545408248901367e+00
1.082243919372558594e-01
7.507712841033935547e-01
3.727531433105468750e-02
9.478712081909179688e-02
1.241602897644042969e-01
3.751444816589355469e-02
4.298090934753417969e-02
1.148475325107574463e+02
3.045392036437988281e-02
3.800839185714721680e+00
1.017236709594726562e-01
3.973698616027832031e-02
