3.748989105224609375e-01
6.636452674865722656e-02
2.044298648834228516e-01
1.183279275894165039e+00
4.406435489654541016e-01
1.647469997406005859e-01
3.503093719482421875e-01
5.662586688995361328e-01
6.462121009826660156e-02
8.397984504699707031e-02
2.010126113891601562e-01
1.733515262603759766e-01
2.327082157135009766e-01
7.072448730468750000e-02
1.684529781341552734e-01
2.262544631958007812e-02
9.990215301513671875e-03
1.334813976287841797e+01
3.121466636657714844e-01
1.664788722991943359e-01
1.589918136596679688e-02
5.752801895141601562e-02
6.409339904785156250e-01
8.293962478637695312e-02
1.219201087951660156e-01
5.599236488342285156e-01
5.032959964275360107e+02
3.936028480529785156e-02
1.663446426391601562e-02
5.979299545288085938e-03
8.602538609504699707e+01
4.073500633239746094e-02
5.000016345977783203e+02
1.941347122192382812e-02
1.336114406585693359e-01
1.675391197204589844e-02
5.581893920898437500e-01
7.246136665344238281e-02
3.148889541625976562e-02
3.816323280334472656e-01
5.895018577575683594e-02
6.060481071472167969e-02
6.483435630798339844e-02
5.587458610534667969e-02
9.134438514709472656e+00
3.039288520812988281e-02
2.096858024597167969e-01
1.038074493408203125e-01
5.000019285678863525e+02
2.083778381347656250e-02
1.034053428173065186e+02
2.327873706817626953e+00
1.553206443786621094e-01
3.828752040863037109e-01
2.499103546142578125e-02
1.841139793395996094e-02
3.415727615356445312e-02
5.033206939697265625e-02
2.491869926452636719e-01
1.717248935699462891e+02
1.446962356567382812e-01
8.843660354614257812e-02
5.004413175582885742e+02
2.081811428070068359e-01
3.567385673522949219e-02
1.813745498657226562e-01
5.854876041412353516e-01
1.504898071289062500e-02
2.804827690124511719e-02
2.226948738098144531e-01
1.947689056396484375e-02
1.445080184936523438e+01
2.742218971252441406e-01
4.906058311462402344e-02
1.532616615295410156e-01
9.007494449615478516e-01
1.587986946105957031e-02
2.543663978576660156e-02
7.096481323242187500e-02
5.489969253540039062e-02
5.356740951538085938e-02
3.222298622131347656e-02
1.136519908905029297e-01
7.141971588134765625e-02
2.166535854339599609e-01
1.656811237335205078e-01
5.437493324279785156e-02
7.021465301513671875e-01
2.978587150573730469e-02
3.574488162994384766e-01
5.000376701354980469e-02
2.218556404113769531e-02
1.816284656524658203e-01
4.284501075744628906e-02
5.543084764480590820e+01
3.534078598022460938e-02
4.942989349365234375e-02
5.266928672790527344e-02
5.133962631225585938e-02
6.493878364562988281e-02
5.000061693191528320e+02
1.197910308837890625e-02
1.394726991653442383e+00
4.877670764923095703e+00
9.869654178619384766e-01
4.509451389312744141e-01
5.795168876647949219e-02
2.316498756408691406e-02
1.329464912414550781e-01
7.563853263854980469e-02
3.409481048583984375e-02
5.465857982635498047e-01
1.409828662872314453e-01
2.001466751098632812e-01
1.056389093399047852e+00
3.846430778503417969e-02
4.396915435791015625e-02
8.967087268829345703e-01
2.875518798828125000e-02
7.218155860900878906e-01
1.457619667053222656e-02
2.240631580352783203e-01
5.605530738830566406e-01
4.065322875976562500e-02
9.492681026458740234e-01
3.309845924377441406e-01
1.899631023406982422e-01
1.239765501022338867e+01
6.474995613098144531e-02
1.708745956420898438e-02
1.349756717681884766e-01
1.020677089691162109e-01
1.093483138084411621e+01
5.063916230201721191e+02
9.719609570503234863e+01
1.366355419158935547e-01
7.510638236999511719e-02
6.620826721191406250e-01
3.227496147155761719e-02
1.049504280090332031e-01
5.635805130004882812e-01
2.541661262512207031e-02
1.605868339538574219e-02
5.224466323852539062e-02
2.785968780517578125e-02
5.584239959716796875e-02
2.310565710067749023e+00
9.386730194091796875e-02
2.563383579254150391e-01
9.671878814697265625e-02
4.892516136169433594e-02
2.017188072204589844e-01
5.039119205474853516e+02
5.606250762939453125e-01
6.165091991424560547e-01
2.878665924072265625e-02
4.333305358886718750e-02
1.220393180847167969e-01
1.266031265258789062e-01
8.378088474273681641e-01
1.552203178405761719e+00
4.116082191467285156e-02
4.302382469177246094e-02
1.516964673995971680e+00
1.544849872589111328e-01
5.529854536056518555e+00
3.416795730590820312e-01
3.673338890075683594e-02
2.925133705139160156e-02
5.076384544372558594e-02
8.069443702697753906e-01
6.059406185150146484e+01
2.566549777984619141e-01
6.689167022705078125e-02
2.055811882019042969e-02
3.665199279785156250e-01
2.302269935607910156e-01
6.098842620849609375e-02
1.125486373901367188e+00
4.733967781066894531e-02
1.539659738540649414e+00
3.648204803466796875e-01
3.709030151367187500e-02
1.010141372680664062e+00
1.162594318389892578e+00
2.546191215515136719e-02
8.635287284851074219e-01
4.734394073486328125e+00
1.586315631866455078e-01
6.306595802307128906e-01
3.155136108398437500e-02
2.023053169250488281e-02
2.156352996826171875e-02
3.532004356384277344e-02
2.819156646728515625e-02
1.089847939014434814e+02
8.329987525939941406e-02
2.043790411949157715e+01
4.209995269775390625e-02
3.046703338623046875e-02
