4.943966865539550781e-02
8.003950119018554688e-02
1.953606605529785156e-01
1.239165544509887695e+00
2.186417579650878906e-02
6.567931175231933594e-02
3.454108238220214844e-01
5.203430652618408203e-01
7.587218284606933594e-02
2.835125923156738281e-01
1.013176441192626953e-01
2.670705318450927734e-01
2.264425754547119141e-01
4.269075393676757812e-02
1.956801414489746094e-01
1.878166198730468750e-02
9.550809860229492188e-03
2.454189968109130859e+01
4.724533557891845703e-01
1.000347137451171875e-01
1.669359207153320312e-02
8.715510368347167969e-02
5.333600044250488281e-01
2.614545822143554688e-02
8.611941337585449219e-02
6.799740791320800781e-01
5.001425902843475342e+02
2.549729347229003906e-01
1.617383956909179688e-02
6.057739257812500000e-03
5.000010695457458496e+02
4.067039489746093750e-02
5.009153010845184326e+02
1.726508140563964844e-02
1.372909545898437500e-01
1.784443855285644531e-02
1.235578060150146484e-01
1.153645515441894531e-01
2.741146087646484375e-02
5.735306739807128906e-01
3.238334655761718750e-01
3.060126304626464844e-02
2.797317504882812500e-02
2.198147773742675781e-02
8.793645381927490234e+00
2.319693565368652344e-02
3.989520072937011719e-01
9.872460365295410156e-02
5.009026479721069336e+02
1.273987293243408203e-01
1.322014877796173096e+02
2.307154893875122070e+00
1.477055549621582031e-01
1.272902488708496094e-01
2.555799484252929688e-02
1.925683021545410156e-02
3.176999092102050781e-02
4.370188713073730469e-02
1.212692260742187500e-01
3.568235394954681396e+02
6.273698806762695312e-02
5.898141860961914062e-02
5.002629122734069824e+02
7.189917564392089844e-02
2.012205123901367188e-02
1.172533035278320312e-01
1.200644969940185547e-01
1.354312896728515625e-02
2.886438369750976562e-02
1.915829181671142578e-01
1.942873001098632812e-02
4.104740619659423828e-01
2.257845401763916016e-01
2.823400497436523438e-02
5.839538574218750000e-02
2.777750492095947266e-01
1.646804809570312500e-02
1.007404327392578125e-01
4.907488822937011719e-02
2.101006507873535156e-01
2.718260288238525391e-01
4.527568817138671875e-03
5.740427970886230469e-02
7.354760169982910156e-02
2.145843505859375000e-01
6.353545188903808594e-02
7.560968399047851562e-02
2.693550586700439453e-01
3.143644332885742188e-02
2.775144577026367188e-01
4.265713691711425781e-02
1.313090324401855469e-02
2.014207839965820312e-01
3.940153121948242188e-02
2.806319952011108398e+00
3.632783889770507812e-02
4.461717605590820312e-02
4.429187774658203125e-01
4.816699028015136719e-02
6.518530845642089844e-02
4.085716578960418701e+02
3.724813461303710938e-03
1.500830411911010742e+00
1.069017314910888672e+01
1.028119802474975586e+00
1.172749996185302734e-01
6.429982185363769531e-02
2.323126792907714844e-02
9.016203880310058594e-02
2.296512126922607422e-01
3.161668777465820312e-02
4.231734275817871094e-01
3.813946247100830078e-01
6.894495487213134766e-01
3.592610359191894531e-01
4.135107994079589844e-02
6.395173072814941406e-02
3.594479560852050781e-01
1.825404167175292969e-02
1.332778930664062500e-01
1.557898521423339844e-02
5.057539939880371094e-01
1.883101463317871094e+00
5.517387390136718750e-02
9.254643917083740234e-01
8.029601573944091797e-01
1.424672603607177734e-01
2.615088462829589844e+00
1.368451118469238281e-01
1.766800880432128906e-02
5.463647842407226562e-02
2.497487068176269531e-01
3.999888658523559570e+00
5.003572938442230225e+02
9.535428547859191895e+01
2.759230136871337891e-01
1.131646633148193359e-01
4.724204540252685547e-01
3.077316284179687500e-02
1.783251762390136719e-02
2.297186851501464844e-02
1.577281951904296875e-02
1.677894592285156250e-02
3.507804870605468750e-02
2.981591224670410156e-02
2.379083633422851562e-02
2.339117765426635742e+00
9.302926063537597656e-02
3.483421802520751953e-01
4.347782135009765625e-01
4.937744140625000000e-02
2.860682010650634766e-01
5.013681945800781250e+02
2.771809101104736328e-01
1.118131160736083984e+00
1.495051383972167969e-02
4.532957077026367188e-02
2.125871658325195312e+00
9.225606918334960938e-02
8.465430736541748047e-01
6.042549610137939453e-01
2.983593940734863281e-02
5.180191993713378906e-02
1.057460546493530273e+00
1.641788482666015625e-01
5.747633695602416992e+00
3.432593345642089844e-01
3.931450843811035156e-02
3.377366065979003906e-02
3.789753913879394531e-01
1.717566728591918945e+00
5.879081296920776367e+01
4.976646900177001953e-01
6.709289550781250000e-02
2.777719497680664062e-02
1.053454875946044922e-01
1.657543182373046875e-01
5.698156356811523438e-02
2.319671154022216797e+00
2.545428276062011719e-02
1.341408729553222656e+00
5.437448024749755859e-01
4.481148719787597656e-02
1.169006824493408203e-01
7.633016109466552734e+00
2.685308456420898438e-02
2.496557235717773438e-01
4.813851594924926758e+00
2.304682731628417969e-01
6.587665081024169922e-01
3.212714195251464844e-02
2.112793922424316406e-02
2.557325363159179688e-02
4.359626770019531250e-02
2.910375595092773438e-02
1.398110287189483643e+02
3.190612792968750000e-02
3.802150011062622070e+00
2.477335929870605469e-02
2.200007438659667969e-02
