3.943705558776855469e-02
6.008100509643554688e-02
1.723458766937255859e-01
1.082823514938354492e+00
3.036189079284667969e-02
5.205249786376953125e-02
3.313446044921875000e-01
2.125709056854248047e-01
8.130311965942382812e-02
8.836007118225097656e-02
1.768312454223632812e-01
1.731436252593994141e-01
2.662079334259033203e-01
3.929138183593750000e-02
1.011054515838623047e-01
2.645921707153320312e-02
1.044273376464843750e-02
2.196226572990417480e+01
3.468978404998779297e-01
1.591205596923828125e-01
1.656198501586914062e-02
6.312489509582519531e-02
1.810324192047119141e-01
4.160213470458984375e-02
7.233548164367675781e-02
1.714282035827636719e-01
5.001851110458374023e+02
3.885793685913085938e-02
3.746581077575683594e-02
5.741596221923828125e-03
1.369865005016326904e+02
4.546761512756347656e-02
5.052390201091766357e+02
2.772784233093261719e-02
6.665349006652832031e-02
1.716494560241699219e-02
3.122425079345703125e-02
4.205799102783203125e-02
4.599261283874511719e-02
1.294744729995727539e+00
7.427930831909179688e-02
3.269243240356445312e-02
2.683806419372558594e-02
2.139973640441894531e-02
8.724080324172973633e+00
1.703500747680664062e-02
2.475996017456054688e-01
9.499144554138183594e-02
5.049462559223175049e+02
2.165055274963378906e-02
1.093192462921142578e+02
6.383907794952392578e-01
8.860659599304199219e-02
2.444674968719482422e-01
2.521514892578125000e-02
4.556536674499511719e-02
3.883290290832519531e-02
4.770755767822265625e-02
4.854369163513183594e-02
2.814299237728118896e+02
1.010885238647460938e-01
6.551456451416015625e-02
5.035994393825531006e+02
7.372045516967773438e-02
2.616882324218750000e-02
3.843598365783691406e-01
1.210105419158935547e-01
4.816269874572753906e-02
2.907133102416992188e-02
9.428000450134277344e-02
1.983666419982910156e-02
4.555711746215820312e-01
1.618046760559082031e-01
3.477621078491210938e-02
4.416203498840332031e-02
3.190245628356933594e-01
1.713490486145019531e-02
3.231477737426757812e-02
1.361830234527587891e-01
6.859493255615234375e-02
5.891895294189453125e-02
3.947019577026367188e-03
1.250059604644775391e-01
5.405569076538085938e-02
1.505095958709716797e-01
1.429078578948974609e-01
5.144548416137695312e-02
7.041602134704589844e-01
4.889202117919921875e-02
1.575961112976074219e-01
4.101967811584472656e-02
1.668953895568847656e-02
1.449120044708251953e-01
6.835126876831054688e-02
9.348437070846557617e+00
7.837009429931640625e-02
4.063582420349121094e-02
4.340887069702148438e-02
3.291273117065429688e-02
1.032402515411376953e-01
5.000044007301330566e+02
3.599166870117187500e-03
1.393923759460449219e+00
3.313281059265136719e+00
1.372623443603515625e-01
1.807656288146972656e-01
6.621360778808593750e-02
2.335214614868164062e-02
6.941270828247070312e-02
7.756066322326660156e-02
4.911613464355468750e-02
2.881431579589843750e-02
1.870131492614746094e-01
1.121244430541992188e-01
2.446663379669189453e-01
4.102301597595214844e-02
4.283881187438964844e-02
2.603974342346191406e-01
1.911664009094238281e-02
9.649157524108886719e-02
1.572275161743164062e-02
1.026480197906494141e-01
3.705728054046630859e-01
4.098248481750488281e-02
9.853508472442626953e-01
2.932906150817871094e-01
6.059975624084472656e-01
1.334145426750183105e+01
5.850100517272949219e-02
2.404642105102539062e-02
5.616450309753417969e-02
7.620835304260253906e-02
4.493424794673919678e+02
5.046690988540649414e+02
9.535385775566101074e+01
5.580043792724609375e-02
8.056497573852539062e-02
7.356748580932617188e-01
4.749727249145507812e-02
1.673197746276855469e-02
2.920794486999511719e-02
2.632308006286621094e-02
1.567077636718750000e-02
3.462934494018554688e-02
1.372148990631103516e-01
2.205252647399902344e-02
2.110286474227905273e+00
9.877991676330566406e-02
2.921977043151855469e-01
7.593488693237304688e-02
6.452965736389160156e-02
1.097102165222167969e-01
5.002251896858215332e+02
1.955397129058837891e-01
3.784716129302978516e-01
2.392697334289550781e-02
1.735138893127441406e-02
4.479789733886718750e-02
6.232285499572753906e-02
9.098165035247802734e-01
1.587719917297363281e+00
3.512072563171386719e-02
4.323410987854003906e-02
1.239476919174194336e+00
1.647591590881347656e-02
1.298964428901672363e+01
3.269095420837402344e-01
2.913975715637207031e-02
2.958106994628906250e-02
3.799660205841064453e-01
5.354359149932861328e-01
6.041391396522521973e+01
1.221759319305419922e-01
6.657385826110839844e-02
2.140140533447265625e-02
6.795310974121093750e-02
8.210372924804687500e-02
8.199262619018554688e-02
9.611275196075439453e-01
1.492199897766113281e-01
1.342176437377929688e+00
5.319550037384033203e-01
3.784728050231933594e-02
9.688091278076171875e-02
6.770098686218261719e+00
3.622531890869140625e-02
1.625719070434570312e-01
1.750284671783447266e+00
1.195688247680664062e-01
7.936997413635253906e-01
1.658153533935546875e-02
4.583072662353515625e-02
2.312135696411132812e-02
2.459454536437988281e-02
4.268980026245117188e-02
1.127650995254516602e+02
3.289961814880371094e-02
1.451146697998046875e+01
2.163338661193847656e-02
2.890586853027343750e-02
