2.720193790044356685e+00
4.486873850495811666e+00
1.789097010561387258e+00
1.687333663950372431e+00
2.290657368856768183e+00
2.749832533775723675e+00
1.691767340293258037e+00
2.280518646451547937e+01
5.794069137711328921e+00
1.434852547139015222e+00
1.671635825529829145e+00
4.029488975986680543e+00
1.657013241902725476e+00
1.022641271979409794e+00
2.302207828171793924e+00
4.400714903107641796e+00
6.138171872179174926e+00
2.402046972973795214e+00
2.624711936232468901e+00
4.708360033864163796e+00
1.129261456251824169e+00
6.024875992792671831e+00
1.295459572182375396e+00
9.234516370421095743e+00
2.353640969691837004e+00
2.709261795978818110e+00
1.060888078327793638e+00
5.315712287656509716e+00
2.307188283974956011e+00
1.906959319324511171e+01
1.121367837557441938e+01
5.251698519644821594e+00
1.481816439535217356e+00
3.344317826995471421e+00
5.836834987672848030e+00
1.845861440116735031e+00
1.667915154319967286e+00
2.028444811267380743e+00
3.617328054074976595e+00
2.181661782523008242e+00
3.708834693561966489e+00
2.969451352971329339e+00
5.577698524687764170e+00
2.552028767872040582e+00
8.325414746673690303e+00
4.826442873161798097e+00
3.897466686099308131e+00
2.457727353070943810e+00
4.388250846441901665e+00
3.202866729038160720e+00
1.074996034402164735e+00
2.502363736984988929e+00
3.646895826145441610e+00
1.686440165842533645e+00
1.586566359167451035e+00
5.361171080036558401e+00
1.542430946783500678e+00
1.981652776200749422e+00
6.623241566042140427e+00
4.132061550571028086e+00
1.953148186528497421e+00
1.230718643195785278e+00
8.210972360667241787e+00
1.530095331820750859e+00
2.677368824761201438e+01
2.696641863667952776e+00
5.595526183104072793e+00
8.497843948336631925e+00
1.481454124546190076e+00
1.709804298386382149e+00
1.036691013865015876e+01
2.248286062715050715e+00
1.566112881013028479e+00
3.612882906253065407e+00
1.148308021205982410e+00
2.727659976535001807e+00
1.040724590043881959e+00
1.094747435234312505e+00
4.691120232861936579e+00
2.511786293861942632e+00
1.427990747498105728e+00
4.593538837019472076e+00
2.605939084632115765e+00
6.197333522273058115e+00
2.902827522847057473e+00
2.241085020909526104e+00
2.912509091373084225e+00
1.588458020951930783e+00
2.798100151138657399e+00
6.506720710266370666e+00
2.273418830535657520e+01
1.567764338336360197e+00
5.721476548910904292e+00
1.501893386796754548e+00
3.419195595782446251e+00
7.540304591191820727e+00
1.555168800519204586e+00
1.499563162797147964e+00
1.211417893849105143e+00
2.428534963993481899e+00
1.115807152653233381e+00
3.301363221206946363e+00
5.150165515486103018e+00
1.700761834735401212e+00
1.414414809850077059e+00
2.694875301461200134e+00
4.385250441001730337e+00
6.827271968011165981e+00
1.519317252605542956e+00
9.067735385821846350e+00
3.661094036656658002e+00
3.705110448801807177e+00
1.564282683513271488e+00
2.036644668336148101e+00
6.280566864762064050e+00
6.858498733002268644e+00
7.611728975624269644e+00
7.382153540058297381e+00
5.431365279788174405e+00
3.940636387457032264e+00
3.094380822551664245e+00
1.114201973933532264e+00
2.315012339563384369e+00
7.756877014099436529e+00
4.627835204748026676e+00
4.682487407205720764e+00
2.115859646939846961e+00
2.217984345786571332e+00
5.170080929055802521e+00
6.799171980933771842e+00
2.377166260242813411e+00
3.797045383271168362e+00
2.864191098004793101e+00
1.746844561739471002e+00
2.484103434286081491e+00
1.270096851128367677e+00
3.248668280853704182e+00
2.114746946275332107e+00
3.128422752293578135e+00
1.030041706808146218e+00
7.963088103357343073e+00
1.335187698529957601e+01
1.301974774696613046e+00
6.225209548942507887e+00
7.584126422391007871e+00
1.288302012999063217e+00
1.279039617282603514e+00
1.311574152407140481e+00
3.112531385363723757e+00
1.308386958311170245e+00
3.657644962916029918e+00
2.890374750906226975e+00
6.966338909570841231e+00
2.190961789238380586e+00
1.944592504337283811e+00
1.300462708070444062e+00
1.766165112973801632e+00
1.728584108326515656e+00
2.491912416295790855e+00
3.805977590968260049e+00
6.041817340807942571e+01
1.843534911449643543e+00
2.779206074628210565e+00
7.669693340563090267e+00
3.738100045938194338e+00
2.220503337688561452e+00
3.108634700620057867e+00
5.165103812675547523e+00
2.898828919975507734e+00
6.268446159262503592e+00
1.164841816390242091e+00
1.549137248852417104e+00
1.020785288376993893e+00
1.908742529215396555e+00
2.353038338034687982e+00
1.478184888357132110e+01
1.311926504162850060e+00
4.815453665483135026e+00
1.717058622713495097e+01
4.031642587310153125e+00
1.126074523768734403e+00
2.903323404502359928e+00
5.502754542877026367e+00
1.729262895618900675e+00
2.428648683859888191e+00
1.614612863988505786e+00
1.858990499670041041e+00
1.001422337272197094e+00
1.887783563348835791e+00
4.958694542194125532e+00
7.111910267238244820e+00
1.157425956264816147e+00
2.059596782474168553e+00
4.116483200659296848e+00
1.147002738059020421e+00
1.834131642600601131e+00
1.352692940778748465e+00
1.691485901953881932e+00
3.439419573248557960e+00
2.170797143587060773e+00
2.959399581966418946e+00
4.439524546044264497e+00
8.260558873567783067e+00
2.819927889463758497e+00
2.973348860579224873e+00
1.401353647743296849e+00
1.189773735266544064e+00
1.693007650015223930e+01
1.667142452851037460e+00
2.871256126503293427e+00
1.412266826627591954e+00
2.019736777063766642e+00
3.696135078823041376e+00
1.263413070460757348e+00
1.619360325371538289e+00
2.582344124920393114e+00
1.493702651505962820e+00
1.913973485636477179e+00
1.173847506994553136e+01
3.250412130878894246e+00
2.731232850539818813e+01
1.195865442924684530e+01
2.145291606529486916e+00
1.825296802530245177e+00
1.555554579416909888e+00
1.243654014247110418e+00
3.958839570439097066e+00
1.229280618760547839e+00
1.020210649456998686e+00
9.113713238083262169e+00
4.151524374359634173e+00
4.461569265493536385e+00
1.593621719503258705e+00
1.207404901123789509e+00
4.378486473777876142e+00
1.611842825076236219e+00
3.609522905791130398e+01
5.687451475383917376e+00
1.326184320509768089e+00
2.161763728577584587e+00
1.493213804982995052e+00
3.020108834918998841e+00
4.223251330410565885e+00
1.628775069868505510e+00
1.404222253531030340e+01
2.264547420400314426e+00
1.236459094401348269e+00
7.153461691689209978e+00
2.885500136671588223e+00
4.245106756309669827e+00
2.136300718099701790e+00
2.740447115226890773e+00
1.323737173049886362e+00
2.090882534492683131e+00
4.146680956305202947e+00
3.080317410207421336e+00
4.835212955273869184e+00
2.737165985686577940e+01
1.472558644265745231e+00
1.574211858940416375e+00
1.823115267992114541e+00
1.632928797268243359e+00
3.696124715084942114e+00
1.773744558792360371e+00
2.606496032708188970e+00
2.348661861163813036e+00
1.128121019565579086e+00
3.922560425575879250e+00
1.317499572576968481e+00
1.704608367999572494e+00
4.843653954221017521e+00
9.831997262384232883e+00
1.544343314261967803e+00
4.039931430732692341e+00
3.610358540488299628e+00
2.292873175458986612e+00
2.749884926483063818e+00
2.172213555924546569e+00
3.712195552470733073e+00
2.957005904803668539e+00
3.765838322859333953e+00
1.386791006612807742e+00
1.539277718402882078e+00
2.013895533622737322e+00
1.202866922395986915e+00
1.204818270431511351e+00
1.814271044270281630e+00
2.494263276324096168e+00
2.323581753881831968e+00
5.336164810596878638e+00
3.648587983210392238e+00
1.605091830238083972e+01
2.974193216080402102e+00
7.003379883811691187e+00
4.878718128739627957e+00
5.722604257047938070e+00
3.813345933378480268e+00
4.461123966822130527e+00
3.495664013943508230e+00
4.207265477091421957e+00
2.336503574933407990e+00
2.272278494864277576e+00
1.709766968159486700e+00
2.155966823315294878e+00
1.034919578825563136e+01
1.107661894282437132e+01
3.021557098840740974e+00
4.067294138767696410e+00
3.024230526460229829e+00
1.019174014294920605e+00
4.250460232709722952e+00
1.616001766414625562e+00
3.398654551962954073e+00
7.419305574340643084e+00
1.886480933852139996e+00
5.707022629163391869e+00
1.075571654719567505e+00
1.234781612420196240e+00
1.618371946660560168e+00
1.874353167253800301e+00
3.766638137915343520e+00
8.451936082816501994e+00
1.118482591550322036e+00
3.682836687707536250e+00
2.003140746551611340e+00
2.065359188960943282e+00
1.552203541324051139e+00
1.329036683010874409e+00
1.361458362953676726e+00
2.093991385533114702e+00
5.352843145347010889e+00
8.620851265097353888e+00
1.444113883428305378e+00
5.051305339526513727e+00
6.016206924776950515e+00
3.018810005557251763e+00
2.164551892772027752e+00
1.676445503309637486e+00
3.373740298167748008e+00
5.164269905010977268e+00
1.070767095663419655e+00
4.101541407278314288e+00
4.699340768277571634e+00
1.815725854935106298e+00
1.723409487953846853e+00
3.241807296654007242e+00
6.646183002964732189e+00
1.029755511130505452e+00
3.826479107125313917e+00
4.569034191297300040e+00
2.486711688291140199e+00
3.405639720919151792e+00
3.306732337167848090e+00
5.380821760183919444e+00
1.915038359258962819e+00
1.316048616615091404e+01
5.826833416935828680e+00
3.478846010562167912e+00
1.926737086188691661e+00
2.487479337939725976e+00
5.256960828353893334e+00
2.657379586736812627e+00
8.648361769107284047e+00
4.532803056352443960e+00
1.779164356381726098e+00
2.108273977037074420e+00
2.010899142232438042e+00
3.145619545202902323e+00
3.251766858604535848e+00
5.865034949429769995e+00
2.204386483304081157e+00
6.739370439043936400e+00
4.024579444838331632e+00
6.403468003264698005e+00
3.229582193718758987e+00
1.025924397181307679e+00
1.238732000117463983e+00
1.304151309167219353e+01
5.131286107221756154e+00
4.879896693812660224e+00
3.761062744004461944e+00
1.420217718303835586e+00
1.147458668617410416e+00
1.391827621752907085e+00
2.164939253268020281e+00
2.521279013604653674e+00
5.409437861049281260e+00
1.037014743703005726e+00
1.851400488324046911e+00
2.492849825404391595e+01
6.520684901088334762e+00
2.890549337206664848e+00
1.695131273038890996e+00
4.589883270120746595e+00
4.865213674165081770e+00
1.036976240433918450e+00
3.326972293773727163e+00
1.095989736656964419e+00
4.059964985086939926e+00
2.309435681748251756e+00
2.913188762479684168e+00
6.297022534934795246e+00
6.673300059324930089e+00
4.152995186699822483e+00
1.229901180132278560e+00
4.765382655723301220e+00
1.432867585294009816e+00
2.562725328866334973e+00
1.287460238595360851e+00
1.047166273111024504e+00
1.039257090905457925e+00
2.183104404146430699e+00
1.000956095716530436e+00
1.191787605200151479e+00
3.327827993609465906e+00
1.735355238950379242e+00
2.691252389002580347e+00
1.705427442109433311e+00
2.356522733520259649e+00
1.074356297218355349e+00
2.131208598390847975e+00
1.094685374737032868e+00
1.550490379236102889e+00
1.487126148879346799e+00
2.335015608086069339e+00
6.976849282569384414e+00
3.512852425813537405e+00
2.287373729869782490e+00
5.320328503781185603e+00
3.522553225446821479e+00
4.675396739926173773e+00
1.648808560311755933e+00
3.994138630800522449e+00
1.095268878630996312e+00
5.625428202559362489e+00
2.607285017672764216e+00
1.607200331826541317e+00
2.122001063673293775e+00
1.668144832973395220e+00
2.423509553315461584e+00
3.472277228263630722e+00
2.487374739297960158e+00
1.219165567323263311e+00
1.758069917235359991e+00
3.494150512969185218e+00
1.595422999390558427e+00
2.579689625976405054e+00
1.480399850527943428e+01
2.121523709729762341e+00
5.205721879554942255e+00
1.041480764124271730e+01
1.648742519054321232e+00
1.520047886850282026e+01
1.331435172344801021e+00
5.579922438623236225e+00
1.761161574444977518e+01
1.454242352385372916e+00
4.438452002554043041e+00
3.738476625936145048e+00
1.112547922234449427e+00
3.627682758743417946e+00
1.088519673014579192e+00
1.368237931339729707e+00
2.015422253478660330e+00
3.459008628457210577e+00
1.916771050597808834e+00
2.474322694934090627e+00
1.387418158541418700e+00
3.435074164420548470e+00
1.420302881963304786e+00
2.420128735765294081e+00
1.417186849180814168e+00
2.795330227463752593e+00
8.678932644200823887e+00
3.587393933499483101e+00
1.963921702717532636e+00
4.995845208392639236e+00
1.289680565977060711e+00
5.029843411703518896e+00
1.850893392799977111e+00
3.826651104048037322e+00
5.521701611298714063e+00
2.120061256094063484e+00
1.031097020584629043e+01
3.062405273027173802e+00
1.358309877999719806e+00
1.207394440861399021e+00
1.040953343257564612e+00
2.513456455833044778e+00
1.407702614992960122e+00
3.479533107753213450e+00
1.391469819056273538e+00
1.996196540544737941e+00
1.828422265452886109e+00
1.047888442806601761e+00
7.278070260491705135e+00
1.761408312050150915e+00
7.785199099542078116e+00
1.094333517319715199e+01
3.180638755094479464e+00
7.888616277874833216e+00
3.193739479520188329e+00
1.724569355017476768e+00
2.163311741562774948e+00
1.868518726275208097e+00
4.063568442679931003e+00
1.258929345620274365e+00
2.789227007907953304e+00
3.181128221055390171e+00
1.445130038443106724e+00
3.837899349521133097e+00
8.659489677053132439e+00
7.502959281512341150e+00
5.346862313428482949e+00
1.104455212962774047e+00
2.375132283365752439e+00
2.634873419435222353e+00
7.468143095703745793e+00
1.253109124629677051e+00
1.445352753289794734e+00
1.236223260115606903e+00
3.603806732014145364e+00
5.987744708193082133e+00
3.154084183200445146e+00
1.660788298901416438e+00
3.343604792965800154e+00
1.880590630263665464e+00
1.001005683789590073e+01
8.426869434984430640e+00
1.043330812311521694e+00
2.492583914880524887e+00
6.037441666442146193e+00
2.839521132600776099e+00
1.601254423227615797e+00
1.466132700684505297e+00
2.517714546134041331e+00
1.208975068605126379e+00
2.901343341329412517e+00
2.010366573935917334e+00
2.217904578224732415e+00
2.063733825308015302e+00
1.153181423660034843e+00
2.792629848594088138e+00
3.160650999056147992e+00
1.521095104441258394e+00
1.351065222728388582e+00
1.042555345601720163e+01
3.167853526224580385e+00
2.258354596881873011e+00
1.857939152513599979e+00
2.091766087547316300e+00
3.409955314115482139e+00
1.723201761833113466e+00
4.846954998751422217e+00
1.417611471081791086e+00
2.322282695232267269e+00
5.194201474449624989e+00
1.298715745215199391e+00
1.072907145111225313e+00
2.404139942740875391e+00
1.994384265447560756e+00
3.397470172525272059e+00
1.022415893753711558e+00
2.452714354215914661e+00
4.007479656276898616e+00
2.931762516556196019e+00
1.279298811880934084e+00
2.134380148420300660e+00
7.715111090155465590e+00
1.055933929087516931e+00
3.536584412774223640e+00
2.783924642770091662e+00
3.668221323339887707e+00
1.885260768097881456e+00
3.546335774620257286e+00
3.013321423497764329e+00
7.031021380294215639e+00
1.382286589830386658e+00
5.525850727619496361e+00
1.832303460008032348e+00
1.067073991210133466e+00
1.983879846184744622e+01
3.361370782084891484e+00
1.470377469079023447e+00
9.282999365703457073e+00
1.487589967359583021e+01
1.114909667008948224e+00
2.537048034934497931e+00
1.223673389827290459e+00
2.919979742162691405e+00
3.414668327576087403e+00
1.763546548108082535e+00
1.702023267450734956e+00
4.994317687144406825e+00
3.366125335359110515e+00
1.885704669850271964e+00
1.432452272008432503e+00
4.109030282713152182e+00
5.475419429474896127e+00
2.878570930712989639e+00
1.137864871096452068e+00
2.266885809024647536e+00
2.767843906153333755e+00
1.033489431434294392e+00
2.331333770249410797e+00
4.732862566249498748e+00
1.704736386215140787e+00
1.251045573558987600e+00
2.565415671462263347e+00
2.348840524012317132e+00
1.088671670152681514e+00
2.500730606798807099e+00
1.933527245921204951e+00
1.749414676956462600e+01
1.053478937057421350e+00
4.114909334402796048e+00
2.204138426230333181e+00
2.769885198178696939e+00
1.999830107256883593e+00
5.803924261229591153e+00
1.158121429534183289e+00
1.018135038924960512e+01
2.779707620176965044e+00
5.257774293168041346e+00
1.058686765269216901e+00
2.878371224126894390e+00
7.288135731865361677e+00
1.613581290181755179e+01
2.015912073295600848e+00
2.248626732063203626e+00
1.246782452541174990e+01
8.815419842575240139e+00
2.469854885908854492e+00
1.706692155888788864e+00
1.753924262951000124e+00
2.667666580514602703e+00
2.434415186688670296e+00
7.004045383517215839e+00
3.303470105099155507e+00
5.337019883020581723e+00
2.139880539844164264e+00
1.207496340413866109e+00
6.574593222573573037e+00
5.187298373232747117e+00
8.793146225398430715e+00
1.220935958340614524e+00
1.585558559761562680e+00
2.008648477046723002e+00
2.252173361593679424e+00
1.622519827766664591e+00
1.055506112319617662e+00
2.544762996742671035e+00
1.207055798854018747e+01
3.812756726555270426e+00
5.807472055661198063e+00
2.085164395185122199e+00
1.667304655029093974e+00
3.284247048374168809e+00
3.807432194457884833e+00
2.172858822344543750e+00
1.072136193592416298e+01
1.381152458982786824e+00
3.652487178897152020e+00
1.798884551096641138e+00
1.201757558706671558e+00
3.342030886574910209e+00
1.063035057486628743e+00
1.603558757380855626e+00
2.055370735359178358e+00
1.966913175456672658e+00
2.116372750400452141e+00
3.181417519890146206e+00
1.300490776667733606e+01
4.797455066992650785e+00
2.850321259438140409e+00
3.456243944839899385e+00
2.731756494892086717e+00
1.809615916919856460e+00
5.940748876342571982e+00
2.759737171740121564e+00
2.636520600905070122e+00
1.743549496877911498e+00
5.485802248900395917e+00
1.066846378721126420e+00
3.284147328268951060e+00
4.374945906390498962e+00
2.055525541865575345e+00
5.056133827529114555e+00
5.085906467728309011e+00
3.985074283547663576e+00
3.732773303420632960e+00
3.237661357424340469e+00
6.363229155380448532e+00
3.423933976562356207e+00
1.915691956967945142e+00
5.023483051403524691e+00
6.097080954628250282e+00
1.592132696592506003e+00
1.650236220681771337e+00
5.711110987016613016e+00
3.148193004735377443e+00
1.923612651868559897e+00
3.134033762733947626e+00
1.371518152167879645e+00
1.248621654680741599e+00
3.149742201179456469e+00
1.206926185361601345e+00
1.571858264061596566e+00
3.561045059550588476e+00
1.448638963970653837e+00
1.810456648311257188e+00
1.821246116977423668e+00
1.146418569748378413e+00
1.921633378575378304e+00
8.985603158140580859e+00
3.488950589892586773e+00
2.286768044429472013e+01
4.879375569049715367e+00
1.587350109759178896e+00
5.928524287144282034e+00
5.115073005609252377e+00
4.348106916893088147e+00
2.154841070670377778e+00
1.499494937034983932e+00
1.042107419080345432e+00
1.566023577508155462e+00
1.403613215061757069e+00
2.451594489922998665e+00
6.948168746810372554e+00
1.959316698775392052e+00
2.277961674306486550e+00
7.251356289190423965e+00
1.422961100978696658e+00
2.344383472554380177e+00
2.712076549958284133e+01
1.364805422189889095e+00
1.171113906244665159e+00
1.680046232280903551e+00
1.063111873504512594e+01
1.118791584587502941e+00
1.077881599179907779e+00
7.298647023910266540e+00
2.924579052443008642e+00
8.346185266306184403e+00
1.298587105262674735e+00
8.488269020715897284e+00
2.794267643626740405e+00
3.866585631545026658e+00
5.958004908175460024e+00
1.403054019405422181e+00
1.279619141401708182e+00
2.532205218223888998e+00
1.570864461558894698e+00
2.863311480002407095e+00
3.524643195791218098e+00
1.211659604331302154e+00
2.084306813100522238e+00
2.837527446012267252e+00
1.102193926351028308e+00
5.096557795719284023e+00
1.298451752134133219e+00
1.387513787501710505e+00
4.795035089617495139e+00
3.375916450055139073e+00
1.457649734873846414e+00
1.018690925953480653e+00
2.115619161836231665e+00
1.512588759128926430e+00
2.020077229408695274e+00
1.270078588956337073e+00
1.128159380336395179e+00
1.216926992467803670e+00
1.567177837641424487e+00
1.441932568421623762e+00
3.627874545857274313e+00
1.555259197194765797e+00
2.029347973990317744e+00
1.604407384537043013e+00
5.259529726178560516e+00
1.495733097875289186e+00
3.032778798697225220e+00
1.453996863962752295e+00
9.576570713885653063e+00
2.425269864725175584e+00
1.250411952196673449e+00
4.399795493768392518e+00
1.121794275916499606e+00
2.496259206156636434e+00
1.919765664905727975e+00
9.870048143244282812e+00
1.211324285646194543e+00
4.969031620824980955e+00
1.448815904917182706e+00
2.475535611449746654e+00
1.258196154230679431e+00
4.998881295540336112e+00
4.886297597310313989e+00
1.497879936170360970e+00
1.469745212524006694e+00
1.333294261569756944e+00
1.526300152641380414e+00
2.292553382257742633e+00
6.347218213671191656e+00
9.376836930638601686e+00
2.119654243165956853e+00
2.089538806824688066e+00
9.108578963201356515e+00
1.011348749074759468e+00
2.338976659894469279e+01
1.779410677757418791e+00
1.434381669788948210e+00
5.767662382830724965e+00
3.572898866171984267e+00
1.667174389266452339e+00
1.579505573248273231e+00
1.429964183434651703e+00
1.161301601288079688e+00
1.206776627673396884e+00
4.136663839950911026e+00
1.291504212304390720e+00
1.960836741057423449e+00
5.522363008603941026e+00
1.538538042914917092e+01
6.741380604622142947e+00
1.074906425082145400e+00
3.076855203245606241e+00
1.278304677946822121e+00
2.857824901532387774e+00
1.777963597176736688e+00
2.045048238226237824e+00
5.235476824672439911e+00
2.178851995861242674e+00
2.562311064464538823e+00
1.878132243496055231e+00
3.291717885597169158e+00
3.534680917039262571e+00
4.003762939341207527e+00
3.052174891581438398e+00
1.033788446797173144e+01
2.109435388127361310e+00
5.491327240464787707e+00
3.049722073074283557e+00
2.654786413372379972e+00
1.055123663405699075e+00
2.410045832037707392e+00
2.255670313252770232e+00
2.827427087562575103e+00
1.416198696729331852e+00
2.723094577785435177e+00
3.096860741273839590e+00
5.911982040719511389e+00
3.348672999570520226e+00
5.737635122476470784e+00
2.752862008200468935e+01
1.192265850849053122e+00
2.422995235003466252e+00
2.420727835774710179e+00
2.079063909345858274e+00
8.018847837584244687e+00
1.343692562348267394e+00
2.488667673013992943e+00
1.767863183427154894e+01
2.839885329848092166e+00
1.191366277286685316e+00
5.756944213311553149e+00
1.080146778976434740e+00
8.234179424416351978e+00
7.225555260726046036e+00
1.287721932176285167e+00
2.089844351134140688e+00
1.599381778945446531e+00
1.487203654682698550e+00
6.527493057130889120e+00
1.110306094474173833e+01
1.667739165687909253e+00
1.293630803041246446e+00
1.604555022959462063e+00
1.679641995616469874e+00
1.928584994015809073e+00
8.627096114999222465e+00
2.770615585546016391e+00
4.688724518184394618e+00
2.358934935852491144e+00
2.513297144497692148e+00
1.198951750830304031e+00
1.461301498899080453e+00
2.704829231627781994e+00
1.135899688484091286e+00
6.392332076806511942e+00
2.974328817364161992e+00
3.413159962574663364e+00
2.331689470997914349e+00
1.574465261659394155e+00
1.456094170379659047e+00
1.545828723538016591e+00
1.163202393726785022e+00
3.498097294967852378e+00
1.068011734466557527e+01
3.431743316142812361e+00
5.141954600646114315e+00
1.284291395685600579e+00
5.134189047414833063e+00
2.443886980100063777e+00
1.992274063918635152e+00
1.319662219099433820e+00
1.100698639777587751e+00
1.627076017818294806e+00
2.038465668432408506e+00
3.049883719759963974e+00
1.894873824662175688e+00
1.661217460390215672e+00
1.260127021648676404e+00
1.314871343511756940e+00
1.479985084300629028e+00
2.670847809094258007e+00
1.771055133064548537e+00
2.882463363088666686e+00
1.604466581243298995e+00
1.008404523629482519e+01
1.125690754876685906e+00
1.927722664834109478e+00
1.592157798153067905e+00
5.592467690300007455e+00
1.782883600828083503e+00
3.410839886052362768e+00
1.441298787406597892e+00
1.528523298238298800e+00
7.633892000929028754e+00
3.448202696583289484e+00
9.809851889648253831e+00
3.108485862555283141e+00
3.410238006024758572e+00
2.373350230260033111e+00
2.225391712764013263e+00
1.812176185794853955e+00
1.706445101483338167e+00
4.325132387153614033e+00
3.404557046610999560e+00
1.680385803684740331e+00
1.778387449659638353e+00
2.084134764305289433e+00
4.043568451595884738e+00
1.092936552620119173e+01
1.721503173854912472e+00
2.006612639775572582e+00
2.946846595127724733e+00
1.243471146250220372e+00
3.223468438111742440e+00
1.704895563511879653e+00
3.520698812950496137e+00
3.918469166619762856e+00
2.782564170095476630e+00
1.422836699061009291e+00
2.088557082790780584e+01
2.655069697735167544e+00
1.398136485506204396e+00
1.728674240745688317e+00
1.898516487754129400e+00
3.046388583488721657e+00
2.771583359257897783e+00
1.241643337293968141e+00
5.634680192559529566e+00
1.462449835704307199e+00
2.859183895885024196e+00
1.127349388685839315e+01
2.060898806771222169e+00
2.284342221549219953e+00
1.885045458100288229e+00
1.730648192594300472e+00
1.643120005461149002e+00
1.726421778507494231e+00
2.670544213957172008e+00
5.411920134471612798e+00
2.116793704677285781e+00
1.502785815387114754e+00
4.113287944374896199e+00
2.561823452852778349e+00
3.555711220425697316e+00
2.337110702698908860e+00
2.490274883581486520e+00
1.777015644278528317e+00
3.289136735144998269e+00
1.554037147770049421e+00
1.381144454675924838e+00
1.748144174306607512e+00
9.380767888930334308e+00
3.074417332243006840e+00
1.198058204879121647e+01
1.908459210676705098e+00
3.182489988131245617e+00
1.716737404336734718e+00
2.094200124846514299e+00
1.705625070045329705e+00
4.795460616535725862e+00
4.067899599366788799e+00
5.820313257059427592e+00
1.584033224695756248e+00
1.984671035108316772e+00
2.731271382974608919e+00
1.564379457999426393e+01
4.590097929528181631e+00
2.237007051458215212e+00
1.461080015766653473e+00
1.660544537032638379e+00
6.686214472290102684e+00
2.567480451922295348e+00
4.860487488456946892e+00
2.050485834347640690e+01
1.293719314779066432e+00
6.271856707328995029e+00
1.953295523581668247e+00
1.629622008908435671e+00
3.163469355444486375e+00
4.800048209062598659e+00
3.809316863920615859e+00
2.726322906909472099e+00
7.295724960089446043e+00
1.433380800218623907e+00
1.961882365954151997e+00
1.275781520986985829e+00
5.866715705063757724e+00
6.289213067752950082e+00
3.047029818150487568e+00
7.057977495232959697e+00
3.134640073660875270e+00
3.430507650254794427e+00
9.357834635581500748e+00
1.300054120530656299e+01
3.595541760599427317e+00
1.171220052301261383e+01
1.297410103948419824e+00
2.181319521107904169e+00
1.967433349286337618e+00
1.229992127046101169e+00
1.260310265017307696e+00
1.843026661024121937e+00
2.559911670242731141e+00
3.093940424818802715e+00
7.001717958412098319e+00
1.056555136226106972e+00
1.038884562828581259e+01
1.687044029399777934e+00
6.776439906149745340e+00
1.000905224639415447e+00
2.095964653785975518e+00
2.862156917126550848e+00
2.714481993376160585e+00
3.210930870042750573e+00
2.782103193527457385e+00
1.720490864034363021e+00
3.884206489639523863e+00
5.035764416927449361e+00
4.210347691031380180e+00
1.579436965634406276e+00
5.385357820609153023e+00
2.215098606256617142e+00
2.847168738957278844e+00
1.975951135681305315e+00
2.302424570747428678e+00
6.428114736349500369e+00
1.250239895668206813e+00
2.298159930119907823e+00
1.057908086591865748e+00
1.287281494876431509e+00
3.536091265045680831e+00
2.914952611664801463e+00
8.596490888321204338e+00
5.615264253831020902e+00
2.280571855134642334e+00
7.038218284524270452e+00
1.789328739397704870e+00
1.172182141499368502e+00
1.810653086503241305e+00
2.818852180189592271e+00
6.797998752926994293e+00
7.973317625001778097e+00
3.707796399812849586e+00
1.111688621179873548e+00
4.228881147350860914e+01
1.063678823837361564e+00
1.251684339032724136e+00
1.107514374865484319e+00
7.304300692511811910e+00
3.922212543967118492e+00
4.265436446945787274e+00
4.193912904328802149e+00
1.043013082431129446e+00
3.988451268173133446e+00
4.537254937716807213e+00
1.073339186814530422e+01
3.458550385142786787e+00
1.372012606815946389e+00
1.480967089100103662e+00
1.805039616576120221e+00
2.880221654233019457e+00
1.837809497041363871e+00
1.133862731755070907e+00
1.412423972905384906e+00
2.159928124325491083e+00
1.956657652020173943e+00
1.596993757586296248e+00
3.863933742464745080e+00
1.851304690029007327e+00
8.782672226451898823e+00
3.731845263956384606e+00
2.960332164419981371e+00
2.425287820174581555e+00
1.279739516191490400e+00
3.867534629016036174e+00
4.302995777734204275e+00
3.388622154587534130e+00
2.333923873408846994e+00
2.605008409772676004e+00
1.422265343387685066e+00
1.215795809103498160e+00
1.985166644687755610e+00
3.859381430162382109e+00
1.492697025378122788e+01
1.541785963375282620e+00
2.125710596787900197e+00
1.796311047456280674e+00
1.620577942430837082e+00
2.871939360980751754e+00
1.778598111067849707e+00
2.911033718055056507e+00
1.373274968838986254e+00
3.761525038543533039e+00
3.430184002095243212e+00
1.130163003519895959e+00
1.075534563938554733e+00
1.709937740719328358e+00
1.406766339584790471e+00
1.027967890139849461e+00
7.125262170097522052e+00
1.853848546817223664e+00
2.464700325312100038e+00
4.118336035246390914e+00
4.228232453088951459e+00
3.384310990661525853e+00
1.167889285535260946e+00
5.794883279576355406e+00
5.324632298159219346e+00
1.132981824323446407e+00
1.283612822632398176e+00
1.901965543884561516e+00
2.396888876136292090e+00
2.184698512176042939e+00
3.852051624151922926e+00
1.430174330144671213e+00
1.267975781119592193e+00
3.263584682718508212e+00
2.667116163925005612e+00
1.115330627186689849e+00
1.840606449128262989e+00
1.331839947269937374e+00
1.560530249546110415e+00
4.828641973154801370e+00
1.121633791352034892e+00
1.387337632227213513e+00
1.114894429619866179e+00
1.803196073210089345e+00
1.716812518983127811e+00
3.438762971439139005e+00
2.326580439754810659e+00
1.629016365803319655e+00
1.426800457292177082e+00
2.760945601219020329e+00
7.321799075146289582e+00
1.775836007064749422e+00
1.000025979662508835e+00
5.304456310334970226e+00
3.050267683182282585e+00
2.811750868383946056e+00
1.261572897454469322e+00
1.480261668825765486e+00
1.767117587655136601e+00
7.627884762843684996e+00
2.846690659996362527e+01
1.918466801480426254e+00
1.994477249680147501e+00
1.109931985958946488e+00
4.855475341577499826e+00
4.974455201364292201e+00
4.648229292145487968e+00
7.068444162226153793e+00
1.968613338315772765e+01
2.895480118361120514e+00
3.792516195413381475e+00
4.541834016871728608e+00
2.373472680164051329e+00
4.435473525498891512e+00
6.447516179420871296e+00
3.155763725003322584e+00
5.108613125362904128e+00
2.457432240984716465e+00
2.040058696590418830e+00
3.020370773168818701e+01
2.851641043543382548e+00
4.559480855836882007e+00
1.350879357701246564e+00
5.518498963903405219e+00
1.866680333945740511e+00
2.255551327473640288e+00
1.494163979732842096e+00
1.152508392190499054e+00
7.673174036220531846e+00
6.222046839035061616e+00
7.270344995136590605e+00
2.902663597922696326e+01
1.386741987194410664e+00
3.067949082694831908e+00
2.728261761279465958e+00
5.289682389186591394e+00
3.278050191549597869e+00
2.867111262514434600e+00
1.825787431597313271e+00
2.292859174447397841e+00
3.969778917644295912e+00
1.048138476346783365e+00
1.655839046727692221e+00
1.898481053368000104e+00
1.035377636762076392e+00
5.361583820067369999e+00
8.440605357724393798e+00
1.049312164167098604e+00
2.108396098388464868e+00
1.060153465932428762e+00
7.088163822038911377e+00
4.822847259969362810e+00
1.842119014083434037e+00
7.465169960267249216e+00
2.544909468568960165e+00
1.963310681453646511e+00
1.751251720549914070e+00
2.371065545974666566e+00
6.347437444478247315e+00
1.669539689594171872e+00
2.202888901303068359e+00
2.389324268819488672e+00
5.191531047923561459e+00
2.526299562355928341e+00
6.403137887681041640e+00
1.758755695360232352e+00
1.292210331534309864e+00
4.009378052094470846e+00
2.446093982182411253e+00
1.813327857631759077e+00
1.639042280311206801e+00
2.734491792406643640e+00
3.936041825424019702e+00
4.815774852035270115e+00
1.682146297793865264e+00
4.128449349537510749e+00
1.316900587253508004e+00
2.239710213080132295e+00
3.781325639449552689e+00
1.744056061820107750e+00
2.018289646572527296e+00
2.803070379136197054e+00
1.065360927343107500e+00
1.461055341822090403e+00
2.703190096968701717e+00
1.589208862044211301e+00
2.345411994039337866e+00
3.859707026548849118e+00
1.419929586905139818e+00
3.390584350556737903e+00
1.103291553522077306e+00
2.639194849792412256e+00
2.231701768615760528e+00
4.864089457138197403e+00
2.994214318849544032e+00
3.881478738681003016e+00
4.548936478986581378e+00
2.242495829071518898e+00
4.943833634754226658e+00
1.109435538498232843e+00
1.173598291483790801e+00
1.364093861986005907e+00
3.440828322965182373e+00
2.722597978173975086e+00
8.100479141331664579e+00
2.419198336798336957e+00
2.034670484896099474e+00
1.025782281574535659e+01
3.537703526934846909e+00
2.964814861479639241e+00
1.406690240473376541e+00
1.533723285597867081e+00
3.626764205792810003e+00
6.591461149891701510e+00
4.521076992222754498e+00
1.969164129933794083e+00
1.655581389934422498e+00
2.124040506435161291e+00
1.521113643490636269e+00
1.231294168123931332e+00
1.169178224258463406e+00
1.352330620029575270e+00
6.979565948651222485e+00
1.038141368201629611e+00
3.635073233524610092e+00
2.314766895671279912e+00
2.901454870095480310e+00
2.274492122450041620e+00
1.151464873750092766e+00
1.837143332129487883e+00
2.948136841373469874e+00
2.662883287394985921e+00
1.364199604068537131e+00
1.958160041810774032e+01
1.598655941559988802e+00
1.050811188873469915e+00
1.134362465040141155e+00
3.440004120428899359e+00
2.965686429263709289e+00
2.934093799797996560e+00
1.270345077737549122e+00
1.861722442913152165e+01
6.614961520878885004e+00
4.380170827493908625e+00
1.195344961240309978e+00
4.071030559416054295e+00
1.034062152784361421e+00
4.263189387591668655e+00
1.287656984124613491e+00
1.211036523310494717e+00
3.268495648900419326e+00
1.066180527233345554e+00
1.206656813411162599e+00
9.525947708278135195e+00
1.955579640578773315e+00
2.032311668210397659e+00
1.002512235754775549e+00
1.258913285580987029e+00
1.718732699245654416e+00
2.482203539748743193e+00
4.141553704418822868e+00
5.952435807000993506e+00
1.858589252142490933e+00
5.355902950796687101e+00
1.088797032927820041e+01
9.373086300926356529e+00
1.148304239248780334e+01
3.725795232620442654e+00
3.330707394541585042e+00
2.805871283976296038e+00
5.998738371867631258e+00
6.276265997364623317e+00
1.173555741704195965e+00
5.710463892997235114e+00
1.041751666551128164e+00
4.643603649861471894e+00
1.583753365069023866e+00
2.215423092886195544e+00
2.008726007013614812e+00
2.781282893369362075e+00
3.363087807181274869e+00
1.434156661836881286e+00
1.691610158286675381e+00
1.959674197982161203e+01
2.284998075605206846e+00
1.688736579722194486e+00
4.608828338419009185e+00
7.185653922837560437e+00
3.850548409734670940e+00
1.116729355091262921e+00
1.736436906964727411e+00
2.994193963586134100e+00
4.072565745006714977e+00
1.602858922016879628e+00
3.775295214956468470e+00
4.504368582496792506e+00
1.630053032188779616e+00
1.473967179856508825e+00
7.130372201015307887e+00
1.066931987823693806e+00
4.991158197309919942e+00
3.594181790780476060e+00
6.637249723058010531e+00
1.657420450995444128e+01
1.280889108324128500e+00
3.199778261759246956e+00
2.427796721400633739e+00
4.402477154928217118e+00
1.847332846809563112e+00
4.593225440911653301e+00
7.156572568011141833e+00
2.790667923594190025e+00
3.419345829713681617e+00
1.001293596865457713e+00
5.572738254066130992e+00
1.256077467008962723e+00
1.264701259234395359e+01
3.002252782673128007e+00
3.473226780452367102e+00
1.486534882176244965e+00
2.613304587020267178e+01
2.260296569152937973e+00
1.848318691526665614e+00
1.051113302504437463e+00
1.563757450675373972e+00
1.333532688854075055e+00
2.083608440333224898e+00
1.396310572484869006e+00
1.092467047372250644e+00
7.955146809943409281e+00
1.138786632730638182e+00
1.806550354235845646e+00
1.265741909832329704e+00
2.575380420774551204e+00
3.124532210106155450e+00
8.402543848268619442e+00
1.360724188227901976e+00
1.382355063685652752e+00
3.392696062362206888e+00
3.528372000793178476e+00
2.576940178431479378e+00
3.665715761524627858e+00
3.767891953342032973e+00
2.798651280008038977e+00
1.207940918842376643e+00
1.952476534869858948e+00
6.500474920136160684e+00
2.696103923253107215e+00
1.123207186881623798e+00
2.250365355601033901e+00
2.668293168795519144e+00
2.683307280495248026e+00
3.026619377231653196e+00
1.343741877197099921e+00
2.496079691420439506e+00
2.775432842458212424e+00
1.284890154900687476e+00
2.016634496623040285e+00
6.955371285513886725e+00
1.298666282664859617e+00
4.703314691850247975e+00
3.040332214631324970e+00
1.836299132478049767e+00
5.612636335494713968e+00
8.216157464459705295e+00
2.278578607118331156e+00
1.285992902067031807e+01
1.823379276389602843e+00
3.645329369686594045e+00
5.404424657529922627e+00
5.373949936359779578e+00
2.594226531489596699e+00
2.504381656313532378e+00
4.822738805953465047e+00
1.405345090417915221e+00
2.035585207812581565e+00
5.296901438926755468e+00
5.037171756462919703e+00
4.268323840285125570e+00
1.985246944302851757e+00
5.590160340026381292e+00
8.697215854461310514e+00
6.935626861891071471e+00
2.166580277280858891e+00
6.426020976226098469e+00
1.945179659226953017e+00
1.427819357994966953e+00
3.188148428311919247e+00
6.013710689024875045e+00
1.695493204387558794e+00
1.915014761752849459e+00
2.218827241393403593e+00
6.912843786000181012e+00
2.918426408727841093e+00
1.911278554860476486e+00
2.316609470047204411e+00
5.293761080586833145e+00
1.398838673834812640e+00
1.151667279215621287e+00
1.386073201988367254e+00
6.298179769049164989e+00
3.451533537013820041e+00
3.006339377975452809e+00
4.430043887253398260e+00
8.911947707868101531e+00
3.076541904258546456e+00
2.399654271692107876e+00
5.644311790737414292e+00
1.782848385990614570e+00
1.368442310613805946e+00
1.365823839857099653e+00
4.190139878780803073e+00
1.370149198522909062e+00
4.269204942020626170e+00
4.966388164069769573e+00
2.269189217395429559e+00
1.415461454858569779e+00
9.091950910002356778e+00
6.875738540982577085e+00
3.233599856789094673e+00
1.585529628827937465e+00
1.580549189976605096e+00
1.904388837481127794e+01
3.665280838349793235e+00
2.664905886958100822e+00
2.704508055249870146e+00
1.862161368430416575e+00
1.438482429547615915e+01
2.422197500568052497e+00
1.692154576871286675e+00
1.526681433467788951e+00
3.183063332935345713e+00
8.401199951004414856e+00
3.818213748118414408e+00
6.661914378506052614e+00
2.314016982368021225e+00
5.086659277850947625e+00
1.175767741112162756e+00
1.046477998178574120e+00
3.063417542287313111e+00
5.693533136637634939e+00
1.381711471576958283e+00
3.721217465267933289e+00
8.284622175649026588e+00
1.539472460270893350e+00
2.293708535005877014e+00
1.594107627297822960e+00
1.800342016280525925e+00
1.601338847564629075e+00
8.142185708174885406e+00
1.168142261577346686e+00
6.604217985065377938e+00
5.540629846624351096e+00
1.131630262230057582e+01
2.097002774203449604e+00
2.053280305312845222e+00
2.403705293371193097e+00
5.856629702492718081e+00
1.558533241395161806e+00
2.655548669848979859e+00
1.323055210372141355e+00
1.028403471280958925e+01
2.825551922095015378e+00
1.413465227590045448e+00
1.426169540927860080e+00
1.744003732292815245e+00
4.244563606683620982e+00
1.613192281944458628e+01
1.256866350858444337e+00
2.338954480721184392e+00
1.904905570075566379e+00
1.382218280937670407e+00
1.803223103776132152e+00
3.691939767707753894e+00
1.144458677925602963e+00
2.538396679633241781e+00
5.132577360060898819e+00
3.514981421213372759e+00
2.088653593515131135e+00
2.129444446904106503e+00
1.739351552706042581e+00
2.943553061706476903e+00
1.022762946412709262e+01
2.134134652549773303e+00
1.691149476713553979e+00
2.711699963999068430e+00
1.051591355634630132e+00
1.031358405579322568e+00
5.950107188630282096e+00
2.068658118932382273e+00
5.628430712635313249e+00
1.962584586331631797e+00
2.004064123692805399e+00
2.187751281117263247e+00
1.280403862173746132e+00
1.676044735655938922e+00
1.922841473225579856e+00
1.950007107200270706e+00
3.486677065529822706e+00
1.093261177350420388e+00
1.276108351841137800e+00
1.003842254501421394e+00
1.530929088897809986e+00
9.596331958650349492e+00
2.074017084292240742e+00
1.056884373133782917e+00
1.113223396337075677e+00
1.141936042641039428e+00
3.687709496783454277e+00
3.193043491626752495e+00
1.002004782077341005e+00
6.167186934208582549e+00
5.554837300686304324e+00
4.202106948468986580e+00
3.080886403626864389e+00
2.146995394226337339e+00
1.557729864372057627e+00
1.310738460036677600e+00
1.898555623636675627e+00
1.918711633188162180e+00
1.824264926956753241e+00
1.052619570142120331e+01
1.296882891160046292e+00
1.002062159720381551e+01
1.181524805435751668e+00
3.691437354694934836e+00
2.018244094388498056e+00
1.612887978243158216e+00
1.834835844876695043e+00
1.375870685113816050e+00
6.563645058500944707e+00
1.759697293703775589e+00
6.858277700205216654e+00
3.667081687470374440e+00
1.161983666308693541e+00
7.228751348965878343e+00
1.854219026206446408e+00
9.584644653743085385e+00
1.975875252446600339e+00
1.985474140559302381e+00
1.460537754158903967e+00
2.225249459177541578e+00
3.729120613419896202e+00
1.894882556264799511e+00
1.791140933003090963e+00
2.879584137239192376e+00
1.046573570434923361e+01
4.838763540721801704e+00
5.439020458815845949e+00
3.340297683691811237e+00
5.193079768498677140e+00
3.511250532156609427e+00
3.745374586495427316e+00
1.529543081121352177e+00
1.147960540903596183e+01
1.403026279220578765e+00
3.856304371261421338e+00
1.327777186605157977e+00
1.972003647981486196e+00
2.107237989813774526e+00
4.674729850052424140e+00
5.842744343846474564e+00
1.518430305193646301e+00
3.426166099803847676e+00
1.793224822050200729e+00
6.258768810728338572e+00
3.874142684635753842e+00
1.377670738597622346e+00
3.936833662783943755e+00
1.266358488249471392e+00
9.254315812681829456e+00
2.705266500530199458e+00
4.649633367437907339e+00
2.620197370238152690e+00
1.251092310830103971e+00
1.864699287705171793e+00
4.593460124170002601e+00
8.224459400441213930e+00
1.812641007019748729e+00
1.259750322671612466e+00
2.235211054113910301e+00
5.724431887501204130e+00
2.560137210934424257e+00
2.693554983449797824e+00
1.374896476266249445e+00
1.139698180597288113e+00
3.078827170614208075e+00
1.453547477911736330e+00
1.396500716456160696e+00
1.400885121354280338e+00
1.598492936999549752e+00
1.550599428267352975e+00
4.397588846928432993e+00
5.800998548136472976e+00
1.186968389373882493e+00
1.000487613055446312e+00
7.187519506400612990e+00
4.912017762330306070e+00
2.962567963980885732e+00
1.724212198561885456e+00
1.508059005823126242e+00
3.027406563516310101e+00
3.923026409724432284e+00
1.613437813047307490e+00
3.176444554390386088e+00
6.236076529774886801e+00
1.457485808583540932e+00
1.195716108487145712e+00
1.539033625028047636e+00
2.475759017257257888e+00
1.123532297341310882e+00
1.351240365202749594e+00
1.259564077624936385e+00
3.024545220222207398e+00
1.644448325432730673e+00
6.676120049805675194e+00
3.039834358861905894e+00
1.371377744029600887e+00
1.869700270286818844e+00
1.572941519777145691e+00
1.019490119051597699e+00
2.672720470696711814e+00
1.720579512745691986e+01
6.225477297039760494e+00
2.246341242398950833e+00
1.861348301938208749e+01
2.013599404515360458e+00
3.150819189898299122e+00
3.053243631268466540e+00
1.101948367212462365e+00
3.630639933790746898e+00
3.474937119352516479e+00
1.503800955482616830e+00
2.533507449779398346e+00
3.676667161574128873e+00
2.095281793505809897e+00
1.295120400819281592e+00
1.360347507272944734e+00
1.523414462952820125e+00
3.164849731353631235e+00
1.340006167814369542e+00
3.483981814212039563e+00
5.072101562507195460e+00
3.146453864518971688e+00
1.201781865218754408e+00
6.942082207301021768e+00
2.557321095354405660e+00
1.408027041124739531e+00
5.476910747968375404e+00
1.957284650688424277e+00
1.242564074517176653e+00
1.188762918499987720e+00
1.151030706644455393e+00
8.971395456627677234e+00
2.909593507262530743e+00
1.074627659820573511e+00
1.409483923489102564e+00
1.029449061495399498e+00
1.254810212242386980e+00
3.186527981069889215e+00
4.272132904286505273e+00
1.171342116312087178e+00
7.941733389213768035e+00
6.291911429974590853e+00
2.500798864143196187e+00
1.062178353495343064e+00
1.283519636768553296e+00
3.291593464884362330e+00
2.378632388673034281e+00
2.130601196068282466e+00
4.341803608541061621e+00
1.003401365252131194e+00
1.226864621361077878e+00
3.328818087484826993e+00
1.064967456809963853e+00
3.591761487829274291e+00
2.920492261952246871e+00
5.340513203111772356e+00
8.107876432139425660e+00
8.554100477335168762e+00
1.509180788663685435e+00
4.116875738000496554e+00
1.770695398992276459e+00
1.153696700117530050e+01
3.106132630233750636e+00
5.251226518613457017e+00
1.492829147368885279e+00
5.411512814254332504e+00
1.271551960649085045e+00
3.157435827428737518e+00
2.612006420132712670e+00
2.355012284255540767e+00
3.194673308668109168e+00
8.998983841777912218e+00
2.087771020579588299e+00
2.433283242490199338e+00
1.082924358143396226e+01
7.628896746918896632e+00
2.673604814235812643e+00
3.001153829897839298e+00
1.236313565423968308e+00
1.919906053130542967e+00
5.630921015812708319e+00
1.277785409808953165e+00
1.907953361427387762e+01
1.308181930499631607e+00
9.870318723679904593e+00
1.460974067558444389e+00
3.008293267076697308e+00
1.002604220434188509e+00
1.643378973032287638e+00
5.458800571365258314e+00
3.721566234697657460e+00
1.539874180256156633e+00
1.182994892691013655e+00
2.193663253425030213e+00
1.827067465296415172e+00
1.362041023258213635e+00
1.248202592140463807e+00
1.433118812807472331e+00
2.601293288186705688e+00
2.854358968991233869e+00
2.261495236281938936e+00
7.232373420323295221e+00
1.034073262654126024e+00
1.587812898180420706e+00
1.027107191504097905e+00
1.087215293858904586e+00
1.554245647132806774e+00
2.137739399903962667e+00
3.601381945311117327e+00
2.391752243642141007e+00
1.234064522732838620e+00
1.832430056430056409e+00
2.592779658339376958e+00
1.624820736716356961e+00
1.113068868129782230e+00
8.148229920153347905e+00
1.165823012026566241e+00
2.355650157193346583e+00
1.911136395130684118e+00
1.205067589017231455e+01
1.718692816506862675e+00
6.119448383503510946e+00
1.265818206794236067e+00
4.151280146820684358e+00
3.077304940740079431e+00
2.066038746366614998e+00
1.362545855328035183e+00
1.976823394657290622e+00
1.471226034056477561e+00
1.159859410540971636e+00
3.015330535586326910e+00
2.096423359762078942e+00
2.041717461341742368e+00
4.052984670917035182e+00
1.274069784925884408e+00
1.427923890903671333e+00
2.242166486962262173e+00
3.066970524416164245e+00
3.226075162558710741e+00
3.403189602794804536e+00
3.814071678410300592e+00
3.286680826363439056e+00
8.092665917484621829e+00
1.092059368069610592e+01
3.672510255569460202e+00
1.113583570549863344e+00
1.477603612229449359e+00
5.485725798775408890e+00
1.158675123965006604e+00
2.235978813290080858e+00
2.281597884971732881e+00
1.102946172926039026e+00
1.466418307481546668e+00
1.379486607078301175e+00
1.263742803638778334e+00
1.904330745380579781e+00
3.906786398034657992e+00
2.267615005997257516e+00
7.453060837394567706e+00
1.096505045918893861e+00
1.165144361087197211e+00
2.888138536212198293e+00
8.157253416661868428e+00
1.351151564251359405e+00
1.610222727423108680e+00
2.589533237217766626e+00
3.864877571899511199e+00
2.386238636014450964e+00
5.342172532990136169e+00
1.075791097551518360e+00
1.199889189389267141e+00
4.337098377746918310e+00
6.327122312172607010e+00
2.854735738897693054e+00
4.227525598321809852e+00
2.643007726341784380e+00
3.912207456696772390e+00
2.592517164114435779e+00
1.979667677173517770e+00
1.335035399194348216e+00
1.935436621868244611e+00
3.531729237929353893e+00
1.451040723902511820e+00
1.111924259727246511e+00
2.817886284332959512e+00
1.000641165755919770e+00
1.193733665932147581e+00
1.581208009811223780e+00
2.221403438784058881e+00
1.463231801226460238e+00
3.452483929249571482e+00
1.439214146220441970e+00
1.450258596016244406e+00
3.428199485468297070e+01
2.327087925333003682e+00
1.473707596504356454e+00
5.318741670944978850e+00
1.909102078698786009e+00
1.186989030142898693e+00
2.847885958660014261e+00
1.170119064956952037e+01
2.459672353581573656e+00
1.049190571907245406e+00
1.496427546033895162e+00
1.180827833655680115e+00
2.370071012998622884e+00
4.777927636394844413e+00
1.341852836407053218e+00
1.608272817832516077e+00
2.675019370076168634e+00
1.274470726860238212e+00
1.635770026518824860e+00
2.910797494780793304e+00
3.854658542065957150e+00
3.569304805243752821e+00
1.017392339313049288e+00
2.707722961675469886e+00
6.202451200264297526e+00
2.029758339238027620e+00
1.421122103883374566e+00
3.080083077950937387e+00
3.065249381038201992e+00
6.526023128345464386e+00
3.379748353817149997e+00
1.617487649223631418e+00
1.081796340268681877e+00
1.522549900537676804e+00
1.628170020417299080e+00
5.193884029897581023e+00
3.639986443782917469e+00
3.508299262777927918e+00
1.219602653261166347e+00
1.376866222908875725e+00
2.131358927019584293e+00
7.913715707980666814e+00
1.080586693374315788e+00
5.150800829111740420e+00
3.257131384489835302e+00
5.930412636905500356e+00
3.646176573754475569e+00
4.262214018332352694e+00
7.603758769693228281e+00
5.547795482219197716e+00
1.040880292287529096e+00
2.491665286446622218e+00
4.158304911509588031e+00
2.109192078640084844e+00
1.117324431906930648e+00
2.718932895397107696e+00
1.889867592306049060e+00
1.558944705969922850e+00
8.160722183188772405e+00
2.203884136346303535e+00
2.618119313452514874e+01
2.471311716559230209e+00
5.765926067165345614e+00
2.278716492576569053e+00
3.843416218972328213e+00
1.793072612299215551e+00
3.179295525829941571e+00
7.286960949673547461e+00
3.938892149368687257e+00
1.115398983026470558e+00
1.736499489734937951e+00
4.743871979293696306e+00
3.034042935393227225e+00
6.225574860250615572e+00
1.303246930891437172e+00
1.698545779344660112e+00
1.319615991681951650e+00
1.556953585139108975e+00
5.216292024817340334e+00
1.175011923895241228e+00
1.847559379383368672e+00
1.194862201622945319e+00
1.139925371801967513e+00
1.215309488366146162e+00
1.386459689730728417e+00
6.415962391005282761e+00
5.032900966865903492e+00
1.014484613797708867e+01
2.286924521487296413e+00
1.196057856923205875e+00
2.102313799125238969e+00
1.580575644452298478e+00
1.369887226300202210e+00
5.334485043315766895e+00
1.666736049251879237e+00
1.669438093604969531e+00
1.338358508230143018e+00
6.157451010297153360e+00
1.765542909712182862e+00
1.504465893755203121e+00
3.836098514921094882e+00
3.231734574693186701e+00
7.414350476928111888e+00
2.637817864199100804e+00
8.325327226402606584e+00
1.872727417075533030e+00
1.859627179896625515e+00
3.401026665168928709e+00
