6.573634147644042969e-01
8.775620460510253906e-01
3.764595985412597656e-01
3.677988052368164062e-01
4.531857967376708984e-01
4.394609928131103516e-01
6.873059272766113281e-01
6.675031185150146484e-01
1.898705720901489258e+00
5.927293300628662109e-01
7.869539260864257812e-01
1.028577566146850586e+00
3.669760227203369141e-01
1.622668266296386719e+00
5.557544231414794922e-01
4.935095310211181641e-01
5.952029228210449219e-01
8.750879764556884766e-01
1.749463081359863281e-01
5.895214080810546875e-01
5.227968692779541016e-01
6.696226596832275391e-01
8.323907852172851562e-01
1.684207916259765625e-01
8.545451164245605469e-01
8.620700836181640625e-01
5.200622081756591797e-01
1.306039571762084961e+00
1.008956670761108398e+00
8.338532447814941406e-01
5.409693717956542969e-01
3.728256225585937500e-01
9.021301269531250000e-01
1.769490957260131836e+00
7.473468780517578125e-01
7.995402812957763672e-01
4.964575767517089844e-01
7.912907600402832031e-01
2.585275173187255859e-01
6.582770347595214844e-01
6.787564754486083984e-01
1.329809188842773438e+00
1.006443262100219727e+00
4.391920566558837891e-01
5.609836578369140625e-01
5.382490158081054688e-01
2.968988418579101562e-01
6.706628799438476562e-01
6.219339370727539062e-01
3.981451988220214844e-01
8.700332641601562500e-01
5.197677612304687500e-01
4.084475040435791016e-01
1.027342557907104492e+00
8.387792110443115234e-01
7.190792560577392578e-01
5.643391609191894531e-01
6.244685649871826172e-01
1.074837684631347656e+00
8.827197551727294922e-01
6.923193931579589844e-01
1.017980337142944336e+00
1.682322025299072266e-01
4.036333560943603516e-01
4.166171550750732422e-01
8.843383789062500000e-01
1.097707748413085938e+00
1.020222663879394531e+00
3.845038414001464844e-01
3.306875228881835938e-01
7.876760959625244141e-01
1.362024545669555664e+00
8.969168663024902344e-01
1.501176595687866211e+00
1.469947576522827148e+00
7.942774295806884766e-01
5.934755802154541016e-01
8.526935577392578125e-01
1.964026451110839844e+00
1.457579612731933594e+00
1.567387580871582031e-01
3.852043151855468750e-01
8.793437480926513672e-01
6.011970043182373047e-01
4.845409393310546875e-01
7.663986682891845703e-01
3.979618549346923828e-01
4.978334903717041016e-01
5.732977390289306641e-01
1.636616468429565430e+00
1.653634786605834961e+00
5.059602260589599609e-01
1.955554485321044922e-01
8.732991218566894531e-01
5.157840251922607422e-01
8.188362121582031250e-01
7.210094928741455078e-01
5.822892189025878906e-01
5.245382785797119141e-01
8.367211818695068359e-01
1.164365530014038086e+00
8.199920654296875000e-01
6.972897052764892578e-01
5.425477027893066406e-01
8.461050987243652344e-01
9.458808898925781250e-01
4.430596828460693359e-01
1.061688423156738281e+00
5.228412151336669922e-01
6.808831691741943359e-01
1.306989431381225586e+00
1.685275793075561523e+00
3.981766700744628906e-01
9.955835342407226562e-01
7.225351333618164062e-01
8.386518955230712891e-01
5.075435638427734375e-01
9.804582595825195312e-01
1.155556917190551758e+00
6.641092300415039062e-01
6.457300186157226562e-01
7.332715988159179688e-01
8.571820259094238281e-01
1.333000183105468750e+00
9.139487743377685547e-01
1.091747999191284180e+00
2.493486404418945312e-01
3.697707653045654297e-01
7.161331176757812500e-01
9.646906852722167969e-01
4.658124446868896484e-01
4.244790077209472656e-01
1.041345834732055664e+00
2.782185077667236328e-01
7.127180099487304688e-01
4.097092151641845703e-01
1.917841434478759766e-01
6.144332885742187500e-01
1.172942876815795898e+00
1.944026947021484375e-01
8.072710037231445312e-01
6.598403453826904297e-01
6.020410060882568359e-01
4.894630908966064453e-01
3.212387561798095703e-01
8.183312416076660156e-01
7.445087432861328125e-01
1.111902952194213867e+00
9.794499874114990234e-01
8.069550991058349609e-01
1.075764417648315430e+00
7.395961284637451172e-01
1.112526893615722656e+00
9.118881225585937500e-01
6.287767887115478516e-01
5.425570011138916016e-01
1.189978599548339844e+00
1.736569404602050781e-01
2.879021167755126953e-01
1.293897628784179688e-01
7.889411449432373047e-01
7.686905860900878906e-01
5.295579433441162109e-01
6.904411315917968750e-01
9.322700500488281250e-01
7.135565280914306641e-01
8.849668502807617188e-01
1.005759716033935547e+00
4.241561889648437500e-01
1.429108142852783203e+00
6.601583957672119141e-01
9.007823467254638672e-01
5.331962108612060547e-01
1.268665790557861328e+00
8.751220703125000000e-01
6.899201869964599609e-01
1.937460899353027344e-01
1.608486175537109375e-01
6.391820907592773438e-01
7.454104423522949219e-01
3.706326484680175781e-01
1.013810157775878906e+00
7.312967777252197266e-01
8.456437587738037109e-01
1.399300098419189453e+00
1.284068107604980469e+00
7.145507335662841797e-01
3.772013187408447266e-01
8.549132347106933594e-01
3.796968460083007812e-01
4.526336193084716797e-01
4.758155345916748047e-01
7.612705230712890625e-01
1.193045854568481445e+00
2.436966896057128906e-01
8.578104972839355469e-01
7.565205097198486328e-01
8.743767738342285156e-01
7.424814701080322266e-01
1.102317810058593750e+00
