7.363078594207763672e-01
9.051244258880615234e-01
4.027345180511474609e-01
2.589576244354248047e+00
4.988524913787841797e-01
3.728367567062377930e+00
8.616836071014404297e-01
1.235588073730468750e+00
3.395388603210449219e+00
6.546370983123779297e-01
8.821916580200195312e-01
1.246061563491821289e+00
3.668906688690185547e-01
1.850841999053955078e+00
5.894553661346435547e-01
5.801794528961181641e-01
1.148750066757202148e+00
2.139800310134887695e+00
2.018871307373046875e-01
6.437160968780517578e-01
4.989693164825439453e-01
6.817898750305175781e-01
4.964399576187133789e+00
5.041799545288085938e-01
4.423692464828491211e+00
1.109256267547607422e+00
6.714706420898437500e-01
2.751594305038452148e+00
2.177832603454589844e+00
2.049112796783447266e+00
4.829341650009155273e+00
1.854434728622436523e+00
9.584283828735351562e-01
2.958135843276977539e+00
9.410014152526855469e-01
4.170102119445800781e+00
5.504374504089355469e-01
9.414484500885009766e-01
6.115667819976806641e-01
5.481202602386474609e-01
3.268491268157958984e+00
3.017212390899658203e+00
1.216963052749633789e+00
5.581433773040771484e-01
2.667957782745361328e+00
6.081590652465820312e-01
1.127811670303344727e+00
8.441009521484375000e-01
2.013128519058227539e+00
6.837728023529052734e-01
1.084385633468627930e+00
7.260148525238037109e-01
2.546436786651611328e-01
2.399139881134033203e+00
2.733821153640747070e+00
8.297178745269775391e-01
2.096637248992919922e+00
3.210133075714111328e+00
2.024524211883544922e+00
4.561298608779907227e+00
3.937432765960693359e-01
2.028769493103027344e+00
4.422018527984619141e-01
3.197608709335327148e+00
4.457097053527832031e-01
2.410013198852539062e+00
1.317735671997070312e+00
1.186641693115234375e+00
4.399485588073730469e-01
3.886373043060302734e-01
8.034396171569824219e-01
1.645071268081665039e+00
2.268349885940551758e+00
1.692337989807128906e+00
1.662543058395385742e+00
9.009339809417724609e-01
5.870418548583984375e-01
9.899573326110839844e-01
3.453471660614013672e+00
2.878244400024414062e+00
7.553603649139404297e-01
6.448192596435546875e-01
9.760997295379638672e-01
5.138518810272216797e-01
5.273783206939697266e-01
3.748257160186767578e-01
4.023613929748535156e-01
7.659902572631835938e-01
1.974462270736694336e+00
3.138157129287719727e+00
1.810303926467895508e+00
1.069429636001586914e+00
2.326982021331787109e-01
2.562130928039550781e+00
6.685333251953125000e-01
4.988005876541137695e+00
8.373668193817138672e-01
6.937458515167236328e-01
9.250047206878662109e-01
9.103312492370605469e-01
2.905949354171752930e+00
1.017256498336791992e+00
2.069991588592529297e+00
3.669508934020996094e+00
9.146168231964111328e-01
2.133787631988525391e+00
6.175522804260253906e-01
2.499727249145507812e+00
6.593167781829833984e-01
2.823482751846313477e+00
1.532088279724121094e+00
3.394633054733276367e+00
5.872807502746582031e-01
2.159783124923706055e+00
8.243143558502197266e-01
9.342436790466308594e-01
1.812757968902587891e+00
4.958615303039550781e-01
1.623055696487426758e+00
6.950337886810302734e-01
1.109317779541015625e+00
1.083060979843139648e+00
1.153616905212402344e+00
2.936117172241210938e+00
2.504346847534179688e+00
2.540308237075805664e+00
2.594726085662841797e-01
8.241956233978271484e-01
8.268177509307861328e-01
9.640169143676757812e-01
4.986107349395751953e-01
4.762117862701416016e-01
2.559900760650634766e+00
3.075959682464599609e-01
8.342084884643554688e-01
7.870421409606933594e-01
6.577329635620117188e-01
3.608825922012329102e+00
2.856396198272705078e+00
5.271289348602294922e-01
8.729376792907714844e-01
7.756204605102539062e-01
3.539454936981201172e+00
6.928305625915527344e-01
7.017726898193359375e-01
9.935660362243652344e-01
8.600161075592041016e-01
1.281802415847778320e+00
1.079360246658325195e+00
9.819567203521728516e-01
1.685693264007568359e+00
8.852560520172119141e-01
2.528258323669433594e+00
3.649263143539428711e+00
6.704361438751220703e-01
5.568947792053222656e-01
2.803800821304321289e+00
1.211714744567871094e-01
5.118261098861694336e+00
1.392400264739990234e-01
8.513453006744384766e-01
8.226778507232666016e-01
6.187846660614013672e-01
8.286557197570800781e-01
2.242987155914306641e+00
7.503490447998046875e-01
7.804210186004638672e-01
2.268610477447509766e+00
4.868233203887939453e-01
1.596852302551269531e+00
8.149101734161376953e-01
5.900340080261230469e-01
6.186311244964599609e-01
1.443135976791381836e+00
2.388351440429687500e+00
2.884862184524536133e+00
4.372987747192382812e-01
3.871781826019287109e-01
7.820816040039062500e-01
8.975064754486083984e-01
1.870152711868286133e+00
1.721445798873901367e+00
7.550921440124511719e-01
9.084217548370361328e-01
6.113104820251464844e-01
1.396196365356445312e+00
5.832800865173339844e-01
6.636183261871337891e-01
4.229984998703002930e+00
5.347094535827636719e-01
4.274385452270507812e+00
5.090370178222656250e-01
2.092009067535400391e+00
2.635090112686157227e+00
3.181693553924560547e-01
1.474918127059936523e+00
8.837413787841796875e-01
2.250420331954956055e+00
2.752510070800781250e+00
1.243676900863647461e+00
