1.003909111022949219e-01
8.767485618591308594e-02
1.965787410736083984e-01
2.280000424385070801e+01
2.982544898986816406e-02
6.939268112182617188e-02
4.106750488281250000e-01
6.589243412017822266e-01
8.028340339660644531e-02
1.774916648864746094e-01
3.863253593444824219e-01
9.348464012145996094e-02
3.206751346588134766e-01
6.883645057678222656e-02
2.176501750946044922e-01
2.077651023864746094e-02
1.119518280029296875e-02
5.661956787109375000e+00
4.037005901336669922e-01
2.037646770477294922e-01
1.595377922058105469e-02
8.643102645874023438e-02
2.324950695037841797e-01
3.930139541625976562e-02
1.546931266784667969e-01
2.337555885314941406e-01
5.000187711715698242e+02
3.945994377136230469e-02
4.899001121520996094e-02
6.079196929931640625e-03
1.884586596488952637e+02
5.743598937988281250e-02
5.132174851894378662e+02
1.876974105834960938e-02
6.163644790649414062e-02
1.656794548034667969e-02
2.924561500549316406e-02
4.770159721374511719e-02
4.644632339477539062e-02
9.355702400207519531e-01
3.724284172058105469e-01
3.271436691284179688e-02
3.252458572387695312e-02
2.680134773254394531e-01
1.915178084373474121e+01
1.750421524047851562e-02
5.002868175506591797e-01
1.045520305633544922e-01
5.114057595729827881e+02
1.178803443908691406e-01
1.670420436859130859e+02
3.061792850494384766e-01
1.528363227844238281e-01
1.308486461639404297e-01
7.233643531799316406e-02
2.584481239318847656e-02
6.090569496154785156e-02
5.757403373718261719e-02
4.516148567199707031e-02
3.463677966594696045e+02
9.212565422058105469e-02
6.856083869934082031e-02
5.068953664302825928e+02
8.210945129394531250e-02
5.258727073669433594e-02
3.727154731750488281e-01
6.259231567382812500e-01
1.582789421081542969e-02
3.559613227844238281e-02
9.240293502807617188e-02
3.741407394409179688e-02
4.475221633911132812e-01
1.718716621398925781e-01
2.757501602172851562e-02
1.059267520904541016e-01
3.475060462951660156e-01
1.638603210449218750e-02
1.558728218078613281e-01
7.540845870971679688e-02
2.458925247192382812e-01
6.601810455322265625e-02
6.219148635864257812e-03
9.163928031921386719e-02
1.889905929565429688e-01
1.432480812072753906e-01
1.702396869659423828e-01
9.355306625366210938e-02
3.451609611511230469e-01
6.897664070129394531e-02
1.474549770355224609e-01
4.592156410217285156e-02
1.424622535705566406e-02
4.013068675994873047e-01
4.349517822265625000e-02
3.306818246841430664e+00
3.153631687164306641e-01
4.000949859619140625e-02
8.125209808349609375e-02
9.964156150817871094e-02
1.626603603363037109e-01
5.000266618728637695e+02
3.933191299438476562e-03
1.696370840072631836e+00
4.058571338653564453e+00
1.410019397735595703e-01
3.908760547637939453e-01
5.165598392486572266e-01
5.630803108215332031e-02
1.142115592956542969e-01
2.389810085296630859e-01
6.432342529296875000e-02
2.731084823608398438e-02
3.525059223175048828e-01
1.133224964141845703e-01
2.726504802703857422e-01
8.491086959838867188e-02
7.616329193115234375e-02
1.003648281097412109e+00
1.308488845825195312e-02
1.808149814605712891e-01
1.549601554870605469e-02
1.971137523651123047e-01
4.173831939697265625e-01
3.388118743896484375e-02
1.674060106277465820e+00
3.024084568023681641e-01
5.863296985626220703e-01
3.038977384567260742e+00
2.381711006164550781e-01
1.520276069641113281e-02
5.411100387573242188e-02
2.548639774322509766e-01
4.136831045150756836e+00
5.109797992706298828e+02
9.021785283088684082e+01
1.488652229309082031e-01
9.118318557739257812e-02
5.468392372131347656e-01
6.824398040771484375e-02
1.604104042053222656e-02
2.099657058715820312e-02
2.591466903686523438e-02
1.480436325073242188e-02
4.960227012634277344e-02
1.116948127746582031e-01
2.120232582092285156e-02
2.837639856338500977e+01
2.281095981597900391e-01
2.479252815246582031e-01
2.392911911010742188e-01
3.116459846496582031e-01
1.090974807739257812e-01
5.017786936759948730e+02
2.219884395599365234e-01
2.178555107116699219e+01
2.370071411132812500e-02
1.143801212310791016e-01
1.659243106842041016e-01
5.889821052551269531e-02
9.282533168792724609e+00
6.552875041961669922e-01
3.863191604614257812e-02
6.794428825378417969e-02
1.246216058731079102e+00
5.560445785522460938e-02
4.494932174682617188e+00
3.987894058227539062e-01
3.908896446228027344e-02
3.147268295288085938e-02
1.024832725524902344e-01
1.183336901664733887e+01
5.642099547386169434e+01
2.298972606658935547e-01
1.318604946136474609e-01
2.766346931457519531e-02
8.742427825927734375e-02
1.231150627136230469e-01
8.032608032226562500e-02
1.266544008255004883e+01
4.308104515075683594e-02
1.672976016998291016e+00
3.602259159088134766e-01
6.759762763977050781e-02
1.570849418640136719e-01
1.430751085281372070e+00
1.818251609802246094e-02
2.602221965789794922e-01
2.088681697845458984e+00
2.044174671173095703e-01
7.232917308807373047e+00
1.862096786499023438e-02
6.027936935424804688e-02
2.188706398010253906e-02
4.115653038024902344e-02
2.603125572204589844e-02
1.209345541000366211e+02
3.087449073791503906e-02
4.329133510589599609e+00
4.998087882995605469e-02
3.177618980407714844e-02
