1.695683002471923828e-01
1.133031845092773438e-01
2.038998603820800781e-01
1.643171548843383789e+00
4.386091232299804688e-02
1.410312652587890625e-01
4.130934953689575195e+00
9.812216758728027344e-01
1.819055080413818359e-01
1.839833259582519531e-01
3.756268024444580078e-01
2.673962116241455078e-01
1.191015720367431641e+00
1.224470138549804688e-01
2.720353603363037109e-01
4.920673370361328125e-02
2.505540847778320312e-02
1.138222002983093262e+01
1.155924320220947266e+00
1.067993640899658203e-01
1.914334297180175781e-02
1.357448101043701172e-01
2.977445125579833984e-01
7.046604156494140625e-02
9.284687042236328125e-02
2.649972438812255859e-01
5.048354330062866211e+02
4.720759391784667969e-02
4.332423210144042969e-02
8.263587951660156250e-03
1.510069236755371094e+02
6.828331947326660156e-02
5.075256595611572266e+02
1.696372032165527344e-02
4.905986785888671875e-02
1.558351516723632812e-02
2.327251434326171875e-02
4.545211791992187500e-02
4.670858383178710938e-02
3.950316905975341797e-01
8.170747756958007812e-02
4.746222496032714844e-02
2.482247352600097656e-02
2.496790885925292969e-02
8.962213754653930664e+00
2.275872230529785156e-02
2.425148487091064453e-01
2.145268917083740234e-01
5.089008076190948486e+02
1.131806373596191406e-01
1.210410463809967041e+02
2.986161708831787109e-01
1.617188453674316406e-01
2.433180809020996094e-01
3.294038772583007812e-02
1.454281806945800781e-02
4.317688941955566406e-02
6.577801704406738281e-02
2.254192829132080078e-01
1.846206068992614746e+02
1.081340312957763672e-01
1.101043224334716797e-01
5.064546504020690918e+02
5.181241035461425781e-02
5.835819244384765625e-02
2.618136405944824219e-01
9.497666358947753906e-02
1.889634132385253906e-02
6.717133522033691406e-02
1.663045883178710938e-01
5.429959297180175781e-02
2.488362789154052734e-01
1.233668327331542969e-01
2.537846565246582031e-02
1.471221446990966797e-01
4.905948638916015625e-01
1.995849609375000000e-02
3.096079826354980469e-02
1.952714920043945312e-01
7.129883766174316406e-02
6.535673141479492188e-02
5.916595458984375000e-03
7.370710372924804688e-02
7.746338844299316406e-02
1.062406301498413086e+00
7.090115547180175781e-02
8.361077308654785156e-02
2.878024578094482422e-01
7.299208641052246094e-02
1.275296211242675781e-01
5.233907699584960938e-02
1.427245140075683594e-02
7.251403331756591797e-01
4.200863838195800781e-02
3.581449508666992188e+00
5.789065361022949219e-02
1.428604125976562500e-01
5.121803283691406250e-02
5.140352249145507812e-02
6.667971611022949219e-02
5.077723438739776611e+02
3.995180130004882812e-03
1.816677093505859375e+00
5.769932031631469727e+00
2.198433876037597656e-02
2.666518688201904297e-01
5.851523876190185547e-01
3.065776824951171875e-02
9.197068214416503906e-02
1.456923484802246094e-01
5.830478668212890625e-02
2.375364303588867188e-02
4.357676506042480469e-01
1.559147834777832031e-01
5.295093059539794922e-01
8.433270454406738281e-02
5.263495445251464844e-02
5.282690525054931641e-01
1.263475418090820312e-02
1.093559265136718750e-01
1.594614982604980469e-02
2.676112651824951172e-01
3.693556785583496094e-01
8.789062500000000000e-02
1.275665521621704102e+00
2.985193729400634766e-01
5.838601589202880859e-01
4.936745405197143555e+00
1.181526184082031250e-01
1.244735717773437500e-02
1.928875446319580078e-01
2.980980873107910156e-01
5.000032935142517090e+02
5.100073091983795166e+02
1.107923202514648438e+02
7.733869552612304688e-02
8.219051361083984375e-02
4.073538780212402344e-01
6.340456008911132812e-02
1.609802246093750000e-02
2.279973030090332031e-02
2.613615989685058594e-02
1.492738723754882812e-02
6.144666671752929688e-02
1.174030303955078125e-01
3.005337715148925781e-02
1.233882927894592285e+01
9.460783004760742188e-02
2.530465126037597656e-01
1.231284141540527344e-01
8.266448974609375000e-02
1.946489810943603516e-01
5.046835322380065918e+02
3.574688434600830078e-01
1.291251063346862793e+01
1.803278923034667969e-02
1.159913539886474609e-01
9.791207313537597656e-02
8.208990097045898438e-02
9.797410964965820312e-01
4.319610595703125000e-01
1.764116287231445312e-01
7.251596450805664062e-02
6.451423168182373047e-01
1.965641975402832031e-02
6.188154220581054688e+00
8.764841556549072266e-01
6.726408004760742188e-02
1.331164836883544922e-01
3.990316390991210938e-02
2.300782203674316406e+00
6.522052907943725586e+01
3.686056137084960938e-01
3.184807300567626953e-01
5.294036865234375000e-02
8.560729026794433594e-02
1.296250820159912109e-01
7.742261886596679688e-02
1.994844913482666016e+00
3.262472152709960938e-02
5.209128856658935547e-01
8.203153610229492188e-01
5.103206634521484375e-02
1.648709774017333984e-01
2.288763046264648438e+00
7.955002784729003906e-02
2.810823917388916016e-01
1.952251195907592773e+00
1.198217868804931641e-01
1.516224384307861328e+00
2.302455902099609375e-02
2.011227607727050781e-01
2.455163002014160156e-02
3.933811187744140625e-02
2.928757667541503906e-02
1.315497395992279053e+02
4.474115371704101562e-02
4.605514526367187500e+00
3.306913375854492188e-02
3.039860725402832031e-02
