6.598234176635742188e-02
5.087995529174804688e-02
9.932684898376464844e-02
1.146286249160766602e+00
2.979969978332519531e-02
7.965922355651855469e-02
3.541500568389892578e-01
2.303962707519531250e-01
9.292697906494140625e-02
2.815766334533691406e-01
1.571071147918701172e-01
2.658598423004150391e-01
3.710739612579345703e-01
5.329966545104980469e-02
1.677136421203613281e-01
2.216410636901855469e-02
1.063132286071777344e-02
5.384073734283447266e+00
3.513844013214111328e-01
1.787586212158203125e-01
1.764559745788574219e-02
7.938265800476074219e-02
3.728818893432617188e-01
4.184699058532714844e-02
7.538414001464843750e-02
1.656696796417236328e-01
5.003074536323547363e+02
5.464982986450195312e-02
3.812861442565917969e-02
5.727291107177734375e-03
1.429027640819549561e+02
7.859277725219726562e-02
5.010414848327636719e+02
1.691317558288574219e-02
4.708671569824218750e-02
1.595234870910644531e-02
2.456378936767578125e-02
4.167294502258300781e-02
4.992556571960449219e-02
8.009459972381591797e-01
8.438324928283691406e-02
4.314351081848144531e-02
2.640366554260253906e-02
2.149915695190429688e-02
9.756795883178710938e+00
4.236435890197753906e-02
1.935598850250244141e-01
1.017985343933105469e-01
5.053405718803405762e+02
2.092480659484863281e-02
1.086259911060333252e+02
2.492389678955078125e-01
1.269483566284179688e-01
1.947202682495117188e-01
2.436804771423339844e-02
4.577088356018066406e-02
4.562401771545410156e-02
6.942176818847656250e-02
5.466127395629882812e-02
3.095587553977966309e+02
2.364876270294189453e-01
1.575994491577148438e-01
5.002615294456481934e+02
7.494616508483886719e-02
3.092384338378906250e-02
1.270041465759277344e-01
5.551590919494628906e-01
1.348376274108886719e-02
9.362506866455078125e-02
1.668441295623779297e-01
2.727770805358886719e-02
4.392783641815185547e-01
1.462202072143554688e-01
2.952480316162109375e-02
1.182305812835693359e-01
2.067825794219970703e-01
1.584720611572265625e-02
2.611136436462402344e-02
1.383516788482666016e-01
1.037588119506835938e-01
2.105486392974853516e-01
2.441167831420898438e-02
7.895588874816894531e-02
7.384419441223144531e-02
1.950850486755371094e-01
6.366825103759765625e-02
9.055638313293457031e-02
3.191792964935302734e-01
4.937672615051269531e-02
1.855022907257080078e-01
3.648281097412109375e-02
1.556205749511718750e-02
5.131180286407470703e-01
6.557464599609375000e-02
2.940015554428100586e+00
7.548832893371582031e-02
6.467318534851074219e-02
4.014539718627929688e-02
4.585599899291992188e-02
7.770705223083496094e-02
5.000285427570343018e+02
5.621910095214843750e-03
1.492504358291625977e+00
3.680807590484619141e+00
1.573419570922851562e-02
1.993870735168457031e-01
4.279453754425048828e-01
2.165031433105468750e-02
7.506895065307617188e-02
1.211678981781005859e-01
4.974746704101562500e-02
2.319264411926269531e-02
4.351241588592529297e-01
1.200897693634033203e-01
2.416687011718750000e-01
8.374071121215820312e-02
1.515979766845703125e-01
1.295888423919677734e-01
1.437568664550781250e-02
1.088452339172363281e-01
1.732516288757324219e-02
1.796076297760009766e-01
3.666274547576904297e-01
7.391548156738281250e-02
1.003663301467895508e+00
3.129653930664062500e-01
1.671576499938964844e-01
2.796899795532226562e+00
8.141255378723144531e-02
1.300430297851562500e-02
4.224014282226562500e-02
6.173634529113769531e-02
2.931410551071166992e+00
5.002066855430603027e+02
1.035668072700500488e+02
7.378387451171875000e-02
3.489670753479003906e-01
2.678322792053222656e-01
5.088829994201660156e-02
1.643490791320800781e-02
2.319693565368652344e-02
1.959562301635742188e-02
1.764941215515136719e-02
7.231163978576660156e-02
7.968473434448242188e-02
2.279210090637207031e-02
2.237054109573364258e+00
7.459139823913574219e-02
3.071885108947753906e-01
1.037395000457763672e-01
9.222817420959472656e-02
2.225391864776611328e-01
5.000366544723510742e+02
2.465555667877197266e-01
3.885319232940673828e-01
1.567864418029785156e-02
1.613116264343261719e-02
4.449224472045898438e-02
5.142068862915039062e-02
8.563408851623535156e-01
5.141236782073974609e-01
4.692530632019042969e-02
8.354043960571289062e-02
5.962108612060546875e+00
1.492643356323242188e-02
5.747430086135864258e+00
3.314275741577148438e-01
5.640196800231933594e-02
3.801846504211425781e-02
9.579062461853027344e-02
5.375466346740722656e-01
5.145928025245666504e+01
2.694802284240722656e-01
1.468868255615234375e-01
5.677604675292968750e-02
6.646203994750976562e-02
8.863830566406250000e-02
5.889225006103515625e-02
9.926357269287109375e-01
3.883171081542968750e-02
4.734463691711425781e-01
4.124372005462646484e-01
4.725360870361328125e-02
1.263244152069091797e-01
1.280912876129150391e+00
5.485701560974121094e-02
3.122284412384033203e-01
2.428106784820556641e+00
1.851677894592285156e-01
6.848800182342529297e-01
8.084106445312500000e-02
8.263301849365234375e-02
2.261614799499511719e-02
4.867696762084960938e-02
2.800965309143066406e-02
1.543096790313720703e+02
1.324629783630371094e-01
9.950459003448486328e+00
4.935717582702636719e-02
5.091857910156250000e-02
