6.574845314025878906e-02
9.411525726318359375e-02
8.452963829040527344e-02
4.085866451263427734e+00
2.333521842956542969e-02
1.024868488311767578e-01
5.027654170989990234e-01
1.794018745422363281e-01
9.228658676147460938e-02
2.651453018188476562e-01
1.208581924438476562e-01
2.996342182159423828e-01
2.706561565399169922e+00
5.288600921630859375e-02
2.348830699920654297e-01
5.570824146270751953e-01
1.536297798156738281e-02
1.894775485992431641e+01
1.255115747451782227e+00
2.213745117187500000e-01
1.617360115051269531e-02
9.187006950378417969e-02
2.050709724426269531e-01
4.232335090637207031e-02
1.479301452636718750e-01
2.864573001861572266e-01
5.000137147903442383e+02
4.256749153137207031e-02
4.928350448608398438e-02
5.766153335571289062e-03
1.101585090160369873e+02
6.776833534240722656e-02
5.000040924549102783e+02
1.751766204833984375e-01
5.426859855651855469e-02
1.627078056335449219e-01
3.043746948242187500e-02
6.792163848876953125e-02
4.812955856323242188e-02
1.648794651031494141e+00
9.478163719177246094e-02
3.629660606384277344e-02
2.557563781738281250e-02
6.609225273132324219e-02
5.000003647804260254e+02
3.972220420837402344e-02
7.629846334457397461e+00
2.510101795196533203e-01
5.000183598995208740e+02
1.258659362792968750e-01
4.369068551063537598e+02
3.508248329162597656e-01
1.287083625793457031e-01
4.351203441619873047e-01
7.176470756530761719e-02
1.480913162231445312e-02
4.491972923278808594e-02
5.501556396484375000e-02
3.484356403350830078e-01
5.000047898292541504e+02
1.498284339904785156e-01
6.987690925598144531e-02
5.000179846286773682e+02
6.740307807922363281e-02
3.594923019409179688e-02
1.818496465682983398e+00
1.262447834014892578e-01
2.381610870361328125e-02
4.700565338134765625e-02
1.601233482360839844e-01
3.602695465087890625e-02
4.116199016571044922e-01
1.400337219238281250e-01
5.051422119140625000e-02
3.233854770660400391e-01
2.022852897644042969e-01
2.773261070251464844e-02
1.066277027130126953e-01
2.384805679321289062e-02
9.455561637878417969e-02
9.624123573303222656e-02
5.084300041198730469e-02
5.768942832946777344e-02
8.117318153381347656e-02
8.371946811676025391e-01
5.252327919006347656e-01
2.984786033630371094e-02
2.694349288940429688e-01
5.973362922668457031e-02
1.151692867279052734e-01
4.794645309448242188e-02
1.636672019958496094e-02
7.685289382934570312e-01
4.409837722778320312e-02
3.442358064651489258e+01
5.929875373840332031e-02
1.860595941543579102e+00
7.734823226928710938e-02
1.828002929687500000e-02
8.301997184753417969e-02
5.000194325447082520e+02
3.535747528076171875e-03
4.949058771133422852e+00
2.194466376304626465e+01
2.301311492919921875e-02
2.767338752746582031e-01
4.719285964965820312e-01
2.249407768249511719e-02
1.667299270629882812e-01
1.291642189025878906e-01
5.680394172668457031e-02
3.037047386169433594e-02
1.947021484375000000e-01
1.589281558990478516e-01
1.820185184478759766e-01
5.275559425354003906e-02
5.130195617675781250e-02
1.270496845245361328e-01
1.426124572753906250e-02
1.554071903228759766e-01
1.528334617614746094e-02
1.892209053039550781e-01
2.527179479598999023e+00
3.604388236999511719e-02
1.411150455474853516e+00
6.690659523010253906e-01
2.087213993072509766e-01
5.251976728439331055e+00
5.987000465393066406e-02
1.264500617980957031e-02
2.569587230682373047e-01
1.073229312896728516e-01
5.000129811763763428e+02
5.000161640644073486e+02
1.912560338973999023e+02
4.201579093933105469e-02
1.362075805664062500e-01
2.241542339324951172e-01
5.612730979919433594e-02
2.893967628479003906e-01
2.653193473815917969e-02
3.009939193725585938e-02
1.542997360229492188e-02
5.094599723815917969e-02
8.143186569213867188e-02
4.065728187561035156e-02
8.138765335083007812e+00
1.042869091033935547e-01
1.105407714843750000e+00
1.432795524597167969e-01
8.346939086914062500e-02
1.881527900695800781e-01
5.000297958850860596e+02
3.436065673828125000e+00
1.602014303207397461e+00
1.618313789367675781e-02
1.654005050659179688e-02
1.440277099609375000e-01
6.603741645812988281e-02
2.135551929473876953e+00
5.287883281707763672e-01
3.232455253601074219e-02
5.080986022949218750e-02
6.364004635810852051e+01
1.787328720092773438e-02
7.629517316818237305e+00
4.585485458374023438e-01
2.773475646972656250e-02
3.190779685974121094e-02
5.848026275634765625e-02
2.560941934585571289e+00
4.197245702743530273e+02
1.600387096405029297e-01
6.624054908752441406e-02
5.431652069091796875e-02
5.445957183837890625e-02
3.919951915740966797e-01
5.392186641693115234e-01
8.408097982406616211e+00
4.296338558197021484e-01
1.625380754470825195e+00
1.154203176498413086e+01
5.467724800109863281e-02
1.645462512969970703e-01
7.703045845031738281e+00
7.535791397094726562e-02
1.786586523056030273e+00
1.911850452423095703e+00
1.918098926544189453e-01
2.690074205398559570e+00
3.832411766052246094e-02
4.404687881469726562e-02
2.315568923950195312e-02
4.282355308532714844e-02
2.731394767761230469e-02
2.479763529300689697e+02
1.763873100280761719e-01
3.812962055206298828e+00
4.303145408630371094e-02
3.129386901855468750e-02
