9.994173049926757812e-02
8.107924461364746094e-02
6.237578392028808594e-02
1.346471309661865234e-01
2.317647933959960938e-01
9.053158760070800781e-02
2.566533088684082031e-01
4.959785938262939453e-01
4.352855682373046875e-02
7.647085189819335938e-02
4.320251011848449707e+01
6.496596336364746094e-02
1.578676700592041016e-01
8.433294296264648438e-02
2.408726215362548828e-01
4.022355079650878906e-01
4.275155067443847656e-02
7.539701461791992188e-02
6.507301330566406250e-02
8.862233161926269531e-02
1.180245876312255859e-01
1.793937683105468750e-01
5.056348824501037598e+01
8.326507806777954102e+00
1.134777069091796875e-01
2.369112968444824219e+00
1.063539981842041016e-01
5.013823509216308594e-02
5.178260803222656250e-02
9.711599349975585938e-02
1.322484016418457031e-01
7.976531028747558594e+01
7.761454582214355469e-02
1.109547615051269531e-01
9.378004074096679688e-02
5.372166633605957031e-02
4.440255165100097656e-01
7.191514968872070312e-01
9.811949729919433594e-02
1.883900165557861328e-01
2.979655265808105469e-01
1.848382949829101562e-01
6.678795814514160156e-02
7.712483406066894531e-02
5.707556962966918945e+00
2.679541110992431641e-01
6.306433677673339844e-02
4.877996444702148438e-02
7.037854194641113281e-02
1.445643901824951172e-01
5.146503448486328125e-02
4.484605789184570312e-02
4.311299324035644531e-02
2.518208026885986328e-01
2.348310947418212891e-01
6.688618659973144531e-02
5.121421813964843750e-02
4.666924476623535156e-02
1.194748878479003906e-01
5.453729629516601562e-02
1.185038089752197266e-01
3.808403015136718750e-02
1.047072410583496094e-01
8.181142807006835938e-02
1.002418994903564453e-01
6.073307991027832031e-02
2.527172780036926270e+01
6.834459304809570312e-02
4.926943778991699219e-02
4.868268961906433105e+02
1.057152748107910156e-01
1.085216999053955078e-01
2.480223178863525391e-01
8.990406990051269531e-02
3.905773162841796875e-02
1.034848690032958984e-01
1.873605012893676758e+00
1.151678562164306641e-01
4.135131835937500000e-02
2.646207809448242188e-02
6.179189682006835938e-02
2.897775173187255859e-01
8.864641189575195312e-02
6.490969657897949219e-02
1.931628942489624023e+00
1.357610225677490234e-01
3.163206577301025391e-01
1.041524648666381836e+00
4.941534996032714844e-02
7.372665405273437500e-02
7.616543769836425781e-02
9.357476234436035156e-02
9.745621681213378906e-02
8.354163169860839844e-02
6.388974189758300781e-02
4.223275184631347656e-02
7.467246055603027344e-02
7.525825500488281250e-02
4.622697830200195312e-02
9.180903434753417969e-02
1.266441345214843750e-01
1.398568153381347656e-01
1.041810512542724609e-01
1.405556201934814453e-01
1.500098705291748047e-01
5.083155632019042969e-02
7.973623275756835938e-02
1.463501453399658203e-01
1.377882957458496094e-01
4.155015945434570312e-02
3.926229476928710938e-01
1.094446182250976562e-01
8.367204666137695312e-02
5.615782737731933594e-02
9.510159492492675781e-02
2.405371665954589844e-01
5.262303352355957031e-02
7.580018043518066406e-02
5.002412796020507812e-01
1.173870563507080078e-01
8.513617515563964844e-02
4.522418975830078125e-02
5.522537231445312500e-02
4.595804214477539062e-02
1.183552742004394531e-01
2.253413438796997070e+00
9.915471076965332031e-02
3.896689414978027344e-02
1.038343906402587891e-01
4.592514038085937500e-02
8.252358436584472656e-02
4.951381683349609375e-02
5.633354187011718750e-02
6.888221979141235352e+00
4.533815383911132812e-02
5.594229698181152344e-02
5.444550514221191406e-02
1.903464794158935547e-01
1.041352748870849609e-01
6.487488746643066406e-02
2.369518280029296875e-01
6.100678443908691406e-02
8.102154731750488281e-02
2.066164016723632812e-01
1.917057037353515625e-01
9.129548072814941406e-02
1.055679321289062500e-01
5.041646957397460938e-02
7.446694374084472656e-02
6.146693229675292969e-02
2.560238838195800781e-01
8.359811067581176758e+00
6.145715713500976562e-02
4.040813446044921875e-02
5.118799209594726562e-02
5.808925628662109375e-02
6.511211395263671875e-02
6.396365165710449219e-02
1.459362506866455078e-01
3.387832641601562500e-02
8.590316772460937500e-02
8.240795135498046875e-02
7.540577101707458496e+01
9.233647108078002930e+00
3.801480441093444824e+02
5.920219421386718750e-02
5.393004417419433594e-02
1.186232566833496094e-01
1.025493144989013672e-01
4.219365119934082031e-02
5.091524124145507812e-02
2.524707794189453125e+00
6.572246551513671875e-02
8.719158172607421875e-02
5.284237861633300781e-02
3.462715148925781250e-01
1.430442333221435547e-01
1.911969184875488281e-01
5.925440788269042969e-02
6.766772270202636719e-02
7.008504867553710938e-02
1.399273872375488281e-01
5.921244621276855469e-02
5.793285369873046875e-02
8.613991737365722656e-02
1.262820367813110352e+02
1.341295981407165527e+01
5.662155151367187500e-02
6.098079681396484375e-02
1.435182094573974609e-01
1.434216499328613281e-01
4.719090461730957031e-02
1.278362274169921875e-01
4.368877410888671875e-02
8.339929580688476562e-02
1.187469959259033203e-01
6.818628311157226562e-02
6.965708732604980469e-02
8.195209503173828125e-02
6.835463047027587891e-01
