6.679654121398925781e-02
9.154129028320312500e-02
5.657219886779785156e-02
1.264314651489257812e-01
1.442973613739013672e-01
9.804511070251464844e-02
2.431890964508056641e-01
4.507000446319580078e-01
4.094576835632324219e-02
7.014584541320800781e-02
4.398594236373901367e+01
6.366705894470214844e-02
1.488223075866699219e-01
5.320429801940917969e-02
9.607625007629394531e-02
1.848266124725341797e-01
4.971408843994140625e-02
7.299876213073730469e-02
6.633400917053222656e-02
7.571673393249511719e-02
8.380961418151855469e-02
1.169826984405517578e-01
5.384664177894592285e+01
7.404943227767944336e+00
1.164140701293945312e-01
2.154865980148315430e+00
1.093845367431640625e-01
5.093431472778320312e-02
5.167198181152343750e-02
8.156180381774902344e-02
1.061155796051025391e-01
7.155616998672485352e+01
8.637547492980957031e-02
1.347556114196777344e-01
9.090113639831542969e-02
4.724144935607910156e-02
4.019343852996826172e-01
7.436165809631347656e-01
4.490852355957031250e-02
1.812577247619628906e-01
2.793419361114501953e-01
1.967892646789550781e-01
6.272625923156738281e-02
7.908391952514648438e-02
4.985973119735717773e+00
2.389078140258789062e-01
6.792402267456054688e-02
3.520417213439941406e-02
7.194662094116210938e-02
1.380140781402587891e-01
5.533766746520996094e-02
4.152083396911621094e-02
4.287838935852050781e-02
7.158303260803222656e-02
8.241505622863769531e-01
7.588744163513183594e-02
4.678273200988769531e-02
4.747223854064941406e-02
1.200616359710693359e-01
3.298163414001464844e-02
1.200582981109619141e-01
4.016828536987304688e-02
5.743455886840820312e-02
8.552122116088867188e-02
9.883713722229003906e-02
5.120992660522460938e-02
2.527294754981994629e+01
6.114625930786132812e-02
3.437662124633789062e-02
4.518533282279968262e+02
1.009614467620849609e-01
3.873968124389648438e-02
2.634565830230712891e-01
8.537960052490234375e-02
3.667783737182617188e-02
9.517002105712890625e-02
1.823884248733520508e+00
1.113147735595703125e-01
5.079460144042968750e-02
2.699017524719238281e-02
6.516504287719726562e-02
4.977011680603027344e-02
8.077836036682128906e-02
5.499458312988281250e-02
9.224030971527099609e-01
1.298182010650634766e-01
3.088767528533935547e-01
5.211853981018066406e-01
5.591273307800292969e-02
5.391430854797363281e-02
6.969118118286132812e-02
6.469225883483886719e-02
1.219995021820068359e-01
8.434367179870605469e-02
3.461551666259765625e-02
4.249548912048339844e-02
7.259726524353027344e-02
7.646203041076660156e-02
3.994107246398925781e-02
8.736848831176757812e-02
7.587718963623046875e-02
1.200387477874755859e-01
9.456300735473632812e-02
8.051800727844238281e-02
1.081445217132568359e-01
3.580379486083984375e-02
6.438875198364257812e-02
1.320590972900390625e-01
1.168582439422607422e-01
4.059624671936035156e-02
2.002243995666503906e-01
1.098666191101074219e-01
8.081531524658203125e-02
4.149389266967773438e-02
6.052374839782714844e-02
2.239058017730712891e-01
3.800654411315917969e-02
8.052706718444824219e-02
4.865942001342773438e-01
1.436939239501953125e-01
2.047302722930908203e-01
4.230427742004394531e-02
4.472589492797851562e-02
5.261039733886718750e-02
8.861184120178222656e-02
2.172140598297119141e+00
9.974026679992675781e-02
4.078269004821777344e-02
8.106398582458496094e-02
3.102779388427734375e-02
5.728983879089355469e-02
4.761576652526855469e-02
3.439354896545410156e-02
4.813096213340759277e+01
4.869723320007324219e-02
5.729508399963378906e-02
1.840949058532714844e-02
1.812067031860351562e-01
9.445285797119140625e-02
6.832528114318847656e-02
2.186620235443115234e-01
5.315637588500976562e-02
6.772160530090332031e-02
2.285819053649902344e-01
7.178616523742675781e-02
3.791475296020507812e-02
8.807206153869628906e-02
4.747438430786132812e-02
6.951522827148437500e-02
5.790209770202636719e-02
2.265923023223876953e-01
9.116448879241943359e+00
6.932711601257324219e-02
4.075193405151367188e-02
9.753108024597167969e-02
5.190610885620117188e-02
5.760312080383300781e-02
6.244754791259765625e-02
7.278180122375488281e-02
2.068352699279785156e-02
2.271392345428466797e-01
7.661080360412597656e-02
7.233927345275878906e+01
3.684013891220092773e+01
3.361359786987304688e+02
8.510446548461914062e-02
6.746649742126464844e-02
1.038732528686523438e-01
9.179949760437011719e-02
4.232072830200195312e-02
4.574990272521972656e-02
2.356869697570800781e+00
6.650424003601074219e-02
4.392099380493164062e-02
4.072070121765136719e-02
2.806911468505859375e-01
9.592294692993164062e-02
7.952833175659179688e-02
5.620574951171875000e-02
2.137606143951416016e-01
6.805109977722167969e-02
1.353862285614013672e-01
3.576922416687011719e-02
4.836058616638183594e-02
5.857586860656738281e-02
1.232142951488494873e+02
8.351702594757080078e+01
5.609965324401855469e-02
5.326199531555175781e-02
1.521792411804199219e-01
1.506204605102539062e-01
4.834628105163574219e-02
1.190049648284912109e-01
5.057740211486816406e-02
6.628084182739257812e-02
9.324526786804199219e-02
6.043672561645507812e-02
7.883119583129882812e-02
7.832264900207519531e-02
1.153687000274658203e+00
