0.33933162689208984
0.05468249320983887
0.047135114669799805
0.05628323554992676
0.07021975517272949
0.1214146614074707
0.11546492576599121
0.0798957347869873
0.03945779800415039
0.05680513381958008
0.2910013198852539
0.026540517807006836
0.24122905731201172
0.36173200607299805
0.05760478973388672
0.025157451629638672
0.10639142990112305
0.2963740825653076
0.08661270141601562
0.09211206436157227
0.025025129318237305
0.09969854354858398
0.6908793449401855
0.029027938842773438
0.06155109405517578
0.08655619621276855
0.027510404586791992
0.033760786056518555
0.09321975708007812
7.360177278518677
0.15881657600402832
0.14124202728271484
19.018114805221558
1.7482690811157227
0.3068413734436035
0.03794980049133301
0.14202666282653809
7.680701732635498
0.02272200584411621
0.17846345901489258
0.08330011367797852
0.5371315479278564
0.5261387825012207
1.8634669780731201
0.16166329383850098
0.059888601303100586
0.03934431076049805
0.19916725158691406
0.2342383861541748
1.8894257545471191
0.0936286449432373
26.928874015808105
0.07369518280029297
0.2304072380065918
0.06796073913574219
0.04104447364807129
0.04493308067321777
0.06550264358520508
0.1933298110961914
0.40900230407714844
0.14026284217834473
0.09305191040039062
0.08874130249023438
2.281916379928589
0.051314592361450195
0.04474592208862305
0.16115522384643555
0.09485244750976562
0.02496647834777832
0.01825857162475586
0.05637049674987793
1.622053623199463
0.04375767707824707
0.008610010147094727
0.05832266807556152
0.08289098739624023
5.6605916023254395
0.07965326309204102
0.3573167324066162
0.024567127227783203
0.04906582832336426
0.029508590698242188
0.05002284049987793
0.1347198486328125
0.05100250244140625
3.627626895904541
0.1643507480621338
0.045230865478515625
0.41199398040771484
27.918182373046875
0.05733203887939453
0.1208648681640625
89.82924771308899
0.12078499794006348
0.02463984489440918
0.023532629013061523
4.611386775970459
6.078303098678589
0.05146169662475586
0.02425861358642578
0.03209257125854492
0.1403954029083252
0.07101058959960938
0.02287006378173828
1.74052095413208
0.03244590759277344
0.1966698169708252
0.23526906967163086
0.1770191192626953
0.03078460693359375
0.2391667366027832
0.021898984909057617
0.09844756126403809
0.03640937805175781
0.01865673065185547
0.023352861404418945
0.04096388816833496
0.04850435256958008
0.21298837661743164
0.05111861228942871
4.409728765487671
0.04033303260803223
0.04150652885437012
5.878607273101807
0.033942461013793945
4.969232082366943
0.049423933029174805
0.033338308334350586
0.052809715270996094
0.022319316864013672
0.07312226295471191
0.2646961212158203
0.05190849304199219
0.04821419715881348
0.024343490600585938
0.04555487632751465
0.06015896797180176
0.3166663646697998
0.42912960052490234
0.08272814750671387
0.26169538497924805
3.8993918895721436
0.06981730461120605
0.23879003524780273
0.17693257331848145
0.040560007095336914
0.2334728240966797
0.1248328685760498
0.05603647232055664
0.02928304672241211
0.0527043342590332
0.07156109809875488
0.17589783668518066
0.020328998565673828
0.03632688522338867
0.04245281219482422
0.04859447479248047
0.2868170738220215
0.11327242851257324
2.4794909954071045
0.6337170600891113
0.07312393188476562
0.5407547950744629
1.2283501625061035
0.08371424674987793
0.06046772003173828
436.62418246269226
0.025211334228515625
0.03973507881164551
0.06519818305969238
0.060425758361816406
0.02231311798095703
0.08579540252685547
0.08675885200500488
0.06948184967041016
0.1852400302886963
0.01342153549194336
0.030783414840698242
0.043886661529541016
0.10466742515563965
0.35991334915161133
0.07286357879638672
0.1567225456237793
0.035997629165649414
0.023599624633789062
13.605644464492798
0.038414716720581055
11.10745358467102
0.13813543319702148
0.1201171875
0.5184421539306641
0.0249788761138916
0.023543834686279297
0.06527447700500488
0.17496514320373535
0.5688245296478271
0.11943364143371582
0.014184951782226562
0.04146242141723633
0.06947731971740723
