526.3214111328125
1051.9986152648926
145.10440826416016
204.94604110717773
319.6983337402344
1502.8693675994873
451.92980766296387
398.2822895050049
230.61752319335938
368.3955669403076
376.16443634033203
338.8035297393799
1262.6733779907227
159.5590114593506
445.4512596130371
1188.3924007415771
1153.5165309906006
279.7210216522217
674.9300956726074
460.94346046447754
275.7389545440674
184.70382690429688
212.32175827026367
138.289213180542
260.3449821472168
1239.5820617675781
869.6596622467041
896.958589553833
169.5258617401123
1008.3203315734863
827.5847434997559
5415.466785430908
718.1363105773926
231.04524612426758
833.547830581665
499.97663497924805
277.34851837158203
999.5555877685547
234.64131355285645
1282.9298973083496
2360.3904247283936
1221.0040092468262
188.22383880615234
1646.8102931976318
301.5735149383545
175.11653900146484
407.29784965515137
570.4877376556396
415.8895015716553
345.80373764038086
308.87842178344727
3972.4600315093994
516.7756080627441
447.90077209472656
251.65414810180664
239.00508880615234
298.22468757629395
1118.4399127960205
230.4556369781494
228.18231582641602
469.834566116333
490.65375328063965
196.15554809570312
583.2507610321045
309.21363830566406
410.3529453277588
287.95433044433594
251.87206268310547
1107.318639755249
707.0064544677734
491.300106048584
494.94099617004395
177.24084854125977
1051.4299869537354
172.58691787719727
1195.345401763916
235.062837600708
247.8163242340088
1136.0340118408203
222.92113304138184
529.8335552215576
1073.5187530517578
191.87378883361816
392.3647403717041
654.2134284973145
1527.1267890930176
146.7149257659912
236.33551597595215
309.10634994506836
398.8833427429199
1838.3867740631104
198.65751266479492
163.21182250976562
2831.2618732452393
281.87036514282227
960.1686000823975
285.92872619628906
1200.0617980957031
443.36986541748047
709.4466686248779
337.6791477203369
144.01841163635254
549.2262840270996
1313.7073516845703
275.4330635070801
459.7914218902588
341.31479263305664
977.1876335144043
180.9549331665039
2194.9620246887207
196.24686241149902
369.9355125427246
613.8811111450195
3082.43465423584
226.92465782165527
290.23241996765137
221.63629531860352
1318.816900253296
191.96486473083496
196.05422019958496
3445.2881813049316
693.0298805236816
2189.936399459839
158.07271003723145
550.0364303588867
871.1786270141602
415.15064239501953
195.04475593566895
698.8115310668945
2199.8116970062256
594.5160388946533
146.48199081420898
2166.003704071045
425.83370208740234
275.5892276763916
728.2357215881348
2536.374568939209
133.8062286376953
1619.6720600128174
167.9213047027588
297.93787002563477
968.6439037322998
2651.0062217712402
911.998987197876
881.9963932037354
1023.949146270752
250.23412704467773
177.30212211608887
2424.135684967041
182.46221542358398
178.2841682434082
328.1059265136719
143.4924602508545
164.0768051147461
2147.68123626709
172.194242477417
807.3806762695312
208.4333896636963
592.6079750061035
341.94183349609375
224.1220474243164
596.3730812072754
712.6631736755371
312.82615661621094
689.6967887878418
2192.647933959961
236.01222038269043
168.6534881591797
846.1599349975586
2120.159149169922
173.82383346557617
559.4334602355957
3452.4691104888916
248.19540977478027
436.04159355163574
1972.374439239502
350.3232002258301
628.6203861236572
1367.2621250152588
228.9292812347412
832.5521945953369
393.0368423461914
182.51681327819824
297.527551651001
324.8162269592285
382.95602798461914
1168.5502529144287
291.978120803833
937.9098415374756
561.4063739776611
959.7148895263672
604.1109561920166
1512.7298831939697
274.66797828674316
201.1699676513672
1210.6926441192627
910.2540016174316
158.13922882080078
136.55495643615723
289.5050048828125
485.02564430236816
218.93072128295898
250.8704662322998
162.02783584594727
3808.344841003418
1424.828290939331
3060.4705810546875
719.5863723754883
346.1036682128906
361.9835376739502
1505.340337753296
155.15804290771484
1295.7186698913574
926.1887073516846
201.5690803527832
702.7928829193115
448.1368064880371
403.7621021270752
422.9848384857178
774.6851444244385
136.17396354675293
251.61290168762207
215.1510715484619
1154.646873474121
229.19821739196777
350.86941719055176
315.30117988586426
1128.61967086792
439.09335136413574
389.4979953765869
367.5878047943115
227.56481170654297
541.269063949585
706.4108848571777
375.6296634674072
871.0813522338867
519.8729038238525
416.98217391967773
427.29830741882324
279.40821647644043
426.87487602233887
510.41650772094727
4128.545522689819
573.0738639831543
5158.445358276367
268.7253952026367
489.8254871368408
435.6105327606201
2213.5977745056152
204.42748069763184
1464.5884037017822
434.09132957458496
222.21636772155762
1021.0206508636475
403.28192710876465
365.7255172729492
384.94157791137695
217.46325492858887
684.5042705535889
291.72253608703613
230.00526428222656
2159.3101024627686
771.0132598876953
3039.292335510254
271.0137367248535
426.4078140258789
230.0281524658203
258.0235004425049
295.3810691833496
560.7776641845703
1684.9772930145264
2315.1066303253174
1182.6300621032715
237.14280128479004
140.9776210784912
418.61629486083984
429.03709411621094
1397.4790573120117
764.8324966430664
153.4421443939209
418.67756843566895
1336.2789154052734
696.181058883667
2164.2417907714844
499.57966804504395
764.272928237915
298.73013496398926
799.5712757110596
375.64539909362793
3435.3458881378174
1182.5840473175049
511.3484859466553
652.6200771331787
401.7179012298584
312.056303024292
370.01490592956543
213.42706680297852
902.8909206390381
136.7020606994629
175.64630508422852
209.44809913635254
192.29555130004883
546.7591285705566
147.02296257019043
327.8677463531494
1356.281042098999
448.6863613128662
627.1011829376221
577.4052143096924
445.04833221435547
794.3298816680908
282.01770782470703
315.3831958770752
332.5929641723633
166.83411598205566
829.0412425994873
265.1340961456299
826.1828422546387
152.43816375732422
983.5703372955322
1118.558645248413
919.1720485687256
802.4392127990723
1215.4319286346436
145.74599266052246
501.68681144714355
442.6565170288086
441.32041931152344
3095.9722995758057
308.11047554016113
5037.587404251099
915.2112007141113
141.8008804321289
171.09918594360352
2288.731575012207
769.5181369781494
405.4865837097168
433.0415725708008
325.1383304595947
315.5221939086914
1211.6942405700684
300.0912666320801
456.71677589416504
302.69408226013184
339.5874500274658
224.5919704437256
399.55782890319824
217.31901168823242
296.0212230682373
148.8637924194336
1181.0450553894043
334.2313766479492
1743.5173988342285
5361.852407455444
1125.2682209014893
170.71247100830078
1321.157455444336
1919.5566177368164
232.73539543151855
372.2577095031738
673.001766204834
439.666748046875
548.7301349639893
2259.920835494995
221.46272659301758
1222.425937652588
154.38079833984375
252.99453735351562
1759.2453956604004
189.2685890197754
243.4399127960205
1710.665225982666
273.3287811279297
338.39964866638184
133.22973251342773
484.0359687805176
551.7292022705078
220.34549713134766
165.71545600891113
573.746919631958
2163.9068126678467
149.6129035949707
298.87986183166504
1689.39208984375
439.424991607666
790.4927730560303
196.93851470947266
141.3564682006836
567.5404071807861
437.9158020019531
444.5762634277344
627.7506351470947
241.7886257171631
1421.701192855835
234.71617698669434
639.2457485198975
531.4838886260986
2097.308874130249
1792.1888828277588
2496.976852416992
1361.0546588897705
443.1016445159912
456.38513565063477
916.780948638916
740.1974201202393
382.6258182525635
1397.4452018737793
764.9486064910889
192.5504207611084
2328.5470008850098
287.7624034881592
301.24950408935547
389.1339302062988
776.5729427337646
1378.9680004119873
201.41291618347168
1368.577480316162
447.9227066040039
2284.4479084014893
3553.18021774292
1187.424898147583
1081.8886756896973
1617.7687644958496
359.0848445892334
153.5325050354004
221.73476219177246
157.95230865478516
180.61184883117676
167.57702827453613
528.8522243499756
275.30884742736816
1225.5809307098389
525.4621505737305
158.59174728393555
441.1780834197998
222.9018211364746
1339.395523071289
596.259355545044
389.6200656890869
1964.5142555236816
862.1017932891846
561.8422031402588
154.59322929382324
627.5899410247803
3393.5763835906982
182.30795860290527
359.5702648162842
1283.4885120391846
713.7205600738525
205.09648323059082
326.5531063079834
1079.5838832855225
153.60403060913086
545.14479637146
252.4280548095703
193.8953399658203
215.76237678527832
335.06059646606445
2621.029853820801
947.9351043701172
1234.8418235778809
710.984468460083
919.0733432769775
186.1286163330078
994.422435760498
457.7953815460205
1819.5791244506836
373.54350090026855
944.7212219238281
517.1520709991455
220.87717056274414
683.9194297790527
322.2358226776123
676.445722579956
1110.3425025939941
3017.287492752075
428.8802146911621
1885.307788848877
283.4436893463135
3139.4550800323486
314.0246868133545
166.0785675048828
397.2339630126953
937.9031658172607
304.0659427642822
191.2996768951416
403.2280445098877
239.38941955566406
1238.9702796936035
1189.958095550537
253.74150276184082
1223.5047817230225
183.8815212249756
409.1911315917969
487.7598285675049
379.29749488830566
145.87688446044922
287.524938583374
381.90221786499023
434.5371723175049
529.6037197113037
319.0340995788574
572.441816329956
633.857250213623
1140.5470371246338
543.7934398651123
170.81260681152344
2555.7804107666016
767.9145336151123
626.9938945770264
927.7350902557373
1390.645980834961
200.2415657043457
490.3881549835205
159.35182571411133
601.8943786621094
280.5290222167969
1266.188621520996
195.28698921203613
2416.191577911377
221.95911407470703
547.8734970092773
739.2857074737549
461.09747886657715
747.809648513794
1274.9733924865723
2053.99227142334
209.17415618896484
857.0952415466309
513.7138366699219
951.6048431396484
571.9528198242188
350.02970695495605
804.5661449432373
230.32236099243164
207.0941925048828
162.46581077575684
255.3231716156006
220.34502029418945
848.3223915100098
154.21319007873535
230.60274124145508
381.08325004577637
514.3342018127441
651.8852710723877
174.14617538452148
400.5446434020996
343.88208389282227
273.12350273132324
452.9275894165039
263.261079788208
655.3165912628174
595.8700180053711
830.4710388183594
549.8182773590088
668.5516834259033
237.4858856201172
670.1772212982178
1512.807846069336
180.79662322998047
684.2601299285889
414.4444465637207
291.7184829711914
437.09611892700195
629.2951107025146
310.53972244262695
143.62025260925293
514.3451690673828
160.3372097015381
1053.3559322357178
457.2420120239258
764.3532752990723
599.4448661804199
1143.887996673584
176.7861843109131
174.84807968139648
2265.7976150512695
165.6484603881836
237.6091480255127
1046.5877056121826
631.5696239471436
850.9318828582764
1208.1620693206787
254.74810600280762
188.48609924316406
267.2739028930664
277.85515785217285
1068.9408779144287
984.8499298095703
2428.7939071655273
615.3342723846436
683.7844848632812
212.05663681030273
1020.2577114105225
1110.1696491241455
575.1805305480957
232.82432556152344
942.9502487182617
316.49112701416016
197.78990745544434
625.6966590881348
322.2649097442627
2388.3581161499023
751.4476776123047
257.50732421875
568.6979293823242
192.52610206604004
611.656665802002
265.9568786621094
223.20842742919922
1171.8244552612305
246.25325202941895
335.60967445373535
6037.886381149292
217.62442588806152
145.42198181152344
320.3895092010498
1191.469430923462
155.24721145629883
398.9214897155762
549.0798950195312
1086.1952304840088
135.85877418518066
2552.528142929077
718.3187007904053
291.9776439666748
454.48923110961914
2341.773748397827
877.4232864379883
337.60857582092285
1290.6296253204346
694.9617862701416
2078.2392024993896
1048.9165782928467
331.81214332580566
277.4064540863037
370.0277805328369
522.3674774169922
286.6380214691162
399.77288246154785
435.166597366333
743.5290813446045
2006.3655376434326
1394.4168090820312
200.714111328125
289.628267288208
749.4549751281738
319.7908401489258
355.96728324890137
3216.7375087738037
165.35186767578125
486.88244819641113
652.3950099945068
642.611026763916
450.21605491638184
394.2391872406006
435.6827735900879
3668.8878536224365
1021.8889713287354
2126.3697147369385
1386.9409561157227
1183.2706928253174
652.6534557342529
573.8780498504639
142.7912712097168
1453.9594650268555
164.49594497680664
248.49605560302734
406.4605236053467
2463.167428970337
601.9272804260254
1381.134271621704
771.4612483978271
1489.7584915161133
329.5407295227051
387.237548828125
249.9384880065918
1007.3099136352539
1194.5130825042725
400.9392261505127
3716.4011001586914
1902.9669761657715
244.7988986968994
829.8008441925049
241.63269996643066
1606.1968803405762
1033.837080001831
222.60665893554688
374.53246116638184
187.6981258392334
450.4132270812988
252.95352935791016
217.02814102172852
1860.4378700256348
491.22166633605957
898.1099128723145
137.2382640838623
494.4477081298828
455.2345275878906
413.18678855895996
273.53572845458984
230.055570602417
395.6871032714844
4115.999698638916
310.73832511901855
479.2065620422363
1802.419900894165
243.98183822631836
202.1951675415039
2451.9994258880615
358.34813117980957
217.01693534851074
986.0985279083252
293.1666374206543
374.63903427124023
144.42968368530273
846.7681407928467
195.1439380645752
1174.6137142181396
7557.745695114136
298.51531982421875
277.65941619873047
1782.2411060333252
463.76585960388184
130.3238868713379
298.1843948364258
224.62749481201172
160.04443168640137
470.59106826782227
970.4155921936035
316.0851001739502
241.78647994995117
185.67347526550293
778.7318229675293
287.1973514556885
154.62327003479004
255.04779815673828
782.6106548309326
297.65844345092773
2725.8872985839844
658.3194732666016
374.54915046691895
215.5318260192871
2975.6007194519043
702.4238109588623
277.65965461730957
477.8013229370117
641.7489051818848
751.417875289917
192.71612167358398
1180.2632808685303
3071.568727493286
259.02462005615234
916.309118270874
315.1106834411621
609.6158027648926
366.35851860046387
323.4074115753174
954.118013381958
291.3858890533447
1149.0705013275146
1120.1210021972656
633.6550712585449
180.2804470062256
375.2024173736572
374.59874153137207
3583.007574081421
169.21544075012207
342.82898902893066
157.50813484191895
163.25664520263672
441.29180908203125
779.6375751495361
251.87373161315918
221.43316268920898
1229.7334671020508
384.8388195037842
625.3080368041992
160.64095497131348
4943.06755065918
226.00936889648438
530.9922695159912
171.09084129333496
901.4976024627686
5528.222322463989
285.4342460632324
1116.865873336792
203.1536102294922
889.6610736846924
266.9689655303955
616.6248321533203
150.18343925476074
1423.386812210083
625.2579689025879
4682.355165481567
512.0189189910889
315.90986251831055
626.457929611206
332.8886032104492
582.6098918914795
354.47239875793457
734.7474098205566
3374.703884124756
2861.217737197876
2829.8730850219727
224.78461265563965
336.7905616760254
273.9567756652832
187.58773803710938
273.76341819763184
533.3225727081299
778.6614894866943
307.5988292694092
1652.7762413024902
284.9571704864502
204.35214042663574
157.06396102905273
1241.6274547576904
189.68653678894043
1527.6939868927002
398.9222049713135
302.6864528656006
167.85359382629395
1726.203203201294
334.8674774169922
128.91864776611328
274.4154930114746
563.4860992431641
304.87728118896484
630.3741931915283
253.65614891052246
139.3260955810547
621.636152267456
166.68200492858887
368.6342239379883
315.07182121276855
421.39649391174316
717.0259952545166
2811.260461807251
198.0762481689453
338.88959884643555
687.0183944702148
326.98726654052734
2733.426809310913
1600.3062725067139
163.14244270324707
401.4003276824951
213.37294578552246
2993.2265281677246
220.88909149169922
535.0401401519775
164.04247283935547
952.0378112792969
583.0512046813965
277.05836296081543
1381.6595077514648
288.78021240234375
1528.7761688232422
230.02028465270996
4944.020986557007
2820.650339126587
426.3572692871094
274.11675453186035
4553.905487060547
141.39056205749512
260.1816654205322
223.4969139099121
233.95466804504395
300.95744132995605
2250.091075897217
266.8745517730713
651.1385440826416
187.87288665771484
2926.6140460968018
2257.2576999664307
221.7545509338379
717.5779342651367
231.92977905273438
168.81489753723145
223.57678413391113
254.98270988464355
396.47579193115234
440.64903259277344
233.66856575012207
771.8632221221924
252.90584564208984
241.40095710754395
956.8469524383545
1278.6448001861572
2634.4802379608154
235.84508895874023
242.65623092651367
209.98883247375488
332.8857421875
192.22450256347656
385.2834701538086
212.4171257019043
936.4027976989746
730.2541732788086
192.52514839172363
1625.71120262146
870.7528114318848
585.364580154419
1034.8541736602783
3499.3245601654053
1136.301040649414
173.12979698181152
186.59448623657227
228.50561141967773
406.65316581726074
876.5332698822021
1089.937686920166
239.66145515441895
246.16622924804688
578.5620212554932
2615.619897842407
642.045259475708
529.2422771453857
799.9141216278076
262.5572681427002
623.610258102417
2903.928279876709
587.54563331604
133.58354568481445
1281.6030979156494
1200.244426727295
792.5913333892822
281.94212913513184
1269.9902057647705
763.1258964538574
2467.837333679199
197.83401489257812
426.29456520080566
392.7347660064697
542.0026779174805
179.4579029083252
568.1228637695312
458.6670398712158
537.792444229126
238.17944526672363
458.45532417297363
529.8807621002197
189.54873085021973
1278.8176536560059
3033.5943698883057
3910.1078510284424
988.7754917144775
669.6054935455322
634.9987983703613
476.6271114349365
203.45640182495117
470.5066680908203
215.05236625671387
1329.5543193817139
201.37882232666016
594.2916870117188
424.135684967041
192.671537399292
531.9242477416992
630.5997371673584
1285.37917137146
386.9507312774658
166.16296768188477
613.4655475616455
1983.7944507598877
186.92874908447266
2498.560905456543
401.7632007598877
1155.6930541992188
402.6975631713867
515.2909755706787
168.42079162597656
831.9661617279053
5564.332485198975
374.6817111968994
1842.7388668060303
365.45324325561523
251.1613368988037
175.35066604614258
2557.4629306793213
494.74477767944336
2862.5614643096924
397.7532386779785
283.97154808044434
192.4142837524414
733.4277629852295
138.28659057617188
678.1611442565918
3064.164161682129
463.6225700378418
589.5795822143555
292.0711040496826
2772.4263668060303
466.5400981903076
212.73541450500488
517.2364711761475
565.5043125152588
715.9788608551025
154.13856506347656
341.04394912719727
3112.1413707733154
1073.798656463623
730.7448387145996
362.5025749206543
462.42594718933105
1993.5190677642822
886.500358581543
190.84405899047852
1484.4872951507568
289.1123294830322
186.78927421569824
7687.3979568481445
1970.9153175354004
208.9390754699707
427.2115230560303
439.8505687713623
1430.5071830749512
1134.279727935791
1163.3338928222656
1199.204921722412
514.843225479126
171.66757583618164
1805.3476810455322
1551.1717796325684
279.58202362060547
617.5611019134521
549.523115158081
763.0484104156494
836.5278244018555
434.53407287597656
368.3657646179199
215.39878845214844
813.5635852813721
1428.9512634277344
774.1944789886475
143.36013793945312
1861.4170551300049
985.7134819030762
311.5963935852051
803.4563064575195
763.3810043334961
2009.6285343170166
691.3108825683594
881.9172382354736
752.4449825286865
146.73185348510742
564.2828941345215
162.4617576599121
245.1026439666748
244.37355995178223
163.39802742004395
1515.3625011444092
432.8286647796631
716.5699005126953
7005.77712059021
186.3119602203369
139.8618221282959
358.32905769348145
271.58451080322266
136.67631149291992
1439.5339488983154
279.6368598937988
243.50333213806152
1217.2443866729736
288.0127429962158
317.8596496582031
787.7025604248047
283.9312553405762
564.1765594482422
213.96732330322266
254.30727005004883
187.64448165893555
487.2622489929199
213.8345241546631
2573.5175609588623
379.8034191131592
440.09971618652344
210.07108688354492
501.7580986022949
373.6863136291504
1221.4956283569336
391.41273498535156
236.62400245666504
1829.2794227600098
2899.2624282836914
361.80973052978516
213.18507194519043
144.8056697845459
170.0453758239746
134.92727279663086
141.71671867370605
401.62158012390137
888.3142471313477
546.4317798614502
170.79854011535645
490.41199684143066
285.2673530578613
412.54377365112305
503.7343502044678
373.6917972564697
2146.611452102661
1577.5039196014404
281.56471252441406
484.42554473876953
205.95097541809082
802.617073059082
298.2170581817627
408.05625915527344
365.72766304016113
161.9741916656494
1198.4472274780273
375.0109672546387
912.5945568084717
1324.8786926269531
354.02655601501465
177.6416301727295
292.1285629272461
462.6760482788086
925.5449771881104
664.1919612884521
1151.9808769226074
1277.763843536377
191.77699089050293
782.5632095336914
1459.5654010772705
2244.4186210632324
3468.3332443237305
897.5841999053955
333.6620330810547
2731.5213680267334
575.080156326294
921.4644432067871
143.41211318969727
647.857666015625
2073.482036590576
257.28344917297363
258.24952125549316
1685.6942176818848
1421.6156005859375
1145.3220844268799
5163.911819458008
193.9375400543213
139.48774337768555
314.87202644348145
259.75584983825684
397.54772186279297
960.3135585784912
831.5150737762451
452.39973068237305
483.7319850921631
331.5920829772949
656.2607288360596
449.6181011199951
345.1225757598877
190.20771980285645
1509.0305805206299
175.6446361541748
362.31327056884766
199.2030143737793
262.8331184387207
175.3067970275879
676.0087013244629
324.47052001953125
658.7502956390381
567.4011707305908
212.20874786376953
476.2303829193115
886.4219188690186
181.47706985473633
3161.083459854126
1533.592939376831
1417.5984859466553
294.0812110900879
4254.68111038208
219.9709415435791
151.55553817749023
161.13948822021484
361.15312576293945
4330.042123794556
552.9134273529053
440.997838973999
880.1577091217041
295.15933990478516
209.87319946289062
1115.7593727111816
1989.1271591186523
547.0743179321289
280.4410457611084
583.4624767303467
3965.8491611480713
1035.3939533233643
843.8119888305664
317.35873222351074
175.77409744262695
1228.0690670013428
274.5227813720703
212.71800994873047
358.2937717437744
571.0155963897705
173.51675033569336
278.5835266113281
184.64422225952148
827.4874687194824
1329.5495510101318
438.8129711151123
227.68020629882812
335.07561683654785
171.98824882507324
290.50326347351074
435.2548122406006
622.7467060089111
823.9572048187256
271.44932746887207
404.1764736175537
220.13163566589355
893.0842876434326
2628.8235187530518
714.247465133667
861.4213466644287
2775.3705978393555
343.120813369751
352.4188995361328
142.74096488952637
2633.439064025879
3427.5805950164795
296.8919277191162
643.4609889984131
473.543643951416
753.8180351257324
1067.7263736724854
322.54743576049805
274.7218608856201
862.3948097229004
3934.525489807129
675.7152080535889
613.804817199707
10197.304010391235
1125.5731582641602
648.5898494720459
331.73203468322754
1056.0262203216553
195.49846649169922
145.6143856048584
213.61994743347168
317.02136993408203
202.37278938293457
487.46490478515625
663.562536239624
777.184247970581
274.97363090515137
293.7605381011963
537.4562740325928
1136.6832256317139
1282.57155418396
162.41216659545898
302.08420753479004
445.3473091125488
334.7945213317871
205.75881004333496
300.1115322113037
1477.2663116455078
382.6613426208496
427.36077308654785
421.94390296936035
3212.6784324645996
590.3544425964355
456.2258720397949
1755.0668716430664
1876.1541843414307
301.372766494751
316.5593147277832
170.8660125732422
3279.7160148620605
457.43465423583984
396.6386318206787
607.3851585388184
731.2343120574951
185.50610542297363
1037.3954772949219
204.88858222961426
795.3221797943115
1499.7360706329346
270.42222023010254
319.89097595214844
243.85595321655273
882.9154968261719
1102.0820140838623
4045.459508895874
4720.426559448242
683.7081909179688
1493.009090423584
396.5950012207031
526.928186416626
376.74927711486816
1218.5084819793701
1045.546293258667
658.3294868469238
1252.9833316802979
1138.411283493042
1029.963731765747
300.2352714538574
583.7082862854004
703.7692070007324
353.08337211608887
1633.8310241699219
213.03415298461914
730.9091091156006
1078.5911083221436
172.2559928894043
168.23387145996094
972.1114635467529
236.19890213012695
888.4875774383545
1264.6567821502686
823.9896297454834
156.10313415527344
1008.0959796905518
822.0992088317871
899.2753028869629
691.636323928833
631.9637298583984
152.3129940032959
1754.037618637085
317.44980812072754
378.5250186920166
243.3943748474121
189.64767456054688
1398.7035751342773
354.4175624847412
299.0236282348633
923.4669208526611
411.67545318603516
219.40875053405762
279.0529727935791
1002.7151107788086
916.8660640716553
949.089765548706
3580.0716876983643
210.1438045501709
3919.3358421325684
516.1077976226807
154.65283393859863
807.9850673675537
552.9003143310547
705.8849334716797
232.99360275268555
214.11681175231934
724.2124080657959
1855.6435108184814
450.2735137939453
796.8990802764893
232.73038864135742
315.28329849243164
2349.1265773773193
226.20701789855957
1469.5396423339844
197.01290130615234
701.7226219177246
1022.2434997558594
3115.889072418213
1129.3373107910156
266.5724754333496
199.2166042327881
634.143590927124
289.6571159362793
3856.54878616333
162.84418106079102
305.2408695220947
278.0752182006836
587.7799987792969
3051.175594329834
1318.1264400482178
504.9922466278076
409.29365158081055
2085.1242542266846
1481.964349746704
510.99705696105957
225.5704402923584
160.8114242553711
161.76080703735352
344.6931838989258
894.7677612304688
175.2026081085205
170.6991195678711
3201.4856338500977
270.4815864562988
676.7094135284424
1525.0539779663086
506.41369819641113
277.9092788696289
197.38435745239258
289.3218994140625
1299.2773056030273
706.1772346496582
262.80856132507324
569.8533058166504
329.0140628814697
738.1036281585693
341.6423797607422
218.3992862701416
882.1244239807129
155.2438735961914
425.33111572265625
140.1524543762207
144.01865005493164
852.9753684997559
613.487958908081
1977.452039718628
326.19786262512207
374.3100166320801
2682.0178031921387
266.7381763458252
970.4668521881104
253.11708450317383
3899.8825550079346
376.5754699707031
193.9065456390381
2290.8501625061035
2126.537084579468
2747.3044395446777
197.44038581848145
792.2477722167969
235.67867279052734
381.75320625305176
700.995922088623
258.5926055908203
352.327823638916
372.67088890075684
146.4095115661621
3066.9047832489014
138.7462615966797
1542.090654373169
1184.9238872528076
273.72241020202637
256.06226921081543
598.9911556243896
525.6936550140381
344.20323371887207
351.4111042022705
151.17239952087402
376.2209415435791
468.1200981140137
622.1544742584229
750.9558200836182
1932.5993061065674
255.4924488067627
485.64672470092773
332.2904109954834
333.0872058868408
2248.950958251953
744.7106838226318
729.1491031646729
566.8387413024902
772.0766067504883
226.53627395629883
226.90105438232422
629.723310470581
730.3862571716309
268.31793785095215
957.8886032104492
684.6892833709717
685.2445602416992
459.80215072631836
681.1645030975342
2613.974094390869
3057.5437545776367
152.36163139343262
365.9348487854004
2651.6237258911133
255.13195991516113
1274.4832038879395
2019.176959991455
1218.2788848876953
5165.503263473511
223.66642951965332
141.5691375732422
151.65328979492188
526.5460014343262
212.69893646240234
307.72972106933594
219.95973587036133
3343.0771827697754
308.7465763092041
487.3080253601074
245.1937198638916
321.50840759277344
4197.222709655762
642.1847343444824
234.42435264587402
990.9300804138184
606.6088676452637
159.88397598266602
607.2971820831299
3463.273763656616
338.8676643371582
241.61219596862793
1421.8101501464844
830.3830623626709
237.74313926696777
810.5659484863281
492.5229549407959
335.94441413879395
376.51586532592773
378.7343502044678
1385.3893280029297
136.79265975952148
375.44965744018555
164.4740104675293
251.01542472839355
492.0458793640137
188.87686729431152
411.297082901001
4985.139846801758
310.4093074798584
239.5608425140381
3964.2391204833984
366.16039276123047
360.4457378387451
483.4284782409668
635.1063251495361
268.25761795043945
181.10370635986328
372.63035774230957
1226.6409397125244
1190.901279449463
1271.8119621276855
295.02367973327637
690.2742385864258
675.4021644592285
695.1210498809814
203.1264305114746
1002.5734901428223
5026.104927062988
1268.0704593658447
198.1520652770996
3505.783796310425
586.6072177886963
1060.441255569458
1014.2309665679932
313.007116317749
2008.1117153167725
681.4069747924805
818.4192180633545
743.5548305511475
2350.776433944702
326.7064094543457
391.3393020629883
170.21799087524414
136.0764503479004
181.39243125915527
215.0120735168457
562.0627403259277
7142.779350280762
206.00056648254395
1871.9122409820557
2299.0787029266357
277.76145935058594
2896.4240550994873
278.9947986602783
265.49220085144043
151.3969898223877
1604.6795845031738
615.1828765869141
3140.817642211914
280.2422046661377
781.9643020629883
298.6626625061035
733.421802520752
194.12684440612793
482.30433464050293
780.6086540222168
254.55474853515625
340.64269065856934
806.401252746582
447.5235939025879
331.61401748657227
1036.2639427185059
261.0445022583008
330.86538314819336
1231.4085960388184
882.3671340942383
283.8091850280762
4599.522590637207
2685.3694915771484
607.5770854949951
244.37379837036133
196.5320110321045
706.0987949371338
213.515043258667
239.7315502166748
1091.409683227539
1516.9386863708496
296.70262336730957
155.6565761566162
231.1098575592041
316.0102367401123
582.0367336273193
145.05863189697266
3029.5045375823975
305.30309677124023
222.02777862548828
288.42639923095703
185.23645401000977
445.61171531677246
155.51066398620605
751.8024444580078
600.3639698028564
382.11894035339355
1362.8206253051758
4395.791053771973
261.4631652832031
1389.207363128662
664.5960807800293
954.9157619476318
198.0912685394287
313.59028816223145
402.3408889770508
292.44327545166016
145.11847496032715
312.0875358581543
217.13709831237793
334.06996726989746
164.29924964904785
5689.1443729400635
709.1872692108154
351.50718688964844
404.88600730895996
880.0392150878906
587.2540473937988
967.4296379089355
2435.868978500366
752.7651786804199
219.15650367736816
1285.640001296997
760.427713394165
253.71837615966797
356.8253517150879
319.08106803894043
2171.3292598724365
988.6507987976074
323.14062118530273
764.0421390533447
570.4412460327148
166.60094261169434
555.3765296936035
601.6674041748047
633.0687999725342
173.2807159423828
329.2560577392578
913.6855602264404
393.1877613067627
164.2754077911377
183.66479873657227
730.1912307739258
886.5959644317627
549.5705604553223
650.8629322052002
818.2005882263184
679.1129112243652
1450.2780437469482
297.5935935974121
741.1162853240967
400.30932426452637
3034.846782684326
363.37995529174805
317.25144386291504
2754.3389797210693
276.3512134552002
283.7870121002197
4620.349168777466
270.582914352417
166.30291938781738
1764.1818523406982
231.19473457336426
414.6702289581299
158.75530242919922
245.31269073486328
289.55888748168945
373.57378005981445
467.3919677734375
178.76577377319336
172.35803604125977
1140.6099796295166
3287.064552307129
1201.5953063964844
463.1369113922119
211.33852005004883
3347.257137298584
1776.6320705413818
1465.667963027954
974.8892784118652
898.7417221069336
641.5724754333496
159.26074981689453
260.2696418762207
635.8616352081299
268.70083808898926
247.41649627685547
263.8533115386963
327.50558853149414
276.2887477874756
939.4779205322266
349.2579460144043
613.9585971832275
237.70594596862793
211.70425415039062
1038.658857345581
342.4506187438965
158.3883762359619
1462.8829956054688
262.87198066711426
700.2010345458984
873.4326362609863
305.408239364624
383.2275867462158
480.194091796875
286.45825386047363
799.3507385253906
331.3744068145752
870.5534934997559
247.64251708984375
1016.1890983581543
519.5505619049072
338.5939598083496
469.71940994262695
282.46188163757324
1516.9141292572021
4682.846784591675
340.01827239990234
162.8572940826416
211.7171287536621
343.8422679901123
855.6904792785645
1112.4858856201172
162.26840019226074
1961.620807647705
415.90070724487305
1384.4666481018066
949.4435787200928
475.9645462036133
170.70698738098145
3429.525852203369
194.36311721801758
2475.156307220459
176.43165588378906
459.6998691558838
192.90876388549805
344.0215587615967
251.2063980102539
4223.911285400391
776.4918804168701
295.67670822143555
2180.833101272583
600.0242233276367
387.2823715209961
598.8779067993164
574.5937824249268
294.5120334625244
174.66998100280762
3124.2778301239014
1342.1227931976318
269.481897354126
554.3010234832764
285.4940891265869
837.0769023895264
555.9446811676025
254.92501258850098
831.1526775360107
1178.5974502563477
213.56534957885742
225.89516639709473
210.6928825378418
199.6290683746338
202.67653465270996
2660.2845191955566
496.8576431274414
615.7209873199463
898.0250358581543
240.63348770141602
545.4268455505371
1675.208330154419
631.023645401001
399.2743492126465
148.3783721923828
194.23174858093262
1008.8338851928711
261.9922161102295
817.631721496582
671.2911128997803
266.22676849365234
266.6342258453369
1658.327341079712
498.9209175109863
1294.048547744751
240.26012420654297
142.35424995422363
528.9216041564941
267.29369163513184
4245.34010887146
535.7308387756348
449.33342933654785
201.42316818237305
188.4293556213379
1531.531810760498
305.5531978607178
530.5948257446289
740.7321929931641
1157.9411029815674
586.3595008850098
182.04212188720703
3248.8129138946533
349.12872314453125
434.80491638183594
341.7348861694336
354.2611598968506
269.9418067932129
163.73729705810547
5161.353826522827
374.46069717407227
3582.031726837158
566.1346912384033
1524.554967880249
563.2269382476807
3238.262176513672
441.2238597869873
602.1437644958496
229.28738594055176
152.47082710266113
418.3697700500488
1521.416187286377
2953.017234802246
461.5917205810547
1762.7196311950684
2019.5724964141846
462.12005615234375
389.00113105773926
232.25164413452148
140.81358909606934
211.68112754821777
1281.7203998565674
231.03094100952148
491.55592918395996
1455.0352096557617
4804.593801498413
254.04858589172363
543.6253547668457
330.51371574401855
224.46656227111816
386.798620223999
652.4693965911865
2550.9066581726074
1218.1591987609863
229.61044311523438
234.63940620422363
3375.7011890411377
277.4527072906494
612.5566959381104
509.90915298461914
1442.2941207885742
1960.2575302124023
449.6448040008545
653.627872467041
1616.868495941162
5438.389301300049
608.0594062805176
346.9243049621582
767.2553062438965
615.7419681549072
394.3970203399658
282.684326171875
257.8740119934082
454.6329975128174
633.4724426269531
257.9624652862549
597.008466720581
1307.5449466705322
148.41771125793457
616.5761947631836
855.6344509124756
995.0273036956787
262.2039318084717
1431.6399097442627
382.91120529174805
267.12965965270996
352.3702621459961
244.29917335510254
3856.8434715270996
445.2061653137207
401.66473388671875
753.3411979675293
1591.1357402801514
191.8485164642334
941.8694972991943
1990.8735752105713
488.6817932128906
525.4991054534912
1117.6726818084717
731.6629886627197
142.15803146362305
246.0346221923828
342.4515724182129
180.61041831970215
790.6768321990967
458.53352546691895
559.5383644104004
895.6682682037354
141.7243480682373
1426.4614582061768
405.0009250640869
1232.8567504882812
343.91069412231445
2723.231315612793
2864.284038543701
1264.6076679229736
1046.0093021392822
248.8996982574463
198.01688194274902
937.0310306549072
2570.801258087158
433.8665008544922
260.1280212402344
1206.3612937927246
3487.126588821411
623.2528686523438
206.1614990234375
564.2044544219971
250.1070499420166
395.31588554382324
3957.8678607940674
709.8748683929443
847.6989269256592
4635.663747787476
190.67764282226562
311.3534450531006
4023.341417312622
621.1745738983154
1601.4494895935059
281.13698959350586
650.3233909606934
220.46232223510742
317.40498542785645
649.4560241699219
710.6099128723145
191.70188903808594
829.6024799346924
1186.5966320037842
231.87923431396484
1259.392261505127
317.5466060638428
217.73123741149902
166.56136512756348
870.1632022857666
640.4068470001221
540.2684211730957
174.8673915863037
186.74826622009277
579.4727802276611
158.5080623626709
161.42702102661133
348.72961044311523
425.89521408081055
728.2857894897461
535.6383323669434
170.64547538757324
185.79673767089844
160.22729873657227
604.6252250671387
443.8357353210449
762.260913848877
834.4404697418213
2733.9091300964355
2151.716709136963
1898.5860347747803
180.0539493560791
149.74021911621094
853.9283275604248
1233.9415550231934
236.88888549804688
354.2909622192383
354.0771007537842
213.9120101928711
272.8557586669922
159.27743911743164
295.24827003479004
2155.9348106384277
475.1150608062744
1325.2015113830566
387.4228000640869
244.4901466369629
1640.8624649047852
331.587553024292
752.6772022247314
817.5842761993408
1288.4204387664795
189.81504440307617
368.9441680908203
261.77501678466797
165.56429862976074
277.3609161376953
639.2350196838379
296.31948471069336
1350.698709487915
696.1348056793213
264.3470764160156
293.9300537109375
557.960033416748
615.4458522796631
256.2112808227539
2176.365375518799
331.7070007324219
718.3737754821777
693.688154220581
2502.5742053985596
548.7802028656006
209.2432975769043
420.44806480407715
312.59703636169434
406.9936275482178
4079.5865058898926
3283.435821533203
682.3325157165527
802.5984764099121
3558.1908226013184
177.2446632385254
754.612922668457
2433.645248413086
3218.5630798339844
4850.575685501099
1302.3784160614014
773.4677791595459
417.89889335632324
191.45750999450684
1603.6529541015625
431.20718002319336
663.3658409118652
5279.546499252319
704.7445774078369
352.0364761352539
487.2417449951172
198.6222267150879
1717.44966506958
458.2383632659912
213.2277488708496
306.87975883483887
600.9459495544434
601.5501022338867
416.8875217437744
437.52384185791016
586.3573551177979
351.64380073547363
326.0459899902344
235.02564430236816
676.2990951538086
281.22854232788086
737.7822399139404
172.63031005859375
626.9826889038086
195.20092010498047
932.2934150695801
324.6612548828125
1166.2425994873047
638.5083198547363
183.17151069641113
2020.9505558013916
684.7870349884033
157.72175788879395
383.7602138519287
234.7254753112793
882.4360370635986
5385.895013809204
521.7325687408447
319.43655014038086
239.17889595031738
397.2818851470947
822.4568367004395
403.7294387817383
260.4808807373047
295.37272453308105
1142.8372859954834
4235.507488250732
234.0378761291504
158.77985954284668
504.9741268157959
171.26154899597168
2670.302391052246
227.4322509765625
3108.6604595184326
344.5570468902588
717.5507545471191
372.33543395996094
3277.8408527374268
147.06039428710938
866.9207096099854
633.2921981811523
1427.919626235962
269.14358139038086
741.3089275360107
364.898681640625
281.3894748687744
763.2997035980225
361.1640930175781
265.474796295166
831.1014175415039
488.7990951538086
515.5694484710693
418.0641174316406
296.7202663421631
250.6692409515381
256.26492500305176
1057.7306747436523
170.23348808288574
3435.6303215026855
348.7517833709717
257.9343318939209
2254.2965412139893
3586.3027572631836
193.73154640197754
435.7032775878906
1037.630558013916
230.48019409179688
1801.396131515503
247.50995635986328
394.8044776916504
468.41955184936523
564.9476051330566
266.1008834838867
2852.0538806915283
764.8303508758545
303.84325981140137
1467.8046703338623
206.56275749206543
215.6064510345459
146.6538906097412
415.16685485839844
332.1104049682617
279.67119216918945
196.5341567993164
389.53447341918945
3167.8571701049805
413.2969379425049
314.4114017486572
278.5341739654541
671.6127395629883
220.2129364013672
1388.0372047424316
139.9397850036621
172.57928848266602
3400.2609252929688
609.3430519104004
316.5421485900879
383.9583396911621
269.70577239990234
3323.265552520752
1103.287696838379
281.47244453430176
713.2887840270996
261.8873119354248
249.33648109436035
1266.1676406860352
279.7098159790039
281.3122272491455
656.8617820739746
4401.097536087036
596.6947078704834
638.4027004241943
644.1683769226074
407.2103500366211
174.47757720947266
2202.2714614868164
1614.2380237579346
187.61897087097168
586.4531993865967
260.406494140625
214.91527557373047
466.724157333374
399.8112678527832
3286.820411682129
1430.638074874878
832.1828842163086
345.6425666809082
141.68572425842285
764.0166282653809
198.2133388519287
1042.7014827728271
291.0177707672119
617.6631450653076
1109.816551208496
664.1228199005127
207.22317695617676
5934.300661087036
1035.391092300415
145.25866508483887
161.86165809631348
1590.2578830718994
4439.273834228516
2637.160301208496
692.4483776092529
697.3252296447754
239.50791358947754
158.74433517456055
206.25996589660645
190.4885768890381
305.23681640625
297.285795211792
1654.0205478668213
213.73629570007324
158.0955982208252
1196.3756084442139
866.8136596679688
1220.9300994873047
615.7500743865967
950.3121376037598
961.132287979126
329.1277885437012
412.37688064575195
761.4922523498535
392.5297260284424
670.3994274139404
167.8152084350586
372.82276153564453
791.7048931121826
1495.387077331543
2769.644021987915
440.65356254577637
162.97292709350586
486.2539768218994
157.79352188110352
492.5212860107422
1665.494441986084
894.6950435638428
923.0191707611084
292.98996925354004
770.5605030059814
229.48956489562988
734.5616817474365
546.226978302002
777.7512073516846
869.5065975189209
669.4717407226562
1813.091516494751
1139.3158435821533
198.81772994995117
164.30187225341797
1143.5191631317139
2993.804454803467
165.56739807128906
595.8595275878906
327.28052139282227
1055.7560920715332
469.6786403656006
696.2051391601562
1948.7388134002686
422.7299690246582
217.3478603363037
668.5919761657715
1542.694091796875
298.259973526001
3709.519147872925
380.28979301452637
166.22066497802734
283.54549407958984
1681.8387508392334
505.60951232910156
1391.2887573242188
214.65754508972168
917.8743362426758
221.19808197021484
1105.5731773376465
408.28800201416016
269.5753574371338
1736.799955368042
711.4591598510742
434.0827465057373
366.654634475708
251.56831741333008
299.3028163909912
213.81783485412598
4991.131782531738
162.24932670593262
787.4841690063477
560.7149600982666
1175.9631633758545
3009.4895362854004
289.3388271331787
395.57528495788574
423.94304275512695
206.0866355895996
674.036979675293
1335.30592918396
194.7002410888672
876.1367797851562
956.312894821167
913.6919975280762
1020.0228691101074
234.65752601623535
1478.4622192382812
235.2004051208496
2130.1140785217285
208.27913284301758
224.5771884918213
956.7306041717529
598.412036895752
434.1557025909424
1190.169334411621
1282.2332382202148
374.9828338623047
436.8133544921875
776.808500289917
160.7048511505127
216.2649631500244
1293.163776397705
471.90308570861816
2164.1860008239746
1583.6622714996338
346.4796543121338
770.7414627075195
967.7810668945312
247.52330780029297
735.3589534759521
274.9137878417969
2386.5535259246826
453.3522129058838
525.1119136810303
857.6807975769043
2795.8176136016846
3473.1929302215576
312.6349449157715
784.2285633087158
255.5696964263916
734.2827320098877
494.84777450561523
196.42305374145508
847.5570678710938
1898.8862037658691
176.35655403137207
167.55032539367676
239.58516120910645
553.2882213592529
4237.0429039001465
487.04981803894043
231.9192886352539
999.462366104126
4120.195388793945
222.73945808410645
296.88286781311035
548.6931800842285
1383.899211883545
881.1275959014893
287.4162197113037
288.01417350769043
190.82212448120117
228.6379337310791
674.0684509277344
214.61057662963867
913.4092330932617
333.1103324890137
554.9671649932861
650.3007411956787
194.75769996643066
423.6602783203125
631.237268447876
203.91416549682617
2668.153762817383
771.965503692627
386.33155822753906
1995.2564239501953
386.60740852355957
1285.487413406372
654.8852920532227
194.49210166931152
811.4871978759766
2216.65358543396
881.9653987884521
376.93262100219727
817.2903060913086
1369.4963455200195
980.3006649017334
568.5954093933105
1086.5285396575928
518.101692199707
293.12849044799805
381.1018466949463
1858.1533432006836
3058.3901405334473
531.6390991210938
262.4788284301758
1232.2299480438232
448.27842712402344
281.1112403869629
502.9740333557129
152.1475315093994
664.2112731933594
2370.4330921173096
378.80754470825195
496.9007968902588
1524.660348892212
330.9340476989746
3084.049701690674
1775.6025791168213
1194.5817470550537
2140.976905822754
903.1875133514404
1347.2504615783691
927.0312786102295
711.9438648223877
1001.7373561859131
181.91075325012207
486.5002632141113
483.62064361572266
2176.0799884796143
651.1802673339844
2275.982618331909
457.2310447692871
837.1074199676514
251.49250030517578
599.153995513916
201.00808143615723
133.12625885009766
1425.2305030822754
830.894947052002
1083.4269523620605
1415.3146743774414
834.5065116882324
4671.036958694458
551.0294437408447
1083.085536956787
305.79614639282227
758.2628726959229
377.80094146728516
1949.1751194000244
921.3435649871826
155.33828735351562
482.10668563842773
283.76007080078125
1294.5349216461182
260.8180046081543
363.71421813964844
262.7565860748291
429.51369285583496
322.1104145050049
582.1571350097656
1563.0319118499756
223.9084243774414
518.1679725646973
1120.2380657196045
140.65122604370117
579.2829990386963
383.15868377685547
243.44110488891602
383.3737373352051
398.3478546142578
226.3174057006836
772.4919319152832
447.79181480407715
2782.470226287842
1505.4187774658203
647.8383541107178
1853.2402515411377
1219.243049621582
251.3422966003418
812.2427463531494
593.3504104614258
239.33792114257812
305.33862113952637
514.357328414917
159.4839096069336
218.8739776611328
878.6044120788574
255.25450706481934
134.32049751281738
216.84646606445312
165.16733169555664
279.53195571899414
151.6726016998291
129.9881935119629
180.0990104675293
1481.1112880706787
619.1267967224121
3302.6721477508545
1139.2102241516113
221.4212417602539
193.5720443725586
269.4721221923828
504.38451766967773
1151.0400772094727
526.5142917633057
785.8545780181885
872.6963996887207
2355.394124984741
294.44241523742676
1886.291265487671
2430.4349422454834
1132.7738761901855
258.45909118652344
1149.0497589111328
634.016752243042
387.9516124725342
347.7044105529785
1076.7638683319092
179.23235893249512
805.4499626159668
150.31790733337402
161.29493713378906
347.6293087005615
3640.873908996582
1907.5911045074463
407.9720973968506
425.48680305480957
189.54896926879883
1365.8254146575928
230.85641860961914
748.1696605682373
695.6262588500977
391.8273448944092
1147.1595764160156
371.7236518859863
1947.455644607544
261.66439056396484
198.86159896850586
236.54913902282715
388.67688179016113
144.31428909301758
151.96895599365234
387.7103328704834
335.3402614593506
253.49783897399902
497.0223903656006
332.2405815124512
158.55979919433594
371.4900016784668
705.6496143341064
219.71678733825684
460.1433277130127
577.3437023162842
742.3727512359619
3310.9428882598877
1318.3131217956543
218.95313262939453
465.2736186981201
160.96019744873047
696.6092586517334
585.4072570800781
1602.3499965667725
597.1028804779053
145.74766159057617
711.6250991821289
256.7775249481201
324.2802619934082
3240.6439781188965
1144.1633701324463
410.86792945861816
152.07648277282715
436.28501892089844
1890.2974128723145
191.14398956298828
1569.6027278900146
576.9805908203125
964.5614624023438
2483.483076095581
237.78486251831055
2992.3291206359863
220.0145721435547
183.38918685913086
283.74457359313965
2232.4378490448
1090.8620357513428
513.157844543457
213.9890193939209
4958.630323410034
1115.373134613037
179.49342727661133
1969.059944152832
350.9490489959717
213.20843696594238
214.98894691467285
575.354814529419
1246.4849948883057
2714.4734859466553
879.361629486084
1322.8175640106201
1450.2882957458496
165.5559539794922
607.9039573669434
167.5863265991211
223.29258918762207
268.1245803833008
187.3328685760498
554.6152591705322
439.4826889038086
152.36544609069824
636.542558670044
632.0803165435791
464.7247791290283
648.0376720428467
774.3692398071289
505.33366203308105
252.8982162475586
481.6408157348633
818.225622177124
165.92049598693848
141.04413986206055
181.98490142822266
1150.4168510437012
467.29373931884766
273.96440505981445
514.970064163208
1215.0464057922363
1637.519121170044
243.37005615234375
242.07377433776855
282.46116638183594
1419.9845790863037
422.0597743988037
736.3247871398926
231.56118392944336
521.4788913726807
1392.125129699707
2115.0224208831787
293.7495708465576
503.0517578125
244.36020851135254
807.0323467254639
669.6875095367432
3390.740156173706
266.81017875671387
237.53118515014648
411.16881370544434
2273.858070373535
421.5404987335205
1273.646593093872
2073.634624481201
1422.3077297210693
196.81167602539062
1367.5670623779297
301.15199089050293
1207.441806793213
144.2697048187256
601.0434627532959
526.3509750366211
217.24724769592285
162.69207000732422
175.80270767211914
524.590253829956
285.1123809814453
549.6490001678467
301.95045471191406
642.244815826416
374.3743896484375
1268.1756019592285
1989.6819591522217
3705.5037021636963
257.0004463195801
869.0769672393799
186.52915954589844
1157.7043533325195
264.67418670654297
368.29137802124023
463.8397693634033
1307.3348999023438
1556.899070739746
205.291748046875
305.2849769592285
310.7774257659912
585.1376056671143
306.17237091064453
1477.2145748138428
4090.263605117798
169.92807388305664
928.5292625427246
1236.2699508666992
286.90052032470703
433.6133003234863
522.3948955535889
206.76779747009277
709.0375423431396
669.7444915771484
295.57275772094727
520.5891132354736
562.7844333648682
407.98068046569824
353.7182807922363
1439.1789436340332
3284.355878829956
628.8666725158691
1608.4754467010498
495.983362197876
403.26619148254395
484.9691390991211
1798.9590167999268
639.1246318817139
929.7549724578857
466.2332534790039
1003.7236213684082
2064.627170562744
150.71654319763184
335.6897830963135
699.2847919464111
152.37951278686523
955.0659656524658
204.8349380493164
990.715742111206
1154.4578075408936
493.9556121826172
321.2132453918457
333.3420753479004
615.818977355957
388.4320259094238
2247.9419708251953
311.816930770874
228.65033149719238
1138.5648250579834
312.3817443847656
1375.4606246948242
258.6851119995117
211.20095252990723
478.8928031921387
800.9536266326904
1369.2076206207275
755.5806636810303
160.7978343963623
229.32767868041992
370.57948112487793
687.0996952056885
493.175745010376
224.3366241455078
885.5245113372803
210.59203147888184
204.2992115020752
374.13501739501953
235.1517677307129
2187.218189239502
621.4275360107422
158.7533950805664
489.00771141052246
516.8426036834717
545.0599193572998
1213.3920192718506
844.6674346923828
979.1126251220703
395.7939147949219
154.11853790283203
248.6255168914795
157.54461288452148
203.98449897766113
355.87120056152344
831.5966129302979
159.7464084625244
1227.3714542388916
760.2453231811523
348.79207611083984
359.72046852111816
366.87684059143066
1262.164831161499
158.14971923828125
591.3863182067871
392.09604263305664
749.4361400604248
218.21975708007812
1028.7563800811768
166.91946983337402
436.63740158081055
467.8957462310791
931.5962791442871
937.8602504730225
386.96742057800293
145.8759307861328
448.3067989349365
250.4277229309082
460.3443145751953
239.3336296081543
305.2632808685303
860.0034713745117
872.8437423706055
231.62508010864258
192.96669960021973
204.03313636779785
244.54045295715332
2144.2081928253174
543.2071685791016
248.06594848632812
1417.3049926757812
1243.9994812011719
653.5036563873291
333.18638801574707
1229.3503284454346
274.54161643981934
261.65032386779785
460.56485176086426
128.01265716552734
214.6148681640625
406.48722648620605
444.9195861816406
471.27842903137207
1099.8265743255615
327.56686210632324
178.15041542053223
1175.8456230163574
339.56146240234375
395.9681987762451
685.4248046875
362.54072189331055
1827.4710178375244
292.51790046691895
328.9639949798584
272.8424072265625
349.4560718536377
1233.4446907043457
3043.1149005889893
1269.5157527923584
284.01851654052734
1036.8084907531738
221.31896018981934
323.549747467041
393.97692680358887
3547.530174255371
689.0170574188232
460.6308937072754
2315.6204223632812
582.3330879211426
148.5302448272705
5690.212965011597
578.7267684936523
411.2234115600586
1149.744987487793
369.42529678344727
190.2170181274414
244.90714073181152
147.96090126037598
368.85738372802734
908.0171585083008
367.05565452575684
339.17856216430664
796.4890003204346
423.1150150299072
447.24559783935547
268.169641494751
2585.221767425537
935.4727268218994
635.582685470581
362.25152015686035
755.1584243774414
741.5244579315186
509.19556617736816
1375.6945133209229
1711.4815711975098
738.6367321014404
197.0667839050293
373.69370460510254
2862.980604171753
1887.5329494476318
302.43420600891113
190.48190116882324
813.6167526245117
192.1839714050293
274.5389938354492
206.55441284179688
608.8321208953857
572.0224380493164
562.408447265625
441.43128395080566
313.3058547973633
603.4390926361084
194.31829452514648
643.0783271789551
310.06669998168945
259.02867317199707
301.0239601135254
2108.84428024292
577.6534080505371
179.9759864807129
411.8359088897705
159.06357765197754
255.45454025268555
360.3653907775879
318.4669017791748
163.86079788208008
130.91039657592773
2124.154806137085
2150.9175300598145
319.81611251831055
1054.734230041504
1148.608684539795
2777.083158493042
150.4216194152832
670.6104278564453
1736.4370822906494
165.4989719390869
357.32316970825195
282.93514251708984
292.88578033447266
458.7364196777344
1177.3228645324707
157.34195709228516
134.54818725585938
295.47643661499023
278.61857414245605
162.38045692443848
1026.0899066925049
188.24148178100586
597.4962711334229
216.8409824371338
729.1340827941895
394.5314884185791
218.34278106689453
653.2382965087891
767.2119140625
1048.1555461883545
154.84023094177246
2665.688991546631
1577.1429538726807
1454.1738033294678
1174.731731414795
146.54827117919922
205.5189609527588
410.0484848022461
661.1511707305908
459.7299098968506
586.296558380127
312.2730255126953
2238.464832305908
143.1295871734619
891.7765617370605
344.37036514282227
1969.4972038269043
463.78540992736816
210.07633209228516
340.3503894805908
380.4340362548828
1294.7735786437988
1299.5991706848145
995.6092834472656
192.857027053833
281.5515995025635
887.3627185821533
253.91602516174316
416.01109504699707
2164.3712520599365
1023.7233638763428
2003.2508373260498
145.15304565429688
176.79977416992188
2097.5470542907715
167.37866401672363
622.6596832275391
438.66562843322754
188.62199783325195
211.3332748413086
357.08045959472656
2898.068428039551
262.61377334594727
618.537187576294
356.3189506530762
649.6181488037109
201.00092887878418
592.1604633331299
453.9473056793213
451.1251449584961
142.06218719482422
460.9227180480957
495.025634765625
656.6562652587891
709.0244293212891
352.4777889251709
208.22763442993164
1001.4605522155762
573.5249519348145
236.29093170166016
189.04423713684082
496.4404106140137
185.01663208007812
140.63000679016113
560.7845783233643
183.8517189025879
1766.6044235229492
1395.6952095031738
596.1868762969971
553.3208847045898
2339.4973278045654
299.3431091308594
175.3237247467041
3396.778106689453
304.32915687561035
2457.218647003174
374.16982650756836
1427.9499053955078
365.769624710083
218.66869926452637
1197.432279586792
148.4532356262207
2406.5754413604736
672.1155643463135
928.7958145141602
272.87936210632324
1864.9437427520752
430.24468421936035
383.91637802124023
1077.188491821289
1435.960292816162
717.766523361206
133.72445106506348
2284.4369411468506
168.4577465057373
512.2711658477783
2939.863920211792
673.8953590393066
2010.3704929351807
465.01946449279785
1390.5150890350342
4220.340728759766
430.82690238952637
547.837495803833
141.45278930664062
261.80315017700195
245.7423210144043
709.1610431671143
353.55210304260254
145.11394500732422
941.6615962982178
415.7125949859619
385.6537342071533
162.4133586883545
256.9148540496826
662.4999046325684
1557.4367046356201
231.98175430297852
248.17276000976562
331.2358856201172
833.0445289611816
226.67312622070312
376.69944763183594
427.6385307312012
452.45909690856934
774.4383811950684
938.4467601776123
2219.644546508789
378.2079219818115
654.0985107421875
620.7640171051025
353.4817695617676
218.6110019683838
150.97904205322266
340.14892578125
316.24293327331543
4107.266426086426
259.4799995422363
158.16211700439453
517.25172996521
569.2267417907715
460.76464653015137
365.76128005981445
245.90778350830078
3284.4223976135254
365.1597499847412
224.28202629089355
202.45099067687988
808.243989944458
535.7985496520996
245.9266185760498
375.05102157592773
1099.6596813201904
2045.0189113616943
359.2185974121094
1675.0316619873047
1039.0710830688477
717.8468704223633
1464.9019241333008
512.1586322784424
677.7586936950684
1576.8215656280518
1872.196912765503
1770.7033157348633
1684.2639446258545
251.84297561645508
1911.7765426635742
141.04151725769043
465.4829502105713
573.2114315032959
166.85104370117188
1927.818775177002
342.7443504333496
435.98222732543945
348.9503860473633
1077.326774597168
589.9004936218262
412.250280380249
206.00605010986328
211.88616752624512
523.8323211669922
341.32981300354004
261.95240020751953
529.6773910522461
221.64297103881836
194.1814422607422
2192.937135696411
825.340747833252
1775.231122970581
2293.2686805725098
368.84403228759766
576.7204761505127
579.0388584136963
550.8689880371094
565.6325817108154
354.0687561035156
540.2166843414307
335.3731632232666
312.427282333374
346.285343170166
680.1419258117676
1967.561960220337
218.01519393920898
190.71006774902344
361.71722412109375
906.3777923583984
704.3046951293945
192.9471492767334
2074.6169090270996
737.2560501098633
640.1009559631348
1250.1513957977295
182.68203735351562
1708.3721160888672
163.47980499267578
1322.9708671569824
755.9282779693604
447.83711433410645
383.9695453643799
216.26710891723633
2046.412706375122
458.0559730529785
225.57759284973145
506.2737464904785
4231.482267379761
144.67692375183105
320.3401565551758
453.9783000946045
522.7413177490234
1081.5041065216064
417.05894470214844
389.9118900299072
296.5412139892578
1802.8843402862549
254.1215419769287
2265.170097351074
1802.978754043579
908.1721305847168
532.2620868682861
143.7671184539795
1788.4535789489746
1742.4938678741455
159.41166877746582
426.5704154968262
162.9040241241455
2513.091802597046
188.5240077972412
450.9587287902832
396.54541015625
262.6173496246338
1006.9587230682373
228.46674919128418
753.0701160430908
177.2441864013672
621.9847202301025
808.4986209869385
262.3107433319092
1015.2003765106201
466.48573875427246
451.80606842041016
219.30885314941406
341.7351245880127
1649.9764919281006
1286.060094833374
190.96136093139648
1027.771234512329
651.2982845306396
1910.1197719573975
728.9581298828125
472.3045825958252
1769.1781520843506
867.539644241333
165.93527793884277
138.96489143371582
1057.6086044311523
163.97881507873535
1165.3804779052734
1239.3031120300293
144.52219009399414
160.5074405670166
371.08683586120605
239.20917510986328
682.0030212402344
408.62226486206055
270.0364589691162
213.57488632202148
630.6846141815186
1069.169282913208
217.4088954925537
1259.6766948699951
359.1933250427246
2995.276927947998
3015.9783363342285
143.74065399169922
226.64117813110352
256.9618225097656
571.178674697876
350.85296630859375
176.5434741973877
233.14881324768066
646.1312770843506
337.7971649169922
196.32625579833984
380.75780868530273
436.27285957336426
146.3336944580078
2037.766695022583
2238.2309436798096
373.80194664001465
514.0407085418701
238.9395236968994
208.15730094909668
3382.427215576172
1888.716697692871
167.921781539917
828.8712501525879
234.34209823608398
323.9789009094238
1474.8597145080566
1106.083869934082
287.71495819091797
522.7704048156738
388.5684013366699
362.6117706298828
316.5168762207031
945.2724456787109
650.3534317016602
1772.2487449645996
629.9223899841309
338.5186195373535
148.02145957946777
1219.465732574463
656.7366123199463
675.9767532348633
375.424861907959
989.8405075073242
545.6128120422363
135.44392585754395
247.3299503326416
2182.6183795928955
250.4138946533203
414.08395767211914
371.34814262390137
184.5543384552002
264.3773555755615
1068.2454109191895
757.5113773345947
147.82118797302246
1066.622257232666
2539.8387908935547
337.2642993927002
2016.617774963379
2304.6298027038574
1326.003074645996
858.9739799499512
432.82294273376465
537.0543003082275
505.9084892272949
2035.6862545013428
334.8958492279053
212.9359245300293
1419.6512699127197
157.29379653930664
349.7159481048584
556.7443370819092
243.8366413116455
1112.513542175293
1266.0276889801025
561.5189075469971
175.31132698059082
240.91792106628418
169.68822479248047
3371.882677078247
858.3216667175293
1439.0647411346436
210.67428588867188
491.0447597503662
889.1739845275879
266.83759689331055
624.5486736297607
373.51346015930176
1137.0906829833984
1509.6559524536133
210.35218238830566
1902.4913311004639
688.0886554718018
337.2995853424072
179.17752265930176
173.02536964416504
841.1321640014648
817.4958229064941
917.1042442321777
1423.6552715301514
787.6765727996826
979.3961048126221
1369.5061206817627
480.1042079925537
331.7253589630127
1893.8064575195312
2531.4955711364746
752.8798580169678
165.4679775238037
180.86004257202148
258.3785057067871
266.0512924194336
1478.3897399902344
469.39992904663086
2751.4710426330566
604.9690246582031
1097.1829891204834
640.5003070831299
382.6172351837158
484.7149848937988
276.13067626953125
838.1001949310303
514.9402618408203
391.1395072937012
674.6575832366943
379.6253204345703
133.87393951416016
718.9946174621582
159.93499755859375
393.0373191833496
154.00981903076172
177.40106582641602
854.5408248901367
238.5718822479248
204.8790454864502
938.0738735198975
799.4987964630127
534.1253280639648
1574.371576309204
218.09816360473633
288.7585163116455
639.4176483154297
224.23887252807617
593.9643383026123
306.1378002166748
222.82862663269043
392.29679107666016
774.7440338134766
186.15198135375977
364.9468421936035
1909.7442626953125
335.5872631072998
491.29199981689453
167.1140193939209
341.29905700683594
657.5114727020264
561.3763332366943
175.83250999450684
385.7905864715576
147.89724349975586
296.2613105773926
342.3807621002197
224.3340015411377
721.940279006958
209.65242385864258
386.89374923706055
184.4046115875244
352.7095317840576
1345.407485961914
310.4827404022217
272.71080017089844
390.9897804260254
350.1558303833008
327.21543312072754
203.02963256835938
224.93433952331543
1904.5753479003906
491.62864685058594
3168.201208114624
178.03359031677246
195.3258514404297
276.0958671569824
658.4889888763428
233.05058479309082
1486.2143993377686
824.6047496795654
599.5869636535645
906.2459468841553
4168.890714645386
596.2727069854736
1701.404094696045
411.2081527709961
297.9450225830078
593.256950378418
1254.5950412750244
186.7971420288086
422.69134521484375
332.4425220489502
1539.2377376556396
514.868974685669
169.89517211914062
757.9848766326904
571.9201564788818
964.4134044647217
463.75012397766113
2496.8624114990234
159.26337242126465
194.91338729858398
329.71668243408203
830.6200504302979
355.3273677825928
595.5154895782471
588.6614322662354
239.83001708984375
928.7617206573486
209.12861824035645
189.3918514251709
718.5089588165283
611.5298271179199
667.6363945007324
318.3326721191406
192.63744354248047
342.2231674194336
202.67105102539062
650.9585380554199
816.2076473236084
373.9628791809082
3010.1675987243652
2502.147436141968
433.23755264282227
981.9386005401611
1033.3330631256104
387.32004165649414
398.4205722808838
1624.6473789215088
181.6089153289795
1524.742841720581
448.50897789001465
257.49707221984863
965.1849269866943
178.44080924987793
781.2008857727051
210.7257843017578
418.6210632324219
152.51612663269043
655.0757884979248
493.97873878479004
857.3498725891113
458.96100997924805
393.80860328674316
834.1312408447266
600.7816791534424
158.735990524292
166.44692420959473
344.61355209350586
3248.6355304718018
520.0872421264648
164.31021690368652
1840.0254249572754
1764.7192478179932
157.7146053314209
536.4997386932373
1805.6020736694336
163.0246639251709
2120.1868057250977
172.7883815765381
1431.9484233856201
2324.896812438965
591.0329818725586
694.4005489349365
1417.6993370056152
226.348876953125
228.07860374450684
147.43852615356445
517.2719955444336
701.6949653625488
310.7142448425293
313.1563663482666
335.3543281555176
143.4783935546875
335.4361057281494
2680.3367137908936
3692.1653747558594
695.9414482116699
266.8306827545166
274.5785713195801
2125.210762023926
2467.9722785949707
321.7926025390625
2475.6321907043457
1352.4236679077148
1419.098138809204
485.992431640625
939.5337104797363
316.53523445129395
282.38987922668457
203.06086540222168
365.4959201812744
1675.4300594329834
201.39551162719727
4824.853181838989
162.95671463012695
954.4909000396729
538.2654666900635
152.76479721069336
917.4823760986328
2642.101764678955
255.82647323608398
748.9480972290039
189.75281715393066
288.9108657836914
3617.140769958496
148.50473403930664
611.6554737091064
377.7041435241699
1842.2577381134033
1271.2697982788086
481.2924861907959
2402.8139114379883
2335.103750228882
253.0992031097412
236.4795207977295
529.6227931976318
514.106273651123
315.92774391174316
757.2853565216064
214.86544609069824
138.93532752990723
153.63359451293945
540.0469303131104
358.62088203430176
152.0061492919922
1424.4329929351807
134.59467887878418
2473.954677581787
1672.0197200775146
2307.243824005127
353.6200523376465
2246.575355529785
561.7930889129639
1787.0044708251953
316.97821617126465
185.0259304046631
2253.551959991455
762.9232406616211
160.03847122192383
391.97397232055664
139.15014266967773
158.17618370056152
1122.2245693206787
1279.3266773223877
1046.8997955322266
230.8356761932373
323.49181175231934
437.2215270996094
973.7324714660645
259.30309295654297
2537.929058074951
2321.6989040374756
181.94007873535156
235.05234718322754
194.66161727905273
449.6424198150635
3989.1068935394287
165.24958610534668
550.6763458251953
666.5542125701904
265.5637264251709
893.7857151031494
240.2327060699463
1585.726022720337
221.39263153076172
732.9506874084473
310.33945083618164
832.9031467437744
1932.5618743896484
546.6530323028564
137.82501220703125
190.60611724853516
236.45663261413574
191.36834144592285
434.19623374938965
410.8405113220215
355.5600643157959
304.9342632293701
463.9418125152588
453.4921646118164
227.28347778320312
495.85509300231934
1111.83500289917
527.3337364196777
152.418851852417
873.5640048980713
232.76829719543457
344.8648452758789
369.51327323913574
602.4665832519531
302.9303550720215
196.31123542785645
330.01065254211426
855.2038669586182
2389.2812728881836
231.8265438079834
240.9188747406006
195.10269165039062
543.2586669921875
202.75545120239258
309.1762065887451
1784.3172550201416
714.6544456481934
211.2576961517334
2210.9110355377197
735.2070808410645
342.5149917602539
1012.0153427124023
485.4762554168701
3921.581983566284
396.68846130371094
217.91958808898926
594.9187278747559
170.84145545959473
439.816951751709
214.36405181884766
633.1620216369629
1533.874750137329
324.6338367462158
1289.384126663208
2255.880832672119
1514.9257183074951
4619.400978088379
1391.038179397583
2016.1268711090088
284.1639518737793
379.1012763977051
144.15669441223145
349.72691535949707
258.4381103515625
930.1161766052246
1613.8513088226318
2563.6370182037354
1108.5834503173828
199.66554641723633
334.46455001831055
336.80009841918945
243.41988563537598
501.0082721710205
443.09520721435547
454.90002632141113
617.3927783966064
1185.7311725616455
136.03544235229492
175.61602592468262
251.41644477844238
2130.927324295044
601.4947891235352
1330.9242725372314
204.37359809875488
835.7136249542236
922.114372253418
315.49859046936035
865.7028675079346
842.0588970184326
2148.6141681671143
183.8366985321045
399.4784355163574
306.58531188964844
144.6220874786377
483.9925765991211
1354.2213439941406
353.0449867248535
561.1629486083984
911.1623764038086
592.8499698638916
294.40927505493164
607.0725917816162
195.02925872802734
379.64320182800293
417.63997077941895
150.43926239013672
231.6434383392334
265.17772674560547
203.42159271240234
625.8754730224609
2630.155563354492
595.1137542724609
715.4402732849121
848.1345176696777
482.3012351989746
1291.9864654541016
3705.308675765991
389.35089111328125
688.3316040039062
216.84741973876953
1717.9365158081055
203.44781875610352
469.12693977355957
187.05081939697266
185.1806640625
2790.112018585205
140.153169631958
318.8176155090332
660.8636379241943
167.27590560913086
458.65511894226074
270.98655700683594
161.37051582336426
139.3733024597168
999.1841316223145
249.4974136352539
768.3238983154297
307.89685249328613
224.29680824279785
153.60045433044434
849.30419921875
1108.7002754211426
504.5294761657715
143.68295669555664
474.14350509643555
989.008903503418
210.01458168029785
701.2670040130615
1154.9251079559326
233.9956760406494
665.1253700256348
237.3061180114746
705.1675319671631
771.3260650634766
514.8649215698242
940.1743412017822
171.20981216430664
1127.1002292633057
310.8975887298584
232.0542335510254
1505.9576034545898
1151.6904830932617
166.1083698272705
213.0279541015625
363.89875411987305
960.5443477630615
210.59942245483398
158.2930088043213
1110.642910003662
597.8899002075195
361.36436462402344
2390.62762260437
787.5950336456299
303.8361072540283
308.44879150390625
179.14247512817383
1020.3185081481934
991.8410778045654
402.8034210205078
324.6941566467285
557.3992729187012
331.53438568115234
535.6018543243408
600.3401279449463
1443.3341026306152
1354.0325164794922
1736.5174293518066
741.7953014373779
587.5372886657715
2363.464593887329
3216.675281524658
353.15680503845215
1093.3609008789062
493.04795265197754
2282.329559326172
226.6080379486084
265.95163345336914
870.246410369873
132.04550743103027
331.5410614013672
642.8208351135254
402.21691131591797
275.19917488098145
1094.6977138519287
260.03074645996094
153.74112129211426
143.2971954345703
913.243293762207
867.1023845672607
403.00512313842773
536.5092754364014
266.73316955566406
219.88725662231445
368.10302734375
318.3765411376953
596.4868068695068
246.08659744262695
800.4913330078125
318.5603618621826
359.6014976501465
191.6801929473877
681.3564300537109
320.64366340637207
544.9554920196533
1092.203140258789
324.5401382446289
274.44982528686523
581.2890529632568
203.53460311889648
212.77284622192383
500.9303092956543
292.5267219543457
213.23156356811523
665.0564670562744
566.138505935669
1361.3662719726562
525.6402492523193
368.08133125305176
357.3870658874512
159.54995155334473
377.98452377319336
1413.2444858551025
189.95261192321777
856.9324016571045
660.7100963592529
2513.1211280822754
1553.7335872650146
1354.6686172485352
392.53735542297363
367.1679496765137
300.6749153137207
1082.7734470367432
208.54640007019043
1104.5548915863037
160.7074737548828
206.24804496765137
301.774263381958
294.0950393676758
1763.7381553649902
1161.3686084747314
220.5338478088379
377.22086906433105
2207.514524459839
2401.9839763641357
872.2078800201416
1571.3651180267334
417.3102378845215
148.3154296875
2305.508613586426
810.2269172668457
557.0120811462402
324.91207122802734
976.2594699859619
284.7323417663574
333.9729309082031
136.23881340026855
247.1318244934082
1144.2091464996338
2035.346269607544
240.87858200073242
147.57871627807617
909.4297885894775
723.4396934509277
1120.316743850708
2011.1160278320312
2669.9740886688232
932.3456287384033
1860.5401515960693
375.9434223175049
1660.029649734497
681.7328929901123
1974.1427898406982
267.48061180114746
415.7905578613281
654.3493270874023
185.55784225463867
270.62320709228516
243.7753677368164
1509.93013381958
380.10406494140625
231.26959800720215
444.1354274749756
279.44183349609375
426.0244369506836
140.74087142944336
2536.0074043273926
761.9898319244385
221.01163864135742
2489.2983436584473
186.2318515777588
4574.222564697266
432.3132038116455
1236.259937286377
201.4307975769043
168.61772537231445
333.94336700439453
1711.064338684082
279.9201011657715
144.52505111694336
239.69554901123047
1756.9844722747803
144.43302154541016
2968.5723781585693
536.236047744751
239.26448822021484
153.24974060058594
918.3921813964844
826.0235786437988
143.4643268585205
1080.322027206421
228.07049751281738
857.3174476623535
585.8798027038574
402.0726680755615
533.3831310272217
235.87584495544434
2736.128091812134
186.34939193725586
226.43089294433594
170.4113483428955
1181.2934875488281
922.6949214935303
147.94564247131348
471.2224006652832
312.4833106994629
474.5619297027588
657.6688289642334
377.349853515625
428.42864990234375
180.34934997558594
536.9670391082764
516.5603160858154
562.169075012207
157.34505653381348
3052.065372467041
722.259521484375
403.49650382995605
1368.3750629425049
225.39687156677246
1895.8983421325684
443.28999519348145
755.5286884307861
867.6619529724121
679.9807548522949
356.9984436035156
710.8116149902344
658.5209369659424
220.97349166870117
921.8459129333496
554.0721416473389
1587.5976085662842
1956.343650817871
232.20348358154297
611.6530895233154
821.8715190887451
197.4315643310547
613.0580902099609
1257.047176361084
2535.4626178741455
132.68756866455078
212.05377578735352
608.6030006408691
205.99937438964844
1076.8043994903564
526.0660648345947
481.8563461303711
141.25347137451172
1317.9864883422852
1364.2337322235107
693.6907768249512
424.349308013916
303.8756847381592
809.7305297851562
379.0867328643799
411.59844398498535
143.37468147277832
187.93678283691406
399.95431900024414
214.19429779052734
172.6853847503662
166.88108444213867
185.47987937927246
256.2522888183594
186.8000030517578
396.9862461090088
931.0691356658936
506.72006607055664
542.1428680419922
391.1280632019043
258.50677490234375
508.9986324310303
2120.7261085510254
169.14868354797363
215.9576416015625
516.9093608856201
312.7560615539551
1567.4924850463867
228.363037109375
1830.8591842651367
1574.7706890106201
1593.6665534973145
641.1342620849609
906.0249328613281
474.1544723510742
195.05548477172852
1334.230899810791
224.95245933532715
3013.188362121582
530.3652286529541
181.56123161315918
192.38853454589844
231.3063144683838
800.0154495239258
167.37961769104004
819.5700645446777
342.6210880279541
2148.9598751068115
237.1196746826172
289.74246978759766
275.6214141845703
1897.1896171569824
179.38899993896484
353.73783111572266
157.32526779174805
261.80553436279297
386.87777519226074
483.8588237762451
452.66032218933105
167.59204864501953
334.5797061920166
745.2206611633301
257.60841369628906
128.587007522583
191.93625450134277
507.3521137237549
277.3911952972412
285.7625484466553
699.0859508514404
195.77336311340332
3124.084711074829
857.8355312347412
334.9761962890625
528.7799835205078
167.47522354125977
250.349760055542
188.62414360046387
296.1156368255615
214.26129341125488
2470.668315887451
351.0854244232178
4465.495586395264
981.9424152374268
1887.6142501831055
249.41658973693848
317.3961639404297
1797.025203704834
243.8037395477295
215.5005931854248
736.3300323486328
509.0343952178955
2000.314474105835
171.23079299926758
1693.6469078063965
530.7896137237549
310.1065158843994
224.40052032470703
712.7017974853516
351.67455673217773
426.24759674072266
2139.4529342651367
374.29213523864746
250.2131462097168
235.62073707580566
275.2861976623535
154.4780731201172
2485.0378036499023
660.3093147277832
233.49285125732422
1996.8490600585938
457.05628395080566
213.6085033416748
575.5431652069092
1020.5492973327637
820.4634189605713
169.97098922729492
416.018009185791
230.43107986450195
280.61795234680176
759.4125270843506
200.8984088897705
1683.7830543518066
1181.6139221191406
638.6864185333252
214.92576599121094
1360.0382804870605
697.4303722381592
201.0507583618164
201.8563747406006
607.562780380249
469.7239398956299
143.11718940734863
519.2842483520508
217.85974502563477
2330.730438232422
246.81758880615234
272.40443229675293
480.94725608825684
284.66248512268066
1646.684169769287
819.1018104553223
1627.1004676818848
1915.3783321380615
538.5572910308838
329.2207717895508
444.57101821899414
1155.5085182189941
1290.3194427490234
1074.1097927093506
344.6829319000244
3704.5583724975586
409.2986583709717
858.4628105163574
410.5513095855713
1166.5489673614502
341.7975902557373
743.6091899871826
506.7429542541504
1416.3875579833984
1714.2419815063477
1111.8841171264648
278.7964344024658
412.0969772338867
468.52922439575195
251.61290168762207
3376.8508434295654
424.32594299316406
196.791410446167
1296.3101863861084
1138.5068893432617
394.0920829772949
207.33642578125
1916.771411895752
1201.2474536895752
174.43132400512695
386.3544464111328
473.4499454498291
2383.0726146698
403.5308361053467
288.7547016143799
2033.2372188568115
152.41456031799316
630.2869319915771
172.41477966308594
464.4911289215088
211.12895011901855
534.564733505249
188.97151947021484
407.49669075012207
326.6887664794922
265.17677307128906
531.2299728393555
194.05388832092285
308.7599277496338
836.1616134643555
455.77335357666016
204.0860652923584
1115.682601928711
367.7523136138916
156.59379959106445
545.6697940826416
464.94364738464355
1006.176233291626
2486.7868423461914
2319.0019130706787
365.19765853881836
1672.476053237915
896.5969085693359
326.6143798828125
1076.0424137115479
446.2847709655762
600.4593372344971
428.4231662750244
149.9307155609131
356.1282157897949
1222.5244045257568
267.5025463104248
1142.1236991882324
263.2613182067871
240.67926406860352
1146.0087299346924
614.6833896636963
196.3052749633789
3517.301559448242
461.7607593536377
236.83476448059082
1306.1606884002686
166.456937789917
425.35972595214844
324.48434829711914
599.4758605957031
170.75395584106445
133.60857963562012
143.09000968933105
1072.0915794372559
1059.3626499176025
718.9958095550537
691.8561458587646
240.63658714294434
185.52398681640625
189.23020362854004
166.30840301513672
346.2646007537842
500.4916191101074
2538.763999938965
299.8688220977783
140.8233642578125
2556.724786758423
241.90878868103027
634.1121196746826
241.58453941345215
245.73230743408203
249.94969367980957
388.89336585998535
327.70657539367676
2494.853734970093
833.4786891937256
333.27627182006836
716.63498878479
655.0698280334473
162.75882720947266
534.4736576080322
714.4842147827148
386.37566566467285
235.6114387512207
191.87521934509277
520.60866355896
230.95226287841797
1137.2730731964111
221.16994857788086
1917.9394245147705
1234.5874309539795
2486.9892597198486
191.6952133178711
313.082218170166
1939.0995502471924
450.75368881225586
635.3302001953125
310.75024604797363
633.6262226104736
2136.737585067749
173.32220077514648
1433.2220554351807
195.6326961517334
993.3187961578369
327.2383213043213
723.1390476226807
753.6249160766602
461.66205406188965
1174.5424270629883
675.4074096679688
1292.3872470855713
433.54225158691406
1671.6492176055908
281.5988063812256
1056.9217205047607
220.20959854125977
235.4757785797119
2378.7481784820557
468.7790870666504
2429.988384246826
689.7330284118652
297.6377010345459
255.58733940124512
408.11848640441895
198.99868965148926
687.6969337463379
284.7883701324463
242.83742904663086
978.3499240875244
131.90579414367676
226.52888298034668
517.1680450439453
1729.2656898498535
344.0382480621338
737.7791404724121
312.9458427429199
338.0556106567383
1300.7862567901611
1208.162546157837
1950.307846069336
2306.080102920532
1511.5437507629395
580.0325870513916
944.8845386505127
1840.9953117370605
158.96177291870117
404.36339378356934
1937.7503395080566
302.9360771179199
170.0427532196045
170.9129810333252
316.3597583770752
306.3826560974121
892.1449184417725
1676.5704154968262
1207.3078155517578
1884.8724365234375
261.6536617279053
227.29754447937012
1069.6020126342773
394.7792053222656
351.0715961456299
465.7306671142578
326.31421089172363
440.16575813293457
890.1126384735107
284.2395305633545
805.0549030303955
1315.9370422363281
281.7678451538086
282.36985206604004
804.9886226654053
2184.4279766082764
345.14713287353516
773.7033367156982
725.583553314209
311.69652938842773
201.99108123779297
2424.8547554016113
2685.4169368743896
194.97370719909668
528.8996696472168
612.0455265045166
443.9518451690674
193.6943531036377
3011.244535446167
423.2010841369629
303.94458770751953
1107.7957153320312
1578.9713859558105
385.4522705078125
686.9466304779053
247.8024959564209
180.56726455688477
2648.775100708008
560.3840351104736
456.94875717163086
442.23546981811523
955.3685188293457
1084.0156078338623
248.6894130706787
1144.9058055877686
411.33999824523926
321.2780952453613
313.34829330444336
225.98576545715332
1711.8370532989502
586.2457752227783
189.23258781433105
224.68018531799316
341.14623069763184
508.5277557373047
423.52867126464844
573.1065273284912
4409.00444984436
261.64937019348145
245.04542350769043
195.9362030029297
618.3638572692871
233.44993591308594
381.8190097808838
826.0250091552734
358.48164558410645
176.95975303649902
174.90339279174805
547.9023456573486
163.4354591369629
3113.157033920288
194.18740272521973
302.80375480651855
373.81958961486816
2778.5112857818604
346.1780548095703
1001.0476112365723
939.1944408416748
146.16656303405762
260.392427444458
1796.586513519287
414.44969177246094
2189.606189727783
286.82613372802734
394.17552947998047
8367.466688156128
1174.1888523101807
246.1850643157959
1071.2788105010986
3673.2804775238037
231.30202293395996
2707.2792053222656
2300.6789684295654
209.21921730041504
219.2981243133545
512.6540660858154
527.2612571716309
136.9168758392334
272.85051345825195
2264.0457153320312
287.1224880218506
317.54469871520996
2110.490560531616
764.6560668945312
603.7707328796387
165.61150550842285
231.00709915161133
771.7595100402832
4099.090099334717
144.17338371276855
185.35923957824707
1056.394338607788
433.66456031799316
142.319917678833
910.6090068817139
185.2400302886963
524.4207382202148
246.1831569671631
270.1418399810791
258.220911026001
131.77943229675293
726.647138595581
2062.3819828033447
416.7313575744629
817.5008296966553
441.64538383483887
4119.868755340576
1168.3592796325684
2017.9860591888428
331.1774730682373
1133.284091949463
877.2716522216797
2468.846321105957
1255.7120323181152
2747.042179107666
590.3992652893066
856.0502529144287
2451.1826038360596
368.7436580657959
285.689115524292
496.5629577636719
514.0244960784912
434.2970848083496
796.6108322143555
1088.9809131622314
162.97268867492676
1625.762939453125
410.5265140533447
185.44244766235352
1557.4836730957031
861.238956451416
201.7650604248047
155.56836128234863
233.30163955688477
220.26300430297852
481.86492919921875
2353.801727294922
1544.8007583618164
223.5879898071289
1251.9757747650146
503.71289253234863
209.28549766540527
2481.2636375427246
240.6632900238037
1249.2802143096924
1745.941162109375
1158.9369773864746
193.90535354614258
272.7532386779785
452.1927833557129
146.15631103515625
498.1672763824463
1640.6073570251465
2094.6502685546875
341.21131896972656
569.5490837097168
433.25185775756836
476.47738456726074
299.3588447570801
165.45963287353516
523.9877700805664
651.7317295074463
1150.0701904296875
773.2257843017578
216.72797203063965
469.0275192260742
242.34914779663086
284.5573425292969
948.6126899719238
229.16293144226074
2539.0870571136475
540.851354598999
509.31549072265625
364.86172676086426
166.2423610687256
1144.8249816894531
174.48949813842773
383.1901550292969
1406.135082244873
452.0745277404785
387.845516204834
935.6961250305176
630.3207874298096
1166.689395904541
849.8618602752686
346.7738628387451
550.8785247802734
1270.2901363372803
126.35946273803711
240.4778003692627
152.25744247436523
203.80711555480957
326.55930519104004
452.0988464355469
650.148868560791
788.8610363006592
811.1813068389893
788.5277271270752
601.8571853637695
419.5520877838135
483.2262992858887
1305.196762084961
488.4066581726074
251.71637535095215
272.8424072265625
1045.149326324463
447.6497173309326
543.0755615234375
788.2733345031738
164.8085117340088
518.3067321777344
495.774507522583
678.5309314727783
807.4567317962646
478.3329963684082
162.98699378967285
1262.7511024475098
344.6166515350342
758.5813999176025
148.63824844360352
212.74614334106445
355.5490970611572
421.05937004089355
166.9790744781494
191.99514389038086
919.8319911956787
441.0233497619629
735.6288433074951
158.83588790893555
766.040563583374
383.56709480285645
192.85869598388672
387.9539966583252
3731.898784637451
703.589677810669
6644.891023635864
1416.264295578003
135.68782806396484
742.4929141998291
386.7919445037842
138.90480995178223
2215.9268856048584
3116.5010929107666
327.2385597229004
285.72630882263184
1664.6721363067627
872.2860813140869
931.678056716919
674.8237609863281
265.73753356933594
215.6519889831543
679.9747943878174
271.775484085083
215.18754959106445
759.3357563018799
274.4183540344238
1575.1562118530273
304.25524711608887
144.1481113433838
179.29458618164062
129.63056564331055
471.3010787963867
336.803674697876
380.1746368408203
452.75402069091797
382.77196884155273
1184.6139430999756
2294.5210933685303
204.53619956970215
238.8327121734619
650.6452560424805
736.1576557159424
3879.2519569396973
332.4401378631592
922.7030277252197
310.6076717376709
429.92234230041504
379.8222541809082
742.8810596466064
476.459264755249
133.29172134399414
2410.2835655212402
283.1289768218994
171.9968318939209
383.1799030303955
329.38313484191895
287.5974178314209
156.538724899292
129.06694412231445
1280.1220417022705
949.1870403289795
163.15627098083496
345.0143337249756
629.180908203125
1495.5923557281494
1725.4571914672852
950.6890773773193
492.20728874206543
189.90302085876465
316.91789627075195
198.3628273010254
224.32231903076172
1261.7909908294678
683.833122253418
377.5954246520996
1434.4267845153809
479.51650619506836
684.9265098571777
3394.6568965911865
415.89927673339844
979.6538352966309
1272.6125717163086
1612.215518951416
413.62690925598145
282.12690353393555
201.20620727539062
601.7582416534424
837.4950885772705
217.06271171569824
264.20116424560547
367.9928779602051
243.2577610015869
306.4291477203369
933.7637424468994
1458.721399307251
600.353479385376
1519.7701454162598
406.4207077026367
673.6512184143066
717.9579734802246
783.3273410797119
1152.4291038513184
3008.6581707000732
632.2975158691406
236.79184913635254
1909.3811511993408
228.1053066253662
2714.9219512939453
1991.5847778320312
212.10312843322754
3439.1233921051025
258.96692276000977
754.7776699066162
280.803918838501
168.40600967407227
357.0740222930908
679.5074939727783
2315.3645992279053
355.4728031158447
1727.6113033294678
1811.2080097198486
802.8216361999512
751.5268325805664
202.0883560180664
301.53918266296387
2489.109516143799
159.16013717651367
375.7655620574951
647.4175453186035
248.92020225524902
887.6428604125977
251.2671947479248
1387.627363204956
585.137128829956
835.4721069335938
2125.5102157592773
250.61583518981934
684.147834777832
634.3274116516113
1108.8805198669434
388.16165924072266
3636.140823364258
251.51896476745605
394.6032524108887
842.4060344696045
1184.9822998046875
277.44174003601074
583.216667175293
339.4134044647217
190.35720825195312
167.94228553771973
155.58648109436035
274.22380447387695
1038.728952407837
465.7893180847168
184.342622756958
268.07451248168945
1425.3594875335693
316.73645973205566
135.91694831848145
1107.1476936340332
603.5788059234619
297.152042388916
177.28924751281738
325.62732696533203
193.85504722595215
149.14608001708984
4065.2389526367188
1705.4646015167236
779.2422771453857
4110.354661941528
304.1517734527588
166.8832302093506
3293.4892177581787
902.1587371826172
796.1704730987549
693.610429763794
1277.2319316864014
1224.3399620056152
431.9899082183838
151.04937553405762
190.11187553405762
389.7385597229004
383.24761390686035
175.49896240234375
511.0127925872803
468.95861625671387
914.9181842803955
218.8112735748291
1164.8283004760742
790.4443740844727
1323.4453201293945
526.7083644866943
438.92455101013184
224.6870994567871
748.3944892883301
179.5806884765625
481.5704822540283
2440.2294158935547
164.84403610229492
179.6247959136963
255.15222549438477
169.79622840881348
239.6085262298584
1410.1097583770752
162.89114952087402
503.50165367126465
851.1483669281006
149.45578575134277
205.37328720092773
177.0491600036621
237.12491989135742
294.2180633544922
214.22886848449707
324.3227005004883
258.4235668182373
1019.7675228118896
675.1823425292969
2242.5785064697266
154.16669845581055
420.2611446380615
395.37811279296875
1111.7198467254639
707.7887058258057
649.883508682251
176.22852325439453
239.47906494140625
343.1086540222168
901.5779495239258
296.97275161743164
429.5821189880371
775.2532958984375
557.3396682739258
1091.2127494812012
973.0854034423828
325.63233375549316
1460.3028297424316
3082.120180130005
242.9182529449463
166.81671142578125
856.8084239959717
485.0127696990967
1181.7996501922607
514.4329071044922
214.2043113708496
1108.5257530212402
429.5639991760254
707.6554298400879
520.6985473632812
312.05296516418457
616.2540912628174
953.8722038269043
666.0122871398926
167.6633358001709
1267.84348487854
234.4970703125
536.2248420715332
295.5515384674072
2382.1537494659424
501.3892650604248
478.72376441955566
648.4055519104004
350.9559631347656
213.11068534851074
719.0423011779785
151.0622501373291
154.2205810546875
444.8714256286621
902.9676914215088
769.1936492919922
205.1844596862793
1747.2772598266602
550.6935119628906
269.9618339538574
1508.1264972686768
270.7808017730713
1189.385175704956
396.53611183166504
534.2254638671875
174.32117462158203
1142.591953277588
1094.6152210235596
602.5807857513428
159.8374843597412
1097.8200435638428
378.2987594604492
168.34402084350586
315.7980442047119
218.49560737609863
247.36857414245605
1026.2765884399414
218.74666213989258
164.98708724975586
180.9978485107422
831.533670425415
341.0928249359131
1078.873634338379
172.9104518890381
233.09659957885742
378.0171871185303
369.5414066314697
1835.7419967651367
694.3325996398926
471.22883796691895
1354.3081283569336
728.6133766174316
145.0967788696289
2651.991128921509
3576.0481357574463
174.61490631103516
1145.8380222320557
483.72507095336914
1348.8514423370361
354.74681854248047
169.08526420593262
369.2948818206787
379.2603015899658
1139.9872303009033
1155.4362773895264
220.24154663085938
579.0648460388184
144.14620399475098
420.05395889282227
170.50886154174805
225.7978916168213
422.25193977355957
179.97503280639648
312.6330375671387
2533.1990718841553
549.2539405822754
248.12936782836914
417.6945686340332
240.62037467956543
344.6085453033447
418.8344478607178
666.2163734436035
3080.1401138305664
502.30908393859863
390.71130752563477
992.7840232849121
871.4745044708252
165.3304100036621
2672.5854873657227
278.306245803833
330.7960033416748
207.34548568725586
205.8258056640625
576.1919021606445
378.40938568115234
1089.7376537322998
993.5569763183594
529.7067165374756
194.37170028686523
245.47791481018066
1104.809045791626
426.149845123291
2978.073835372925
203.69625091552734
252.17366218566895
247.15566635131836
485.8391284942627
351.2001037597656
304.5313358306885
2102.363348007202
555.3138256072998
1643.1519985198975
147.169828414917
280.61747550964355
306.32901191711426
212.82005310058594
598.278284072876
352.4501323699951
478.9314270019531
210.3712558746338
350.31723976135254
305.10473251342773
391.7863368988037
555.8993816375732
462.8307819366455
157.57250785827637
261.14654541015625
630.5484771728516
213.20462226867676
161.24916076660156
1121.9093799591064
150.2084732055664
710.9360694885254
700.5407810211182
171.54431343078613
1033.4868431091309
1173.1104850769043
248.89612197875977
235.5802059173584
917.6397323608398
598.7222194671631
982.2418689727783
785.0973606109619
1849.2355346679688
1676.4707565307617
240.05746841430664
5540.590524673462
157.8373908996582
456.21466636657715
2089.251756668091
487.8067970275879
153.69725227355957
4028.4323692321777
149.72352981567383
715.6596183776855
235.13150215148926
2959.632158279419
206.66742324829102
357.53488540649414
866.6465282440186
201.7812728881836
154.90460395812988
2650.8357524871826
144.76752281188965
905.2727222442627
254.14443016052246
208.61244201660156
381.54125213623047
3529.1833877563477
367.156982421875
2235.762119293213
286.71789169311523
2182.964563369751
146.46506309509277
381.12545013427734
150.02727508544922
1248.2919692993164
219.34938430786133
287.36019134521484
1971.259355545044
253.981351852417
679.072380065918
576.1990547180176
531.0831069946289
724.0641117095947
274.3725776672363
1233.4401607513428
219.710111618042
1545.832633972168
758.120059967041
2130.6891441345215
412.1525287628174
1200.2995014190674
280.61604499816895
179.63647842407227
