4.623851776123046875e-01
2.994493007659912109e+00
5.199619054794311523e+00
2.338636398315429688e+00
9.172583341598510742e+00
4.086415767669677734e-01
2.654592752456665039e+00
1.260925531387329102e+00
2.058883190155029297e+00
1.396443843841552734e+00
1.294459581375122070e+00
2.382616996765136719e-01
2.127761054039001465e+01
3.850455760955810547e+00
3.432091236114501953e+00
1.356689453125000000e+00
2.292024612426757812e+00
7.966201305389404297e-01
2.894055128097534180e+00
2.291516542434692383e+00
4.609954118728637695e+00
2.297928333282470703e-01
9.702420234680175781e-01
5.271121978759765625e+00
1.416464567184448242e+00
3.090198755264282227e+00
2.988854646682739258e+00
3.639872789382934570e+00
6.136410236358642578e-01
3.191727876663208008e+00
4.940548419952392578e+00
6.182037115097045898e+00
1.860424709320068359e+01
3.069159984588623047e-01
6.779043674468994141e-01
3.924379348754882812e-01
1.876000642776489258e+00
2.342436552047729492e+00
2.823951244354248047e-01
1.168122768402099609e+00
3.126115798950195312e-01
6.095102548599243164e+00
2.633692979812622070e+00
1.294098615646362305e+00
3.515119552612304688e-01
1.466509580612182617e+00
1.275212764739990234e+00
1.147627115249633789e+00
1.172583341598510742e+00
3.266737461090087891e-01
2.408175468444824219e-01
1.170211553573608398e+00
9.304925203323364258e+00
6.367294788360595703e-01
2.333988428115844727e+00
2.198276996612548828e+00
4.096792459487915039e+00
1.324605703353881836e+00
2.822866201400756836e+00
1.810540437698364258e+01
1.524520874023437500e+00
1.665837526321411133e+00
9.115102291107177734e-01
9.785832166671752930e+00
5.517576694488525391e+00
9.433968067169189453e-01
2.963739395141601562e+00
4.837280988693237305e+00
1.018603563308715820e+00
5.542638540267944336e+00
2.681837081909179688e+00
1.205192327499389648e+00
2.127304792404174805e+00
2.795581340789794922e+00
1.185606956481933594e+00
2.736844062805175781e+00
1.654310464859008789e+00
1.388014078140258789e+00
5.759114503860473633e+00
3.176554441452026367e+00
9.335443973541259766e-01
1.428441286087036133e+00
1.026663303375244141e+00
4.662389278411865234e+00
1.630016326904296875e+00
6.054857254028320312e+00
5.304954767227172852e+00
1.824109077453613281e+00
1.001474857330322266e+00
1.880693435668945312e+00
3.954724788665771484e+00
1.999347925186157227e+00
3.211686611175537109e-01
2.137842082977294922e+01
4.554510116577148438e+00
3.023860216140747070e+00
2.983157634735107422e-01
2.959470748901367188e-01
2.135886430740356445e+00
4.838538885116577148e+00
3.086616992950439453e-01
5.944444656372070312e+00
2.618299245834350586e+00
9.454963207244873047e-01
7.723419666290283203e-01
7.422494888305664062e-01
2.720664262771606445e+00
5.398874044418334961e+00
3.149351835250854492e+00
6.217465400695800781e+00
2.056412696838378906e+00
1.196551799774169922e+00
5.817825555801391602e+00
2.302647829055786133e+00
4.942033052444458008e+00
3.876855611801147461e+00
7.667764902114868164e+00
1.134005236625671387e+01
4.715032577514648438e+00
9.169900417327880859e-01
3.227954387664794922e+00
8.955329418182373047e+00
3.553631305694580078e-01
2.218747735023498535e+01
1.485805749893188477e+00
1.917807102203369141e+00
3.057746410369873047e+00
5.982482433319091797e-01
3.003814458847045898e+00
4.606013298034667969e-01
2.516206502914428711e+00
2.274715662002563477e+00
1.492533922195434570e+00
2.465133905410766602e+00
3.283966541290283203e+00
2.285594463348388672e+00
4.418330192565917969e-01
5.478162765502929688e-01
3.949446439743041992e+00
1.161231756210327148e+00
1.377436399459838867e+00
8.518345355987548828e-01
4.270768165588378906e-01
1.447695255279541016e+00
9.602413177490234375e-01
2.521746397018432617e+00
9.533952474594116211e+00
1.173843383789062500e+00
2.529145479202270508e+00
4.909717082977294922e+00
9.093966484069824219e-01
8.336977958679199219e-01
9.545731544494628906e-01
5.962874889373779297e+00
1.153584718704223633e+00
1.631891250610351562e+00
2.408298492431640625e+00
4.338211297988891602e+00
5.015254259109497070e+00
5.080714225769042969e-01
5.595510959625244141e+00
2.671982049942016602e+00
4.759840011596679688e+00
1.511573791503906250e+00
4.301103353500366211e+00
9.537465333938598633e+00
9.370398521423339844e-01
5.932083129882812500e-01
4.536031961441040039e+00
1.440087795257568359e+00
2.719697952270507812e+00
1.764221191406250000e-01
2.450587511062622070e+00
2.988209724426269531e-01
4.991534233093261719e+00
9.723069667816162109e-01
8.484244346618652344e-01
2.419080734252929688e-01
6.047606468200683594e-01
1.318112850189208984e+00
5.737264394760131836e+00
2.777930259704589844e+00
2.076918125152587891e+00
8.766069412231445312e-01
5.011213302612304688e+00
9.628913402557373047e-01
1.422483897209167480e+01
1.572183609008789062e+00
8.096256256103515625e-01
4.171459674835205078e-01
6.746443986892700195e+00
2.630765199661254883e+00
2.835643291473388672e-01
2.879819631576538086e+00
1.065124511718750000e+00
9.204128980636596680e+00
1.019458198547363281e+01
3.124649524688720703e-01
2.912855625152587891e+00
3.841668605804443359e+00
