4.329330921173095703e-01
2.643349170684814453e+00
4.499475479125976562e+00
2.094738483428955078e+00
8.338456392288208008e+00
3.797399997711181641e-01
2.430898666381835938e+00
1.398899316787719727e+00
2.127063751220703125e+00
1.308453798294067383e+00
4.512264728546142578e-01
2.400121688842773438e-01
1.895320892333984375e+01
3.599459886550903320e+00
3.263950586318969727e+00
1.103235244750976562e+00
2.158633470535278320e+00
7.029008865356445312e-01
2.610250949859619141e+00
1.914175271987915039e+00
4.426316499710083008e+00
2.285895347595214844e-01
7.665162086486816406e-01
4.828845500946044922e+00
1.291516065597534180e+00
2.781894683837890625e+00
2.775886297225952148e+00
3.418408870697021484e+00
6.155979633331298828e-01
2.935903787612915039e+00
4.397222280502319336e+00
5.777923345565795898e+00
1.662433791160583496e+01
2.861781120300292969e-01
5.351676940917968750e-01
3.961699008941650391e-01
1.675290584564208984e+00
2.164941787719726562e+00
2.380285263061523438e-01
1.058600902557373047e+00
2.815668582916259766e-01
5.727335691452026367e+00
2.291817903518676758e+00
1.305229902267456055e+00
3.081083297729492188e-01
1.317444562911987305e+00
1.142243385314941406e+00
1.090980768203735352e+00
1.101056575775146484e+00
2.777695655822753906e-01
2.376132011413574219e-01
1.124475717544555664e+00
8.394699573516845703e+00
5.241904258728027344e-01
1.993335485458374023e+00
1.964319229125976562e+00
3.707214355468750000e+00
1.230899333953857422e+00
2.528273105621337891e+00
1.619996166229248047e+01
1.413182497024536133e+00
1.406464576721191406e+00
8.828628063201904297e-01
8.770220756530761719e+00
5.216566801071166992e+00
8.568842411041259766e-01
2.894479990005493164e+00
4.343109130859375000e+00
9.054639339447021484e-01
5.099650144577026367e+00
2.411837816238403320e+00
1.065852165222167969e+00
2.236011266708374023e+00
2.411832094192504883e+00
1.116276979446411133e+00
2.556238174438476562e+00
1.399135589599609375e+00
6.196022033691406250e-01
5.329512834548950195e+00
2.881403684616088867e+00
8.936014175415039062e-01
1.249324560165405273e+00
9.285540580749511719e-01
4.011315345764160156e+00
1.527056217193603516e+00
5.530798435211181641e+00
4.575401306152343750e+00
1.707413911819458008e+00
9.566981792449951172e-01
1.742082595825195312e+00
3.505264043807983398e+00
1.702970743179321289e+00
3.145568370819091797e-01
1.919306302070617676e+01
4.045566320419311523e+00
2.817486763000488281e+00
3.132641315460205078e-01
2.923772335052490234e-01
2.146076202392578125e+00
4.486459970474243164e+00
2.980701923370361328e-01
5.454282999038696289e+00
2.435025453567504883e+00
8.933179378509521484e-01
7.733800411224365234e-01
7.168827056884765625e-01
2.390721321105957031e+00
4.973913431167602539e+00
2.672400474548339844e+00
6.311614274978637695e+00
1.785435438156127930e+00
1.052929878234863281e+00
5.349913358688354492e+00
2.083955287933349609e+00
4.626387834548950195e+00
3.637093544006347656e+00
7.001955509185791016e+00
1.014468407630920410e+01
4.094059705734252930e+00
9.966790676116943359e-01
2.934469461441040039e+00
8.325888395309448242e+00
3.443627357482910156e-01
2.055386805534362793e+01
1.322424173355102539e+00
1.701552391052246094e+00
2.796006917953491211e+00
5.309081077575683594e-01
2.829209327697753906e+00
3.559074401855468750e-01
2.300265550613403320e+00
2.084524631500244141e+00
1.195857524871826172e+00
2.331094503402709961e+00
2.925684928894042969e+00
2.159783363342285156e+00
4.042160511016845703e-01
4.583704471588134766e-01
3.594423055648803711e+00
1.077720642089843750e+00
1.209873437881469727e+00
7.742495536804199219e-01
3.984167575836181641e-01
1.302250862121582031e+00
9.589037895202636719e-01
2.188124656677246094e+00
8.472115516662597656e+00
1.127105712890625000e+00
2.378016233444213867e+00
4.375137090682983398e+00
8.653004169464111328e-01
8.603718280792236328e-01
9.115865230560302734e-01
5.671085834503173828e+00
1.169000387191772461e+00
1.514384984970092773e+00
2.256367683410644531e+00
3.995222091674804688e+00
4.689804077148437500e+00
4.332640171051025391e-01
5.375521659851074219e+00
2.510240554809570312e+00
4.350309610366821289e+00
1.303217411041259766e+00
4.139210939407348633e+00
8.147157669067382812e+00
8.204717636108398438e-01
5.192377567291259766e-01
4.159313440322875977e+00
1.233566284179687500e+00
2.527991294860839844e+00
1.804013252258300781e-01
2.307474136352539062e+00
3.330266475677490234e-01
4.483413934707641602e+00
9.073057174682617188e-01
7.856135368347167969e-01
2.458102703094482422e-01
5.884420871734619141e-01
1.185831785202026367e+00
5.276164054870605469e+00
2.606773614883422852e+00
1.818917751312255859e+00
7.418534755706787109e-01
4.558150768280029297e+00
8.460564613342285156e-01
1.270981740951538086e+01
1.410767078399658203e+00
7.723379135131835938e-01
3.967287540435791016e-01
6.089242696762084961e+00
2.367431163787841797e+00
2.831063270568847656e-01
2.542028427124023438e+00
9.384005069732666016e-01
8.101171970367431641e+00
9.267522335052490234e+00
3.026044368743896484e-01
2.648128032684326172e+00
3.478127479553222656e+00
