4.816105365753173828e-01
3.053253173828125000e+00
5.090803861618041992e+00
2.373414278030395508e+00
9.291205883026123047e+00
3.978374004364013672e-01
2.651483535766601562e+00
1.221978425979614258e+00
2.152902841567993164e+00
1.440826892852783203e+00
4.888772964477539062e-01
2.858722209930419922e-01
2.075610423088073730e+01
3.911746740341186523e+00
3.530576944351196289e+00
1.274380207061767578e+00
2.406561613082885742e+00
7.567496299743652344e-01
2.913791656494140625e+00
2.301916599273681641e+00
4.640581369400024414e+00
2.760281562805175781e-01
8.612678050994873047e-01
5.172522783279418945e+00
1.495325803756713867e+00
3.097904205322265625e+00
3.136084794998168945e+00
3.681354761123657227e+00
6.459307670593261719e-01
3.354943990707397461e+00
5.159384250640869141e+00
6.183019638061523438e+00
1.816375660896301270e+01
3.741635799407958984e+00
2.526983737945556641e+00
5.005280971527099609e-01
1.952234745025634766e+00
3.149081468582153320e+00
2.736110687255859375e-01
1.362599134445190430e+00
3.286118507385253906e-01
6.209714889526367188e+00
2.623064994812011719e+00
1.410106420516967773e+00
3.309557437896728516e-01
1.497961997985839844e+00
1.218461275100708008e+00
1.250746488571166992e+00
1.195219755172729492e+00
3.353352546691894531e-01
2.427957057952880859e-01
1.235636234283447266e+00
9.247670888900756836e+00
6.078534126281738281e-01
2.237553834915161133e+00
2.276033878326416016e+00
4.145205259323120117e+00
1.359814167022705078e+00
2.953903436660766602e+00
1.846228003501892090e+01
1.562241792678833008e+00
1.534888744354248047e+00
9.458303451538085938e-01
9.676036834716796875e+00
1.865900301933288574e+01
9.727647304534912109e-01
3.132548093795776367e+00
4.628218173980712891e+00
5.514488458633422852e+00
5.671252250671386719e+00
2.781608104705810547e+00
1.211831569671630859e+00
2.385233163833618164e+00
2.683099269866943359e+00
1.211608409881591797e+00
2.699021339416503906e+00
1.612589836120605469e+00
1.517445087432861328e+00
7.043245553970336914e+00
3.160670280456542969e+00
9.468774795532226562e-01
1.333918094635009766e+00
1.025749444961547852e+00
4.590863466262817383e+00
7.223070383071899414e+00
5.987732648849487305e+00
4.990077257156372070e+00
1.956390380859375000e+00
1.078323841094970703e+00
1.936498165130615234e+00
4.044456958770751953e+00
1.881462812423706055e+00
4.096221923828125000e-01
2.179200458526611328e+01
4.429411172866821289e+00
3.227787971496582031e+00
3.354601860046386719e-01
6.699671745300292969e-01
3.499032735824584961e+00
5.049581766128540039e+00
3.186242580413818359e-01
5.873364686965942383e+00
2.890797853469848633e+00
8.799166679382324219e-01
8.634936809539794922e-01
7.191059589385986328e-01
2.625044822692871094e+00
5.248068809509277344e+00
2.961429119110107422e+00
5.857816219329833984e+00
2.496455192565917969e+00
2.587938547134399414e+00
5.786964893341064453e+00
2.225134849548339844e+00
4.946008682250976562e+00
3.917649984359741211e+00
7.382761240005493164e+00
1.108149504661560059e+01
4.668805360794067383e+00
3.127976179122924805e+00
3.332110643386840820e+00
9.085240364074707031e+00
1.318559169769287109e+00
2.241210269927978516e+01
2.562570810317993164e+00
1.911395788192749023e+00
3.998857736587524414e+00
6.453874111175537109e-01
3.328617334365844727e+00
2.247968435287475586e+00
2.124921011924743652e+01
2.698720216751098633e+00
1.423716068267822266e+00
2.532800674438476562e+00
3.171894073486328125e+00
2.365875482559204102e+00
4.403862953186035156e-01
5.494439601898193359e-01
3.835153579711914062e+00
1.117708444595336914e+00
1.281037330627441406e+00
8.516070842742919922e-01
3.991260528564453125e-01
1.371852874755859375e+00
1.057362794876098633e+00
2.541309595108032227e+00
9.382861852645874023e+00
4.026416063308715820e+00
3.363730430603027344e+00
4.773616075515747070e+00
5.604549884796142578e+00
1.039244413375854492e+00
1.296231508255004883e+00
6.274904966354370117e+00
1.186335563659667969e+00
1.664810180664062500e+00
2.583291530609130859e+00
4.354434251785278320e+00
5.179618120193481445e+00
4.723854064941406250e-01
5.721795320510864258e+00
2.494991540908813477e+00
4.727167844772338867e+00
1.391496658325195312e+00
4.337480068206787109e+00
1.021217441558837891e+01
2.017630815505981445e+00
5.533514022827148438e-01
4.212254285812377930e+00
1.265354394912719727e+00
2.459938049316406250e+00
2.873795032501220703e-01
2.351714611053466797e+00
3.830621242523193359e-01
4.707246303558349609e+00
9.567830562591552734e-01
9.283399581909179688e-01
2.585084438323974609e-01
6.708035469055175781e-01
1.367585659027099609e+00
5.687662839889526367e+00
2.880145311355590820e+00
2.218117475509643555e+00
2.520656585693359375e+00
4.798888444900512695e+00
8.572177886962890625e-01
1.351616954803466797e+01
1.436171054840087891e+00
1.270131587982177734e+00
4.087553024291992188e-01
6.444480180740356445e+00
2.495588779449462891e+00
9.990248680114746094e-01
2.823113203048706055e+00
1.076144456863403320e+00
9.111619234085083008e+00
1.039596271514892578e+01
4.730122089385986328e-01
2.925622463226318359e+00
3.810311317443847656e+00
