613.131046295166
621.7913627624512
8291.386127471924
952.7266025543213
1684.9431991577148
106.5223217010498
148.91862869262695
3079.326868057251
1583.9123725891113
4397.498607635498
40.57192802429199
147.29666709899902
855.69167137146
279.4995307922363
1150.9590148925781
882.5771808624268
2714.8287296295166
14397.868394851685
4266.809940338135
5286.102533340454
11455.172538757324
127.64549255371094
718.3141708374023
10337.003707885742
6201.566457748413
155.66182136535645
7373.837947845459
155.51018714904785
19080.069541931152
24180.861473083496
3239.3879890441895
2238.223075866699
1902.0159244537354
117.00248718261719
96.01449966430664
577.8036117553711
950.3450393676758
171.27275466918945
19217.03600883484
129.0144920349121
75.37198066711426
16522.33386039734
1147.129774093628
903.7442207336426
148.5283374786377
135480.07106781006
8747.507810592651
454.3263912200928
150.11882781982422
914.4110679626465
256.95157051086426
240.06152153015137
97.8546142578125
45.217275619506836
614.3214702606201
195.1301097869873
56.975364685058594
91.78018569946289
500.993013381958
54.59475517272949
2485.6467247009277
155.10869026184082
21230.4847240448
2475.924253463745
566.8516159057617
32361.496686935425
513.0882263183594
1701.875925064087
90.54255485534668
145.1098918914795
230.81660270690918
142.84586906433105
5548.588275909424
58.63046646118164
60.178279876708984
155.58314323425293
352.92649269104004
111.28973960876465
960.3164196014404
308.74013900756836
16485.996961593628
65.64497947692871
41.83840751647949
107.13338851928711
44.25954818725586
54.68630790710449
644.0420150756836
91.03512763977051
94495.98264694214
610.4462146759033
1259.916067123413
139.44220542907715
136.8262767791748
135.5609893798828
177.62422561645508
82.27229118347168
73.19784164428711
2092.6802158355713
152.84037590026855
131.07776641845703
68.71747970581055
74.54395294189453
905.9863090515137
143.8307762145996
92.96488761901855
75.63114166259766
1306.0722351074219
698.7717151641846
97.95069694519043
161.9129180908203
1572.819709777832
292.5102710723877
176.09357833862305
485.4848384857178
950.8399963378906
1640.4805183410645
144.58250999450684
19798.899173736572
128.5567283630371
91.66145324707031
4018.2244777679443
49.42965507507324
80.08098602294922
117.41042137145996
43.265342712402344
96.88711166381836
156.29959106445312
156.9225788116455
618.2034015655518
10623.069286346436
97.62406349182129
10187.118768692017
48.421621322631836
2387.345314025879
2922.3523139953613
954.9257755279541
2546.82993888855
221.0679054260254
22826.395273208618
29413.541555404663
150.4991054534912
5433.57253074646
5884.897232055664
631.7884922027588
137.70198822021484
1211.6804122924805
2887.3443603515625
74.47385787963867
4354.7539710998535
62.50190734863281
92446.04086875916
142.2865390777588
47275.89797973633
3067.383050918579
2825.110912322998
139.47081565856934
43.309688568115234
989.0944957733154
6399.298191070557
491.5494918823242
560.81223487854
147.83430099487305
750.2269744873047
54.28767204284668
966.503381729126
3941.4055347442627
5575.757026672363
2281.104564666748
158.66661071777344
596.6067314147949
91.54033660888672
24464.738368988037
146.35086059570312
42.09423065185547
930.8736324310303
2177.981376647949
33981.40025138855
196.46930694580078
8792.50168800354
27366.675853729248
7879.677295684814
1162.2040271759033
149.9948501586914
1008.4607601165771
76.71308517456055
1030.078411102295
42.72866249084473
160.736083984375
14959.938526153564
194.1673755645752
56.078195571899414
2314.5511150360107
2730.693578720093
3704.488515853882
72.54266738891602
664.750337600708
6601.3023853302
132.57384300231934
605.5371761322021
127.51984596252441
