1.140566000000000000e+07
2.524773760000000000e+08
1.055980500000000000e+07
9.892526000000000000e+06
5.502118750000000000e+05
5.268928500000000000e+06
2.420934560000000000e+08
6.122075500000000000e+06
6.883704800000000000e+07
5.810266500000000000e+06
1.032403120000000000e+08
2.485327520000000000e+08
2.842292000000000000e+07
1.425668300000000000e+07
1.686470800000000000e+07
5.722778000000000000e+06
6.400351250000000000e+05
2.454611680000000000e+08
1.373512800000000000e+08
9.625674000000000000e+06
5.267376500000000000e+06
1.201051360000000000e+08
3.179775200000000000e+07
8.725230000000000000e+06
5.380176000000000000e+06
2.850756500000000000e+06
5.450915500000000000e+06
1.474014375000000000e+06
7.005216000000000000e+07
3.179532400000000000e+07
8.724714000000000000e+06
2.850579750000000000e+06
7.005536800000000000e+07
1.094280500000000000e+07
3.665166000000000000e+07
3.661418250000000000e+06
2.083679750000000000e+06
1.112890320000000000e+08
8.725230000000000000e+06
2.479500250000000000e+06
7.730352000000000000e+07
3.511811200000000000e+07
8.039156250000000000e+05
1.438866400000000000e+08
2.525731200000000000e+07
6.430483000000000000e+06
8.684740000000000000e+07
2.990816400000000000e+07
2.849788750000000000e+06
1.776566400000000000e+08
7.902448800000000000e+07
4.020234250000000000e+06
5.739670800000000000e+07
5.281023680000000000e+08
1.112164640000000000e+08
1.528833400000000000e+07
7.349052800000000000e+07
1.111486000000000000e+08
3.557922240000000000e+08
2.485327520000000000e+08
3.153610000000000000e+07
9.476514000000000000e+06
1.731266400000000000e+08
1.228834100000000000e+07
4.469037600000000000e+07
3.377118250000000000e+06
2.337096000000000000e+06
1.260786160000000000e+08
8.725230000000000000e+06
4.869993500000000000e+06
1.189852800000000000e+07
1.851727600000000000e+07
1.280738500000000000e+06
4.262972160000000000e+08
6.102511200000000000e+07
1.166440800000000000e+07
6.842744800000000000e+07
4.117564800000000000e+07
2.448309750000000000e+06
1.355115360000000000e+08
1.677540160000000000e+08
8.577523000000000000e+06
1.909229200000000000e+07
1.063494720000000000e+09
5.476333440000000000e+08
5.768007200000000000e+07
6.857469600000000000e+07
2.327017760000000000e+08
1.088131456000000000e+09
3.349836800000000000e+07
4.025336000000000000e+07
3.377118250000000000e+06
3.126083250000000000e+06
2.244578400000000000e+08
7.730352000000000000e+07
3.568073600000000000e+07
9.441370000000000000e+06
1.746615200000000000e+07
1.546963500000000000e+06
4.207364480000000000e+08
1.948208640000000000e+08
2.636548400000000000e+07
6.139134000000000000e+07
6.535435600000000000e+07
7.135139000000000000e+06
3.476365120000000000e+08
3.409073920000000000e+08
7.357720800000000000e+07
1.609082000000000000e+07
2.899033856000000000e+09
8.636311680000000000e+08
1.906468320000000000e+08
8.412530400000000000e+07
6.796235520000000000e+08
2.564485632000000000e+09
5.604498800000000000e+07
1.644375040000000000e+08
3.109554000000000000e+07
7.903444800000000000e+07
3.004086250000000000e+06
8.268385500000000000e+06
4.495791040000000000e+08
5.263965600000000000e+07
1.447921280000000000e+08
7.206689600000000000e+07
4.140682240000000000e+08
9.586763200000000000e+07
4.251018000000000000e+07
8.676407000000000000e+06
3.179775200000000000e+07
4.977985500000000000e+06
4.005627000000000000e+06
1.058373120000000000e+09
7.307093600000000000e+07
2.844640000000000000e+07
1.822205600000000000e+07
3.579349440000000000e+08
2.244578400000000000e+08
2.020340000000000000e+07
7.088232500000000000e+06
1.831482400000000000e+08
1.260786160000000000e+08
1.040057200000000000e+07
2.655950750000000000e+06
1.011413600000000000e+08
6.672878000000000000e+06
4.682377500000000000e+06
3.880739250000000000e+06
1.639448100000000000e+07
1.497579600000000000e+07
1.156145600000000000e+07
1.281942500000000000e+07
1.250253500000000000e+07
1.404323100000000000e+07
3.218718400000000000e+07
3.075578400000000000e+07
1.095991300000000000e+07
5.327795000000000000e+06
2.133515750000000000e+06
1.451615750000000000e+06
7.335231200000000000e+07
5.639940000000000000e+07
2.554675200000000000e+07
3.179775200000000000e+07
3.307522250000000000e+06
5.052164500000000000e+06
4.555096000000000000e+07
1.371394300000000000e+07
1.335378400000000000e+07
4.000102000000000000e+07
7.940746500000000000e+06
2.449788000000000000e+06
2.449621120000000000e+08
1.130118240000000000e+08
3.636400800000000000e+07
2.014687200000000000e+07
1.703184320000000000e+08
1.049937920000000000e+08
1.742486000000000000e+07
5.701319600000000000e+07
2.186485440000000000e+08
3.736516160000000000e+08
7.261564000000000000e+07
4.048373600000000000e+07
1.641981125000000000e+06
2.457037920000000000e+08
2.689739600000000000e+07
6.065026000000000000e+06
1.114873216000000000e+09
2.527359600000000000e+07
1.228480200000000000e+07
9.406343200000000000e+07
2.997059840000000000e+08
3.951969200000000000e+07
6.703667000000000000e+06
9.805461250000000000e+05
2.266496400000000000e+07
2.020001920000000000e+08
9.249496800000000000e+07
3.470692000000000000e+07
1.260786160000000000e+08
1.821267600000000000e+07
3.542775750000000000e+06
8.560330880000000000e+08
2.092983200000000000e+08
1.007378320000000000e+08
1.010054400000000000e+08
8.857893760000000000e+08
4.682377500000000000e+06
3.513164400000000000e+07
3.349836800000000000e+07
4.801717000000000000e+06
9.357521000000000000e+06
2.842292000000000000e+07
2.760369250000000000e+06
1.307554080000000000e+08
1.907467600000000000e+07
1.545088500000000000e+07
3.074288000000000000e+07
7.463844000000000000e+07
8.717993000000000000e+06
2.579958240000000000e+08
3.689687200000000000e+07
8.842984000000000000e+07
1.090077360000000000e+08
1.906052800000000000e+07
2.294958800000000000e+07
1.575070880000000000e+08
4.761352640000000000e+08
6.152333200000000000e+07
2.599781600000000000e+08
5.681489280000000000e+08
1.851040160000000000e+08
1.109501952000000000e+09
9.892526000000000000e+06
1.260786160000000000e+08
4.025420400000000000e+07
8.239968500000000000e+06
7.298801000000000000e+06
1.995036000000000000e+06
6.216384375000000000e+05
3.179775200000000000e+07
3.339525000000000000e+06
2.318623250000000000e+06
1.071747360000000000e+08
3.384304400000000000e+07
6.715715500000000000e+06
1.072349120000000000e+09
8.874174400000000000e+07
3.665208000000000000e+07
7.110525600000000000e+07
5.703284000000000000e+06
8.097705625000000000e+05
2.020822000000000000e+07
1.693299200000000000e+09
7.661099200000000000e+07
2.179905200000000000e+07
9.174423040000000000e+08
4.317303200000000000e+07
1.204846848000000000e+09
8.911915200000000000e+07
1.228834100000000000e+07
8.725230000000000000e+06
3.863493750000000000e+06
3.332731600000000000e+07
3.616335600000000000e+07
1.309942200000000000e+07
3.377118250000000000e+06
1.803090125000000000e+06
1.554710500000000000e+06
1.732472160000000000e+08
1.118945760000000000e+08
5.777422000000000000e+07
6.102511200000000000e+07
9.471726000000000000e+06
8.276085000000000000e+06
1.246023920000000000e+08
1.976368000000000000e+07
2.137301600000000000e+07
1.756733500000000000e+06
1.245715712000000000e+09
2.613976960000000000e+08
9.782858400000000000e+07
2.875378800000000000e+07
2.702786800000000000e+07
5.164960640000000000e+08
2.850756500000000000e+06
4.048373600000000000e+07
1.309745750000000000e+06
1.154578800000000000e+07
7.117503125000000000e+05
5.661426500000000000e+06
6.861629600000000000e+07
8.837965000000000000e+05
3.365880400000000000e+07
5.464641000000000000e+06
4.226190800000000000e+07
2.842292000000000000e+07
1.112890320000000000e+08
3.665166000000000000e+07
3.013405600000000000e+07
6.825326000000000000e+06
3.415320750000000000e+06
1.275581250000000000e+06
1.094280500000000000e+07
3.033350000000000000e+06
2.083975625000000000e+06
1.496715200000000000e+08
4.629238000000000000e+07
2.580951200000000000e+07
1.438866400000000000e+08
6.797852000000000000e+07
2.036966800000000000e+07
1.501552400000000000e+07
4.464833500000000000e+06
2.736005750000000000e+06
6.916174000000000000e+06
2.030152640000000000e+08
7.234840000000000000e+07
3.263356000000000000e+07
8.812575200000000000e+07
1.099007700000000000e+07
1.151781600000000000e+08
9.290037600000000000e+07
3.823518400000000000e+07
4.335421500000000000e+06
2.711921600000000000e+07
4.019951250000000000e+05
1.714556875000000000e+06
8.710108800000000000e+08
5.952728000000000000e+06
1.384395600000000000e+07
1.297110125000000000e+06
7.255486400000000000e+07
7.730352000000000000e+07
2.850756500000000000e+06
9.774558125000000000e+05
7.261564000000000000e+07
2.033310000000000000e+07
5.672322000000000000e+06
1.445206240000000000e+08
2.616874400000000000e+07
4.184274750000000000e+06
8.879896800000000000e+07
1.187604400000000000e+08
3.179775200000000000e+07
7.261564000000000000e+07
4.025420400000000000e+07
1.091609453125000000e+05
1.112890320000000000e+08
1.260786160000000000e+08
2.656451757812500000e+04
2.485327520000000000e+08
4.364565312500000000e+05
6.581213750000000000e+05
7.467749760000000000e+08
1.072349120000000000e+09
1.712700312500000000e+05
1.138821760000000000e+09
1.300254875000000000e+06
1.624373500000000000e+06
1.074246784000000000e+09
1.117846125000000000e+06
2.315816750000000000e+06
6.540082000000000000e+06
5.260738560000000000e+09
1.687535600000000000e+07
1.899368000000000000e+07
2.952022800000000000e+07
7.857256000000000000e+07
1.201771520000000000e+09
1.070116700000000000e+07
2.153164800000000000e+07
8.540719000000000000e+06
2.850756500000000000e+06
2.118916250000000000e+06
6.953985000000000000e+06
2.360908800000000000e+07
1.089201800000000000e+07
1.817242800000000000e+07
4.721830500000000000e+06
2.339990800000000000e+07
1.297509680000000000e+08
6.121053500000000000e+06
9.588482400000000000e+07
3.151136250000000000e+06
1.686470800000000000e+07
2.485327520000000000e+08
6.587901500000000000e+06
2.842292000000000000e+07
2.308879000000000000e+06
7.413302000000000000e+06
9.354279200000000000e+07
9.772588160000000000e+08
3.152304800000000000e+07
1.358124800000000000e+08
8.055063500000000000e+06
3.367440800000000000e+07
2.454611680000000000e+08
5.585675500000000000e+06
4.692434800000000000e+07
1.371737100000000000e+07
1.442552192000000000e+09
3.127827200000000000e+07
3.285253440000000000e+08
7.810487200000000000e+07
6.793340800000000000e+07
4.382984960000000000e+08
4.047701600000000000e+07
8.119283200000000000e+07
1.374473900000000000e+07
3.179775200000000000e+07
2.699724250000000000e+06
3.217512250000000000e+06
7.106570880000000000e+08
1.274325040000000000e+08
8.720377600000000000e+07
1.722520400000000000e+07
9.924931200000000000e+08
4.025420400000000000e+07
2.485327520000000000e+08
1.517199100000000000e+07
7.261564000000000000e+07
5.450915500000000000e+06
4.098110400000000000e+07
1.138821760000000000e+09
4.025198000000000000e+07
2.484915040000000000e+08
7.259984800000000000e+07
1.138674048000000000e+09
4.025420400000000000e+07
3.444826500000000000e+06
1.089962400000000000e+07
4.111781200000000000e+07
9.765129600000000000e+07
2.538149750000000000e+06
2.597643600000000000e+07
1.392165280000000000e+08
1.112890320000000000e+08
1.094280500000000000e+07
6.825326000000000000e+06
4.941117000000000000e+06
3.665166000000000000e+07
2.842292000000000000e+07
3.632671200000000000e+07
3.415320750000000000e+06
5.822742000000000000e+06
1.857961375000000000e+06
1.438866400000000000e+08
1.496715200000000000e+08
8.963568000000000000e+07
1.501552400000000000e+07
7.436463500000000000e+06
7.356965000000000000e+06
4.629238000000000000e+07
3.870360400000000000e+07
2.161464400000000000e+07
3.162431750000000000e+06
2.030152640000000000e+08
7.978873600000000000e+07
1.161149520000000000e+08
1.737696800000000000e+07
3.364269600000000000e+07
1.420655360000000000e+08
1.716112400000000000e+07
1.112890320000000000e+08
7.261564000000000000e+07
2.777668400000000000e+07
7.298801000000000000e+06
1.995036000000000000e+06
6.049354000000000000e+06
3.179775200000000000e+07
8.054741000000000000e+06
1.320284100000000000e+07
6.430677600000000000e+07
5.512854400000000000e+07
3.874673600000000000e+07
7.467749760000000000e+08
1.703327200000000000e+08
1.079407600000000000e+08
7.110525600000000000e+07
3.148429200000000000e+07
2.046831600000000000e+07
5.566805200000000000e+07
1.042853312000000000e+09
2.649298720000000000e+08
2.483200160000000000e+08
1.064481088000000000e+09
4.161235200000000000e+08
3.368240384000000000e+09
3.349836800000000000e+07
1.070656400000000000e+08
1.115193000000000000e+07
1.270419400000000000e+07
8.675788125000000000e+05
3.241831250000000000e+05
2.503988960000000000e+08
1.840270400000000000e+07
3.186660400000000000e+07
1.073353250000000000e+06
1.484572160000000000e+08
3.180084800000000000e+07
3.823518400000000000e+07
3.494345750000000000e+06
9.283431200000000000e+07
2.877316000000000000e+06
7.084192000000000000e+06
9.469189760000000000e+08
3.790031600000000000e+07
5.083893200000000000e+07
8.291716800000000000e+07
9.500504960000000000e+08
7.261564000000000000e+07
3.179775200000000000e+07
2.850756500000000000e+06
5.452876000000000000e+06
1.112890320000000000e+08
7.730352000000000000e+07
2.074703200000000000e+07
8.725230000000000000e+06
3.968474000000000000e+06
9.580629375000000000e+05
7.467749760000000000e+08
1.445206240000000000e+08
8.779540800000000000e+07
7.005216000000000000e+07
5.211338400000000000e+07
4.112158000000000000e+06
1.776566400000000000e+08
1.276563120000000000e+08
2.651860400000000000e+07
7.423808000000000000e+06
2.994775552000000000e+09
1.114911360000000000e+09
1.216106320000000000e+08
1.037624640000000000e+08
1.604779680000000000e+08
3.441322752000000000e+09
8.860469000000000000e+06
2.133515750000000000e+06
4.373573750000000000e+05
7.612013600000000000e+07
7.052630500000000000e+06
1.200304875000000000e+06
2.820409200000000000e+07
2.362051000000000000e+06
6.820693125000000000e+05
1.306478800000000000e+07
7.183567000000000000e+06
1.112890320000000000e+08
7.298801000000000000e+06
1.746285375000000000e+06
1.716112400000000000e+07
1.816456000000000000e+07
2.943610000000000000e+05
6.430677600000000000e+07
4.163035600000000000e+07
3.225358750000000000e+06
7.178301000000000000e+06
3.033589600000000000e+07
9.468914400000000000e+07
3.588617200000000000e+07
8.328475500000000000e+06
3.600863250000000000e+06
1.228834100000000000e+07
8.725230000000000000e+06
1.015983375000000000e+06
3.377118250000000000e+06
8.714049375000000000e+05
2.652975937500000000e+05
2.879408640000000000e+08
1.548092320000000000e+08
4.306759600000000000e+07
5.447474000000000000e+07
1.979839200000000000e+07
2.870518750000000000e+06
6.102511200000000000e+07
3.897455250000000000e+06
3.084181500000000000e+06
1.040437687500000000e+06
9.090049280000000000e+08
1.588608480000000000e+08
5.367541600000000000e+07
2.668533200000000000e+07
2.326896800000000000e+07
4.574356800000000000e+08
9.980414400000000000e+07
1.857479600000000000e+07
3.548341500000000000e+06
7.955486400000000000e+07
9.892526000000000000e+06
4.025420400000000000e+07
2.020001920000000000e+08
1.558008900000000000e+07
1.995036000000000000e+06
1.557203900000000000e+07
1.093525875000000000e+06
7.837616800000000000e+07
2.546031500000000000e+06
1.204523900000000000e+07
3.384304400000000000e+07
2.115934720000000000e+08
1.609263100000000000e+07
8.966839040000000000e+08
3.089023600000000000e+07
1.989519520000000000e+08
6.434063600000000000e+07
1.769330250000000000e+06
1.192094900000000000e+07
2.426161200000000000e+07
3.406722560000000000e+09
3.089123600000000000e+07
3.558621440000000000e+08
7.435997440000000000e+08
2.413045200000000000e+07
1.720512640000000000e+09
9.892526000000000000e+06
4.025420400000000000e+07
1.379774500000000000e+07
1.995036000000000000e+06
1.501553500000000000e+06
3.009543500000000000e+06
3.384304400000000000e+07
1.665840600000000000e+07
3.280674400000000000e+07
8.014230000000000000e+06
8.990347200000000000e+07
4.023240800000000000e+07
1.125265840000000000e+08
9.008949000000000000e+06
4.267234000000000000e+06
9.384748800000000000e+07
9.749138000000000000e+06
1.717240500000000000e+06
4.469037600000000000e+07
5.989624000000000000e+06
4.139085750000000000e+06
5.290480320000000000e+08
6.177979200000000000e+07
2.560255200000000000e+07
4.430041200000000000e+07
4.176149600000000000e+07
9.149266000000000000e+06
2.432389920000000000e+08
1.813039600000000000e+07
7.060437000000000000e+06
2.810389200000000000e+07
3.916171200000000000e+08
4.069510720000000000e+08
4.542983200000000000e+07
3.806432800000000000e+07
1.255245680000000000e+08
5.213379200000000000e+08
2.903978400000000000e+07
1.019245120000000000e+08
6.380244400000000000e+07
1.269461125000000000e+06
4.025420400000000000e+07
7.188156800000000000e+07
3.013814000000000000e+06
2.307442880000000000e+08
7.429665500000000000e+06
2.217631600000000000e+07
8.204878720000000000e+08
4.734701120000000000e+08
1.109498600000000000e+07
6.872360960000000000e+08
4.364455200000000000e+07
4.413922800000000000e+07
8.095998080000000000e+08
2.198620400000000000e+07
4.472917600000000000e+07
1.362647360000000000e+08
4.009998592000000000e+09
4.611940160000000000e+08
2.782718400000000000e+08
4.868327680000000000e+08
5.020681600000000000e+08
3.208289536000000000e+09
1.405352800000000000e+08
1.655653600000000000e+07
1.420099200000000000e+07
2.728410000000000000e+07
1.020590700000000000e+07
1.046650812500000000e+06
1.403271680000000000e+08
1.662756000000000000e+08
1.324799600000000000e+07
8.302346000000000000e+06
7.743042400000000000e+07
4.025420400000000000e+07
1.079560000000000000e+08
1.830835200000000000e+07
3.221260800000000000e+07
7.016230000000000000e+06
3.455312500000000000e+06
9.124807680000000000e+08
1.844629120000000000e+08
8.251532800000000000e+07
1.981474800000000000e+07
1.503614592000000000e+09
1.310975200000000000e+08
7.335231200000000000e+07
5.639940000000000000e+07
6.248873500000000000e+06
1.260786160000000000e+08
4.025420400000000000e+07
6.386607000000000000e+06
3.179775200000000000e+07
5.683453750000000000e+05
1.409765500000000000e+06
5.884523520000000000e+08
3.479237440000000000e+08
3.135168000000000000e+07
2.449621120000000000e+08
1.424684200000000000e+07
8.416121000000000000e+06
1.072349120000000000e+09
1.092207800000000000e+07
1.184610600000000000e+07
9.207890625000000000e+05
1.162621568000000000e+09
1.267967920000000000e+08
7.913625600000000000e+07
3.865136800000000000e+07
3.772138800000000000e+07
3.013016640000000000e+08
7.261564000000000000e+07
2.850756500000000000e+06
6.950729500000000000e+06
7.730352000000000000e+07
4.379465200000000000e+07
2.117110500000000000e+06
1.445206240000000000e+08
7.539591200000000000e+07
4.718373000000000000e+06
6.395888800000000000e+07
1.562890880000000000e+08
1.091929280000000000e+08
3.180351200000000000e+07
1.210783040000000000e+08
1.395020375000000000e+06
7.261564000000000000e+07
2.485327520000000000e+08
1.645293400000000000e+07
4.025420400000000000e+07
1.986002000000000000e+06
5.668353000000000000e+06
7.255973760000000000e+08
1.049117696000000000e+09
2.670875600000000000e+07
1.036264448000000000e+09
7.275478000000000000e+06
4.032190000000000000e+07
1.138821760000000000e+09
2.598000400000000000e+07
9.859323200000000000e+07
1.018026400000000000e+07
5.104468480000000000e+09
1.971102080000000000e+08
2.280612480000000000e+08
1.710091680000000000e+08
2.825871360000000000e+08
1.410157184000000000e+09
1.228834100000000000e+07
3.377118250000000000e+06
3.332731600000000000e+07
3.126083250000000000e+06
8.725230000000000000e+06
8.911915200000000000e+07
5.230613500000000000e+06
3.616335600000000000e+07
1.546963500000000000e+06
2.741812000000000000e+07
6.102511200000000000e+07
1.732472160000000000e+08
1.456515300000000000e+07
1.246023920000000000e+08
7.135139000000000000e+06
2.650788000000000000e+07
1.118945760000000000e+08
1.194134000000000000e+07
6.985388800000000000e+07
3.676740000000000000e+07
1.245715712000000000e+09
1.134697280000000000e+08
1.320191680000000000e+08
1.297559200000000000e+08
9.643578400000000000e+07
1.052382464000000000e+09
2.133515750000000000e+06
1.290243600000000000e+07
5.327795000000000000e+06
1.871288125000000000e+05
4.025420400000000000e+07
3.179775200000000000e+07
3.351312500000000000e+05
1.260786160000000000e+08
1.747503250000000000e+06
1.338274062500000000e+05
3.657016800000000000e+07
4.000102000000000000e+07
2.776538125000000000e+05
7.511128800000000000e+07
2.354916250000000000e+06
4.436888125000000000e+05
1.072349120000000000e+09
4.130095750000000000e+06
1.190218000000000000e+06
1.176728900000000000e+07
1.287813248000000000e+09
5.145794500000000000e+06
3.884997500000000000e+06
2.319103200000000000e+07
8.366669600000000000e+07
1.764749440000000000e+08
4.469037600000000000e+07
1.189852800000000000e+07
2.524773760000000000e+08
2.349229600000000000e+07
3.377118250000000000e+06
3.332731600000000000e+07
2.287420500000000000e+06
3.616335600000000000e+07
1.554910750000000000e+06
1.622023900000000000e+07
6.842744800000000000e+07
4.207059840000000000e+08
3.843596800000000000e+07
2.562719360000000000e+08
2.832064000000000000e+07
2.735910400000000000e+08
1.246023920000000000e+08
2.556227750000000000e+06
2.257940000000000000e+07
2.029323200000000000e+07
2.174144000000000000e+09
5.858941200000000000e+07
5.672577280000000000e+08
3.236955840000000000e+08
4.998263200000000000e+07
1.675254656000000000e+09
6.643090400000000000e+07
3.475143600000000000e+07
7.376465600000000000e+07
1.541450200000000000e+07
2.850756500000000000e+06
4.025420400000000000e+07
5.450915500000000000e+06
1.189852800000000000e+07
1.474014375000000000e+06
1.517199100000000000e+07
1.493176640000000000e+08
2.970238720000000000e+08
6.642432000000000000e+07
1.272801920000000000e+08
3.474944400000000000e+07
7.375508800000000000e+07
7.112465600000000000e+07
2.850579750000000000e+06
4.025198000000000000e+07
1.189755300000000000e+07
1.275011200000000000e+09
1.493062880000000000e+08
2.970040640000000000e+08
1.272658720000000000e+08
7.112533600000000000e+07
1.274957696000000000e+09
2.850756500000000000e+06
3.179775200000000000e+07
4.025420400000000000e+07
2.148867500000000000e+06
8.725230000000000000e+06
1.189852800000000000e+07
4.946112187500000000e+05
1.260786160000000000e+08
1.746285375000000000e+06
8.086729000000000000e+06
7.005216000000000000e+07
7.112465600000000000e+07
1.239585875000000000e+06
1.072349120000000000e+09
1.397194900000000000e+07
2.151748800000000000e+07
1.355115360000000000e+08
3.609586250000000000e+06
5.481673000000000000e+06
6.448794800000000000e+07
1.785389056000000000e+09
3.051911600000000000e+07
3.239047200000000000e+07
5.013696000000000000e+08
7.021871200000000000e+07
9.625189120000000000e+08
8.725230000000000000e+06
5.380176000000000000e+06
1.474014375000000000e+06
8.724714000000000000e+06
1.112890320000000000e+08
3.339525000000000000e+06
2.897649200000000000e+07
1.172929120000000000e+08
7.217432800000000000e+07
2.018060000000000000e+07
8.511468000000000000e+07
8.045183000000000000e+06
3.377118250000000000e+06
8.725230000000000000e+06
4.043459062500000000e+05
1.228834100000000000e+07
4.497511250000000000e+05
3.174789687500000000e+05
8.371745600000000000e+07
1.393871200000000000e+08
8.142540000000000000e+06
1.546920480000000000e+08
6.579274500000000000e+06
2.302952400000000000e+07
6.102511200000000000e+07
3.636595000000000000e+05
6.274510000000000000e+05
6.002786875000000000e+05
8.993644160000000000e+08
7.305124000000000000e+06
3.365302800000000000e+07
3.017052000000000000e+07
2.194636000000000000e+06
7.472775200000000000e+07
3.332731600000000000e+07
3.616335600000000000e+07
1.005943300000000000e+07
3.377118250000000000e+06
3.282894250000000000e+06
6.907506875000000000e+05
1.246023920000000000e+08
4.998864000000000000e+07
9.459792000000000000e+06
5.731255000000000000e+06
2.297697280000000000e+08
7.612013600000000000e+07
2.445685760000000000e+08
3.917671750000000000e+06
4.146370400000000000e+07
1.744754000000000000e+06
4.694647500000000000e+06
9.753687040000000000e+08
5.333356500000000000e+06
1.426040900000000000e+07
3.178587000000000000e+06
1.995561200000000000e+07
7.261564000000000000e+07
7.730352000000000000e+07
1.029141440000000000e+08
4.952656500000000000e+06
2.850756500000000000e+06
3.222557600000000000e+07
5.069097812500000000e+05
8.134864000000000000e+06
1.424835937500000000e+05
3.900957812500000000e+05
1.445206240000000000e+08
6.482774400000000000e+08
1.019839600000000000e+07
1.556524640000000000e+08
1.434593500000000000e+07
1.873137200000000000e+07
6.015881200000000000e+07
4.832489375000000000e+05
5.334846500000000000e+06
1.340837375000000000e+06
2.650786048000000000e+09
3.239344000000000000e+07
1.289976160000000000e+08
6.005150800000000000e+07
8.330470500000000000e+06
5.404734080000000000e+08
4.417116000000000000e+06
1.995036000000000000e+06
1.716112400000000000e+07
1.899009250000000000e+06
2.644001600000000000e+07
5.250919600000000000e+07
4.293968500000000000e+06
7.261564000000000000e+07
3.547756500000000000e+06
1.702715600000000000e+07
1.717727200000000000e+07
4.364896400000000000e+07
6.643732500000000000e+06
5.512854400000000000e+07
3.091756000000000000e+06
1.196283600000000000e+07
1.607993760000000000e+08
1.395700700000000000e+07
4.127425200000000000e+07
3.998553600000000000e+07
2.599345440000000000e+08
1.603325500000000000e+07
3.846412800000000000e+07
3.444432000000000000e+07
1.817236640000000000e+08
2.016022080000000000e+08
9.586763200000000000e+07
3.179775200000000000e+07
8.911915200000000000e+07
1.397081375000000000e+06
4.251018000000000000e+07
2.430270720000000000e+08
5.164097000000000000e+06
7.612013600000000000e+07
1.986002000000000000e+06
1.504467900000000000e+07
1.058373120000000000e+09
9.373233280000000000e+08
3.419915600000000000e+07
4.393037440000000000e+08
7.274361000000000000e+06
1.816386800000000000e+07
9.775048960000000000e+08
1.114246900000000000e+07
9.212697600000000000e+07
2.813285200000000000e+07
4.262730496000000000e+09
1.788510240000000000e+08
2.338256480000000000e+08
1.195404000000000000e+08
2.622947040000000000e+08
1.170918016000000000e+09
3.179775200000000000e+07
4.025420400000000000e+07
1.002908800000000000e+07
1.260786160000000000e+08
3.538288500000000000e+06
4.145120800000000000e+07
1.072349120000000000e+09
1.734137200000000000e+07
3.778946240000000000e+08
2.078431200000000000e+08
2.327427584000000000e+09
7.335231200000000000e+07
3.521117750000000000e+06
4.264312000000000000e+07
1.118903120000000000e+08
1.304159120000000000e+08
7.478887500000000000e+06
1.788069125000000000e+06
9.275837600000000000e+07
5.639940000000000000e+07
4.025420400000000000e+07
2.850756500000000000e+06
1.003602000000000000e+08
1.310975200000000000e+08
5.751780800000000000e+07
6.725372800000000000e+07
1.189852800000000000e+07
1.017770640000000000e+08
3.848878800000000000e+07
3.479237440000000000e+08
8.663480800000000000e+07
1.229946240000000000e+08
7.112465600000000000e+07
1.441379840000000000e+08
9.719233600000000000e+07
1.479684320000000000e+08
1.185931680000000000e+08
6.737569600000000000e+07
6.144557600000000000e+07
1.301366912000000000e+09
1.734336960000000000e+08
1.490888800000000000e+08
1.311808160000000000e+08
9.041731200000000000e+07
1.850987040000000000e+08
3.234244400000000000e+07
9.980414400000000000e+07
5.311205500000000000e+06
7.261564000000000000e+07
5.423847500000000000e+06
4.141628000000000000e+07
6.166139520000000000e+08
3.241142800000000000e+07
1.011276720000000000e+08
7.234081600000000000e+07
6.203310080000000000e+08
8.725230000000000000e+06
3.179775200000000000e+07
1.260786160000000000e+08
4.527997000000000000e+06
2.850756500000000000e+06
1.189852800000000000e+07
1.651101125000000000e+06
4.025420400000000000e+07
3.949407500000000000e+06
2.511928000000000000e+07
7.005216000000000000e+07
1.355115360000000000e+08
8.706944000000000000e+06
1.072349120000000000e+09
1.703326400000000000e+07
2.269451840000000000e+08
7.112465600000000000e+07
2.319366250000000000e+06
3.001932400000000000e+07
4.092627200000000000e+07
1.785389056000000000e+09
3.943340000000000000e+07
3.354051840000000000e+08
1.080495744000000000e+09
5.241153200000000000e+07
1.363339648000000000e+09
3.661418250000000000e+06
2.872550400000000000e+07
8.879183750000000000e+05
3.616335600000000000e+07
4.134265937500000000e+05
9.326997000000000000e+06
4.659374000000000000e+07
8.033416250000000000e+05
6.995444500000000000e+06
9.024926000000000000e+06
8.552863000000000000e+06
8.305233600000000000e+07
5.140772000000000000e+06
8.819720800000000000e+07
5.568156000000000000e+06
9.892526000000000000e+06
2.485327520000000000e+08
1.528223900000000000e+07
1.716112400000000000e+07
9.434775625000000000e+05
4.141628000000000000e+07
7.721260000000000000e+07
7.369648640000000000e+08
8.408215200000000000e+07
5.087744800000000000e+07
5.166624500000000000e+06
8.932165600000000000e+07
2.934341440000000000e+08
9.849544000000000000e+06
2.496564000000000000e+08
1.707880800000000000e+07
4.134597120000000000e+08
7.760370400000000000e+07
7.478625280000000000e+08
5.111584800000000000e+07
2.912450240000000000e+08
4.168305280000000000e+08
3.951969200000000000e+07
4.338713500000000000e+06
6.060955625000000000e+05
2.875198000000000000e+07
4.025420400000000000e+07
3.880908800000000000e+07
1.131208800000000000e+07
2.260160320000000000e+08
1.068408400000000000e+08
1.074743700000000000e+07
1.620951520000000000e+08
1.110817800000000000e+07
5.327795000000000000e+06
7.091916000000000000e+07
5.462473000000000000e+06
1.029504100000000000e+07
1.160950250000000000e+06
2.731716400000000000e+07
7.111380800000000000e+07
6.001844480000000000e+08
1.076174000000000000e+08
1.331533680000000000e+08
1.072722300000000000e+07
1.628537920000000000e+08
6.045223600000000000e+07
5.345103500000000000e+06
7.169780800000000000e+07
1.028995600000000000e+07
5.012204480000000000e+08
7.142659200000000000e+07
6.066965760000000000e+08
1.321274960000000000e+08
6.066627600000000000e+07
5.030852480000000000e+08
5.265833200000000000e+07
1.679726000000000000e+07
3.557656000000000000e+07
3.640141200000000000e+07
1.995036000000000000e+06
3.179775200000000000e+07
6.933946000000000000e+06
7.298801000000000000e+06
1.063246750000000000e+06
3.483914250000000000e+06
4.369077600000000000e+07
8.590340000000000000e+07
6.736722400000000000e+07
4.267624000000000000e+07
3.149234000000000000e+07
5.041762000000000000e+07
7.110525600000000000e+07
2.985262750000000000e+06
2.041513200000000000e+07
1.135114400000000000e+07
1.401075840000000000e+08
6.941440000000000000e+07
1.017027440000000000e+08
7.136449600000000000e+07
1.273411360000000000e+08
2.535187680000000000e+08
7.335231200000000000e+07
1.280345280000000000e+08
5.751780800000000000e+07
2.889900000000000000e+06
1.148710160000000000e+08
8.725230000000000000e+06
3.696982500000000000e+05
1.146662700000000000e+07
3.591548500000000000e+06
3.814355625000000000e+05
5.882840320000000000e+08
1.237606080000000000e+08
1.228351400000000000e+07
1.438369920000000000e+08
2.154549600000000000e+07
1.243832250000000000e+06
1.302113520000000000e+08
1.756363600000000000e+07
8.413370000000000000e+05
4.117118250000000000e+06
7.185459840000000000e+08
2.611764480000000000e+08
9.202120000000000000e+06
1.633056500000000000e+07
3.857300800000000000e+07
1.694820320000000000e+08
1.581883100000000000e+07
3.525109500000000000e+06
7.435144500000000000e+06
3.524803500000000000e+06
4.025420400000000000e+07
1.310975200000000000e+08
5.502980500000000000e+06
5.639940000000000000e+07
2.720322250000000000e+06
1.351655700000000000e+07
3.226936400000000000e+07
5.592251200000000000e+07
1.743137600000000000e+07
1.142357900000000000e+07
4.613513500000000000e+06
2.372184400000000000e+07
3.479237440000000000e+08
2.288533200000000000e+07
6.910818400000000000e+07
2.808760000000000000e+07
1.384311840000000000e+08
3.458876000000000000e+07
1.239945200000000000e+08
3.032623600000000000e+07
1.464106080000000000e+08
1.656210400000000000e+08
1.013470160000000000e+08
5.751780800000000000e+07
5.639940000000000000e+07
8.800047000000000000e+06
2.577984400000000000e+07
8.979020000000000000e+07
3.063435600000000000e+07
2.850756500000000000e+06
6.907986875000000000e+05
2.248757500000000000e+06
1.015618160000000000e+08
2.605793440000000000e+08
6.149434800000000000e+07
8.663480800000000000e+07
2.114283600000000000e+07
1.899712000000000000e+07
7.130409600000000000e+07
1.746082400000000000e+07
6.486715600000000000e+07
1.963875375000000000e+06
3.412190080000000000e+08
6.189254800000000000e+07
1.832915360000000000e+08
5.146745200000000000e+07
5.225172800000000000e+07
2.307856480000000000e+08
7.252589500000000000e+06
7.020143200000000000e+07
2.851098800000000000e+07
3.004519250000000000e+06
9.102653000000000000e+06
2.850756500000000000e+06
2.373807250000000000e+06
5.685714000000000000e+07
1.988118800000000000e+07
4.421494500000000000e+06
8.259752800000000000e+07
5.378538400000000000e+07
4.955817500000000000e+06
5.551169280000000000e+08
9.424140000000000000e+07
1.481488100000000000e+07
4.774273200000000000e+07
2.180312800000000000e+07
3.106326250000000000e+06
5.830168800000000000e+07
1.040490944000000000e+09
1.912765920000000000e+08
1.805992000000000000e+07
3.873404480000000000e+08
4.571057600000000000e+07
7.430298240000000000e+08
3.179775200000000000e+07
7.261564000000000000e+07
2.854410000000000000e+06
1.112890320000000000e+08
4.814096500000000000e+06
1.302395900000000000e+07
7.467749760000000000e+08
1.024198300000000000e+07
4.640571200000000000e+07
3.370930000000000000e+07
1.684822240000000000e+08
6.540412500000000000e+06
1.013595300000000000e+07
3.544286500000000000e+06
3.052255250000000000e+06
1.214007875000000000e+06
4.218171000000000000e+06
1.821639200000000000e+07
7.553808500000000000e+06
1.184195000000000000e+07
3.439728250000000000e+06
2.388246400000000000e+07
4.025420400000000000e+07
1.260786160000000000e+08
9.892526000000000000e+06
4.247692500000000000e+06
3.179775200000000000e+07
1.995036000000000000e+06
9.819639375000000000e+05
7.298801000000000000e+06
3.690810625000000000e+05
4.059486250000000000e+05
1.072349120000000000e+09
3.384304400000000000e+07
6.935434000000000000e+06
1.071747360000000000e+08
7.449623500000000000e+06
1.201074375000000000e+06
7.110525600000000000e+07
8.968080625000000000e+05
5.907175625000000000e+05
5.720147500000000000e+05
1.693299200000000000e+09
4.107093600000000000e+07
3.951683250000000000e+06
6.602997000000000000e+06
2.317434000000000000e+06
6.872357600000000000e+07
4.025420400000000000e+07
1.999598000000000000e+06
3.179775200000000000e+07
2.148867500000000000e+06
1.010337200000000000e+07
1.260786160000000000e+08
8.086729000000000000e+06
7.296448500000000000e+06
3.127366875000000000e+05
1.746285375000000000e+06
3.192549200000000000e+07
1.072349120000000000e+09
2.151748800000000000e+07
7.022862400000000000e+07
9.037746250000000000e+05
1.397194900000000000e+07
1.046768640000000000e+08
5.177772000000000000e+06
6.448794800000000000e+07
3.291351750000000000e+06
1.607660160000000000e+09
1.618630500000000000e+07
5.013696000000000000e+08
3.278160000000000000e+07
5.269309200000000000e+07
8.881104000000000000e+08
6.965188500000000000e+06
1.546963500000000000e+06
3.777500000000000000e+06
9.596179000000000000e+06
2.896588000000000000e+07
3.025618500000000000e+06
8.834312000000000000e+06
1.998425600000000000e+07
2.194783520000000000e+08
7.312405600000000000e+07
1.361929125000000000e+06
4.559859200000000000e+07
3.476943750000000000e+06
4.488559687500000000e+05
3.714941760000000000e+08
3.495285600000000000e+07
9.223575000000000000e+06
5.327759000000000000e+06
7.660368000000000000e+07
2.099945120000000000e+08
7.787054000000000000e+06
5.267872000000000000e+07
9.510139000000000000e+06
7.730352000000000000e+07
7.261564000000000000e+07
3.551811200000000000e+07
2.850756500000000000e+06
1.123168750000000000e+06
5.690343000000000000e+06
2.447967520000000000e+08
8.360164480000000000e+08
2.059571840000000000e+08
5.237256000000000000e+07
8.066502500000000000e+06
5.042474000000000000e+07
1.445206240000000000e+08
5.996360800000000000e+07
7.870169600000000000e+07
2.851868750000000000e+06
2.690563840000000000e+09
2.694285440000000000e+08
8.384485760000000000e+08
5.249647600000000000e+07
1.312724160000000000e+08
2.694703104000000000e+09
1.112890320000000000e+08
7.542137600000000000e+07
6.479144000000000000e+06
1.359122400000000000e+08
1.260786160000000000e+08
9.892526000000000000e+06
6.030075500000000000e+06
7.298801000000000000e+06
7.456021875000000000e+05
6.372778750000000000e+05
1.071747360000000000e+08
9.978790000000000000e+06
1.760554000000000000e+06
8.929301250000000000e+05
8.208783000000000000e+06
8.328475500000000000e+06
1.925720960000000000e+08
3.823518400000000000e+07
3.152515750000000000e+06
7.730352000000000000e+07
2.850756500000000000e+06
2.200714218750000000e+05
7.261564000000000000e+07
6.503597000000000000e+06
1.106304125000000000e+06
3.101062080000000000e+08
7.150128800000000000e+07
2.849805250000000000e+06
1.006545216000000000e+09
5.142359200000000000e+07
1.157588600000000000e+07
1.445206240000000000e+08
6.576407500000000000e+06
7.170283125000000000e+05
1.609026800000000000e+07
4.935055360000000000e+09
6.714196800000000000e+07
1.322282600000000000e+07
1.870628320000000000e+08
1.473535400000000000e+07
5.729654400000000000e+08
3.349836800000000000e+07
3.588617200000000000e+07
1.228834100000000000e+07
1.239978375000000000e+06
1.925720960000000000e+08
1.112890320000000000e+08
1.372229100000000000e+07
9.468914400000000000e+07
1.010007700000000000e+07
6.443441500000000000e+06
3.654271680000000000e+08
2.529058560000000000e+08
2.255568400000000000e+07
2.879408640000000000e+08
3.803936400000000000e+07
1.833036400000000000e+07
9.294136320000000000e+08
1.536021440000000000e+08
1.050665120000000000e+08
1.246534960000000000e+08
1.875752704000000000e+09
3.752099200000000000e+08
2.578635040000000000e+08
4.426023040000000000e+08
7.748659840000000000e+08
1.867267584000000000e+09
6.002936000000000000e+06
4.459387000000000000e+06
1.070707360000000000e+08
1.161107625000000000e+06
4.682377500000000000e+06
4.685941600000000000e+07
1.525839750000000000e+06
1.601152700000000000e+07
9.862106250000000000e+05
7.700194000000000000e+06
2.494929600000000000e+07
2.727620480000000000e+08
2.426270000000000000e+06
8.146926400000000000e+07
1.766706500000000000e+06
5.513464000000000000e+07
8.134892800000000000e+07
2.408902250000000000e+06
2.327602400000000000e+07
7.959465000000000000e+06
8.838114560000000000e+08
1.201146800000000000e+07
1.445763200000000000e+08
4.414015600000000000e+07
5.526446000000000000e+07
5.706097920000000000e+08
2.485327520000000000e+08
1.515900400000000000e+07
3.761383600000000000e+07
3.738362240000000000e+08
1.167758600000000000e+07
8.333203000000000000e+06
2.898221500000000000e+06
3.661418250000000000e+06
1.405940250000000000e+06
9.987058125000000000e+05
2.352368400000000000e+07
8.971601000000000000e+06
5.803737000000000000e+06
1.776792125000000000e+06
1.409131200000000000e+07
4.025420400000000000e+07
2.850756500000000000e+06
7.164581000000000000e+06
1.189852800000000000e+07
1.049202700000000000e+07
1.103989625000000000e+06
7.112465600000000000e+07
5.072648000000000000e+07
3.709859500000000000e+06
1.380561600000000000e+07
7.991332000000000000e+07
1.112890320000000000e+08
1.397081375000000000e+06
1.645293400000000000e+07
2.667362400000000000e+07
5.327795000000000000e+06
3.179775200000000000e+07
8.948667000000000000e+06
2.133515750000000000e+06
4.138809500000000000e+06
4.402006500000000000e+06
4.000102000000000000e+07
1.755576400000000000e+07
2.078517200000000000e+07
4.344879500000000000e+06
3.353864400000000000e+07
7.280800000000000000e+07
1.040077680000000000e+08
8.180446000000000000e+06
2.567157750000000000e+06
1.644375040000000000e+08
8.442746000000000000e+06
6.105376000000000000e+06
7.730352000000000000e+07
3.544522800000000000e+07
8.107255625000000000e+05
6.698478720000000000e+08
1.332682160000000000e+08
3.510954000000000000e+07
1.580532800000000000e+08
7.607325600000000000e+07
3.935387500000000000e+06
2.529845120000000000e+08
1.298963120000000000e+08
4.764772500000000000e+06
5.697068800000000000e+07
1.687872384000000000e+09
5.026727360000000000e+08
6.028010000000000000e+07
1.009815600000000000e+08
1.746393280000000000e+08
1.126769792000000000e+09
2.524773760000000000e+08
4.025420400000000000e+07
1.260786160000000000e+08
3.019835750000000000e+06
7.612013600000000000e+07
8.911915200000000000e+07
2.453213250000000000e+06
3.179775200000000000e+07
8.963070625000000000e+05
3.927143437500000000e+05
9.690028800000000000e+08
9.480773760000000000e+08
2.405229200000000000e+07
1.072349120000000000e+09
9.050059000000000000e+06
1.776490800000000000e+07
4.393037440000000000e+08
7.859012000000000000e+06
7.029343500000000000e+06
2.098046250000000000e+06
4.231615488000000000e+09
9.921273600000000000e+07
1.945397920000000000e+08
1.928176000000000000e+08
9.620980800000000000e+07
3.058248704000000000e+09
1.094280500000000000e+07
2.020586800000000000e+07
1.063403875000000000e+06
6.351806800000000000e+07
1.746285375000000000e+06
7.834922000000000000e+06
1.354668480000000000e+08
3.944480250000000000e+06
1.205477700000000000e+07
3.800209200000000000e+07
8.547453600000000000e+07
7.261564000000000000e+07
2.962079200000000000e+07
3.628990750000000000e+06
5.826712000000000000e+07
1.099324960000000000e+08
1.220409680000000000e+08
3.349836800000000000e+07
4.510250625000000000e+05
9.277377600000000000e+07
1.242882900000000000e+07
3.123188125000000000e+05
4.831582400000000000e+07
1.316778400000000000e+07
4.960378125000000000e+05
3.092585920000000000e+08
2.522583840000000000e+08
7.100004000000000000e+06
1.558158400000000000e+08
3.946876400000000000e+07
2.612500750000000000e+06
1.350185280000000000e+08
2.598738800000000000e+07
1.700119125000000000e+06
1.589538100000000000e+07
4.322314880000000000e+08
9.709024000000000000e+07
3.051358800000000000e+07
4.487898400000000000e+07
4.580780400000000000e+07
1.480658400000000000e+08
1.074460800000000000e+07
2.861376250000000000e+06
3.568073600000000000e+07
1.407669900000000000e+07
8.112611200000000000e+07
9.322212000000000000e+06
2.873536800000000000e+07
8.199164000000000000e+07
1.228834100000000000e+07
5.475095000000000000e+06
4.827507500000000000e+06
2.396176400000000000e+07
3.162875000000000000e+06
3.179775200000000000e+07
2.006581120000000000e+08
6.825326000000000000e+06
6.696164000000000000e+07
6.735758400000000000e+07
3.065259200000000000e+07
1.400693920000000000e+08
1.439637920000000000e+08
5.909749200000000000e+07
1.533776160000000000e+08
3.661418250000000000e+06
1.332467800000000000e+07
1.094280500000000000e+07
4.367769600000000000e+07
1.154578800000000000e+07
8.725230000000000000e+06
2.419912800000000000e+07
1.168886880000000000e+08
7.720994400000000000e+07
2.017559600000000000e+07
3.078688800000000000e+07
2.525731200000000000e+07
4.363331200000000000e+07
2.082760800000000000e+08
7.497946400000000000e+07
3.277216000000000000e+07
1.310962720000000000e+08
4.504518400000000000e+07
2.271980000000000000e+07
9.869106400000000000e+07
4.432029120000000000e+08
6.660180400000000000e+07
4.719029200000000000e+07
1.108989280000000000e+08
9.401626400000000000e+07
1.546581280000000000e+08
5.316860000000000000e+07
6.987214400000000000e+07
5.652638500000000000e+06
1.307200125000000000e+06
2.058366240000000000e+08
3.726983600000000000e+07
1.648063700000000000e+07
8.170456000000000000e+07
7.018565500000000000e+06
1.525839750000000000e+06
6.951712000000000000e+08
1.575897120000000000e+08
2.234411200000000000e+07
2.895087360000000000e+08
3.959884000000000000e+07
2.599936500000000000e+06
5.617011840000000000e+08
1.259858320000000000e+08
1.888300400000000000e+07
4.627402000000000000e+07
1.261842944000000000e+09
4.192752640000000000e+08
8.104120800000000000e+07
1.648482720000000000e+08
3.444420160000000000e+08
8.457985920000000000e+08
7.730352000000000000e+07
7.261564000000000000e+07
3.038077200000000000e+07
2.850756500000000000e+06
1.427627125000000000e+06
5.485438000000000000e+06
1.445206240000000000e+08
6.447134400000000000e+07
8.180934400000000000e+07
5.667569000000000000e+06
2.628827040000000000e+08
9.407790000000000000e+06
2.842292000000000000e+07
6.825326000000000000e+06
2.021660250000000000e+06
1.813628640000000000e+08
6.337128400000000000e+07
8.049656500000000000e+06
1.112890320000000000e+08
3.377604000000000000e+07
3.785246000000000000e+06
1.110483760000000000e+08
5.938664800000000000e+07
8.019551500000000000e+06
1.496715200000000000e+08
2.808604400000000000e+07
6.571417500000000000e+06
1.147436288000000000e+09
1.591383520000000000e+08
5.532625600000000000e+07
1.234310320000000000e+08
5.974353280000000000e+08
1.055958880000000000e+08
5.303369200000000000e+07
1.776566400000000000e+08
1.299147264000000000e+09
6.191702400000000000e+08
2.485327520000000000e+08
1.327584400000000000e+07
7.502677000000000000e+06
3.665166000000000000e+07
1.895813600000000000e+07
2.799387750000000000e+06
1.912328000000000000e+08
1.308996320000000000e+08
1.080989400000000000e+07
2.483819200000000000e+07
1.655784160000000000e+08
1.074460800000000000e+07
1.112890320000000000e+08
2.966664400000000000e+07
5.267808500000000000e+06
3.993142750000000000e+06
5.095908500000000000e+06
4.736450800000000000e+07
2.028696000000000000e+07
1.716837120000000000e+08
8.536125000000000000e+06
8.643756800000000000e+07
7.556064000000000000e+06
3.349836800000000000e+07
6.262792500000000000e+06
4.891669600000000000e+07
7.214276500000000000e+06
4.405268400000000000e+07
1.312543920000000000e+08
2.735950800000000000e+07
4.765011600000000000e+07
9.092766400000000000e+07
2.596783040000000000e+08
7.298801000000000000e+06
1.260786160000000000e+08
9.197365000000000000e+06
9.892526000000000000e+06
1.701287000000000000e+06
1.635659500000000000e+07
1.071747360000000000e+08
1.157016900000000000e+07
1.090861440000000000e+08
6.967567000000000000e+06
1.048693040000000000e+08
1.112890320000000000e+08
8.725230000000000000e+06
1.260786160000000000e+08
6.814548750000000000e+05
7.730352000000000000e+07
2.485327520000000000e+08
6.723835500000000000e+06
1.189852800000000000e+07
3.899214062500000000e+05
3.406690250000000000e+06
1.776566400000000000e+08
1.074246784000000000e+09
6.019325500000000000e+06
1.355115360000000000e+08
1.219618625000000000e+06
1.269056000000000000e+07
3.626615360000000000e+08
6.992703000000000000e+06
3.417790000000000000e+07
2.182278500000000000e+06
1.254451840000000000e+09
1.611311600000000000e+07
4.739442000000000000e+07
1.079440000000000000e+07
3.704940800000000000e+07
4.172885200000000000e+07
7.612013600000000000e+07
3.616335600000000000e+07
2.775632500000000000e+06
2.850756500000000000e+06
2.527738125000000000e+05
7.091500781250000000e+04
1.128468320000000000e+08
2.963721250000000000e+06
2.485843250000000000e+06
9.676592968750000000e+04
3.138602750000000000e+06
6.416832800000000000e+07
6.635861500000000000e+06
1.002798400000000000e+08
8.434973750000000000e+05
1.162092700000000000e+07
9.729824000000000000e+07
2.533120000000000000e+06
5.499201600000000000e+07
3.583214062500000000e+05
2.237923250000000000e+06
7.434276800000000000e+07
3.796168320000000000e+08
1.550124200000000000e+07
1.434958400000000000e+08
2.557544750000000000e+06
9.711000000000000000e+06
1.139653360000000000e+08
2.350402000000000000e+06
5.773749500000000000e+06
2.391198000000000000e+06
4.570432320000000000e+08
3.138009600000000000e+07
3.712828800000000000e+07
1.734256400000000000e+07
7.114184000000000000e+06
7.071721600000000000e+07
8.997809600000000000e+07
3.377118250000000000e+06
1.228834100000000000e+07
2.419271750000000000e+06
9.102653000000000000e+06
6.351806800000000000e+07
1.864383200000000000e+07
8.725230000000000000e+06
2.147155000000000000e+06
5.117927500000000000e+06
8.034216000000000000e+07
5.333611840000000000e+08
8.120429600000000000e+07
6.102511200000000000e+07
2.761843750000000000e+06
1.095487500000000000e+07
8.012532000000000000e+07
2.093720800000000000e+07
1.261454880000000000e+08
9.590526000000000000e+06
1.203473536000000000e+09
6.983364800000000000e+07
6.628867200000000000e+08
4.256503200000000000e+07
1.745633920000000000e+08
1.018062400000000000e+09
1.189852800000000000e+07
1.260786160000000000e+08
1.327584400000000000e+07
9.799174000000000000e+06
8.725230000000000000e+06
3.661418250000000000e+06
1.283904625000000000e+06
1.094280500000000000e+07
4.038306250000000000e+06
2.175433750000000000e+06
1.355115360000000000e+08
3.198510000000000000e+07
9.314374000000000000e+06
2.127058400000000000e+08
9.727875200000000000e+07
1.005841700000000000e+07
2.525731200000000000e+07
7.804153500000000000e+06
2.922644000000000000e+06
8.911943000000000000e+06
4.490717760000000000e+08
1.322553360000000000e+08
2.601893600000000000e+07
1.936638400000000000e+08
2.327580400000000000e+07
4.316086720000000000e+08
3.661418250000000000e+06
2.104069200000000000e+07
3.107976800000000000e+07
2.415638250000000000e+06
9.591714000000000000e+06
5.751780800000000000e+07
1.091146625000000000e+06
5.771782400000000000e+07
2.562326800000000000e+07
3.939236000000000000e+07
1.722267600000000000e+07
4.538964800000000000e+07
4.479403000000000000e+06
5.070113600000000000e+07
2.263519600000000000e+07
4.304214000000000000e+07
7.698201600000000000e+07
1.784985600000000000e+07
7.017880800000000000e+07
1.455299840000000000e+08
1.296596720000000000e+08
1.534366400000000000e+07
9.957729600000000000e+07
8.463565600000000000e+07
1.717524960000000000e+08
1.541383520000000000e+08
2.850756500000000000e+06
4.025420400000000000e+07
2.148867500000000000e+06
1.189852800000000000e+07
4.946112187500000000e+05
8.086729000000000000e+06
7.112465600000000000e+07
1.239585875000000000e+06
2.151748800000000000e+07
5.481673000000000000e+06
3.239047200000000000e+07
7.261564000000000000e+07
3.179775200000000000e+07
3.169642000000000000e+06
1.112890320000000000e+08
1.761335200000000000e+07
2.877716500000000000e+06
7.467749760000000000e+08
4.696490800000000000e+07
3.282314400000000000e+07
1.027266560000000000e+08
5.976347520000000000e+08
6.290391200000000000e+07
9.718411000000000000e+06
5.117454000000000000e+06
1.469437375000000000e+06
1.999374800000000000e+07
9.027612000000000000e+06
7.589682500000000000e+06
3.415320750000000000e+06
2.083679750000000000e+06
1.618397250000000000e+06
1.209854960000000000e+08
5.584267200000000000e+07
3.670805200000000000e+07
1.231537000000000000e+07
5.688064000000000000e+06
2.450804750000000000e+06
1.252652400000000000e+07
1.523143200000000000e+07
6.479953500000000000e+06
2.840037750000000000e+06
1.042091280000000000e+08
9.329031200000000000e+07
3.769966800000000000e+07
7.737228000000000000e+06
9.232447000000000000e+06
7.868953600000000000e+07
4.055406000000000000e+07
5.821468400000000000e+07
6.070755000000000000e+06
5.744172000000000000e+07
1.641981125000000000e+06
7.562790000000000000e+06
2.254515520000000000e+08
1.239518900000000000e+07
3.092147600000000000e+07
2.209255600000000000e+07
9.991136800000000000e+07
4.469037600000000000e+07
3.377118250000000000e+06
3.130032500000000000e+06
1.189852800000000000e+07
1.528057900000000000e+07
1.460901250000000000e+06
6.842744800000000000e+07
4.455572800000000000e+07
3.334760500000000000e+06
1.208482000000000000e+07
6.868622400000000000e+07
7.730352000000000000e+07
2.850756500000000000e+06
8.338172000000000000e+06
1.420806125000000000e+06
7.261564000000000000e+07
1.062539200000000000e+08
1.644907500000000000e+07
3.212584800000000000e+07
3.526232500000000000e+06
3.067812750000000000e+06
1.445206240000000000e+08
1.641780160000000000e+08
6.755676000000000000e+07
6.430873600000000000e+07
2.618135000000000000e+06
6.113831000000000000e+06
6.870761600000000000e+08
4.991528000000000000e+07
6.965791200000000000e+07
2.957890000000000000e+07
2.803924224000000000e+09
1.211695600000000000e+08
1.864814400000000000e+08
3.376290000000000000e+07
4.441888320000000000e+08
1.143069568000000000e+09
7.730352000000000000e+07
1.533637800000000000e+07
4.485598750000000000e+05
2.696936800000000000e+07
1.068408400000000000e+08
2.244578400000000000e+08
1.445729200000000000e+07
3.281901750000000000e+06
1.112890320000000000e+08
1.094280500000000000e+07
1.169889500000000000e+06
3.665166000000000000e+07
6.573285500000000000e+06
5.032523437500000000e+05
1.061304256000000000e+09
2.004725760000000000e+08
6.088966000000000000e+07
2.189615520000000000e+08
8.484722400000000000e+07
2.854140250000000000e+06
1.438866400000000000e+08
2.899445600000000000e+07
2.862023000000000000e+06
4.450966000000000000e+06
1.160908672000000000e+09
3.261709120000000000e+08
5.593190000000000000e+07
3.932344000000000000e+07
2.741602800000000000e+07
3.010529280000000000e+08
1.569102700000000000e+07
1.112890320000000000e+08
2.485327520000000000e+08
1.768788800000000000e+07
7.296448500000000000e+06
1.010337200000000000e+07
8.320753750000000000e+05
1.260786160000000000e+08
2.304670750000000000e+06
5.905734000000000000e+06
6.065157200000000000e+07
2.851954240000000000e+08
1.245431500000000000e+07
1.074246784000000000e+09
8.588063200000000000e+07
9.988374400000000000e+07
1.046768640000000000e+08
5.473581000000000000e+06
6.925638500000000000e+06
7.508765600000000000e+07
5.722533760000000000e+08
8.273012800000000000e+07
1.965238560000000000e+08
5.402816640000000000e+08
6.934585600000000000e+07
5.825092480000000000e+08
1.290243600000000000e+07
8.860469000000000000e+06
2.570685750000000000e+06
4.409301250000000000e+05
2.524773760000000000e+08
4.469037600000000000e+07
1.573677750000000000e+06
3.332731600000000000e+07
2.406369750000000000e+06
3.507409687500000000e+05
2.003410880000000000e+08
5.628204800000000000e+07
4.586818500000000000e+06
4.872190000000000000e+07
6.201054500000000000e+06
1.035977375000000000e+06
4.207059840000000000e+08
3.869887600000000000e+07
2.237818800000000000e+07
9.096474000000000000e+06
1.400862976000000000e+09
1.350326880000000000e+08
1.619331500000000000e+07
3.416486000000000000e+07
1.387626880000000000e+08
4.047356480000000000e+08
7.730352000000000000e+07
1.189852800000000000e+07
1.152255250000000000e+06
2.485327520000000000e+08
1.502093800000000000e+07
1.976383200000000000e+07
3.626615360000000000e+08
3.137207600000000000e+07
2.599849600000000000e+07
2.437559200000000000e+08
5.773216640000000000e+08
1.260786160000000000e+08
6.030075500000000000e+06
7.456021875000000000e+05
9.978790000000000000e+06
5.436336400000000000e+07
7.160707500000000000e+06
2.999048250000000000e+06
3.060778400000000000e+07
7.730352000000000000e+07
1.964952400000000000e+07
1.391849625000000000e+06
3.259393600000000000e+07
1.202533700000000000e+07
9.468914400000000000e+07
2.456109000000000000e+06
6.825326000000000000e+06
6.744271250000000000e+05
8.111161250000000000e+05
8.182464000000000000e+07
4.674378000000000000e+06
2.717508800000000000e+07
1.969447625000000000e+06
3.653273200000000000e+07
5.268113600000000000e+07
1.375837800000000000e+07
3.071041200000000000e+07
1.270173250000000000e+06
1.327584400000000000e+07
9.731401600000000000e+07
3.676414500000000000e+06
1.255261800000000000e+07
2.776199375000000000e+05
2.216217656250000000e+05
5.323770800000000000e+07
2.698404800000000000e+08
8.496216000000000000e+06
3.613218800000000000e+07
1.170652875000000000e+06
1.587992250000000000e+06
1.267813120000000000e+08
1.846978125000000000e+06
3.426827750000000000e+06
2.747135937500000000e+05
2.303960000000000000e+08
9.197855000000000000e+06
1.205661700000000000e+07
1.581326250000000000e+06
3.873273750000000000e+06
1.413694300000000000e+07
6.825326000000000000e+06
2.842292000000000000e+07
9.061494000000000000e+06
9.862106250000000000e+05
1.112890320000000000e+08
6.351806800000000000e+07
1.746285375000000000e+06
1.913291040000000000e+08
1.816456000000000000e+07
7.834922000000000000e+06
1.496715200000000000e+08
5.978590800000000000e+07
2.616669750000000000e+06
1.168960480000000000e+08
1.151734800000000000e+07
5.199817000000000000e+06
1.209733376000000000e+09
4.163035600000000000e+07
3.800209200000000000e+07
1.317902240000000000e+08
6.397380480000000000e+08
7.224208800000000000e+07
3.826246800000000000e+07
8.454159200000000000e+07
7.187721600000000000e+08
4.495396480000000000e+08
4.025336000000000000e+07
3.377118250000000000e+06
1.228834100000000000e+07
2.367447250000000000e+06
9.441370000000000000e+06
1.068408400000000000e+08
1.464521400000000000e+07
8.725230000000000000e+06
1.393204250000000000e+06
4.124592750000000000e+06
6.139134000000000000e+07
3.476816000000000000e+08
7.316492800000000000e+07
6.102511200000000000e+07
6.315116000000000000e+06
1.405070700000000000e+07
1.447739040000000000e+08
1.519405800000000000e+07
1.623956480000000000e+08
1.214103100000000000e+07
1.018684032000000000e+09
7.471507200000000000e+07
5.339892480000000000e+08
9.197440000000000000e+07
2.033260640000000000e+08
9.717921920000000000e+08
2.244578400000000000e+08
1.068408400000000000e+08
2.196684000000000000e+06
1.112890320000000000e+08
1.720786500000000000e+06
4.341798437500000000e+05
1.061304256000000000e+09
1.040785500000000000e+07
8.371085500000000000e+06
4.140333250000000000e+06
8.473031200000000000e+07
3.823518400000000000e+07
8.328475500000000000e+06
2.794167750000000000e+06
2.850756500000000000e+06
1.386188000000000000e+06
3.267500312500000000e+05
7.150128800000000000e+07
1.121827800000000000e+07
2.209835250000000000e+06
7.779878125000000000e+05
1.478557800000000000e+07
2.244578400000000000e+08
5.993223000000000000e+06
8.170317500000000000e+06
6.546052400000000000e+07
3.179775200000000000e+07
6.357406800000000000e+07
1.320772500000000000e+06
5.646063600000000000e+07
1.172947125000000000e+06
1.158739500000000000e+07
6.251998720000000000e+08
1.111398500000000000e+07
5.762048000000000000e+07
4.190752000000000000e+07
3.487948160000000000e+08
3.377118250000000000e+06
8.777693000000000000e+06
1.546963500000000000e+06
3.424661200000000000e+07
3.126083250000000000e+06
1.877626400000000000e+07
4.177026400000000000e+07
7.135139000000000000e+06
1.591895500000000000e+07
7.079320000000000000e+07
7.766604000000000000e+07
3.665166000000000000e+07
2.922317750000000000e+06
1.703381200000000000e+07
1.631674000000000000e+07
1.060666320000000000e+08
3.186234800000000000e+07
1.775105600000000000e+07
9.468914400000000000e+07
1.624355100000000000e+07
5.230613500000000000e+06
3.000646080000000000e+08
8.946453600000000000e+07
2.447331600000000000e+07
1.258266080000000000e+08
2.173467040000000000e+08
7.730352000000000000e+07
3.661418250000000000e+06
8.725230000000000000e+06
1.138744125000000000e+06
3.665166000000000000e+07
1.112890320000000000e+08
2.488618000000000000e+07
1.094280500000000000e+07
4.373751500000000000e+06
4.827507500000000000e+06
8.684740000000000000e+07
1.776566400000000000e+08
3.254175600000000000e+07
2.525731200000000000e+07
3.857474750000000000e+06
7.753774000000000000e+06
1.438866400000000000e+08
3.849114000000000000e+07
1.182710320000000000e+08
1.992305600000000000e+07
5.281023680000000000e+08
6.472466400000000000e+07
1.500751520000000000e+08
3.740835600000000000e+07
2.326933600000000000e+08
5.859971840000000000e+08
9.441370000000000000e+06
1.068408400000000000e+08
1.657780200000000000e+07
8.725230000000000000e+06
1.895602125000000000e+06
3.319941500000000000e+06
1.447739040000000000e+08
2.498672800000000000e+07
1.915211680000000000e+08
1.241210300000000000e+07
3.343850560000000000e+08
1.260786160000000000e+08
8.999678125000000000e+05
5.755859500000000000e+06
5.398899600000000000e+07
4.469037600000000000e+07
6.062666500000000000e+06
9.009018000000000000e+06
4.547307500000000000e+05
1.150969040000000000e+08
1.125270160000000000e+08
1.915298250000000000e+06
2.962175200000000000e+07
2.669951250000000000e+05
1.907902250000000000e+06
2.738604480000000000e+08
4.430058000000000000e+07
2.566792400000000000e+07
6.026067200000000000e+07
9.905720625000000000e+05
3.235809250000000000e+06
5.233074880000000000e+08
2.233610000000000000e+07
2.936546000000000000e+07
8.226871500000000000e+06
4.071886400000000000e+08
1.752161920000000000e+08
2.649570000000000000e+07
2.917486400000000000e+07
2.782436800000000000e+08
3.498181760000000000e+08
2.850756500000000000e+06
8.328475500000000000e+06
1.546963500000000000e+06
3.823518400000000000e+07
5.237372500000000000e+06
1.624355100000000000e+07
7.150128800000000000e+07
5.292361500000000000e+06
1.492669100000000000e+07
1.396817440000000000e+08
1.468093760000000000e+08
1.094280500000000000e+07
3.533021200000000000e+07
3.661418250000000000e+06
4.965996875000000000e+05
1.030764080000000000e+08
8.725230000000000000e+06
1.148596250000000000e+06
7.605554400000000000e+07
7.431111000000000000e+06
4.606432812500000000e+05
1.301023760000000000e+08
2.525731200000000000e+07
2.830536000000000000e+06
8.403229600000000000e+07
4.913622500000000000e+06
5.284748750000000000e+05
1.791668640000000000e+08
3.158979600000000000e+07
2.994452750000000000e+06
2.745161200000000000e+07
4.861118400000000000e+08
2.615486800000000000e+07
5.750636500000000000e+06
9.577730000000000000e+06
1.059812880000000000e+08
1.148140640000000000e+08
3.415320750000000000e+06
1.327584400000000000e+07
1.647089500000000000e+07
3.334185000000000000e+06
1.686470800000000000e+07
4.736316500000000000e+06
3.159827250000000000e+06
9.385088800000000000e+07
2.890842400000000000e+07
5.033946500000000000e+06
3.372917200000000000e+07
9.654487000000000000e+06
3.624684750000000000e+06
1.206419120000000000e+08
1.518962500000000000e+07
6.045853500000000000e+06
6.087595600000000000e+07
3.768162400000000000e+07
5.526252000000000000e+06
1.410942080000000000e+08
1.439981120000000000e+08
3.952768000000000000e+07
5.702598500000000000e+06
1.032635520000000000e+08
1.478648800000000000e+08
1.998659200000000000e+08
8.725230000000000000e+06
7.730352000000000000e+07
3.994072812500000000e+05
1.112890320000000000e+08
1.507797125000000000e+06
2.508189200000000000e+07
1.776566400000000000e+08
3.488156500000000000e+06
4.801102000000000000e+07
7.996409600000000000e+07
1.356429120000000000e+08
1.260786160000000000e+08
1.178967120000000000e+08
1.978798875000000000e+06
3.557656000000000000e+07
1.316951718750000000e+05
3.562433250000000000e+06
3.215424640000000000e+08
1.118371100000000000e+07
1.513701600000000000e+07
4.086859500000000000e+06
4.433210400000000000e+07
2.485327520000000000e+08
8.322307500000000000e+06
2.574076000000000000e+06
4.370869600000000000e+07
3.561648000000000000e+07
7.981319500000000000e+06
4.103359750000000000e+06
1.070120800000000000e+07
1.474100300000000000e+07
1.138744125000000000e+06
1.252113360000000000e+08
4.920143600000000000e+07
8.055125500000000000e+06
1.109485900000000000e+07
1.592704320000000000e+08
5.639940000000000000e+07
1.310975200000000000e+08
1.612775200000000000e+07
4.025420400000000000e+07
1.986002000000000000e+06
5.668353000000000000e+06
3.479237440000000000e+08
1.973584000000000000e+07
5.756555200000000000e+07
1.018026400000000000e+07
1.111350400000000000e+08
7.874413500000000000e+06
5.339084800000000000e+07
3.926716000000000000e+06
2.850756500000000000e+06
5.504118125000000000e+05
1.489670875000000000e+06
5.149858000000000000e+07
4.430151500000000000e+06
2.923619200000000000e+07
1.184834125000000000e+06
2.058094400000000000e+07
1.260786160000000000e+08
3.774701750000000000e+06
1.375701300000000000e+07
1.166853120000000000e+08
1.112890320000000000e+08
5.230613500000000000e+06
3.568073600000000000e+07
9.308271200000000000e+07
5.612446400000000000e+07
2.551461200000000000e+07
1.062510800000000000e+08
2.847886400000000000e+07
1.999598000000000000e+06
4.025420400000000000e+07
5.237372500000000000e+06
1.010337200000000000e+07
2.075092750000000000e+06
1.922948800000000000e+07
3.091275200000000000e+07
2.325372000000000000e+08
5.828734800000000000e+07
1.311510480000000000e+08
2.871991600000000000e+07
1.069821440000000000e+08
3.192549200000000000e+07
4.159353500000000000e+06
1.034952320000000000e+08
1.428831400000000000e+07
5.208896000000000000e+08
6.326898400000000000e+07
2.448196640000000000e+08
1.998666560000000000e+08
7.102989600000000000e+07
6.583858560000000000e+08
2.842292000000000000e+07
1.475810700000000000e+07
1.841381750000000000e+06
2.570124000000000000e+07
1.327584400000000000e+07
1.260786160000000000e+08
2.537847200000000000e+07
1.094280500000000000e+07
7.541521000000000000e+06
3.645832250000000000e+06
2.127058400000000000e+08
2.645348400000000000e+07
1.630359200000000000e+08
2.099868000000000000e+07
2.457075520000000000e+08
1.189852800000000000e+07
7.178014375000000000e+05
6.306052500000000000e+06
9.895584000000000000e+06
2.842292000000000000e+07
4.682377500000000000e+06
6.825326000000000000e+06
1.618397250000000000e+06
3.349836800000000000e+07
1.112890320000000000e+08
3.511811200000000000e+07
1.228834100000000000e+07
2.070190750000000000e+06
2.479500250000000000e+06
7.463844000000000000e+07
1.496715200000000000e+08
2.399643200000000000e+07
3.851096400000000000e+07
3.050323250000000000e+06
3.313321500000000000e+06
2.529058560000000000e+08
2.712842400000000000e+07
7.902448800000000000e+07
5.513802000000000000e+06
1.168091776000000000e+09
5.558805600000000000e+07
9.021524800000000000e+07
2.041334400000000000e+07
1.787207520000000000e+08
7.697969920000000000e+08
3.821134400000000000e+07
2.762009600000000000e+07
3.552702750000000000e+06
1.050881680000000000e+08
5.751780800000000000e+07
1.232194900000000000e+07
1.110521875000000000e+06
1.300829400000000000e+07
7.164312800000000000e+07
2.485327520000000000e+08
4.025420400000000000e+07
2.168490500000000000e+06
7.899887200000000000e+07
3.191216000000000000e+07
7.926395625000000000e+05
7.261564000000000000e+07
5.472151000000000000e+06
2.623640937500000000e+05
6.467718400000000000e+08
4.801013120000000000e+08
1.318560200000000000e+07
1.138821760000000000e+09
3.829444800000000000e+07
9.246633000000000000e+06
3.608723520000000000e+08
2.270342400000000000e+07
2.280013250000000000e+06
8.165589500000000000e+06
3.225617152000000000e+09
2.643272000000000000e+08
7.508880000000000000e+07
2.573058720000000000e+08
1.254376960000000000e+08
1.137182976000000000e+09
3.616335600000000000e+07
7.612013600000000000e+07
2.524773760000000000e+08
1.926138800000000000e+07
2.850756500000000000e+06
1.189852800000000000e+07
4.340763125000000000e+05
4.025420400000000000e+07
1.345172875000000000e+06
5.322345500000000000e+06
1.128468320000000000e+08
2.562719360000000000e+08
1.218092700000000000e+07
9.690028800000000000e+08
1.951930800000000000e+07
6.481991600000000000e+07
7.112465600000000000e+07
5.856344375000000000e+05
1.413595625000000000e+06
1.020388200000000000e+07
4.222834944000000000e+09
1.931112000000000000e+07
3.556800800000000000e+07
2.537204800000000000e+08
4.520804000000000000e+06
3.123888000000000000e+08
1.094280500000000000e+07
1.655653600000000000e+07
3.310927250000000000e+06
9.468914400000000000e+07
5.274756000000000000e+06
2.678931600000000000e+07
1.867779680000000000e+08
9.622040000000000000e+06
1.586373000000000000e+07
2.354807360000000000e+08
2.229486720000000000e+08
3.179775200000000000e+07
5.391671500000000000e+06
5.378078500000000000e+06
3.172941200000000000e+07
2.842292000000000000e+07
1.686470800000000000e+07
3.162875000000000000e+06
2.025607000000000000e+06
2.485327520000000000e+08
7.261564000000000000e+07
1.629835900000000000e+07
4.025420400000000000e+07
1.734395600000000000e+07
3.626154250000000000e+06
2.454611680000000000e+08
5.594352800000000000e+07
1.609649800000000000e+07
7.410804000000000000e+07
1.427611100000000000e+07
5.461312000000000000e+06
1.138821760000000000e+09
1.361961440000000000e+08
4.109859600000000000e+07
5.629944400000000000e+07
1.988685824000000000e+09
1.217686960000000000e+08
6.538564800000000000e+07
7.521665600000000000e+07
6.466115200000000000e+08
7.000664960000000000e+08
2.833452800000000000e+07
2.850756500000000000e+06
4.025420400000000000e+07
2.368497500000000000e+06
7.218040000000000000e+06
1.027505680000000000e+08
9.555390625000000000e+05
1.189852800000000000e+07
4.560818750000000000e+05
5.268928500000000000e+06
5.408608400000000000e+07
8.353916160000000000e+08
1.261242500000000000e+07
7.112465600000000000e+07
1.386854375000000000e+06
1.530303800000000000e+07
1.440830080000000000e+08
3.307433750000000000e+06
2.289009200000000000e+07
5.177644000000000000e+06
2.153364480000000000e+09
2.219578400000000000e+07
1.983389120000000000e+08
2.015671200000000000e+07
5.833238800000000000e+07
4.893575680000000000e+08
5.267808500000000000e+06
1.260786160000000000e+08
3.179775200000000000e+07
5.462473000000000000e+06
1.581883100000000000e+07
3.525109500000000000e+06
2.424086750000000000e+06
4.025420400000000000e+07
1.528223900000000000e+07
5.423847500000000000e+06
6.245166400000000000e+07
2.034120800000000000e+07
5.274358500000000000e+06
1.072349120000000000e+09
1.273688400000000000e+08
3.178865200000000000e+07
3.226936400000000000e+07
1.582821700000000000e+07
3.517228000000000000e+06
4.007134800000000000e+07
4.818746240000000000e+08
6.272133600000000000e+07
2.029822800000000000e+07
1.074351360000000000e+09
3.205203600000000000e+07
4.813409600000000000e+08
2.244578400000000000e+08
9.441370000000000000e+06
2.634894750000000000e+06
7.730352000000000000e+07
3.371470750000000000e+06
1.429546562500000000e+05
3.476365120000000000e+08
3.735516400000000000e+07
2.351487250000000000e+06
3.793131250000000000e+06
6.846230400000000000e+07
9.622871200000000000e+07
4.782922800000000000e+07
1.415942100000000000e+07
2.062255625000000000e+05
2.485327520000000000e+08
1.327584400000000000e+07
2.937823250000000000e+06
3.665166000000000000e+07
1.478626625000000000e+06
2.849772812500000000e+05
4.112928000000000000e+08
1.241211120000000000e+08
2.415926250000000000e+06
1.015872000000000000e+08
1.096537625000000000e+06
2.380366406250000000e+05
1.912328000000000000e+08
1.276043900000000000e+07
1.411749875000000000e+06
1.199134375000000000e+06
7.729057280000000000e+08
1.038534900000000000e+07
2.387472500000000000e+06
1.112682250000000000e+06
8.137339000000000000e+06
9.210320000000000000e+06
6.945003200000000000e+07
3.195766000000000000e+07
1.713358500000000000e+06
5.622411200000000000e+07
2.119565200000000000e+07
2.148867500000000000e+06
1.350360160000000000e+08
3.086767600000000000e+07
1.349630700000000000e+07
2.819812400000000000e+07
6.443974800000000000e+07
1.327584400000000000e+07
2.524773760000000000e+08
1.010337200000000000e+07
7.756872500000000000e+06
2.872550400000000000e+07
3.052255250000000000e+06
1.466448500000000000e+06
1.089183000000000000e+07
1.124868200000000000e+07
1.098241375000000000e+06
1.754633280000000000e+08
1.321538900000000000e+07
5.073094500000000000e+06
2.406047200000000000e+08
1.076500480000000000e+08
7.844095500000000000e+06
2.611364800000000000e+07
7.782184000000000000e+06
8.680141875000000000e+05
2.333069600000000000e+07
5.869872640000000000e+08
3.947049600000000000e+07
2.974268250000000000e+06
3.120559040000000000e+08
8.459332000000000000e+06
7.427658400000000000e+07
3.179775200000000000e+07
4.025420400000000000e+07
1.001971500000000000e+06
1.260786160000000000e+08
3.549833750000000000e+05
5.766964000000000000e+06
1.072349120000000000e+09
6.045166875000000000e+05
1.000982500000000000e+07
1.108925200000000000e+07
3.108788800000000000e+07
3.250850400000000000e+07
1.125268080000000000e+08
1.200423200000000000e+07
1.260786160000000000e+08
5.918623000000000000e+06
1.202953400000000000e+07
5.441816960000000000e+08
4.966475200000000000e+07
1.135004720000000000e+08
1.690884320000000000e+08
7.415544960000000000e+08
4.469037600000000000e+07
9.385716000000000000e+07
1.286083900000000000e+07
9.550930000000000000e+06
3.419789250000000000e+06
4.315308000000000000e+06
2.432264800000000000e+08
6.307296000000000000e+07
8.365855200000000000e+07
1.095387300000000000e+07
3.390243520000000000e+08
7.730352000000000000e+07
2.653287200000000000e+07
1.666989500000000000e+06
2.916902000000000000e+07
3.250850400000000000e+07
2.153164800000000000e+07
1.125268080000000000e+08
7.717331000000000000e+06
3.179775200000000000e+07
1.260786160000000000e+08
1.931272250000000000e+06
4.025420400000000000e+07
1.811171375000000000e+06
7.793444000000000000e+06
1.103983360000000000e+08
5.441816960000000000e+08
2.750617200000000000e+07
1.080596240000000000e+08
1.693252400000000000e+07
9.847050400000000000e+07
1.072349120000000000e+09
8.589999000000000000e+06
6.253618000000000000e+07
5.513064000000000000e+07
1.170813056000000000e+09
7.313464800000000000e+07
4.449112640000000000e+08
1.715184160000000000e+08
5.549073280000000000e+08
8.946321280000000000e+08
3.179775200000000000e+07
8.035978400000000000e+07
4.823977500000000000e+06
4.371494800000000000e+07
7.282559000000000000e+06
1.649513400000000000e+07
6.094058240000000000e+08
5.502317600000000000e+07
9.239534400000000000e+07
4.783561200000000000e+07
6.940437760000000000e+08
4.325422000000000000e+07
8.775690400000000000e+07
9.587013000000000000e+06
1.852962250000000000e+06
4.146370400000000000e+07
2.850756500000000000e+06
1.986002000000000000e+06
1.072898200000000000e+07
5.269838000000000000e+06
5.115520000000000000e+05
6.250281600000000000e+08
4.944613600000000000e+07
1.864440000000000000e+07
1.155727360000000000e+08
3.435960400000000000e+07
4.871132000000000000e+06
6.418987200000000000e+07
1.083958300000000000e+07
9.064720000000000000e+05
3.538683500000000000e+06
1.678212992000000000e+09
2.188538400000000000e+08
2.972254800000000000e+07
5.147913600000000000e+07
1.395482400000000000e+07
6.231260800000000000e+08
1.068408400000000000e+08
1.445729200000000000e+07
2.244578400000000000e+08
5.054613000000000000e+06
1.094280500000000000e+07
1.112890320000000000e+08
7.994529375000000000e+05
3.665166000000000000e+07
1.256659375000000000e+06
2.884756000000000000e+07
2.004725760000000000e+08
1.061304256000000000e+09
1.409983500000000000e+07
2.189615520000000000e+08
5.819500000000000000e+06
1.069635760000000000e+08
1.438866400000000000e+08
2.427696250000000000e+06
4.914216400000000000e+07
2.273753200000000000e+07
1.160908672000000000e+09
5.778590000000000000e+07
5.173883520000000000e+08
1.196770560000000000e+08
6.924435200000000000e+07
7.047300480000000000e+08
7.730352000000000000e+07
8.725230000000000000e+06
7.123832500000000000e+05
1.112890320000000000e+08
1.168409100000000000e+07
2.939796500000000000e+06
1.776566400000000000e+08
1.816192400000000000e+07
5.495937000000000000e+06
8.609170400000000000e+07
1.252942320000000000e+08
3.315050000000000000e+07
3.179775200000000000e+07
4.238215500000000000e+06
2.764919200000000000e+07
1.183725300000000000e+07
3.308616750000000000e+06
7.058677600000000000e+07
3.927502000000000000e+07
4.194798400000000000e+07
3.514826400000000000e+07
1.537956320000000000e+08
1.189852800000000000e+07
5.751780800000000000e+07
8.725230000000000000e+06
1.066051000000000000e+06
1.310975200000000000e+08
1.260786160000000000e+08
6.848675000000000000e+06
7.335231200000000000e+07
7.355737000000000000e+06
1.427051375000000000e+06
1.479684320000000000e+08
1.355115360000000000e+08
2.628863500000000000e+06
1.237606080000000000e+08
1.175826900000000000e+07
1.331838750000000000e+06
5.884523520000000000e+08
3.540941200000000000e+07
1.919826400000000000e+07
1.472810300000000000e+07
7.590704640000000000e+08
3.011704800000000000e+07
1.432193000000000000e+07
2.777737200000000000e+07
9.666929600000000000e+07
1.546569600000000000e+08
3.951969200000000000e+07
2.850756500000000000e+06
5.265833200000000000e+07
1.478677500000000000e+06
9.441370000000000000e+06
1.163100160000000000e+08
3.259627000000000000e+06
1.777287200000000000e+07
4.170985000000000000e+05
1.384226600000000000e+07
7.048628000000000000e+07
2.433215840000000000e+08
8.672394000000000000e+06
3.331231600000000000e+07
9.556730000000000000e+05
2.449190000000000000e+07
6.481930000000000000e+07
2.921323000000000000e+06
4.612756000000000000e+07
7.822573500000000000e+06
2.277821600000000000e+08
1.481748000000000000e+07
9.025879200000000000e+07
1.413260300000000000e+07
2.477880800000000000e+07
7.581484000000000000e+07
1.260786160000000000e+08
4.868359500000000000e+06
3.442776400000000000e+07
1.451778880000000000e+08
5.200376400000000000e+07
6.916871200000000000e+07
3.492313200000000000e+07
7.319532500000000000e+05
1.930170400000000000e+08
7.261564000000000000e+07
8.292740000000000000e+06
5.646063600000000000e+07
6.294708000000000000e+06
9.556027500000000000e+05
5.436163200000000000e+08
5.381630080000000000e+08
1.041470600000000000e+07
4.966610560000000000e+08
2.711709600000000000e+07
6.856471500000000000e+06
6.699118080000000000e+08
8.432144800000000000e+07
1.944046800000000000e+07
2.191524000000000000e+07
3.375108864000000000e+09
1.985576960000000000e+08
1.143675440000000000e+08
1.957259520000000000e+08
2.856216320000000000e+08
1.454778880000000000e+09
3.162875000000000000e+06
5.646063600000000000e+07
3.297764500000000000e+06
9.027612000000000000e+06
1.454384500000000000e+06
9.391673000000000000e+06
2.864944800000000000e+07
3.008734000000000000e+06
7.147361600000000000e+07
8.054234000000000000e+06
2.648978800000000000e+07
4.171977600000000000e+07
1.601152700000000000e+07
2.760369250000000000e+06
9.381437600000000000e+07
1.181684400000000000e+08
1.402692800000000000e+07
7.886383200000000000e+07
9.286548000000000000e+07
3.209944800000000000e+07
1.748079360000000000e+08
1.253898640000000000e+08
3.183124400000000000e+07
2.368350750000000000e+06
1.871021500000000000e+06
2.063420400000000000e+07
1.112890320000000000e+08
2.833684800000000000e+07
3.672013500000000000e+06
1.171641280000000000e+08
4.025420400000000000e+07
1.038907300000000000e+07
7.017895500000000000e+06
4.975530000000000000e+07
1.228834100000000000e+07
3.377118250000000000e+06
3.349836800000000000e+07
1.589461875000000000e+06
8.725230000000000000e+06
1.112890320000000000e+08
7.870045625000000000e+05
7.730336800000000000e+07
3.152688750000000000e+05
3.503773000000000000e+06
6.102499200000000000e+07
2.529058560000000000e+08
4.375337000000000000e+06
1.948212640000000000e+08
5.902856250000000000e+05
2.179290000000000000e+07
1.776566400000000000e+08
1.862016375000000000e+06
1.613249100000000000e+07
3.479591000000000000e+06
1.427457536000000000e+09
8.993961000000000000e+06
1.289823520000000000e+08
1.801082800000000000e+07
2.235843600000000000e+07
2.366193600000000000e+08
1.260786160000000000e+08
8.725147000000000000e+06
1.734110750000000000e+06
1.189866600000000000e+07
8.127195000000000000e+06
4.909769687500000000e+05
1.355115360000000000e+08
6.490317600000000000e+07
3.601031250000000000e+06
5.573501000000000000e+06
7.141936800000000000e+07
9.470588000000000000e+06
4.705690800000000000e+07
4.262677600000000000e+07
1.188212875000000000e+06
7.730336800000000000e+07
2.850726750000000000e+06
1.021859250000000000e+06
7.261591200000000000e+07
1.815022000000000000e+07
3.115333250000000000e+06
1.372352800000000000e+08
4.919486400000000000e+07
3.834901750000000000e+06
4.919161280000000000e+08
1.412217500000000000e+07
3.127057600000000000e+07
1.445206240000000000e+08
7.124998400000000000e+07
2.155217500000000000e+06
4.663579200000000000e+07
1.176187264000000000e+09
6.018888000000000000e+07
3.380556000000000000e+07
1.843071360000000000e+08
1.461698080000000000e+08
6.980158720000000000e+08
7.715827200000000000e+07
1.609181500000000000e+06
9.849863000000000000e+06
8.253075200000000000e+07
1.799078000000000000e+07
1.686587520000000000e+08
5.496957600000000000e+07
2.434978400000000000e+07
9.892508000000000000e+06
1.995047250000000000e+06
1.993731125000000000e+06
4.025405200000000000e+07
1.576281000000000000e+07
4.221394500000000000e+06
1.741922080000000000e+08
2.692413600000000000e+07
4.572435600000000000e+07
5.783521920000000000e+08
2.312840480000000000e+08
4.036245600000000000e+07
3.384304400000000000e+07
1.717262000000000000e+07
5.247947000000000000e+06
1.154876720000000000e+08
1.744040704000000000e+09
5.446593920000000000e+08
1.051342720000000000e+08
4.250939200000000000e+08
5.914609600000000000e+07
1.680125056000000000e+09
