9.085718125000000000e+05
1.942867187500000000e+05
1.573474531250000000e+05
1.956707875000000000e+06
1.316914062500000000e+05
8.086137500000000000e+05
4.084891500000000000e+06
5.871728750000000000e+05
1.061585703125000000e+05
8.872378750000000000e+05
1.713291625000000000e+06
3.769898750000000000e+05
1.976471500000000000e+06
9.087043125000000000e+05
1.308434875000000000e+06
1.946393250000000000e+06
1.996752343750000000e+05
4.522960500000000000e+06
3.785119375000000000e+05
1.786584500000000000e+06
1.020362500000000000e+06
4.214206000000000000e+06
1.085220875000000000e+06
1.235841750000000000e+06
1.080237625000000000e+06
2.135637000000000000e+06
1.607245875000000000e+06
7.735126875000000000e+05
4.761592500000000000e+06
1.085297500000000000e+06
1.235870000000000000e+06
2.135396750000000000e+06
4.761633500000000000e+06
6.298310625000000000e+05
9.784583125000000000e+05
3.798281875000000000e+05
3.976403750000000000e+05
3.745698500000000000e+06
1.235841750000000000e+06
8.387381875000000000e+05
2.640350750000000000e+06
9.147943750000000000e+05
8.477343750000000000e+05
1.349604750000000000e+06
1.558855750000000000e+06
5.803636875000000000e+05
1.468942750000000000e+06
8.657134375000000000e+05
3.191960312500000000e+05
6.057719500000000000e+06
2.905244750000000000e+06
1.188450875000000000e+06
3.004519250000000000e+06
3.090458750000000000e+06
1.129200500000000000e+06
1.560529125000000000e+06
1.569761125000000000e+06
5.437251000000000000e+06
2.873956500000000000e+06
3.769898750000000000e+05
7.091080000000000000e+05
1.142191875000000000e+06
2.968338437500000000e+05
9.177024375000000000e+05
1.076024125000000000e+06
6.174546875000000000e+05
4.705200312500000000e+05
6.765580500000000000e+06
1.235841750000000000e+06
8.597672500000000000e+05
4.054293500000000000e+06
1.006969062500000000e+06
6.110740625000000000e+05
9.004760625000000000e+05
2.501441000000000000e+06
9.325106250000000000e+05
4.104572750000000000e+06
9.149531875000000000e+05
5.898028125000000000e+05
4.083333500000000000e+06
4.786570000000000000e+06
9.189302500000000000e+05
3.248740500000000000e+06
2.816096250000000000e+06
6.819327500000000000e+05
2.260437000000000000e+06
3.966707250000000000e+06
2.994407250000000000e+06
2.408036250000000000e+06
7.223805625000000000e+05
1.045918437500000000e+06
6.174546875000000000e+05
5.477809375000000000e+05
3.254963125000000000e+05
2.640350750000000000e+06
1.460269000000000000e+06
4.763445500000000000e+06
1.320504125000000000e+06
8.465540625000000000e+05
5.523542500000000000e+05
1.895475500000000000e+06
9.531862500000000000e+05
4.678646000000000000e+06
1.502381500000000000e+06
7.676761250000000000e+05
8.160498500000000000e+06
6.856105000000000000e+05
3.024626250000000000e+06
4.003786000000000000e+06
4.982958500000000000e+06
5.960340000000000000e+05
1.768429500000000000e+06
4.952448500000000000e+06
6.741152000000000000e+06
2.943482750000000000e+06
4.541004500000000000e+06
2.496188125000000000e+05
8.483151250000000000e+05
2.796196500000000000e+06
1.035182312500000000e+06
1.009088687500000000e+06
7.013608125000000000e+05
3.827740000000000000e+06
2.458294687500000000e+05
3.026464000000000000e+06
7.128746250000000000e+05
8.182817500000000000e+06
5.319149000000000000e+06
8.192385625000000000e+05
1.085220875000000000e+06
2.987274687500000000e+05
8.260585156250000000e+04
2.061813125000000000e+06
1.384277875000000000e+06
4.475090000000000000e+06
4.338706562500000000e+05
2.422998250000000000e+06
3.254963125000000000e+05
2.900948750000000000e+05
2.514040000000000000e+06
1.912661562500000000e+05
6.765580500000000000e+06
1.377198750000000000e+06
1.360579000000000000e+06
4.756767500000000000e+06
8.148151250000000000e+05
4.005802500000000000e+05
3.196054375000000000e+05
4.460940937500000000e+05
8.980961875000000000e+05
5.220853750000000000e+05
4.819675937500000000e+05
8.668791875000000000e+05
5.108095000000000000e+05
3.529067500000000000e+05
4.051557187500000000e+05
7.525493750000000000e+05
6.459728125000000000e+05
4.854777187500000000e+05
1.590249687500000000e+05
7.160797500000000000e+06
1.315504000000000000e+06
1.216844250000000000e+06
1.085220875000000000e+06
1.606522500000000000e+06
5.731008125000000000e+05
1.243565500000000000e+06
1.263976625000000000e+06
3.965156562500000000e+05
3.011754000000000000e+06
7.172991875000000000e+05
3.329789375000000000e+05
3.905801000000000000e+06
2.138357500000000000e+06
1.103627500000000000e+06
3.977685625000000000e+05
1.329638125000000000e+06
8.862813125000000000e+05
8.625045000000000000e+05
1.080198500000000000e+06
1.339900500000000000e+06
9.533645000000000000e+05
1.415989125000000000e+06
4.081355750000000000e+06
5.758214375000000000e+05
3.861000312500000000e+05
5.087137812500000000e+05
1.400041000000000000e+06
1.072497750000000000e+06
5.323222500000000000e+05
1.695920375000000000e+06
4.118293125000000000e+05
7.014785000000000000e+05
3.154528000000000000e+06
8.384543125000000000e+05
8.573445625000000000e+05
1.035451812500000000e+06
4.165836875000000000e+05
3.753780000000000000e+06
1.043570937500000000e+06
6.765580500000000000e+06
1.142581875000000000e+06
1.835593875000000000e+06
5.888760000000000000e+05
4.745260937500000000e+05
1.393762500000000000e+06
7.006567500000000000e+06
1.037409875000000000e+06
4.005802500000000000e+05
5.138882812500000000e+05
7.223805625000000000e+05
5.761592500000000000e+05
3.103386250000000000e+06
1.976471500000000000e+06
3.442740312500000000e+05
2.073575468750000000e+05
8.604423750000000000e+05
7.293611250000000000e+05
3.167227500000000000e+06
1.941313875000000000e+06
9.391632500000000000e+05
2.739640625000000000e+05
4.102589062500000000e+05
8.403426875000000000e+05
3.026848000000000000e+06
2.340515250000000000e+06
1.297736375000000000e+06
5.402844375000000000e+05
2.665959500000000000e+06
1.950710125000000000e+06
3.119915000000000000e+06
5.357870625000000000e+05
3.004734000000000000e+06
3.446065250000000000e+06
1.956707875000000000e+06
6.765580500000000000e+06
3.615960000000000000e+06
1.020750875000000000e+06
7.742543125000000000e+05
9.566686875000000000e+05
3.193102500000000000e+05
1.085220875000000000e+06
6.386540625000000000e+05
1.050191250000000000e+06
2.365743500000000000e+06
7.711467500000000000e+06
1.142554750000000000e+06
2.182782250000000000e+06
5.396111000000000000e+06
3.712528000000000000e+06
2.859777750000000000e+06
7.569148125000000000e+05
7.294528750000000000e+05
7.325956875000000000e+05
6.882066000000000000e+06
2.064465500000000000e+06
6.161999500000000000e+06
1.862742750000000000e+06
2.702246000000000000e+06
5.779832000000000000e+06
4.284315500000000000e+06
9.177024375000000000e+05
1.235841750000000000e+06
6.446023750000000000e+05
6.802030625000000000e+05
1.674149375000000000e+06
2.299944218750000000e+05
6.174546875000000000e+05
1.610464375000000000e+05
2.064496718750000000e+05
9.122844375000000000e+05
4.963229000000000000e+06
1.312427625000000000e+06
2.501441000000000000e+06
4.272491875000000000e+05
5.086530937500000000e+05
1.553031625000000000e+06
3.715871562500000000e+05
6.337438125000000000e+05
2.461870156250000000e+05
1.849288625000000000e+06
7.009135000000000000e+05
2.188124000000000000e+06
8.265336250000000000e+05
1.015259812500000000e+06
1.429394250000000000e+06
2.135637000000000000e+06
4.081355750000000000e+06
7.370301875000000000e+05
4.576096500000000000e+06
4.815145937500000000e+05
8.103421875000000000e+05
1.077773600000000000e+07
9.517638125000000000e+05
4.445438500000000000e+06
2.554446250000000000e+06
6.468574500000000000e+06
1.976471500000000000e+06
3.745698500000000000e+06
9.784583125000000000e+05
1.175269500000000000e+06
1.136907000000000000e+06
2.714460312500000000e+05
4.486976562500000000e+05
6.298310625000000000e+05
1.437570500000000000e+06
7.077980000000000000e+05
4.066824250000000000e+06
2.405566750000000000e+06
1.409815125000000000e+06
1.349604750000000000e+06
1.092807500000000000e+06
1.559655750000000000e+06
2.020765875000000000e+06
1.264209375000000000e+06
5.799215625000000000e+05
9.352458125000000000e+05
2.122445500000000000e+06
1.815139625000000000e+06
2.431918000000000000e+06
9.782362500000000000e+05
1.886563125000000000e+06
1.287300750000000000e+06
7.259170000000000000e+06
2.585802250000000000e+06
1.391767500000000000e+06
1.240126125000000000e+06
3.451264062500000000e+05
8.505168750000000000e+05
1.546537250000000000e+06
4.521386000000000000e+06
2.584949250000000000e+06
5.891051250000000000e+05
1.572914125000000000e+06
2.640350750000000000e+06
2.135637000000000000e+06
3.752072500000000000e+05
1.415989125000000000e+06
4.705375625000000000e+05
1.101277750000000000e+06
4.097451000000000000e+06
9.734286875000000000e+05
1.879184875000000000e+06
8.985330625000000000e+05
5.083037000000000000e+06
1.085220875000000000e+06
1.415989125000000000e+06
3.615960000000000000e+06
2.726261718750000000e+04
3.745698500000000000e+06
6.765580500000000000e+06
4.235251562500000000e+04
3.769898750000000000e+05
8.967046093750000000e+04
7.527195312500000000e+04
1.270294375000000000e+06
2.182782250000000000e+06
1.238850625000000000e+05
1.094096500000000000e+06
2.534035156250000000e+05
1.289825078125000000e+05
7.398090625000000000e+05
2.809379687500000000e+05
2.769130937500000000e+05
2.335129687500000000e+05
4.263785312500000000e+05
4.006639062500000000e+05
2.810877812500000000e+05
5.388061250000000000e+05
2.893477500000000000e+05
3.504584062500000000e+05
1.305605375000000000e+06
9.842074375000000000e+05
8.317993750000000000e+05
2.135637000000000000e+06
6.904437500000000000e+05
1.472414000000000000e+06
2.011387000000000000e+06
7.734418750000000000e+05
1.104434000000000000e+06
1.611472750000000000e+06
1.854840000000000000e+06
6.266999000000000000e+06
1.173521125000000000e+06
4.281848000000000000e+06
4.074198437500000000e+04
1.308434875000000000e+06
3.769898750000000000e+05
6.700812500000000000e+04
1.976471500000000000e+06
1.170899804687500000e+04
7.500151562500000000e+04
6.195498500000000000e+06
8.501973750000000000e+05
3.344872187500000000e+05
4.527271000000000000e+06
2.120131093750000000e+05
1.644528750000000000e+05
4.522960500000000000e+06
3.487335546875000000e+04
7.117763281250000000e+04
2.340165781250000000e+05
6.152586500000000000e+06
4.970374687500000000e+05
5.896984765625000000e+04
7.638683750000000000e+05
5.939181250000000000e+05
1.113667500000000000e+06
1.368153125000000000e+06
4.769036500000000000e+06
8.964010625000000000e+05
1.085220875000000000e+06
9.654122500000000000e+05
1.191168500000000000e+06
1.054777375000000000e+06
1.966443000000000000e+06
4.778597000000000000e+06
1.192252625000000000e+06
1.442778750000000000e+06
3.615960000000000000e+06
3.769898750000000000e+05
1.715845750000000000e+06
1.415989125000000000e+06
1.607245875000000000e+06
8.950001875000000000e+05
1.094096500000000000e+06
3.616422250000000000e+06
3.770078437500000000e+05
1.415989125000000000e+06
1.094106875000000000e+06
3.615960000000000000e+06
7.004771250000000000e+05
2.024836375000000000e+06
2.488632500000000000e+06
2.535355500000000000e+06
3.229328125000000000e+05
6.231656875000000000e+05
2.679268750000000000e+05
3.745698500000000000e+06
6.298310625000000000e+05
1.136907000000000000e+06
1.826349875000000000e+06
9.784583125000000000e+05
1.976471500000000000e+06
2.588575500000000000e+06
2.714460312500000000e+05
7.784471875000000000e+05
9.541603125000000000e+05
1.349604750000000000e+06
4.066824250000000000e+06
1.016253687500000000e+06
2.020765875000000000e+06
6.085593750000000000e+05
2.189092500000000000e+06
2.405566750000000000e+06
2.205269000000000000e+06
1.605513375000000000e+06
7.753560625000000000e+05
2.122445500000000000e+06
5.966881250000000000e+05
1.744765500000000000e+06
2.071439125000000000e+06
2.892988500000000000e+06
1.041592437500000000e+06
1.325902625000000000e+06
3.745698500000000000e+06
1.415989125000000000e+06
3.935143750000000000e+05
7.742543125000000000e+05
9.566686875000000000e+05
2.697006562500000000e+05
1.085220875000000000e+06
5.137672187500000000e+05
3.113291562500000000e+05
2.675526000000000000e+06
1.554124875000000000e+06
8.747461250000000000e+05
1.270294375000000000e+06
3.383138750000000000e+05
8.806406250000000000e+05
2.859777750000000000e+06
1.278918750000000000e+06
4.247672812500000000e+05
5.920123750000000000e+05
2.049032750000000000e+06
1.502201000000000000e+06
1.675626750000000000e+06
5.906904375000000000e+05
1.519004375000000000e+06
1.692185000000000000e+06
7.223805625000000000e+05
3.736390250000000000e+06
5.175217812500000000e+05
9.033351875000000000e+05
3.272830312500000000e+05
5.262183125000000000e+05
8.798095625000000000e+05
5.129604375000000000e+05
7.421926250000000000e+05
6.173021875000000000e+05
6.014224375000000000e+05
1.098878375000000000e+06
2.585802250000000000e+06
3.395440937500000000e+05
9.693660000000000000e+06
1.235562375000000000e+06
9.008454375000000000e+05
1.675947875000000000e+06
8.086638125000000000e+05
1.014035687500000000e+06
4.702147500000000000e+06
8.865662500000000000e+05
1.415989125000000000e+06
1.085220875000000000e+06
2.135637000000000000e+06
1.156147375000000000e+06
3.745698500000000000e+06
2.640350750000000000e+06
4.746936250000000000e+05
1.235841750000000000e+06
3.081235750000000000e+06
3.795164062500000000e+05
1.270294375000000000e+06
4.097451000000000000e+06
9.258522500000000000e+05
4.761592500000000000e+06
2.020195500000000000e+06
1.910633375000000000e+06
6.057719500000000000e+06
1.754901625000000000e+06
1.008283562500000000e+06
1.899815375000000000e+06
4.268862500000000000e+06
1.019125500000000000e+06
5.211429000000000000e+06
4.545835500000000000e+06
3.590932000000000000e+06
4.466401000000000000e+06
6.220737500000000000e+05
4.854777187500000000e+05
6.530409375000000000e+04
1.125762875000000000e+06
2.547694687500000000e+05
2.668113437500000000e+05
1.624280625000000000e+06
3.153804687500000000e+05
9.689881250000000000e+04
6.033216250000000000e+05
5.307498125000000000e+05
3.745698500000000000e+06
7.742543125000000000e+05
1.073021750000000000e+06
1.325902625000000000e+06
8.883630625000000000e+05
4.112997812500000000e+05
2.675526000000000000e+06
3.724166500000000000e+06
7.684899375000000000e+05
1.318582500000000000e+06
2.664426750000000000e+06
9.200084000000000000e+06
9.789549375000000000e+05
5.110051000000000000e+06
6.922271875000000000e+05
9.177024375000000000e+05
1.235841750000000000e+06
7.280594375000000000e+05
6.174546875000000000e+05
3.491190625000000000e+05
6.468358750000000000e+05
8.613323750000000000e+05
4.742228000000000000e+06
7.206492000000000000e+06
4.773440500000000000e+06
8.444391250000000000e+05
3.783820250000000000e+06
2.501441000000000000e+06
6.673655000000000000e+05
1.191809250000000000e+06
4.215087187500000000e+05
3.446459500000000000e+06
7.336808125000000000e+05
3.953620750000000000e+06
3.651640000000000000e+06
2.079851875000000000e+06
2.948039500000000000e+06
3.706563750000000000e+06
7.804058125000000000e+05
9.460220000000000000e+05
2.021290125000000000e+06
1.956707875000000000e+06
3.615960000000000000e+06
4.165836875000000000e+05
5.370327500000000000e+05
9.566686875000000000e+05
1.434720500000000000e+06
7.822660937500000000e+04
1.222673250000000000e+06
1.366100468750000000e+05
1.966455312500000000e+05
7.711467500000000000e+06
5.833118000000000000e+06
6.483836250000000000e+05
1.045987250000000000e+06
7.163353125000000000e+05
1.761155625000000000e+05
1.198053125000000000e+06
2.383665156250000000e+05
4.564822187500000000e+05
3.829496250000000000e+05
4.621841500000000000e+06
4.750249000000000000e+06
2.523513750000000000e+06
4.572359687500000000e+05
7.469408125000000000e+05
3.586041750000000000e+06
1.956707875000000000e+06
3.615960000000000000e+06
1.156754000000000000e+06
9.566686875000000000e+05
4.530715312500000000e+05
9.999849375000000000e+05
7.711467500000000000e+06
1.646731250000000000e+06
1.190220375000000000e+06
1.061184250000000000e+06
2.043837375000000000e+06
2.420854750000000000e+06
3.504437187500000000e+05
5.308014375000000000e+05
1.297705625000000000e+05
1.624664875000000000e+06
4.806630625000000000e+05
3.678510937500000000e+04
1.076024125000000000e+06
4.547627343750000000e+04
1.013167812500000000e+05
5.179094062500000000e+05
8.939509375000000000e+05
3.668649375000000000e+05
6.618790625000000000e+05
5.133984375000000000e+04
1.724292031250000000e+05
5.752703125000000000e+05
1.963751093750000000e+05
1.430308906250000000e+05
1.586493125000000000e+05
6.627349375000000000e+05
1.746202343750000000e+05
3.448750312500000000e+05
1.870183750000000000e+05
2.300001406250000000e+05
2.792178437500000000e+05
1.045433812500000000e+06
3.356555750000000000e+06
3.249533500000000000e+06
7.116423750000000000e+05
3.615960000000000000e+06
9.598892500000000000e+05
1.365145000000000000e+06
1.307123203125000000e+05
2.027738875000000000e+06
5.839975000000000000e+05
1.915727500000000000e+06
1.390080125000000000e+06
9.126455000000000000e+05
4.279420312500000000e+05
3.307932000000000000e+06
2.141488250000000000e+06
8.032359375000000000e+05
4.477455000000000000e+06
8.381824375000000000e+05
1.548842031250000000e+05
8.281511250000000000e+05
2.360294250000000000e+06
1.201644875000000000e+06
3.976346562500000000e+05
8.387598125000000000e+05
7.898241875000000000e+05
4.609680312500000000e+05
2.003495875000000000e+06
8.910161250000000000e+05
7.742802500000000000e+05
1.351964750000000000e+06
4.068504375000000000e+05
6.459734375000000000e+05
7.760322500000000000e+05
1.674652125000000000e+06
1.133557250000000000e+06
6.327630625000000000e+05
3.615960000000000000e+06
8.237689500000000000e+06
1.146713750000000000e+06
1.206441125000000000e+06
1.457461250000000000e+06
2.089272750000000000e+06
2.544050750000000000e+06
5.303902000000000000e+06
8.892840000000000000e+06
5.545140000000000000e+05
2.461594000000000000e+06
1.306395000000000000e+06
7.160797500000000000e+06
1.315504000000000000e+06
7.185267500000000000e+05
6.765580500000000000e+06
3.615960000000000000e+06
1.033592125000000000e+06
1.085220875000000000e+06
1.688799218750000000e+05
4.050904062500000000e+05
4.042714250000000000e+06
2.861840000000000000e+06
9.616677500000000000e+05
3.905801000000000000e+06
3.754066250000000000e+05
8.419069375000000000e+05
2.182782250000000000e+06
1.348862375000000000e+06
1.197865625000000000e+06
2.732034687500000000e+05
2.506362750000000000e+06
9.853512500000000000e+05
2.537498750000000000e+06
7.372480625000000000e+05
6.948370625000000000e+05
1.071070875000000000e+06
1.415989125000000000e+06
2.135637000000000000e+06
1.473289125000000000e+06
2.640350750000000000e+06
1.931427000000000000e+06
6.908573750000000000e+05
4.097451000000000000e+06
3.239434500000000000e+06
1.612272125000000000e+06
2.338259500000000000e+06
4.394280000000000000e+06
3.745926750000000000e+06
1.110706125000000000e+06
7.160517500000000000e+06
4.644966562500000000e+05
1.415989125000000000e+06
3.769898750000000000e+05
6.969010000000000000e+05
3.615960000000000000e+06
9.101215000000000000e+05
1.270209500000000000e+06
1.274963375000000000e+06
7.599011875000000000e+05
2.126903250000000000e+06
2.283455750000000000e+06
6.704779375000000000e+05
4.688960000000000000e+06
1.094096500000000000e+06
1.041026312500000000e+06
3.448612500000000000e+05
3.195397500000000000e+06
4.260610937500000000e+05
8.505866875000000000e+05
4.916845312500000000e+05
2.089565750000000000e+06
1.086845875000000000e+06
3.415641875000000000e+05
9.177024375000000000e+05
6.174546875000000000e+05
6.802030625000000000e+05
5.477809375000000000e+05
1.235841750000000000e+06
4.284315500000000000e+06
1.545608375000000000e+06
1.674149375000000000e+06
8.465540625000000000e+05
1.110368250000000000e+06
2.501441000000000000e+06
9.122844375000000000e+05
1.057458375000000000e+06
1.553031625000000000e+06
7.676761250000000000e+05
8.932026875000000000e+05
4.963229000000000000e+06
1.467335375000000000e+06
1.425914125000000000e+06
2.108627500000000000e+06
1.849288625000000000e+06
2.118827500000000000e+06
6.352645000000000000e+05
1.445318125000000000e+06
2.774978750000000000e+06
1.170139375000000000e+06
4.854777187500000000e+05
1.122571250000000000e+06
6.459728125000000000e+05
4.776957421875000000e+04
3.615960000000000000e+06
1.085220875000000000e+06
6.734125781250000000e+04
6.765580500000000000e+06
1.020387031250000000e+05
1.228267500000000000e+05
4.972168500000000000e+06
3.011754000000000000e+06
1.235499765625000000e+05
2.428946500000000000e+06
2.675916250000000000e+05
3.684936875000000000e+05
2.182782250000000000e+06
1.459242968750000000e+05
2.657209687500000000e+05
3.766043125000000000e+05
6.044867500000000000e+06
3.413232500000000000e+05
5.749286250000000000e+05
8.915883125000000000e+05
3.348842812500000000e+05
8.294402500000000000e+05
1.076024125000000000e+06
4.054293500000000000e+06
1.942867187500000000e+05
7.267767500000000000e+05
6.174546875000000000e+05
6.802030625000000000e+05
3.191677500000000000e+05
1.674149375000000000e+06
3.208318750000000000e+05
4.921832500000000000e+05
4.104572750000000000e+06
6.334683125000000000e+05
6.092313125000000000e+05
6.708713000000000000e+06
1.712290375000000000e+06
2.981522500000000000e+05
1.553031625000000000e+06
4.579691250000000000e+05
6.896763750000000000e+05
1.012113125000000000e+06
4.341524500000000000e+06
2.542219500000000000e+06
6.656258125000000000e+05
4.244440000000000000e+06
1.440727375000000000e+06
4.624002000000000000e+06
7.849732500000000000e+05
1.830349625000000000e+06
6.496053750000000000e+05
8.890808750000000000e+05
2.135637000000000000e+06
3.615960000000000000e+06
1.607245875000000000e+06
4.054293500000000000e+06
7.735126875000000000e+05
1.715845750000000000e+06
1.356897625000000000e+06
7.683573125000000000e+05
7.849905000000000000e+05
4.272666000000000000e+06
1.830355000000000000e+06
6.496406875000000000e+05
9.971427000000000000e+06
2.135396750000000000e+06
3.616422250000000000e+06
4.054390250000000000e+06
3.316495500000000000e+06
1.356954625000000000e+06
7.683807500000000000e+05
4.272850000000000000e+06
9.971579000000000000e+06
3.316593750000000000e+06
2.135637000000000000e+06
1.085220875000000000e+06
3.615960000000000000e+06
1.589060375000000000e+06
1.235841750000000000e+06
4.054293500000000000e+06
7.649458125000000000e+05
6.765580500000000000e+06
1.073021750000000000e+06
1.691505750000000000e+06
4.761592500000000000e+06
9.971427000000000000e+06
2.110373750000000000e+06
2.182782250000000000e+06
1.074017750000000000e+06
3.569793000000000000e+06
4.083333500000000000e+06
1.226774125000000000e+06
4.007457000000000000e+06
6.694340000000000000e+06
7.317137500000000000e+06
4.723474500000000000e+06
9.862684000000000000e+06
2.164540250000000000e+06
4.046502250000000000e+06
7.239390500000000000e+06
1.235841750000000000e+06
1.080237625000000000e+06
7.735126875000000000e+05
1.235870000000000000e+06
3.745698500000000000e+06
6.386540625000000000e+05
6.793881875000000000e+05
2.786985000000000000e+06
2.778776250000000000e+06
1.070915750000000000e+06
8.835879000000000000e+06
1.527071375000000000e+06
6.174546875000000000e+05
1.235841750000000000e+06
4.374483125000000000e+05
9.177024375000000000e+05
2.422401250000000000e+05
3.882730937500000000e+05
2.529588250000000000e+06
7.203531000000000000e+06
1.961429000000000000e+06
1.520314250000000000e+06
1.031083562500000000e+06
3.553647500000000000e+05
2.501441000000000000e+06
2.637350937500000000e+05
1.199356250000000000e+06
1.876402656250000000e+05
2.333543750000000000e+06
1.135045875000000000e+06
1.266090375000000000e+06
3.589962187500000000e+05
4.469082812500000000e+05
5.710560000000000000e+05
6.802030625000000000e+05
1.674149375000000000e+06
6.462378125000000000e+05
6.174546875000000000e+05
4.948787187500000000e+05
3.903451875000000000e+05
1.553031625000000000e+06
5.853630625000000000e+05
1.194404625000000000e+06
8.340950625000000000e+05
1.839775625000000000e+06
1.125762875000000000e+06
2.228276718750000000e+05
2.299975000000000000e+05
4.976827000000000000e+06
9.830590625000000000e+04
3.410203437500000000e+05
8.729311875000000000e+05
4.274309687500000000e+05
1.803009687500000000e+05
1.408640500000000000e+06
6.425168750000000000e+05
1.415989125000000000e+06
2.640350750000000000e+06
3.728093500000000000e+06
2.795034062500000000e+05
2.135637000000000000e+06
1.217786875000000000e+06
2.796266250000000000e+05
1.636164750000000000e+06
4.646800625000000000e+05
7.512048750000000000e+05
4.097451000000000000e+06
1.280952250000000000e+06
3.279263125000000000e+05
6.386364000000000000e+06
1.165149625000000000e+06
1.467345125000000000e+06
5.530812500000000000e+06
6.728127500000000000e+05
5.579737500000000000e+05
1.073419750000000000e+06
4.674226500000000000e+06
2.049243875000000000e+06
6.629530000000000000e+05
3.283069000000000000e+06
2.434995250000000000e+06
3.252041750000000000e+06
4.484088750000000000e+05
9.566686875000000000e+05
1.325902625000000000e+06
1.747551718750000000e+05
1.196080375000000000e+06
1.349844250000000000e+06
9.252281875000000000e+05
1.415989125000000000e+06
6.348496250000000000e+05
6.041011250000000000e+05
1.261301000000000000e+06
9.590858750000000000e+05
2.991157500000000000e+05
1.554124875000000000e+06
5.329911875000000000e+05
8.566710625000000000e+05
7.893949375000000000e+05
7.089640000000000000e+05
7.334458125000000000e+05
1.510242125000000000e+06
1.375206500000000000e+06
8.116493125000000000e+05
6.732716875000000000e+05
2.066736875000000000e+06
6.925487500000000000e+05
1.479346000000000000e+06
8.182817500000000000e+06
1.085220875000000000e+06
4.284315500000000000e+06
4.608643125000000000e+05
5.319149000000000000e+06
2.311067656250000000e+05
1.708885625000000000e+06
1.125762875000000000e+06
9.101215000000000000e+05
7.047709375000000000e+05
2.061813125000000000e+06
4.143446875000000000e+05
5.016406500000000000e+06
1.185208125000000000e+06
6.540013750000000000e+05
2.646577750000000000e+06
8.702936250000000000e+05
4.547280000000000000e+06
2.023741093750000000e+05
1.009126250000000000e+06
3.949558437500000000e+05
1.862282750000000000e+06
2.823769062500000000e+05
7.967585625000000000e+05
8.105230625000000000e+05
3.282266875000000000e+05
1.085220875000000000e+06
3.615960000000000000e+06
4.357627812500000000e+05
6.765580500000000000e+06
9.197965000000000000e+05
1.140627625000000000e+06
2.182782250000000000e+06
3.810007187500000000e+05
2.668263750000000000e+06
3.887147250000000000e+06
1.895504625000000000e+06
7.160797500000000000e+06
1.834851875000000000e+06
3.893094250000000000e+06
5.569781500000000000e+06
6.069909500000000000e+06
2.436997750000000000e+06
7.193769375000000000e+05
1.288631000000000000e+06
1.315504000000000000e+06
3.615960000000000000e+06
2.135637000000000000e+06
1.140189375000000000e+06
1.306395000000000000e+06
2.332945000000000000e+06
2.486723000000000000e+06
4.054293500000000000e+06
3.216653250000000000e+06
1.477223000000000000e+06
2.861840000000000000e+06
3.057304000000000000e+06
1.440890875000000000e+06
9.971427000000000000e+06
2.679926000000000000e+06
1.775718250000000000e+06
1.031211900000000000e+07
7.618051000000000000e+06
2.602757250000000000e+06
2.409589250000000000e+06
1.730562400000000000e+07
6.016232500000000000e+06
2.422032500000000000e+06
5.337508500000000000e+06
1.163958300000000000e+07
1.781543200000000000e+07
1.272743875000000000e+06
3.706563750000000000e+06
1.028072125000000000e+06
1.415989125000000000e+06
1.603868250000000000e+06
8.831738750000000000e+05
1.276898000000000000e+06
1.271654375000000000e+06
3.657376750000000000e+06
1.408867625000000000e+06
1.270699000000000000e+06
1.235841750000000000e+06
1.085220875000000000e+06
6.765580500000000000e+06
8.824430625000000000e+05
2.135637000000000000e+06
4.054293500000000000e+06
4.492285312500000000e+05
3.615960000000000000e+06
6.777386250000000000e+05
7.630813125000000000e+05
4.761592500000000000e+06
4.083333500000000000e+06
6.876116875000000000e+05
2.182782250000000000e+06
1.163824625000000000e+06
2.361357000000000000e+06
9.971427000000000000e+06
1.165554125000000000e+06
2.119918750000000000e+06
1.631765750000000000e+06
7.317137500000000000e+06
3.002345000000000000e+06
1.898324875000000000e+06
6.951340000000000000e+05
6.831786000000000000e+06
4.437707500000000000e+06
3.798281875000000000e+05
8.381185625000000000e+05
3.236792812500000000e+05
1.674149375000000000e+06
5.842253125000000000e+05
5.056144062500000000e+05
1.297248750000000000e+06
1.807206718750000000e+05
6.309360625000000000e+05
1.313361750000000000e+06
1.258876000000000000e+06
9.949314000000000000e+06
7.164718750000000000e+05
3.217902000000000000e+06
1.044931375000000000e+06
1.956707875000000000e+06
3.769898750000000000e+05
1.703339000000000000e+06
1.325902625000000000e+06
4.158981562500000000e+05
8.831738750000000000e+05
2.524919750000000000e+06
1.082869875000000000e+06
9.909750000000000000e+06
1.869412625000000000e+06
7.146750625000000000e+05
3.171925000000000000e+06
5.282206000000000000e+06
1.963744250000000000e+06
3.755559375000000000e+05
1.324233375000000000e+06
3.296044750000000000e+06
2.525786750000000000e+06
1.079094750000000000e+06
1.865459000000000000e+06
5.297395500000000000e+06
3.301606750000000000e+06
3.154528000000000000e+06
2.984817187500000000e+05
3.301391562500000000e+05
3.170122750000000000e+06
3.615960000000000000e+06
7.682356875000000000e+05
4.294580312500000000e+05
7.829097500000000000e+05
8.940154000000000000e+06
1.235137125000000000e+06
4.308856562500000000e+05
1.261900250000000000e+06
6.459728125000000000e+05
2.954978000000000000e+06
1.079110250000000000e+06
9.292995625000000000e+05
1.764119218750000000e+05
1.132692875000000000e+06
2.672465750000000000e+06
6.620993750000000000e+05
8.924361000000000000e+06
3.510917500000000000e+06
1.240172375000000000e+06
4.284529062500000000e+05
1.504264000000000000e+06
6.469901250000000000e+05
2.932415500000000000e+06
9.300274375000000000e+05
2.551218250000000000e+06
2.677182500000000000e+06
6.597716875000000000e+05
3.518459000000000000e+06
1.503853625000000000e+06
2.555630500000000000e+06
8.714106250000000000e+05
2.913252500000000000e+05
8.139111250000000000e+05
4.750867187500000000e+05
9.566686875000000000e+05
1.085220875000000000e+06
1.477845750000000000e+06
7.742543125000000000e+05
3.134153437500000000e+05
1.839710625000000000e+06
4.225108437500000000e+05
9.861681875000000000e+05
9.516930000000000000e+05
2.612886718750000000e+05
2.815607500000000000e+05
5.931630625000000000e+05
2.859777750000000000e+06
6.689897500000000000e+05
5.503472500000000000e+05
1.477193375000000000e+06
3.982996250000000000e+05
4.824891250000000000e+05
7.771913125000000000e+05
2.751926875000000000e+05
2.291650000000000000e+06
4.389330625000000000e+05
7.160797500000000000e+06
1.380674500000000000e+06
2.332945000000000000e+06
5.704930859375000000e+04
7.325494500000000000e+06
1.235841750000000000e+06
3.771212890625000000e+04
4.705139500000000000e+06
8.465398437500000000e+04
1.225926367187500000e+04
3.995969750000000000e+06
5.485197500000000000e+06
2.891838750000000000e+05
1.079868300000000000e+07
1.229645781250000000e+05
8.724981250000000000e+04
4.352552000000000000e+06
3.754176875000000000e+05
9.481495312500000000e+04
2.147878125000000000e+05
9.307502000000000000e+06
4.321226562500000000e+05
4.803432187500000000e+05
6.248891875000000000e+05
4.662865937500000000e+05
1.096561625000000000e+06
9.862877500000000000e+05
2.958537187500000000e+05
6.050663750000000000e+05
1.853525000000000000e+05
3.615960000000000000e+06
1.306395000000000000e+06
1.980645375000000000e+06
1.315504000000000000e+06
1.876715781250000000e+05
1.555423875000000000e+06
1.951299875000000000e+06
2.485535000000000000e+06
9.564480000000000000e+05
1.184963875000000000e+06
2.354456875000000000e+05
9.588316875000000000e+05
2.861840000000000000e+06
5.148713437500000000e+05
1.348957500000000000e+06
8.870770625000000000e+05
4.461016000000000000e+06
2.131707750000000000e+06
2.098352500000000000e+06
1.429598625000000000e+06
1.130633625000000000e+06
2.669035000000000000e+06
4.969203437500000000e+05
2.332945000000000000e+06
1.315504000000000000e+06
1.581145250000000000e+06
1.166982250000000000e+06
3.513666562500000000e+05
7.419802500000000000e+05
2.135637000000000000e+06
6.532215625000000000e+05
1.070938125000000000e+06
1.365785750000000000e+06
5.512113125000000000e+05
7.027427500000000000e+05
3.057304000000000000e+06
2.763477250000000000e+06
1.595894500000000000e+06
1.278218750000000000e+06
1.446270875000000000e+06
5.466553125000000000e+05
1.694316500000000000e+06
1.653297750000000000e+06
1.871358750000000000e+06
9.095835000000000000e+05
4.513295500000000000e+06
2.344062500000000000e+06
2.482367750000000000e+06
6.987956875000000000e+05
2.718704000000000000e+06
1.053103875000000000e+06
4.843253125000000000e+05
3.497643250000000000e+06
2.135637000000000000e+06
3.606574687500000000e+05
2.784955000000000000e+06
6.295020000000000000e+05
5.628420000000000000e+05
3.185758250000000000e+06
3.921222750000000000e+06
3.321714375000000000e+05
1.657184125000000000e+06
6.839165625000000000e+05
9.010516250000000000e+05
7.956362000000000000e+06
1.996587250000000000e+06
9.893191875000000000e+05
1.028798937500000000e+06
5.426010000000000000e+06
1.539860125000000000e+06
1.833716625000000000e+06
7.821769375000000000e+05
4.944723000000000000e+06
3.243422000000000000e+06
1.085220875000000000e+06
1.415989125000000000e+06
4.223791250000000000e+05
3.745698500000000000e+06
1.149109000000000000e+06
5.321791250000000000e+05
1.270294375000000000e+06
6.678405000000000000e+05
1.242185875000000000e+06
5.447417500000000000e+05
3.320865312500000000e+05
4.539577500000000000e+05
7.939596875000000000e+05
1.101338500000000000e+06
1.653166562500000000e+05
2.662229375000000000e+05
4.563320312500000000e+05
1.390979250000000000e+06
4.113641562500000000e+05
6.770448125000000000e+05
1.778409843750000000e+05
1.366644375000000000e+06
3.615960000000000000e+06
6.765580500000000000e+06
1.956707875000000000e+06
1.071531625000000000e+06
1.085220875000000000e+06
9.566686875000000000e+05
2.768785312500000000e+05
7.742543125000000000e+05
1.826472343750000000e+05
9.155686718750000000e+04
2.182782250000000000e+06
7.711467500000000000e+06
1.112031000000000000e+06
2.365743500000000000e+06
9.678284375000000000e+05
3.539995937500000000e+05
2.859777750000000000e+06
2.343004218750000000e+05
1.100255078125000000e+05
2.275912500000000000e+05
6.882066000000000000e+06
5.968741875000000000e+05
1.652922500000000000e+06
6.535175625000000000e+05
6.421272500000000000e+05
1.729296625000000000e+06
3.615960000000000000e+06
8.547182500000000000e+05
1.085220875000000000e+06
1.589060375000000000e+06
1.803580500000000000e+06
6.765580500000000000e+06
1.691505750000000000e+06
7.343871875000000000e+05
3.804807500000000000e+05
1.073021750000000000e+06
7.230883500000000000e+06
2.182782250000000000e+06
3.569793000000000000e+06
2.733963500000000000e+06
8.452149375000000000e+05
1.074017750000000000e+06
2.269509000000000000e+06
1.787441750000000000e+06
6.694340000000000000e+06
7.289174375000000000e+05
6.700522500000000000e+06
7.164164500000000000e+06
2.164540250000000000e+06
2.715172250000000000e+06
2.251100500000000000e+06
6.646280500000000000e+06
7.473128125000000000e+05
8.465540625000000000e+05
1.221653375000000000e+06
7.508031250000000000e+05
1.934378000000000000e+06
5.269047500000000000e+05
6.047796875000000000e+05
1.533785250000000000e+06
5.575418125000000000e+05
2.200241750000000000e+06
1.092425000000000000e+06
1.946369375000000000e+06
6.248218125000000000e+05
2.727218750000000000e+05
4.246421562500000000e+05
2.633995312500000000e+05
9.053048750000000000e+05
5.102783437500000000e+05
1.928220156250000000e+05
5.748370625000000000e+05
5.929357000000000000e+06
5.094664500000000000e+06
2.860077750000000000e+06
2.640350750000000000e+06
1.415989125000000000e+06
4.946145312500000000e+05
2.135637000000000000e+06
6.012120000000000000e+05
1.464198625000000000e+06
5.251256000000000000e+06
9.200500000000000000e+05
3.980159375000000000e+05
1.387567900000000000e+07
5.597220000000000000e+06
3.659431750000000000e+06
4.097451000000000000e+06
1.654909750000000000e+06
9.332045625000000000e+05
1.851468000000000000e+06
5.968451500000000000e+06
4.220062000000000000e+06
6.985278750000000000e+05
1.251468000000000000e+07
4.541533500000000000e+06
5.145986000000000000e+06
3.745698500000000000e+06
1.565796000000000000e+06
3.624048500000000000e+06
7.022716500000000000e+06
6.765580500000000000e+06
1.956707875000000000e+06
1.362343625000000000e+06
7.742543125000000000e+05
2.717200312500000000e+05
1.912481093750000000e+05
2.365743500000000000e+06
1.813345500000000000e+06
5.251955000000000000e+05
4.005703437500000000e+05
1.099366875000000000e+06
5.110051000000000000e+06
2.875195937500000000e+05
2.585802250000000000e+06
1.067875500000000000e+06
2.640350750000000000e+06
2.135637000000000000e+06
3.274971875000000000e+05
1.415989125000000000e+06
2.476113281250000000e+05
3.641999062500000000e+05
7.336639500000000000e+06
1.129731900000000000e+07
2.596804500000000000e+06
7.867846875000000000e+05
1.593415000000000000e+05
9.519380000000000000e+05
4.097451000000000000e+06
7.357605000000000000e+05
1.160909375000000000e+06
3.803784375000000000e+05
1.090137000000000000e+07
3.342985500000000000e+06
6.509088500000000000e+06
4.068342187500000000e+05
3.367120000000000000e+06
6.062112000000000000e+06
7.223805625000000000e+05
9.789549375000000000e+05
9.177024375000000000e+05
2.598976718750000000e+05
2.875195937500000000e+05
3.745698500000000000e+06
3.143246875000000000e+05
9.200084000000000000e+06
7.834953125000000000e+05
1.409680625000000000e+06
4.497133750000000000e+05
8.905701875000000000e+05
4.495238437500000000e+05
8.613323750000000000e+05
4.198690000000000000e+05
6.416198125000000000e+05
1.095966875000000000e+06
2.274133281250000000e+05
5.701080625000000000e+05
3.670756500000000000e+06
2.801121250000000000e+05
2.173922031250000000e+05
4.632371875000000000e+05
5.640456875000000000e+05
4.822420937500000000e+05
1.728712968750000000e+05
9.653791250000000000e+05
1.097105500000000000e+06
5.200878500000000000e+06
1.128741750000000000e+06
4.005802500000000000e+05
1.142599375000000000e+06
5.157455937500000000e+05
1.504342750000000000e+06
2.692799375000000000e+05
1.955666750000000000e+06
1.740873125000000000e+06
1.046408312500000000e+06
9.585646875000000000e+05
6.950285500000000000e+06
1.088003250000000000e+06
5.141884500000000000e+06
4.046988250000000000e+06
3.978334062500000000e+05
1.133958500000000000e+06
1.490981375000000000e+06
3.014052750000000000e+06
1.729182875000000000e+06
1.040154000000000000e+06
6.897302500000000000e+06
4.015992250000000000e+06
2.993504750000000000e+06
3.769898750000000000e+05
1.610329875000000000e+06
1.258147500000000000e+06
5.562687500000000000e+05
6.483248750000000000e+05
1.476147000000000000e+06
1.022577687500000000e+06
3.798281875000000000e+05
1.376276718750000000e+05
3.936104687500000000e+05
1.818603500000000000e+06
6.205823125000000000e+05
1.051429000000000000e+06
1.754257656250000000e+05
1.700103125000000000e+06
3.615960000000000000e+06
2.135637000000000000e+06
6.544437500000000000e+05
4.054293500000000000e+06
1.181262000000000000e+06
4.561523125000000000e+05
9.971427000000000000e+06
1.286149875000000000e+06
1.397907750000000000e+06
1.860984750000000000e+06
5.451061500000000000e+06
3.745698500000000000e+06
4.608643125000000000e+05
6.969010000000000000e+05
2.136908250000000000e+06
6.459728125000000000e+05
1.085220875000000000e+06
1.088245000000000000e+06
4.854777187500000000e+05
1.302688984375000000e+05
6.238918125000000000e+05
3.011754000000000000e+06
3.857099375000000000e+05
1.714223250000000000e+06
2.938595000000000000e+05
1.065977875000000000e+06
9.792990000000000000e+06
3.733049250000000000e+06
1.585859875000000000e+06
8.100880000000000000e+05
2.496188125000000000e+05
5.116488000000000000e+06
1.095847625000000000e+06
2.640350750000000000e+06
9.021341875000000000e+05
8.440976875000000000e+05
1.263257250000000000e+06
6.777062500000000000e+06
9.626152000000000000e+06
6.356584000000000000e+06
2.885510250000000000e+06
1.532641750000000000e+06
6.305282000000000000e+06
2.347264687500000000e+05
4.806413000000000000e+06
2.997818750000000000e+06
9.411470000000000000e+06
1.128310250000000000e+06
7.039526500000000000e+06
5.618425000000000000e+06
5.886649500000000000e+06
9.019420000000000000e+06
1.942867187500000000e+05
3.615960000000000000e+06
6.765580500000000000e+06
1.049337734375000000e+05
1.125762875000000000e+06
4.284315500000000000e+06
1.589556875000000000e+05
1.085220875000000000e+06
1.722151953125000000e+04
2.897152148437500000e+04
8.817633125000000000e+05
5.220898750000000000e+05
9.852149218750000000e+04
2.182782250000000000e+06
2.558607500000000000e+05
7.725196250000000000e+05
1.185208125000000000e+06
1.389640937500000000e+05
1.883219625000000000e+06
7.635145312500000000e+04
4.297173750000000000e+05
4.115403437500000000e+05
2.274740625000000000e+05
4.539547187500000000e+05
4.247243437500000000e+05
3.374760625000000000e+05
6.298310625000000000e+05
1.167093500000000000e+06
4.599234062500000000e+05
2.037199750000000000e+06
1.073021750000000000e+06
1.677019125000000000e+06
9.575495625000000000e+05
6.249076250000000000e+05
1.160281750000000000e+06
2.025709375000000000e+06
9.521796250000000000e+05
1.415989125000000000e+06
9.343097500000000000e+05
1.589415000000000000e+06
1.811725750000000000e+06
3.746638000000000000e+06
2.161235937500000000e+05
7.223805625000000000e+05
2.112300195312500000e+04
8.946562500000000000e+05
9.151381250000000000e+05
1.837488085937500000e+04
2.652844375000000000e+05
6.936320312500000000e+04
2.056504101562500000e+04
5.837118125000000000e+05
8.872276875000000000e+05
1.322064531250000000e+05
1.999195000000000000e+05
4.624272656250000000e+04
7.618814843750000000e+04
2.897423125000000000e+05
1.722007812500000000e+05
8.991914062500000000e+04
5.400310156250000000e+04
2.541367968750000000e+05
1.467426406250000000e+05
1.780218750000000000e+05
4.861963671875000000e+04
1.060193437500000000e+05
9.841181250000000000e+04
5.334550000000000000e+05
3.020900000000000000e+05
1.460269000000000000e+06
5.462857500000000000e+05
4.220569000000000000e+06
2.534264843750000000e+05
7.288469531250000000e+04
2.348583437500000000e+05
9.177024375000000000e+05
4.726738750000000000e+05
2.219447250000000000e+06
9.938393750000000000e+05
9.403013750000000000e+05
1.085220875000000000e+06
5.562093750000000000e+05
1.136907000000000000e+06
5.232657500000000000e+05
2.335485250000000000e+06
3.932044750000000000e+06
5.715593750000000000e+05
9.785760000000000000e+05
1.041508937500000000e+06
1.000517125000000000e+06
3.798281875000000000e+05
1.996494000000000000e+06
6.298310625000000000e+05
4.415887187500000000e+05
4.576096500000000000e+06
1.235841750000000000e+06
1.603181500000000000e+06
7.224376000000000000e+06
3.881331250000000000e+06
2.195613750000000000e+06
4.372146500000000000e+06
1.558855750000000000e+06
6.971603125000000000e+05
2.404355750000000000e+06
2.164197500000000000e+06
5.365172500000000000e+05
4.299681000000000000e+06
2.289238250000000000e+06
1.569632250000000000e+06
3.696108250000000000e+06
6.396006000000000000e+06
2.968388250000000000e+06
7.125116250000000000e+05
1.781718250000000000e+06
2.657777500000000000e+06
2.455425250000000000e+06
3.463490750000000000e+06
3.365836000000000000e+06
8.339327500000000000e+05
1.064090625000000000e+06
5.294691875000000000e+05
5.081522812500000000e+05
1.008608625000000000e+06
1.028312375000000000e+06
2.175730750000000000e+06
5.157455937500000000e+05
4.033614687500000000e+05
1.140408000000000000e+06
3.437996750000000000e+06
9.550835000000000000e+05
3.343789000000000000e+06
8.279694375000000000e+05
3.276933750000000000e+05
5.268691250000000000e+05
5.060900625000000000e+05
1.023059562500000000e+06
2.275606562500000000e+05
4.011410937500000000e+05
1.134879125000000000e+06
9.504902500000000000e+05
3.268372812500000000e+05
2.269347656250000000e+05
2.640350750000000000e+06
1.415989125000000000e+06
1.987968875000000000e+06
2.135637000000000000e+06
1.132704750000000000e+06
1.490878875000000000e+06
4.097451000000000000e+06
2.841714750000000000e+06
2.369446500000000000e+06
2.065731750000000000e+06
6.450051500000000000e+06
2.229368750000000000e+06
1.976471500000000000e+06
1.136907000000000000e+06
1.893371718750000000e+05
4.595682187500000000e+05
1.611565000000000000e+06
1.250309125000000000e+06
3.745698500000000000e+06
7.148365625000000000e+05
7.744604375000000000e+05
2.974061250000000000e+06
3.782821000000000000e+06
1.833622125000000000e+06
4.066824250000000000e+06
1.731238750000000000e+06
1.015080687500000000e+06
2.497793125000000000e+05
4.182687812500000000e+05
1.460243875000000000e+06
3.105675000000000000e+06
2.035302250000000000e+06
2.673049250000000000e+06
3.260706000000000000e+06
3.705051250000000000e+06
2.266598593750000000e+05
1.894571875000000000e+06
3.769898750000000000e+05
1.885307625000000000e+06
1.413843750000000000e+06
9.784583125000000000e+05
3.279065937500000000e+05
3.564060312500000000e+05
1.498043625000000000e+06
2.011599375000000000e+05
5.675665000000000000e+05
5.682820625000000000e+05
6.762543125000000000e+05
5.334550000000000000e+05
3.745698500000000000e+06
4.571662187500000000e+05
5.701891250000000000e+05
1.853208750000000000e+05
7.483197500000000000e+05
9.451490625000000000e+05
5.580823125000000000e+05
5.423013125000000000e+05
1.008732812500000000e+06
1.266713625000000000e+06
6.004962500000000000e+05
7.223805625000000000e+05
8.137977500000000000e+05
2.608062000000000000e+06
8.448685000000000000e+05
1.911769000000000000e+06
1.195758625000000000e+06
5.407442500000000000e+05
1.576913750000000000e+06
2.301156750000000000e+06
1.540340375000000000e+06
7.742543125000000000e+05
6.765580500000000000e+06
4.387933125000000000e+05
1.956707875000000000e+06
5.958332031250000000e+04
9.010052500000000000e+05
2.365743500000000000e+06
2.543768750000000000e+05
1.476183500000000000e+06
6.317531250000000000e+05
1.433024750000000000e+06
3.745698500000000000e+06
1.235841750000000000e+06
6.765580500000000000e+06
2.549527031250000000e+05
2.640350750000000000e+06
3.769898750000000000e+05
1.714864218750000000e+05
4.054293500000000000e+06
2.035874687500000000e+05
6.128915625000000000e+05
6.057719500000000000e+06
7.398090625000000000e+05
3.986264062500000000e+05
4.083333500000000000e+06
7.188920625000000000e+05
2.098640750000000000e+06
8.492213000000000000e+06
7.331947500000000000e+05
1.833070156250000000e+05
1.240183000000000000e+06
5.678682000000000000e+06
1.993001250000000000e+06
2.204232656250000000e+05
2.126517750000000000e+06
2.806982500000000000e+06
2.244339750000000000e+06
1.125762875000000000e+06
1.674149375000000000e+06
1.470811250000000000e+05
2.135637000000000000e+06
1.369067500000000000e+05
1.648390000000000000e+05
3.525398500000000000e+06
1.192308984375000000e+05
7.976511250000000000e+05
2.519586093750000000e+05
8.122176875000000000e+05
1.061453000000000000e+07
2.432815750000000000e+06
2.288657750000000000e+06
6.877583593750000000e+04
4.441899500000000000e+06
1.379725500000000000e+06
1.602992968750000000e+05
1.102915250000000000e+06
3.128247656250000000e+04
2.445394375000000000e+05
8.434030000000000000e+06
8.058345000000000000e+06
5.162973125000000000e+05
2.044995625000000000e+06
1.309910937500000000e+05
4.741389375000000000e+05
3.395688000000000000e+06
2.757375312500000000e+05
3.869984062500000000e+05
2.621522812500000000e+05
9.276080000000000000e+06
1.167403000000000000e+06
1.049301250000000000e+06
3.785166250000000000e+05
7.823082500000000000e+05
1.593426375000000000e+06
7.838743125000000000e+05
6.174546875000000000e+05
9.177024375000000000e+05
2.904669375000000000e+05
3.497643250000000000e+06
2.037199750000000000e+06
6.714762500000000000e+05
1.235841750000000000e+06
3.738439375000000000e+05
7.579932500000000000e+05
3.152642000000000000e+06
6.407735000000000000e+05
3.497265625000000000e+05
2.501441000000000000e+06
3.944642500000000000e+05
4.991570000000000000e+05
3.608006250000000000e+06
2.149605250000000000e+06
9.016283750000000000e+05
6.230236875000000000e+05
2.014078375000000000e+06
1.898228875000000000e+06
2.866768750000000000e+05
1.156660125000000000e+06
2.071788750000000000e+06
1.082940125000000000e+06
4.054293500000000000e+06
6.765580500000000000e+06
1.885307625000000000e+06
1.714909875000000000e+06
1.235841750000000000e+06
3.798281875000000000e+05
7.133575000000000000e+05
6.298310625000000000e+05
1.221299250000000000e+06
3.367009687500000000e+05
4.083333500000000000e+06
4.024952750000000000e+06
4.260090000000000000e+06
2.377885500000000000e+06
6.550794000000000000e+06
2.022366250000000000e+06
1.558855750000000000e+06
1.260247750000000000e+06
2.313965312500000000e+05
5.980866875000000000e+05
6.223152500000000000e+06
4.638727000000000000e+06
3.903042000000000000e+06
2.893496250000000000e+06
1.493918875000000000e+06
7.652587500000000000e+06
3.798281875000000000e+05
1.064007500000000000e+06
1.619542875000000000e+06
4.115446562500000000e+05
3.102246750000000000e+06
2.332945000000000000e+06
4.222920937500000000e+05
1.874067875000000000e+06
4.182018125000000000e+05
1.575032000000000000e+06
5.188840000000000000e+06
1.503860875000000000e+06
4.099464687500000000e+05
3.479992500000000000e+06
3.411224687500000000e+05
2.281207500000000000e+06
6.842328500000000000e+06
9.501550000000000000e+05
1.140537375000000000e+06
1.072560250000000000e+06
6.873178500000000000e+06
1.733194750000000000e+06
2.274358250000000000e+06
2.557664000000000000e+06
3.284644750000000000e+06
6.811021000000000000e+06
2.135637000000000000e+06
3.615960000000000000e+06
1.589060375000000000e+06
4.054293500000000000e+06
7.649458125000000000e+05
1.691505750000000000e+06
9.971427000000000000e+06
2.110373750000000000e+06
3.569793000000000000e+06
4.007457000000000000e+06
9.862684000000000000e+06
1.415989125000000000e+06
1.085220875000000000e+06
1.930389375000000000e+05
3.745698500000000000e+06
2.524004062500000000e+05
9.586835000000000000e+05
1.270294375000000000e+06
2.635027812500000000e+05
5.810210000000000000e+05
1.571450750000000000e+06
7.336528750000000000e+05
2.696052500000000000e+06
7.570844375000000000e+05
1.166309125000000000e+06
8.152660000000000000e+05
1.197512750000000000e+06
2.415845500000000000e+06
1.522952500000000000e+06
2.714460312500000000e+05
3.976403750000000000e+05
2.010458437500000000e+05
1.357784375000000000e+06
5.151053000000000000e+06
2.447791500000000000e+06
2.448669500000000000e+06
7.099809375000000000e+05
9.306041875000000000e+05
4.512185500000000000e+06
1.165712000000000000e+06
1.868500125000000000e+06
2.262674218750000000e+05
4.997783500000000000e+06
1.326585625000000000e+06
4.302938500000000000e+06
2.223296250000000000e+06
3.510622750000000000e+06
4.654955500000000000e+06
4.198253500000000000e+06
6.528890625000000000e+05
1.408460625000000000e+06
7.498056250000000000e+05
5.758214375000000000e+05
3.493902187500000000e+05
7.129120000000000000e+05
1.724170500000000000e+06
5.943765000000000000e+05
4.402818125000000000e+05
6.058955625000000000e+05
1.076024125000000000e+06
6.174546875000000000e+05
5.163420937500000000e+05
4.054293500000000000e+06
1.688033000000000000e+06
7.633789375000000000e+05
4.104572750000000000e+06
1.069954125000000000e+06
6.159080000000000000e+05
4.030638000000000000e+06
4.105680750000000000e+06
2.640350750000000000e+06
2.135637000000000000e+06
1.473046125000000000e+06
2.667335000000000000e+05
1.415989125000000000e+06
3.731892250000000000e+06
2.269319375000000000e+05
1.157494500000000000e+06
1.430756406250000000e+05
6.593715625000000000e+05
4.097451000000000000e+06
6.285848000000000000e+06
6.070413125000000000e+05
5.249323500000000000e+06
3.421050625000000000e+05
8.092417500000000000e+05
1.282509625000000000e+06
2.021226250000000000e+05
1.062578750000000000e+06
4.873383125000000000e+05
4.507712000000000000e+06
1.179687000000000000e+06
2.256093250000000000e+06
1.400207875000000000e+06
6.494783750000000000e+05
2.692280750000000000e+06
2.640350750000000000e+06
1.175873750000000000e+06
7.950440000000000000e+05
2.777258000000000000e+06
8.940154000000000000e+06
3.254963125000000000e+05
2.098885000000000000e+06
2.622740750000000000e+06
3.745698500000000000e+06
6.298310625000000000e+05
7.434925625000000000e+05
9.784583125000000000e+05
2.306696718750000000e+05
1.044461562500000000e+05
9.509354375000000000e+05
2.372419750000000000e+06
2.027992000000000000e+06
1.350785625000000000e+06
2.169972031250000000e+05
9.076018125000000000e+05
1.349604750000000000e+06
1.174443625000000000e+06
6.424236875000000000e+05
2.366189218750000000e+05
7.013969375000000000e+05
2.556929375000000000e+05
1.310700375000000000e+06
7.816176250000000000e+05
1.087541625000000000e+06
4.020230625000000000e+05
1.282590375000000000e+06
3.745698500000000000e+06
3.769898750000000000e+05
3.254500625000000000e+05
7.343871875000000000e+05
1.803580500000000000e+06
2.000207812500000000e+05
6.765580500000000000e+06
1.539631125000000000e+06
1.312230000000000000e+06
2.464626500000000000e+06
5.038278500000000000e+06
8.918204375000000000e+05
7.398090625000000000e+05
1.182270750000000000e+06
2.205088437500000000e+05
2.269509000000000000e+06
6.543058125000000000e+05
8.046666250000000000e+05
4.840767000000000000e+06
3.187773000000000000e+06
1.603248875000000000e+06
2.689306500000000000e+06
4.098174687500000000e+05
1.596296375000000000e+06
2.001965875000000000e+06
1.122571250000000000e+06
6.220737500000000000e+05
1.379232968750000000e+05
3.382195312500000000e+04
1.942867187500000000e+05
1.076024125000000000e+06
1.017108812500000000e+06
6.802030625000000000e+05
5.942215234375000000e+04
3.446330859375000000e+04
2.417394250000000000e+06
1.692262500000000000e+06
3.088686562500000000e+05
5.417064375000000000e+05
1.892889531250000000e+05
2.744219335937500000e+04
6.334683125000000000e+05
8.562067187500000000e+04
3.672559687500000000e+05
9.514348437500000000e+04
1.269864375000000000e+06
9.022365000000000000e+05
6.559965625000000000e+05
1.769769375000000000e+05
1.456961093750000000e+05
5.318913750000000000e+05
2.640350750000000000e+06
4.054293500000000000e+06
2.648231250000000000e+05
3.769898750000000000e+05
3.400577187500000000e+05
6.374888125000000000e+05
8.492213000000000000e+06
1.029522187500000000e+06
1.769944625000000000e+06
2.854486562500000000e+05
4.442980000000000000e+06
6.765580500000000000e+06
1.362343625000000000e+06
2.717200312500000000e+05
1.813345500000000000e+06
4.239117000000000000e+06
8.446873437500000000e+04
7.064142968750000000e+04
4.385945312500000000e+05
2.640350750000000000e+06
7.877390000000000000e+05
5.424875625000000000e+05
1.844332375000000000e+06
2.120847000000000000e+06
9.200084000000000000e+06
1.119563875000000000e+06
1.136907000000000000e+06
1.283579140625000000e+05
5.597351875000000000e+05
6.839830000000000000e+06
1.118742000000000000e+06
6.075295500000000000e+06
7.128175000000000000e+05
4.436747500000000000e+06
6.359361875000000000e+05
8.233913750000000000e+05
1.814804000000000000e+06
8.010718125000000000e+05
1.885307625000000000e+06
2.388141750000000000e+06
1.464014250000000000e+06
7.821291875000000000e+05
4.218710625000000000e+05
8.369955000000000000e+05
6.972253750000000000e+05
7.148557500000000000e+05
6.050300625000000000e+05
1.581404625000000000e+06
7.830838125000000000e+05
1.703399125000000000e+06
1.492774000000000000e+06
1.672210375000000000e+06
2.141610750000000000e+06
7.195073125000000000e+05
8.375720000000000000e+05
6.643074375000000000e+05
6.718592500000000000e+05
1.516511750000000000e+06
1.364228750000000000e+06
7.951804375000000000e+05
1.136907000000000000e+06
1.976471500000000000e+06
2.388704250000000000e+06
2.692799375000000000e+05
3.745698500000000000e+06
2.037199750000000000e+06
1.073021750000000000e+06
4.875242812500000000e+05
8.883630625000000000e+05
1.677019125000000000e+06
4.066824250000000000e+06
4.345107500000000000e+06
1.130224000000000000e+06
3.300391500000000000e+06
1.970116500000000000e+06
2.378695500000000000e+06
2.568705000000000000e+05
3.724166500000000000e+06
2.025709375000000000e+06
4.855078125000000000e+05
2.216591500000000000e+06
4.051151000000000000e+06
4.326054000000000000e+06
3.295208750000000000e+06
2.560008437500000000e+05
2.210124000000000000e+06
1.045918437500000000e+06
6.174546875000000000e+05
9.177024375000000000e+05
3.148074062500000000e+05
4.763445500000000000e+06
8.940154000000000000e+06
1.573686750000000000e+06
1.235841750000000000e+06
6.522045000000000000e+05
1.430071750000000000e+06
4.678646000000000000e+06
9.002776875000000000e+05
1.101834500000000000e+06
2.501441000000000000e+06
5.146018750000000000e+05
8.108199375000000000e+05
4.430096500000000000e+06
4.121506250000000000e+06
6.029840000000000000e+06
1.271804750000000000e+06
3.159748500000000000e+06
4.839954000000000000e+06
7.827171875000000000e+05
1.656350000000000000e+06
5.393126500000000000e+06
3.417021000000000000e+06
3.254963125000000000e+05
8.940154000000000000e+06
1.669918554687500000e+04
3.745698500000000000e+06
3.141980273437500000e+04
7.147553222656250000e+03
9.509354375000000000e+05
6.688420312500000000e+04
6.809979687500000000e+04
2.044092343750000000e+05
1.310450703125000000e+05
2.585802250000000000e+06
5.110051000000000000e+06
9.528791250000000000e+05
2.135637000000000000e+06
4.601054375000000000e+05
5.899755000000000000e+05
1.129731900000000000e+07
1.493506000000000000e+06
4.347096500000000000e+06
1.120574250000000000e+06
1.101631100000000000e+07
3.254963125000000000e+05
1.830233437500000000e+05
1.955155000000000000e+05
9.548562500000000000e+04
1.085220875000000000e+06
2.131980250000000000e+06
3.535994062500000000e+05
2.879778250000000000e+06
7.655816406250000000e+04
6.390957500000000000e+05
1.072538750000000000e+06
3.553417187500000000e+05
6.863772500000000000e+05
6.915871875000000000e+05
3.933605312500000000e+05
6.174546875000000000e+05
4.853941500000000000e+06
8.465540625000000000e+05
6.512162500000000000e+05
5.477809375000000000e+05
1.222476250000000000e+06
3.963213250000000000e+06
7.676761250000000000e+05
4.252605000000000000e+06
1.119357750000000000e+06
5.404686000000000000e+06
9.784583125000000000e+05
3.313949375000000000e+05
7.490780625000000000e+05
8.591992500000000000e+05
5.123952500000000000e+05
1.163019250000000000e+06
1.024269187500000000e+06
9.200084000000000000e+06
1.290840125000000000e+06
1.545608375000000000e+06
5.948551250000000000e+05
7.838496250000000000e+05
1.310396625000000000e+06
6.944793000000000000e+06
8.408156875000000000e+05
2.640350750000000000e+06
3.798281875000000000e+05
1.235841750000000000e+06
4.517444062500000000e+05
9.784583125000000000e+05
3.745698500000000000e+06
3.313873437500000000e+05
6.298310625000000000e+05
4.519249062500000000e+05
2.219447250000000000e+06
1.468942750000000000e+06
6.057719500000000000e+06
7.843776250000000000e+05
1.558855750000000000e+06
2.542992343750000000e+05
1.291070250000000000e+06
1.349604750000000000e+06
7.840410000000000000e+05
1.594003875000000000e+06
6.096677500000000000e+05
3.090458750000000000e+06
1.791088125000000000e+06
2.996701000000000000e+06
1.194356875000000000e+06
1.214586875000000000e+06
3.366172750000000000e+06
4.763445500000000000e+06
8.940154000000000000e+06
7.475694375000000000e+05
1.235841750000000000e+06
3.556054687500000000e+05
1.285216750000000000e+06
4.430096500000000000e+06
1.542607375000000000e+06
2.550099000000000000e+06
2.272853500000000000e+06
4.959117500000000000e+06
6.765580500000000000e+06
3.089028125000000000e+05
4.599510000000000000e+05
2.228624750000000000e+06
1.076024125000000000e+06
9.703458750000000000e+05
5.308029375000000000e+05
1.843728125000000000e+05
4.768227000000000000e+06
3.504480625000000000e+05
6.350033750000000000e+05
2.087586000000000000e+06
5.604867500000000000e+05
4.831244687500000000e+05
1.020006375000000000e+06
6.618778125000000000e+05
9.620191250000000000e+05
5.817878125000000000e+05
4.783811250000000000e+05
3.255165000000000000e+05
4.158720000000000000e+05
3.341321750000000000e+06
1.700051093750000000e+05
1.296809750000000000e+06
5.580248750000000000e+05
8.182835625000000000e+05
4.880434062500000000e+05
3.926996875000000000e+05
2.343153906250000000e+05
4.040567812500000000e+05
2.135637000000000000e+06
5.110051000000000000e+06
8.465540625000000000e+05
2.585802250000000000e+06
1.484692750000000000e+06
1.290840125000000000e+06
1.129731900000000000e+07
2.007996625000000000e+06
4.307503500000000000e+06
2.880245500000000000e+06
1.184014400000000000e+07
6.298310625000000000e+05
9.478435000000000000e+05
3.798281875000000000e+05
1.067616484375000000e+05
3.741878000000000000e+06
1.235841750000000000e+06
7.749406875000000000e+05
2.812937000000000000e+06
2.127607031250000000e+05
2.908497187500000000e+05
1.276822625000000000e+06
1.558855750000000000e+06
6.366157500000000000e+05
1.230345250000000000e+06
2.569386250000000000e+05
1.425673125000000000e+05
6.244102000000000000e+06
1.409698250000000000e+06
8.629323125000000000e+05
7.803403750000000000e+05
2.707239750000000000e+06
1.109331000000000000e+06
1.457647625000000000e+06
5.910601250000000000e+05
2.949642500000000000e+06
2.368646750000000000e+06
2.714460312500000000e+05
1.885307625000000000e+06
7.245725625000000000e+05
3.276321562500000000e+05
1.308434875000000000e+06
6.590924375000000000e+05
1.346902656250000000e+05
1.647626625000000000e+06
7.214284375000000000e+05
2.536513437500000000e+05
3.553648250000000000e+06
1.791891250000000000e+06
1.003852812500000000e+05
1.137857250000000000e+06
7.533622500000000000e+05
5.849930000000000000e+05
2.865407000000000000e+06
5.467037500000000000e+05
2.272039218750000000e+05
2.374709375000000000e+05
5.213721000000000000e+06
1.344517500000000000e+06
8.557100000000000000e+05
6.989763750000000000e+05
8.312362500000000000e+05
3.026594000000000000e+06
1.235841750000000000e+06
2.640350750000000000e+06
6.500453750000000000e+05
3.745698500000000000e+06
5.244162500000000000e+05
7.779773750000000000e+05
6.057719500000000000e+06
1.159820375000000000e+06
2.657030000000000000e+06
2.282106000000000000e+06
4.908297500000000000e+06
6.765580500000000000e+06
3.752408750000000000e+05
1.140050468750000000e+05
8.139111250000000000e+05
1.515933906250000000e+05
3.137571562500000000e+05
3.118554062500000000e+05
4.004519375000000000e+05
2.839374687500000000e+05
7.582304375000000000e+05
3.507901250000000000e+05
3.769898750000000000e+05
4.347400312500000000e+05
1.248200500000000000e+06
3.780985000000000000e+05
2.600110250000000000e+06
6.415053750000000000e+05
7.115127500000000000e+05
1.305607875000000000e+06
1.138617000000000000e+06
4.517444062500000000e+05
3.860949000000000000e+06
2.179383500000000000e+06
4.852416250000000000e+05
1.239730125000000000e+06
2.831130250000000000e+06
1.315504000000000000e+06
1.306395000000000000e+06
1.859485750000000000e+06
3.615960000000000000e+06
9.101215000000000000e+05
1.270209500000000000e+06
2.861840000000000000e+06
1.175276125000000000e+06
1.342732625000000000e+06
3.195397500000000000e+06
2.926238750000000000e+06
5.437593500000000000e+06
4.662215500000000000e+06
9.053687500000000000e+05
2.135637000000000000e+06
1.311493281250000000e+05
7.794317187500000000e+04
1.244493500000000000e+07
1.359723000000000000e+06
1.295348625000000000e+06
1.144289765625000000e+05
2.263958000000000000e+06
6.765580500000000000e+06
1.250228250000000000e+06
1.439723250000000000e+06
8.705017000000000000e+06
3.745698500000000000e+06
1.545608375000000000e+06
1.460269000000000000e+06
1.626829125000000000e+06
1.145633750000000000e+06
7.630390000000000000e+05
1.570196875000000000e+06
1.396223625000000000e+06
8.547182500000000000e+05
3.615960000000000000e+06
1.484692750000000000e+06
1.803580500000000000e+06
2.940069375000000000e+05
1.308665750000000000e+06
9.131905625000000000e+05
2.892285000000000000e+06
1.332570500000000000e+06
3.523065750000000000e+06
9.054759375000000000e+05
1.764657375000000000e+06
7.230883500000000000e+06
6.783658750000000000e+05
2.492996500000000000e+06
1.696204875000000000e+06
6.142573500000000000e+06
1.655354875000000000e+06
2.957543500000000000e+06
3.668307000000000000e+06
5.412402500000000000e+06
6.033924000000000000e+06
1.976471500000000000e+06
2.214692343750000000e+05
1.185079687500000000e+05
7.120185000000000000e+05
1.885307625000000000e+06
6.765580500000000000e+06
1.723624625000000000e+06
6.298310625000000000e+05
1.957276406250000000e+05
1.429647750000000000e+06
2.377885500000000000e+06
3.807748125000000000e+05
5.043922500000000000e+06
3.589205937500000000e+05
1.241628000000000000e+06
4.054293500000000000e+06
3.928491875000000000e+05
9.379396875000000000e+05
1.741987375000000000e+06
1.976471500000000000e+06
4.005802500000000000e+05
1.136907000000000000e+06
2.010458437500000000e+05
7.223805625000000000e+05
3.745698500000000000e+06
9.147943750000000000e+05
9.177024375000000000e+05
4.492730937500000000e+05
8.387381875000000000e+05
1.941313875000000000e+06
4.066824250000000000e+06
1.792444875000000000e+06
1.780277875000000000e+06
3.183609687500000000e+05
9.285518750000000000e+05
8.905701875000000000e+05
5.976836250000000000e+05
2.905244750000000000e+06
7.535354375000000000e+05
1.563672500000000000e+06
1.447154000000000000e+06
3.246002500000000000e+06
1.440328875000000000e+06
7.104259375000000000e+05
1.166874250000000000e+06
1.861481875000000000e+06
9.580665625000000000e+05
7.467257500000000000e+05
1.906963500000000000e+06
2.332945000000000000e+06
4.558696562500000000e+05
3.072624687500000000e+05
8.582796250000000000e+05
1.053017900000000000e+07
3.769898750000000000e+05
3.615960000000000000e+06
3.512678750000000000e+05
2.859821250000000000e+06
1.443980500000000000e+06
1.882071093750000000e+05
1.415989125000000000e+06
2.491547968750000000e+05
2.078433906250000000e+05
1.189738000000000000e+06
2.990736750000000000e+06
3.301796000000000000e+06
1.094096500000000000e+06
1.338497343750000000e+05
2.934958750000000000e+06
1.080942625000000000e+06
4.218960312500000000e+05
2.461503906250000000e+05
5.828485625000000000e+05
4.561297500000000000e+05
2.135195156250000000e+05
1.435970125000000000e+06
8.913902500000000000e+05
3.052501250000000000e+05
2.088209218750000000e+05
1.674149375000000000e+06
1.125762875000000000e+06
1.942867187500000000e+05
4.070475937500000000e+05
2.135637000000000000e+06
4.054293500000000000e+06
4.098021875000000000e+05
3.615960000000000000e+06
4.501806875000000000e+05
1.253267500000000000e+06
3.525398500000000000e+06
6.708713000000000000e+06
1.568320000000000000e+06
8.817633125000000000e+05
3.669618750000000000e+05
2.259444062500000000e+05
9.971427000000000000e+06
7.350269375000000000e+05
1.701512500000000000e+06
1.419669750000000000e+06
9.192787000000000000e+06
2.136289000000000000e+06
3.387240000000000000e+06
4.729945000000000000e+05
3.020746000000000000e+06
2.717843250000000000e+06
6.298310625000000000e+05
2.003495875000000000e+06
3.276049687500000000e+05
9.200084000000000000e+06
7.415388125000000000e+05
6.414607500000000000e+05
2.123358500000000000e+06
5.584310625000000000e+05
9.266560625000000000e+05
2.431393750000000000e+06
9.391193125000000000e+05
1.085220875000000000e+06
1.581585625000000000e+06
1.071302750000000000e+06
1.089780000000000000e+06
1.976471500000000000e+06
1.308434875000000000e+06
9.403013750000000000e+05
2.607017500000000000e+05
3.769898750000000000e+05
1.415989125000000000e+06
5.275176875000000000e+05
3.615960000000000000e+06
9.424317500000000000e+05
3.745172812500000000e+05
4.522960500000000000e+06
5.872917000000000000e+06
1.054312750000000000e+06
6.436458500000000000e+06
1.162781750000000000e+06
7.348888125000000000e+05
1.094096500000000000e+06
7.034386875000000000e+05
1.580952250000000000e+06
1.015753625000000000e+06
9.632323000000000000e+06
2.183088250000000000e+06
3.863549500000000000e+06
1.499086875000000000e+06
2.216866250000000000e+06
6.978679000000000000e+06
1.056565375000000000e+06
2.135637000000000000e+06
3.615960000000000000e+06
3.670283750000000000e+05
7.017348750000000000e+05
3.491667500000000000e+06
5.328672500000000000e+05
4.054293500000000000e+06
3.299424375000000000e+05
8.086137500000000000e+05
3.958533250000000000e+06
1.950010625000000000e+06
6.188855000000000000e+05
9.971427000000000000e+06
1.172436000000000000e+06
1.077800875000000000e+06
4.022777000000000000e+06
4.797361562500000000e+05
2.303086500000000000e+06
1.611597250000000000e+06
6.890925500000000000e+06
2.212277250000000000e+06
1.199180125000000000e+06
5.177248500000000000e+06
2.696358500000000000e+06
4.029600250000000000e+06
5.701891250000000000e+05
6.765580500000000000e+06
1.085220875000000000e+06
1.079110250000000000e+06
9.862877500000000000e+05
2.958537187500000000e+05
1.794246250000000000e+05
3.615960000000000000e+06
1.703339000000000000e+06
1.603868250000000000e+06
2.387775250000000000e+06
1.513268375000000000e+06
5.707238750000000000e+05
2.182782250000000000e+06
6.752714500000000000e+06
1.084763500000000000e+06
1.951299875000000000e+06
9.905049375000000000e+05
2.967732812500000000e+05
3.613974500000000000e+06
4.141087750000000000e+06
2.394502500000000000e+06
1.516947000000000000e+06
2.179179750000000000e+06
1.957103500000000000e+06
4.152231500000000000e+06
3.254963125000000000e+05
4.763445500000000000e+06
3.663628750000000000e+05
2.640350750000000000e+06
5.472035000000000000e+05
2.732180937500000000e+05
8.160498500000000000e+06
3.128995937500000000e+05
1.816584000000000000e+06
1.446053125000000000e+06
4.485490000000000000e+06
2.031236125000000000e+06
2.440072250000000000e+06
7.532831875000000000e+05
4.687187187500000000e+05
3.769898750000000000e+05
1.885307625000000000e+06
2.117698250000000000e+06
9.784583125000000000e+05
2.002373906250000000e+05
8.926448437500000000e+04
7.394887500000000000e+05
1.329695125000000000e+06
7.458161875000000000e+05
1.990733000000000000e+06
6.819164375000000000e+05
9.353759375000000000e+05
1.498043625000000000e+06
2.559989062500000000e+05
7.856076250000000000e+05
1.952507500000000000e+05
1.616327375000000000e+06
2.282994843750000000e+05
5.804676875000000000e+05
1.547000625000000000e+06
7.501203750000000000e+05
7.922858750000000000e+05
2.158994250000000000e+06
1.136724875000000000e+06
1.075250750000000000e+06
1.019351875000000000e+06
1.186735000000000000e+06
1.589060375000000000e+06
2.767496750000000000e+06
2.153471000000000000e+06
1.125130750000000000e+06
1.015101937500000000e+06
2.759363750000000000e+06
1.885307625000000000e+06
1.942867187500000000e+05
1.803580500000000000e+06
2.218239000000000000e+06
8.381185625000000000e+05
1.653166562500000000e+05
9.736790625000000000e+04
8.874958750000000000e+05
1.265298515625000000e+05
4.547830859375000000e+04
1.156544375000000000e+06
3.617708750000000000e+06
8.239121875000000000e+05
3.930444000000000000e+06
2.038534375000000000e+05
8.126964375000000000e+05
5.609723125000000000e+05
1.798793437500000000e+05
4.457871875000000000e+04
1.696664375000000000e+05
3.900422250000000000e+06
5.720834375000000000e+05
1.471727500000000000e+06
1.783006750000000000e+06
2.327759062500000000e+05
2.892770750000000000e+06
1.085220875000000000e+06
3.615960000000000000e+06
2.329546875000000000e+05
6.765580500000000000e+06
9.821314062500000000e+04
6.948841875000000000e+05
2.182782250000000000e+06
1.790391718750000000e+05
7.978428750000000000e+05
8.070290625000000000e+05
4.536158750000000000e+05
1.176036375000000000e+06
3.504463750000000000e+05
1.382122500000000000e+06
6.765580500000000000e+06
2.186886750000000000e+06
1.033042250000000000e+06
3.556743125000000000e+05
1.198241500000000000e+06
3.140855937500000000e+05
4.640789000000000000e+06
4.234640937500000000e+05
1.076024125000000000e+06
1.661813375000000000e+06
2.457327500000000000e+06
4.884643750000000000e+05
7.641372500000000000e+05
4.509089687500000000e+05
5.846088125000000000e+05
2.517456500000000000e+06
1.362485125000000000e+06
5.472540625000000000e+05
1.035867687500000000e+06
2.640350750000000000e+06
4.745297500000000000e+05
4.555715312500000000e+05
7.283018125000000000e+05
1.176036375000000000e+06
9.842074375000000000e+05
3.504463750000000000e+05
7.023011875000000000e+05
1.085220875000000000e+06
6.765580500000000000e+06
1.179183125000000000e+06
3.615960000000000000e+06
8.903214375000000000e+05
9.544270000000000000e+05
6.961689375000000000e+05
3.556743125000000000e+05
5.986373750000000000e+05
1.612024500000000000e+06
8.561875625000000000e+05
2.387166093750000000e+05
2.182782250000000000e+06
9.986287500000000000e+05
4.074522750000000000e+06
2.087064500000000000e+06
1.020837500000000000e+06
5.932037500000000000e+05
2.420821562500000000e+05
1.086205500000000000e+06
1.988507500000000000e+06
6.088456250000000000e+05
1.086043875000000000e+06
3.402424250000000000e+06
2.222963500000000000e+06
1.020297250000000000e+06
6.297494375000000000e+05
1.519137625000000000e+06
8.203306875000000000e+05
1.268692625000000000e+06
4.228195500000000000e+06
7.616250625000000000e+05
7.320307500000000000e+05
8.138055625000000000e+05
2.242392750000000000e+06
5.465896250000000000e+05
4.820365312500000000e+05
4.976827000000000000e+06
2.135637000000000000e+06
9.101215000000000000e+05
5.597385000000000000e+06
1.618616375000000000e+06
6.487751250000000000e+05
1.477194625000000000e+06
2.368418750000000000e+06
5.953602500000000000e+05
2.441818250000000000e+06
1.587524500000000000e+06
4.262679375000000000e+05
1.278897000000000000e+07
4.267111500000000000e+06
1.698458000000000000e+06
5.091964000000000000e+06
5.275887500000000000e+06
1.328198375000000000e+06
1.805185875000000000e+06
2.009492750000000000e+06
1.295765400000000000e+07
4.797048500000000000e+06
8.940154000000000000e+06
2.098885000000000000e+06
3.254963125000000000e+05
1.653341875000000000e+06
6.298310625000000000e+05
3.745698500000000000e+06
4.287157187500000000e+05
9.784583125000000000e+05
3.361523437500000000e+05
8.350858750000000000e+05
2.372419750000000000e+06
9.509354375000000000e+05
6.552724000000000000e+06
1.350785625000000000e+06
2.011647875000000000e+06
3.105054062500000000e+05
1.349604750000000000e+06
5.125217812500000000e+05
1.165936500000000000e+06
7.024224375000000000e+05
7.013969375000000000e+05
2.208360500000000000e+06
5.857718125000000000e+05
1.447199500000000000e+06
7.642530625000000000e+05
6.048033125000000000e+05
2.640350750000000000e+06
1.235841750000000000e+06
3.319225000000000000e+05
3.745698500000000000e+06
2.392841718750000000e+05
1.761850875000000000e+06
6.057719500000000000e+06
6.078970625000000000e+05
8.770249375000000000e+05
1.185279375000000000e+06
2.484963750000000000e+06
9.921963125000000000e+05
1.085220875000000000e+06
4.168213437500000000e+05
1.906472750000000000e+06
1.778306406250000000e+05
1.467045875000000000e+06
1.005509375000000000e+06
2.974093125000000000e+05
9.210675000000000000e+05
5.359465000000000000e+05
3.912373750000000000e+05
4.054293500000000000e+06
2.332945000000000000e+06
1.235841750000000000e+06
4.815389687500000000e+05
1.306395000000000000e+06
6.765580500000000000e+06
7.356005625000000000e+05
7.160797500000000000e+06
5.956379375000000000e+05
6.376796875000000000e+05
1.031211900000000000e+07
4.083333500000000000e+06
1.364543625000000000e+06
5.485197500000000000e+06
1.450654000000000000e+06
1.038657250000000000e+06
4.042714250000000000e+06
6.604742500000000000e+05
1.472772250000000000e+06
4.765192500000000000e+05
9.456347000000000000e+06
2.364451250000000000e+06
2.752433250000000000e+06
1.253523375000000000e+06
5.538856250000000000e+05
1.932490000000000000e+06
3.154528000000000000e+06
2.135637000000000000e+06
8.714106250000000000e+05
8.127251875000000000e+05
4.763445500000000000e+06
4.033426250000000000e+05
8.982555000000000000e+05
6.335963750000000000e+05
5.866389375000000000e+05
7.227643750000000000e+05
1.098861000000000000e+07
6.295272500000000000e+05
3.500082750000000000e+06
8.954731875000000000e+05
1.195926375000000000e+06
8.436003125000000000e+05
1.638875875000000000e+06
4.640546000000000000e+06
4.178170937500000000e+05
6.153508125000000000e+05
1.214506875000000000e+06
1.234401400000000000e+07
6.922463750000000000e+05
9.330265625000000000e+05
1.742713375000000000e+06
1.317374750000000000e+06
6.765580500000000000e+06
1.834990250000000000e+06
1.269035125000000000e+06
5.565867500000000000e+06
3.142909750000000000e+06
2.517094000000000000e+06
9.503742500000000000e+05
9.921669375000000000e+05
4.921142500000000000e+05
1.415989125000000000e+06
8.817163125000000000e+05
2.879778250000000000e+06
1.714509375000000000e+06
1.571032625000000000e+06
3.338183437500000000e+05
1.574476375000000000e+06
3.096506500000000000e+06
1.808640875000000000e+06
2.486974250000000000e+06
9.323728125000000000e+05
8.738148750000000000e+05
4.879959687500000000e+05
1.394932500000000000e+06
2.845902500000000000e+06
4.388996250000000000e+05
3.308255937500000000e+05
1.552658500000000000e+06
1.789599250000000000e+06
8.673770000000000000e+05
4.354861562500000000e+05
9.403013750000000000e+05
2.879778250000000000e+06
6.096241250000000000e+05
2.415845500000000000e+06
2.517585312500000000e+05
1.446029625000000000e+06
5.567789500000000000e+06
6.157505625000000000e+05
1.888681875000000000e+06
2.395267500000000000e+06
5.228065500000000000e+06
5.766990625000000000e+05
1.504342750000000000e+06
3.442740312500000000e+05
1.132673250000000000e+06
9.964635000000000000e+05
1.132948875000000000e+06
1.527782125000000000e+06
6.239566250000000000e+05
1.629069625000000000e+06
2.022315875000000000e+06
1.957222875000000000e+06
1.121422000000000000e+06
1.334059500000000000e+06
2.108012250000000000e+06
2.551865500000000000e+06
3.745698500000000000e+06
3.856815937500000000e+05
1.204882125000000000e+06
2.615043250000000000e+06
3.615960000000000000e+06
1.216475250000000000e+06
6.912265000000000000e+05
1.376760250000000000e+06
9.177024375000000000e+05
6.174546875000000000e+05
7.223805625000000000e+05
5.463296484375000000e+04
1.235841750000000000e+06
3.745698500000000000e+06
6.601110156250000000e+04
2.640383500000000000e+06
7.972585449218750000e+03
5.286394921875000000e+04
2.501424500000000000e+06
8.905710000000000000e+05
2.204268437500000000e+05
1.895466500000000000e+06
4.579354296875000000e+04
1.817194375000000000e+05
6.057708000000000000e+06
9.062923437500000000e+04
5.109284375000000000e+05
1.653467500000000000e+05
1.944681000000000000e+06
4.155005312500000000e+05
3.208031250000000000e+05
4.491317500000000000e+05
7.151810000000000000e+05
6.375629375000000000e+05
6.765587500000000000e+06
1.235840500000000000e+06
1.064358750000000000e+06
4.054313000000000000e+06
1.664378000000000000e+06
7.549106875000000000e+05
4.083329750000000000e+06
6.616045000000000000e+06
1.214371500000000000e+06
3.983873250000000000e+06
4.005332250000000000e+06
5.549960000000000000e+05
2.307558250000000000e+06
8.265959375000000000e+05
5.385246250000000000e+05
2.640383500000000000e+06
2.135649250000000000e+06
3.791109062500000000e+05
1.415993250000000000e+06
2.636613750000000000e+05
2.184167187500000000e+05
4.844858500000000000e+06
2.429994000000000000e+06
4.463766562500000000e+05
1.527981750000000000e+06
1.139540375000000000e+06
8.341363750000000000e+05
4.097439000000000000e+06
7.953775625000000000e+05
5.428115000000000000e+05
2.920084062500000000e+05
8.908340000000000000e+06
2.917022000000000000e+06
1.852838750000000000e+06
1.277713000000000000e+06
1.689959500000000000e+06
7.353857500000000000e+06
1.383258000000000000e+07
1.782234750000000000e+06
1.305768500000000000e+06
7.393631500000000000e+06
1.421401125000000000e+06
8.176275625000000000e+05
1.521184500000000000e+06
9.320456875000000000e+05
1.956717250000000000e+06
9.566733125000000000e+05
1.061955234375000000e+05
3.615966750000000000e+06
2.024544625000000000e+06
3.593665312500000000e+05
6.349319500000000000e+06
1.592458625000000000e+06
8.929088750000000000e+05
2.501947000000000000e+06
9.933106250000000000e+05
1.026557562500000000e+06
7.711510500000000000e+06
1.744130000000000000e+06
2.484875312500000000e+05
1.314996125000000000e+06
7.224259000000000000e+06
4.275234000000000000e+06
1.569625000000000000e+06
1.217420000000000000e+06
6.102739000000000000e+06
5.546722500000000000e+06
