3.963826909807786958e+00
2.058363505985050690e+00
1.081071556526327582e+00
1.608555904435258643e+00
1.944855414624713674e+00
1.454870389394812280e+00
3.812297743477203849e+00
1.373263078204126764e+01
4.249579389201050716e+00
1.056349397471776586e+00
1.321646387728614203e+00
3.760501340533211057e+00
1.167433808988886712e+00
1.548932239674788880e+00
2.193294624182228425e+00
3.841702607174499740e+00
2.057364284711216129e+00
1.193252031097436383e+00
4.639589028064055931e+00
7.985694147714753832e+00
3.604024517838298802e+00
2.283632499488827960e+00
1.340678262028522028e+00
3.201250960192931760e+00
1.497098202416160317e+00
2.248374341562923373e+00
1.491663747222218728e+00
4.492460797587973786e+00
3.487646092852964674e+00
5.190308098265948189e+00
7.331312847704498203e+00
4.839771733945897658e+00
2.309242748529622524e+00
2.116374365465079066e+00
3.451408039446886011e+00
3.421849815176912113e+00
1.773529646402873805e+00
2.142652813184326099e+00
2.146015860531658603e+00
2.064603857101589224e+00
1.381755502482775233e+00
1.361137207459137466e+00
2.449842754909321130e+00
4.629365093064065739e+00
2.063166967751413505e+00
2.851557840271978783e+00
3.611265849748309886e+00
1.483630904620163005e+00
2.867616231967260898e+00
3.080834968237659233e+00
1.414982186096907846e+00
2.968465552914179906e+00
1.703520580399570106e+00
1.595138378324215012e+00
1.346505244221315678e+00
2.599065168276074811e+00
3.439221714041461819e+00
1.661158293506198591e+00
4.354386363051491848e+00
2.510015571632491671e+00
3.207710801115982502e+00
1.671813678926637570e+00
2.432526672209202712e+00
1.179667401034468766e+00
1.096396770725210601e+01
4.562626827410917407e+00
5.445009830296262621e+00
2.917100281839825282e+00
1.741142318565327640e+00
3.168609610821773614e+00
5.802262334572594327e+00
1.360271133988747660e+00
2.033916942636457836e+00
3.508360687542916967e+00
2.158633736035978412e+00
5.034869237387563423e+00
2.696083314267314179e+00
1.204551058565489274e+00
1.853992983515032611e+00
1.188356820867271901e+00
2.669140061894778704e+00
2.205217519135654669e+00
1.499128400715969089e+00
2.729634015484315945e+00
1.114173699807276430e+00
2.075617820124086244e+00
1.928269518110055980e+00
2.305406915712516103e+00
1.423996850764069011e+00
2.591018141221717475e+00
4.886758474873195368e+00
2.148641049822420879e+00
9.216045747838263580e+00
2.330230582717514931e+00
2.856124470785363023e+00
4.403831343178826963e+00
2.374528526756740643e+00
1.020282411397860356e+00
1.427946362628008892e+00
1.409316629579661084e+00
1.293580573064543326e+00
3.905026217879381534e+00
4.759452622935419264e+00
1.091346110839991779e+00
1.550099070984382710e+00
2.282944417647893243e+00
1.098495232023404711e+00
1.846527644141386926e+00
3.400128025706614654e+00
5.783213620880438555e+00
2.251794800580364075e+00
2.402153177243165239e+00
1.276157228514323894e+00
3.748668336148156754e+00
2.682345191329008394e+00
2.892306507402561788e+00
3.805799394097532318e+00
3.463243874675387080e+00
1.637511368990872018e+00
1.546741296952639955e+00
1.511603664628132337e+00
1.768227029817710516e+00
1.596696504203179323e+00
3.194191518685401299e+00
1.907927008303551997e+00
2.905988973949504395e+00
3.305897429793446918e+00
2.009039325547245181e+00
2.171468202160589112e+00
4.763561003049412435e+00
1.009307301231100462e+00
2.221271951210662454e+00
3.174596431706330879e+00
1.157542399477674344e+00
2.292935485294793185e+00
1.869503679908917082e+00
1.098818717487073160e+00
1.638356968314942597e+00
3.283570886850152970e+00
3.923134690681284287e+00
4.534558886979247028e+00
6.823822388772943448e+00
1.165755649303936270e+00
3.026985923384115651e+00
4.479074979829174019e+00
2.477428720253135097e+00
1.219988431214884539e+00
2.070196867576910460e+00
1.929540591478196454e+00
1.214808530431509048e+00
2.400450344750475029e+00
3.054693363192955147e+00
4.402717732271743678e+00
1.249533668318346891e+00
1.174446321398746829e+00
2.113273085718792021e+00
3.601196638204057887e+00
5.366937438431870433e+00
5.075944533201235842e+00
3.916203360138201361e+00
1.416162475308352775e+01
1.188208770712370077e+00
1.299118524437805400e+00
4.279188750378162709e+00
3.996658281911525723e+00
3.823456467513956625e+00
1.950717749528066980e+00
2.984617518099316857e+00
3.032341462955112643e+00
2.011623916272198276e+00
2.962005801692620732e+00
1.101398269390659879e+00
1.543249656071594700e+00
1.898532156967513762e+00
1.502300003190514488e+00
5.054998180151016207e+00
1.100030568581076507e+00
1.624970028345794626e+00
5.527862670767811792e+00
3.108076478297741030e+00
1.864455700782371217e+00
1.615894426548954099e+00
4.147339227259839944e+00
3.182314082599195348e+00
4.764408491990643313e+00
2.625708450002857131e+00
2.006948414328938224e+00
2.328388695419233656e+00
2.034468039458229960e+00
3.038909834786403419e+00
2.795847665894124923e+00
2.032101877353007957e+00
1.311054028944080629e+00
2.320025917313562225e+00
2.448069850927897750e+00
2.949613134940995529e+00
1.584978698297921929e+00
1.602588104994972174e+00
2.030509568481419169e+00
3.915623800197078008e+00
4.456876264828426137e+00
2.934311786771438779e+00
9.774246033517531629e+00
3.809197253731912536e+00
1.026356502027393702e+00
1.044212528925103856e+00
2.500083766019859155e+00
4.962007473849745054e+00
1.293959861970222169e+00
4.292985040398922258e+00
1.735961618374825211e+00
4.968881364310430371e+00
3.926044860668024050e+00
1.251768409183693365e+00
6.706596559758017939e+00
1.355493607242163057e+00
2.604458043036946613e+00
3.046419426215556836e+00
7.101158397433335878e+00
2.098153754897733592e+00
8.096850406759847019e+00
4.716139628916717008e+00
1.475653617735377621e+00
3.167557575420616001e+00
2.289393432452668797e+00
1.093419570959221820e+00
3.271904298224423968e+00
1.365852532606943059e+00
1.569366998771666522e+00
3.490139053236481548e+00
2.451582319376516050e+00
4.047762902622104697e+00
1.016839790936700183e+00
1.154261487870908320e+00
1.521834211390987290e+00
1.560109023741073520e+00
1.122101178617204909e+01
5.399579869899234552e+00
1.235905472900424185e+00
2.132423270461099918e+00
1.037957309622904889e+00
1.026263880109061333e+00
4.436194226156009890e+00
1.089757022536956610e+00
8.119812230002340314e+00
1.111080171113655979e+00
1.331312961081232871e+00
3.192481777744180071e+00
1.603520316034264370e+00
3.928701674344652339e+00
1.960879352356801775e+00
2.175308936844570162e+00
1.244605929519365883e+00
2.485750297103906714e+00
1.845017062381906436e+00
1.558319408172550435e+00
2.789410569364323855e+00
2.160885026322369562e+00
3.851046752393581407e+00
1.535927140395298096e+00
1.410524491906752997e+00
2.712207276253109089e+00
2.025138352677470888e+00
1.515879405600169649e+00
1.301518144273327682e+00
2.177216361092178865e+00
1.571486022177104536e+00
2.063035210479871928e+00
4.875025563501129255e+00
1.433462092801596199e+00
1.422628273989230197e+00
2.949013857077005696e+00
2.389188954933695541e+00
1.794523491426060602e+00
2.208470576985451128e+00
1.368826370772233680e+00
2.626070990337030953e+00
2.407529327289862131e+00
1.604533130464286694e+00
3.474242508604099999e+00
2.088485021714665102e+00
1.758115525875731500e+00
3.863634079855899017e+00
2.363014496183657887e+00
1.978558473492672443e+00
1.260186634618772228e+00
3.408634780766786498e+00
1.304707449950771148e+00
1.420411622316944733e+00
2.930421606042032501e+00
2.395700646596878425e+00
3.999660523540710333e+00
2.527069095477386895e+00
6.410672308146859066e+00
1.436959739947937686e+00
1.203383143912515330e+00
1.827815036973670315e+00
2.443332159824190164e+00
2.260904656555535741e+00
1.599400671787272632e+00
4.511701219683162734e+00
1.491094770527276570e+00
1.263975298263257274e+00
1.248926544020004581e+00
2.424991970204588565e+00
7.358169878906671180e+00
1.784949202751600517e+00
3.855652130001335998e+00
3.679214746375154554e+00
1.728930540175716679e+00
4.464384983427406084e+00
1.616399076013176783e+00
3.248760684516891928e+00
2.596535729237110957e+00
2.847335833038556974e+00
2.098385534989386070e+00
1.518866735829482284e+00
1.049958758110872248e+00
1.183917949925322066e+00
1.182866815845446284e+00
3.183770978623220671e+00
5.500590397773200912e+00
2.929892990173310174e+00
1.453349805585967935e+00
1.315748578152578840e+00
2.446391807363414550e+00
2.374393439479641987e+00
1.052901387909648712e+00
3.150691018312641312e+00
1.966705467306563371e+00
3.355165710191718720e+00
3.061331514102786144e+00
4.098428489781341000e+00
1.043618913249652724e+00
3.729942676675674473e+00
3.451603151990514373e+00
1.813367348203570817e+00
1.001970933104330053e+00
5.234360109902615577e+00
1.381705240403499291e+00
1.818174985564543045e+00
2.459606425198202828e+00
2.557369173577352051e+00
3.789802878664639163e+00
4.355925840657628889e+00
2.062043866357377464e+00
4.360581550347718327e+00
1.206931818215713603e+00
1.861152933174089030e+00
2.940382654889316161e+00
2.374756308445217012e+00
1.862257079770277990e+00
2.223968544531599978e+00
3.223714280488431783e+00
1.434394300808452760e+00
2.925468416385633041e+00
3.261299871174479392e+00
1.335119880190334785e+00
3.332168857787623395e+00
2.296562412640317241e+00
2.244381109614157488e+00
1.752298075470497984e+00
2.482420628455526579e+00
1.431613861327976966e+00
1.000403806392841544e+00
3.256730200799150321e+00
3.008558838369681077e+00
1.442160276354524040e+00
3.026914589243449250e+00
3.279243451666149500e+00
3.576067716780342742e+00
4.326421577787098904e+00
4.843624254999240542e+00
2.761861515257646005e+00
1.897968310855418173e+00
2.364803691756009130e+00
1.890951634217249655e+00
5.531491171597595624e+00
4.662323065247271359e+00
5.222127250900360451e+00
2.804979643056330296e+00
1.127513721754479281e+00
4.120190454189606832e+00
2.361496191399731437e+00
2.291947483837894595e+00
1.492484983892275352e+00
3.582061285194897859e+00
3.155553252056461755e+00
5.026635948162524237e+00
1.373005892328247235e+01
1.840105800874619391e+00
1.586237171010620894e+00
1.527156737856886437e+00
2.763314436314086020e+00
2.324267068607432929e+00
1.475370689311398920e+00
1.346829340145530685e+00
4.372320977776551487e+00
2.617314853485580350e+00
1.343335642539637664e+00
5.747590005536603819e+00
1.344004008830158137e+00
3.654306796890651299e+00
3.838878439684091592e+00
3.453226473003933705e+00
2.551798983265077592e+00
1.834516805559160080e+00
3.965533034438586846e+00
2.993453079408436412e+00
1.276081764929005713e+00
1.608312429440620139e+00
1.826223539802960483e+00
2.822181104407156749e+00
1.370725614190272390e+00
4.295964581664621029e+00
1.106102030211545184e+00
1.392805780787166992e+00
1.027003820748523921e+00
2.948209430608243142e+00
1.017721383655988854e+00
1.725409177412579487e+00
2.705906914873815960e+00
1.364113855595300739e+00
1.459254469690443035e+00
3.941740791870129268e+00
1.826619617979850174e+00
2.295400546280514487e+00
1.194123992968204817e+00
3.790573656559945270e+00
3.776604602584112680e+00
2.796557384692127002e+00
1.841979719753419786e+00
1.298474073035913223e+00
4.083951136160771433e+00
3.325538715774470244e+00
1.457814351192333824e+00
1.057492227434593479e+00
3.642497866995575428e+00
3.695924275145889837e+00
1.111033271412868340e+00
3.159556228829836222e+00
3.793821014057289442e+00
1.648193141287532582e+00
1.113571038945497360e+00
3.224831860821101071e+00
1.676780231171117741e+00
4.357992922618897147e+00
8.638652412224347543e+00
3.829632937478187227e+00
2.083296851795876758e+00
5.038987082363599157e+00
1.030086699967680319e+00
4.788129719583301025e+00
1.131740202040084631e+00
2.482195748374103061e+00
9.517340931411684579e+00
2.218826134973153508e+00
2.834439799814771455e+00
3.171545289712258686e+00
3.369231252947649580e+00
1.682743636683517785e+00
2.413024078652516557e+00
1.246175307272766597e+00
1.027569305780293485e+00
1.560713573497020779e+00
1.707371101608470942e+00
1.393110570925682357e+00
1.284842954450313934e+00
1.041078446311478611e+00
1.302579359950945870e+00
1.321709989719650036e+00
2.075985479679934187e+00
1.823767813598092147e+00
4.766870573455713966e+00
3.913190930642514331e+00
1.073311805476411473e+00
5.390203586798171465e+00
2.156682173866438124e+00
1.448278072592695143e+00
2.186150022564560924e+00
1.167887782188975265e+00
3.623837002159583154e+00
1.153328362489245862e+00
3.115663024611265985e+00
2.816348141032466224e+00
1.454903796518539627e+00
1.265964543581192592e+00
2.481224845544508728e+00
1.415534670566069853e+00
2.146116366558165733e+00
1.594511986193223096e+00
1.904514974997921994e+00
3.121362660402632550e+00
3.689991627915839345e+00
1.128648669876121557e+00
4.443188689292309590e+00
3.734930113768283988e+00
2.438970246440208101e+00
5.449314763975197096e+00
4.771846165246387272e+00
5.716775152459004694e+00
1.898707414578653330e+00
2.052929346770221208e+00
2.669865568817543444e+00
1.084967393246683232e+00
1.660945318976925655e+00
1.157571368086358854e+00
1.848796515368748894e+00
1.561314763231197666e+00
1.127475102928882089e+00
1.966474355769875615e+00
4.875259937286866574e+00
3.375709590302928831e+00
5.057770571850626951e+00
3.976047882776605036e+00
2.019496768526071406e+00
2.437819108960301406e+00
2.672380563959625643e+00
1.196431183215327820e+00
5.897311200792381136e+00
1.488066293641618465e+00
1.077833567420449556e+00
2.355157662624035364e+00
1.865738735397737713e+00
1.544730781497778649e+00
1.701901918026706539e+00
1.203369763332558628e+00
5.288923047126085741e+00
2.263263095852279694e+00
2.565885022258388659e+00
2.348442732095345598e+00
3.930981637622122271e+00
4.764926339484050644e+00
2.655338540850414653e+00
1.564949128811449874e+00
1.728653825471361483e+00
2.348797103987855461e+00
3.113641105006577536e+00
1.651646589843906110e+00
3.692203333792533293e+00
1.892747480292479301e+00
2.267187059685509709e+00
4.641940302811824459e+00
2.062490651230906913e+00
2.833933598937583120e+00
4.382901006574101643e+00
4.081613457281982882e+00
1.069108728861789981e+00
1.411288607617376289e+00
1.203201962632201028e+00
3.904775308162671266e+00
2.906133707176027148e+00
2.706235914161069900e+00
2.531293895503370361e+00
1.424260540540433384e+00
1.950079771216683744e+00
2.101124881384143883e+00
1.179529809023500908e+00
1.594152471697552587e+00
2.897109746655382789e+00
3.615324249946645363e+00
3.220712233113631751e+00
1.737839788371214222e+00
2.707844571005543877e+00
2.638449321090544863e+00
1.617050345471488626e+00
1.089142640056892652e+00
1.372651251750401258e+00
3.767692029116684438e+00
3.359131189905732562e+00
1.081566666766253348e+00
3.049663442720374373e+00
2.644017303390623574e+00
3.645922374532683641e+00
1.132630522763786951e+00
1.960600370106546420e+00
6.730542268787707449e+00
1.127298461840119614e+00
2.257955803166154851e+00
1.753511470042562470e+00
1.914055864858434486e+00
7.297150353550549085e+00
1.825855250232849558e+00
1.742721815939882291e+00
5.893868754927185982e+00
6.672739026337744406e+00
1.180536188939416142e+00
3.800085542310869702e+00
2.037309301251178706e+00
1.411632813583358237e+00
2.215548062546893515e+00
2.687306038236930483e+00
2.876820241021522229e+00
2.940886394737887155e+00
3.097504178165837896e+00
1.755588383465836122e+00
3.200786138763111133e+00
4.496163593697620087e+00
2.474516330972303280e+00
5.779814396320980485e+00
1.257901918409935593e+00
2.459348623993399041e+00
3.063650730500166564e+00
1.228374772778769941e+00
1.201681638296611343e+00
2.872737184340622640e+00
1.141262669245878714e+00
3.051566349182256221e+00
2.374665979738092236e+00
1.361376129643945498e+00
1.392723167360921943e+00
1.114168416824673269e+00
1.231809896477837230e+00
7.212804948670336280e+00
3.607490567947896132e+00
2.570024826393168649e+00
1.332551914351820299e+00
1.003356572366947752e+00
2.723518958694578718e+00
1.529362651451074750e+00
1.306934222009344060e+00
3.464167199664049956e+00
2.997934971934408388e+00
1.616425775278907295e+00
1.601795581292379866e+00
2.620924027451628113e+00
3.827488318451496507e+00
5.435543305809143355e+00
1.178810249238498420e+00
2.674835309283885465e+00
4.736462685012326368e+00
2.616221182723161842e+00
2.933661327523178208e+00
1.440266348051390199e+00
1.009799923631407026e+00
1.173156918682338068e+00
1.938517487314108001e+00
4.409040827249906869e+00
2.192460776933662370e+00
3.414000566736841158e+00
2.217703195938079297e+00
1.162968699191396782e+00
2.428928241286633760e+00
1.734453213571543140e+00
6.955992427634487107e+00
1.168928370731088462e+00
1.719348057622356762e+00
1.328100572684361325e+00
1.264868577019790719e+00
1.030794947015625240e+00
1.644034028820327453e+00
1.498301349464867371e+00
4.141614004363997736e+00
2.814795383514046900e+00
2.773727741707843197e+00
1.883150947702282751e+00
2.787430867276253998e+00
3.486786161478304003e+00
3.444445775499144879e+00
1.446260406257096731e+00
4.100373055548259593e+00
2.199960257207481007e+00
3.598126753833378544e+00
1.559190980751248734e+00
1.413412948753321352e+00
2.067969831361818223e+00
3.398567332416696285e+00
1.032933381094164993e+00
3.808981201792009941e+00
2.988346842780519097e+00
3.791017054555733345e+00
1.757037196035951654e+00
4.537075748495306371e+00
2.396214703456270634e+00
2.599868073472056285e+00
3.780974369816994418e+00
1.579407264578778891e+00
3.270639582973448256e+00
3.940952469596953112e+00
5.677365956681106773e+00
1.392481167198212910e+00
1.022927302716256648e+00
3.656866918366908692e+00
3.280984230246633881e+00
2.080276812671731257e+00
2.956768534515576086e+00
1.871007666989297435e+00
2.357098511580354216e+00
2.869804471164872695e+00
3.389753020105954029e+00
2.493316883860073219e+00
3.533416612696077763e+00
3.963313863580399055e+00
1.207534959622379667e+00
1.785667953787705597e+00
4.223750554454666073e+00
2.599688416300200533e+00
2.128237539842237069e+00
2.139204072816211610e+00
3.746486853739122491e+00
1.819116837964295685e+00
2.062728456451530246e+00
1.958656697903291555e+00
1.170022467173286618e+00
1.055452012028556430e+00
1.401790960446922973e+00
2.504440334983344396e+00
1.828405076546582464e+00
3.811028911041129064e+00
1.593481094246591567e+00
1.454570172234173508e+00
1.178028607256936588e+00
1.748672957294757691e+00
1.617922927662996946e+00
1.901232645249887110e+00
5.668822257439690482e+00
6.746930138708469471e+00
3.222388449312362901e+00
1.223851899177048619e+00
6.935697274444107663e+00
2.551161957485763576e+00
2.596397504364896136e+00
2.566838275151293036e+00
1.256397542295470959e+00
1.768721896160957874e+00
3.522424803760000334e+00
1.339130659956949687e+00
4.887488601673678268e+00
3.673041699908981439e+00
1.662328541988399522e+00
1.768494474710242015e+00
3.067664557336623687e+00
1.347254269032823082e+00
1.501058243591552488e+00
3.813897983256135049e+00
1.241506745551175905e+00
2.197712888797842101e+00
1.027248215418667288e+00
4.190003917882457074e+00
3.617329896326980876e+00
1.718901930633862873e+00
4.539016773832321050e+00
2.107468308197867124e+00
4.628172166804113807e+00
1.195366684037204585e+00
2.770375329261086872e+00
1.493822568840697862e+00
2.513928702693795092e+00
3.713128145866940066e+00
2.172390753410792907e+00
3.045900429867252512e+00
2.853376596895307316e+00
1.494336354441327064e+00
1.617933179992936177e+00
3.065757086026852374e+00
1.256651138276602131e+00
3.510816808628982155e+00
1.392447872648085783e+00
1.306129759317795402e+00
1.625058111294565455e+00
4.275847516204881238e+00
1.137278810829141396e+00
2.432708363953569375e+00
1.999535484853149248e+00
1.378140650692036395e+00
1.653773421285165357e+00
2.144622346592044870e+00
1.124384234127733029e+00
2.210110570981296707e+00
2.035654122204078487e+00
3.586661160529928338e+00
1.775052600688626914e+00
2.148709118886733105e+00
2.911133172394463120e+00
1.227528208150892475e+00
1.415916250056665771e+00
1.906792193776635225e+00
2.715477076416186630e+00
3.079535818629882460e+00
1.798319991952699759e+00
2.742099314215294292e+00
2.217142177319056717e+00
6.078181260129494667e+00
1.488832900577654828e+00
2.196908973020195610e+00
1.190553715555767500e+00
1.449823849690833999e+00
3.947945443182236058e+00
1.817984676874462524e+00
4.338663192607098651e+00
2.045862598823205314e+00
4.672202356644766574e+00
1.540425835121054243e+00
1.113927152128740161e+00
1.340956710100976501e+00
2.406481232844014606e+00
1.944428637075736654e+00
2.243662316123951950e+00
3.175695267494560881e+00
1.134716554615034845e+00
1.408969798907591997e+00
1.947165413306390702e+00
4.118005344992967665e+00
4.650342661407370848e+00
1.545087085850046282e+00
1.846360059544257304e+00
7.626653421377362463e+00
1.058959611810181833e+00
1.008438993824559127e+01
3.120588663002064944e+00
1.305958399509770773e+00
3.414145650422021561e+00
4.576587688431442480e+00
1.250654928455707804e+00
1.861133907211772742e+00
1.203308463626371116e+00
1.547862435416975213e+00
1.130849794890361304e+00
1.107259112577416715e+00
1.711953765577027164e+00
1.220430860705157938e+00
3.575094354704412947e+00
3.748758894877872283e+00
4.083973536607937938e+00
1.586328822017538887e+00
1.664163825783185002e+00
4.564908516991326159e+00
2.523901183113713476e+00
1.232691829427207786e+00
1.125470261198778354e+00
3.848547878531750399e+00
3.508865958721341993e+00
1.580741173017338852e+00
1.644768930450471345e+00
3.066240022547129573e+00
3.293015803334514491e+00
1.916079658424053811e+00
3.269332629162815529e+00
4.071184673308840374e+00
1.311937053908538209e+00
3.071511247638854414e+00
1.825331964220273662e+00
2.238832490487552285e+00
2.671201047789784955e+00
1.690562155828869706e+00
2.146532718629596825e+00
2.659026865572530873e+00
3.315577873545271004e+00
1.662206779902612563e+00
3.406707956734330800e+00
1.946618672009392981e+00
1.370582102019984205e+00
3.362598533020459968e+00
1.384472772390449258e+01
1.753339329948940151e+00
2.188921915693401221e+00
1.110376674274783149e+00
1.223562780729154698e+00
2.358966820973203316e+00
2.220191569190024250e+00
1.416092448010644489e+00
7.059361384068118639e+00
3.447193538019840187e+00
1.250512653878853575e+00
2.743556292912019412e+00
1.024385291164109812e+00
7.513805025500500889e+00
2.088506453702746235e+00
1.081265415549597764e+00
1.343093838135582585e+00
1.397673297794957969e+00
1.138055766912821731e+00
1.983781083795335354e+00
3.727759411010043600e+00
2.816491787641071554e+00
1.069307777352490163e+00
1.350928233842330961e+00
2.595219197755180840e+00
2.354365770147455184e+00
2.906764233108653173e+00
1.377186967186070143e+00
2.019220411002411897e+00
1.055962194202612725e+00
3.551932863673505469e+00
2.100964774183425199e+00
2.466867834789436831e+00
1.726330383777539224e+00
1.473113062578652377e+00
2.488613573325065609e+00
1.359623349177778273e+00
2.207167634516018939e+00
2.071563671547803409e+00
4.927406802215826609e+00
1.164066713728326041e+00
1.010992024200237260e+00
3.317661411473380006e+00
1.101730036150484704e+00
3.365828749990104729e+00
2.212592267936256629e+00
2.845906068906715713e+00
1.825321448227731125e+00
1.407730489348264946e+00
1.393438089164790394e+00
1.483541952899562588e+00
1.290714451474853863e+00
2.261622849432137539e+00
3.333238412928623440e+00
1.349952240003943649e+00
2.831770133268279199e+00
1.047940800691804952e+00
4.870681028555713610e+00
1.941532219743110410e+00
1.243658087751050800e+00
2.112463625824366975e+00
2.892117339466851345e+00
2.590599100295341461e+00
5.076537614736775339e+00
2.498194335123059329e+00
6.083211489493844937e+00
1.384940508452703556e+00
2.320022116216577057e+00
1.976055184625032268e+00
2.926473582848949206e+00
1.432787516416980100e+00
1.061617772426302286e+00
1.679561186553233387e+00
5.576822544216268440e+00
2.411816421032922264e+00
2.763944119091556129e+00
8.502361336355214405e+00
4.405754111155231634e+00
2.071296348758565831e+00
2.227847367292429048e+00
1.025261847224357759e+00
2.377061963648190002e+00
1.006343261843890113e+00
4.431170739093925448e+00
2.179527420688300854e+00
1.760944903942934570e+00
2.105248839414220807e+00
3.011695252751982022e+00
4.245762701134265349e+00
2.844575208526278320e+00
1.631403131323804878e+00
2.109989591389955788e+00
2.657447941318605622e+00
1.050639855323205030e+00
1.872273226540391189e+00
1.828506414852196560e+00
3.828689202369341515e+00
2.256241705900592365e+00
1.669268911926108601e+00
1.355102777310217110e+00
8.758159067097157191e+00
1.449422523923305839e+00
1.030184292183160988e+00
3.474948070421864710e+00
1.339874889263305890e+00
1.727580207525480471e+00
1.821497304788031402e+00
1.323473857754278837e+00
5.937407971669402151e+00
1.583414753162938116e+00
3.014007808623191842e+00
5.952839777516830466e+00
1.282795366795366876e+00
4.430211747862836447e+00
1.761136469800681947e+00
1.125036350741862590e+00
1.093235106542523871e+00
1.704843429903077245e+00
1.964388461421304299e+00
6.337764775165378950e+00
1.248096605681821680e+00
1.793440926998445928e+00
2.428190706022533618e+00
1.536645951742845906e+00
2.305377666529771385e+00
1.469489436511222991e+00
1.170968746718095144e+00
1.675105322174517797e+00
1.224849165084446634e+00
4.978367295090855293e+00
1.335083281484615414e+00
1.644105215576125989e+00
2.426217905151919485e+00
1.936648460737563804e+00
5.896915705933026608e+00
1.246477229664014974e+00
4.110693773370599047e+00
1.604892538265306090e+00
2.208213144554428187e+00
1.004524088001248261e+00
1.804083161198140495e+00
3.798053170010626811e+00
1.794341397253848891e+00
2.479050272384747622e+00
1.841461012420423371e+00
1.361965028557060364e+00
4.130809619537070709e+00
3.591758051215761416e+00
1.204222004208823638e+00
4.333151346281923999e+00
1.334683803091526011e+00
2.550617028146094700e+00
3.740737984928182325e+00
1.816027388004234355e+00
1.365957591022511863e+01
1.523229264932573379e+00
3.585322964813761448e+00
1.280766930700902195e+00
1.189803027894337895e+00
1.860445220004044664e+00
4.192123269173602118e+00
4.158945681947387563e+00
3.254370744437369734e+00
3.777107895406086602e+00
2.433320801059747129e+00
2.967815428292269075e+00
2.169094200662428751e+00
5.568647965191151350e+00
1.970888579343517799e+00
1.842060669094222947e+00
2.962732926977874381e+00
2.952431849522600515e+00
1.936545967352915287e+00
5.195837064453170839e+00
7.233816174316268999e+00
1.756606092288256482e+00
7.817177293809484340e+00
1.519091892694831802e+00
3.532810604979863101e+00
3.021244972457607147e+00
2.067207233356665341e+00
1.065475067870383707e+00
1.513315465274838845e+00
1.468447690613210233e+00
3.371440780929238823e+00
4.346558358088036478e+00
1.158051007889709494e+00
5.340187336437460353e+00
2.264272186854420443e+00
3.704522353883214603e+00
3.576569397872221945e+00
1.313188556447539179e+00
3.036718645346917711e+00
1.326211684020619952e+00
1.034772776447579146e+00
2.650787853321993293e+00
2.343807230250888995e+00
1.136422714406283729e+00
4.801672655970416592e+00
1.198332925619132183e+00
1.522052401030416169e+00
1.409694305135687609e+00
2.334348972458702764e+00
1.209438567941415688e+00
3.332603847029836253e+00
2.021053941279113975e+00
3.588828706642984034e+00
3.583968340697269106e+00
3.195706503613118254e+00
1.140569895179130988e+00
2.180187604553982084e+00
3.889959491468071739e+00
2.733138762850031878e+00
3.533544204862131277e+00
5.085950218090989239e+00
2.529260256319590283e+00
2.410412044844108870e+00
3.030367797264348795e+00
3.939746630529426863e+00
1.682180106810167164e+00
2.622069247532795799e+00
4.130576868195491080e+00
5.152551841953640022e+00
3.963379152404639338e+00
1.008677137322601114e+00
1.397408515721235744e+01
1.755533723060815010e+00
3.120183857942106620e+00
1.431289785938159920e+00
5.047712879786532270e+00
4.240551186288845642e+00
1.057420903338424534e+00
4.915865966596395076e+00
1.629965844962745658e+00
3.726306853387297835e+00
1.683666132953332006e+00
4.879199529552658454e+00
1.709402097180973357e+00
1.360087349614124141e+00
1.125618302673860427e+00
1.706057231795172324e+00
1.895372039525143215e+00
1.729670407395077047e+00
1.040980451146956254e+00
1.191622691517518318e+00
4.341159507878264989e+00
1.298993187804138971e+00
2.145057006998984939e+00
2.062752630780394281e+00
1.378942803020562824e+00
2.069249737490230778e+00
4.393912168573787191e+00
1.756161996317127549e+00
1.608237376630646143e+00
2.216560234965319065e+00
3.648748186874837707e+00
2.498999679400354612e+00
5.103928983577452172e+00
1.295084956672863052e+00
2.790548039742678288e+00
1.291325384562904688e+00
2.175377590379839354e+00
1.126156409688724214e+00
5.898890277073499888e+00
4.356522164286793064e+00
1.104773326469326467e+00
2.298717587997114897e+00
3.872513004441128004e+00
1.317485980083857422e+00
1.080098558547671228e+00
1.174288544962165393e+00
1.492410128001494973e+00
3.060076672067496339e+00
1.335254336836823708e+00
2.906629530286199525e+00
1.923329872151606112e+00
3.212664313117709725e+00
2.621693198381226164e+00
1.284384289852288807e+00
1.083493687416906548e+00
3.830517331445045581e+00
1.666084005836789617e+00
3.781120811753514221e+00
3.960934259462803642e+00
1.065510085477760160e+00
1.832630629029097236e+00
1.074696945762837474e+00
3.477040869585965588e+00
2.923156475441115010e+00
4.169892972678021614e+00
1.511632369575987900e+00
1.120640507862258994e+00
2.163353711141806190e+00
1.435405839988109333e+00
4.122564029145322273e+00
1.273396519936380811e+00
2.441816233933747249e+00
1.678947843109996896e+00
1.160749428524998628e+00
1.566371999781666968e+00
1.326587426078150056e+00
1.575222427706341577e+00
1.713787489151905374e+00
1.137590738338575491e+00
3.850912597126454617e+00
2.914184321112882170e+00
1.439595907562424060e+00
3.056743097237463846e+00
1.670748523933690555e+00
3.720419339551764182e+00
1.963049861242414096e+00
4.673446469579372931e+00
2.627890119222603182e+00
2.885408721373190488e+00
2.248645088125163394e+00
1.655813474473542435e+00
2.671004028071923830e+00
3.527142685490003871e+00
3.841978926529713512e+00
5.533803899989682584e+00
2.403168674069040556e+00
4.021325440478446644e+00
3.038001868717851828e+00
5.888618687698542686e+00
5.934916374252718896e+00
1.842786193914211168e+00
1.799461476946373706e+00
1.206183925972331927e+00
3.135151535300755743e+00
5.277960383051292226e+00
3.964147655470568576e+00
3.468092231366003197e+00
9.036367263099247538e+00
1.699926477306088035e+00
2.185022987599609667e+00
5.373191690840585899e+00
1.534981927042622818e+00
3.567909534368070901e+00
2.977050798441089885e+00
1.128411333925536386e+00
1.941070192781765957e+00
1.577939286270880315e+00
3.308194422179747907e+00
1.953591863985970178e+01
1.599035263740375967e+00
2.072392686972851283e+00
3.089682884197991086e+00
3.254693285083241516e+00
2.013302101004101452e+00
1.951209960381911745e+00
3.704052694610778573e+00
2.082596912876825801e+00
2.584762702328030404e+00
1.874436609738674653e+00
6.512091451995297930e+00
7.058307189987469421e+00
2.329237717067852209e+00
3.275475808174852510e+00
2.314491622200808507e+00
2.296087197581798467e+00
1.704563250780797068e+00
2.630150319476605603e+00
2.172165858284413442e+00
1.827781821486176517e+00
1.701630232760087846e+00
1.827965420486430626e+00
1.498013642099871756e+00
3.360560682475540073e+00
4.308840591011144916e+00
1.779005574770549769e+00
3.505191027896739087e+00
1.150771664015158180e+00
1.706246310432570024e+00
1.120369922236687188e+00
2.463558427186021582e+00
3.982898650985818190e+00
2.163538044131556592e+00
2.467874482898372968e+00
1.132406990492041965e+00
2.007436155098584418e+00
1.790573158706902701e+00
2.921900969271640669e+00
3.915494688165500392e+00
1.402365358639861226e+00
1.719973772833841119e+00
2.532931095531477883e+00
2.784112652841107760e+00
2.150445541709818720e+00
3.792268605090056255e+00
3.892540318190067072e+00
2.068499408892315650e+00
4.780638620511926895e+00
2.289318879893720293e+00
2.754729911019849542e+00
1.549781076391391288e+00
1.825206017676036296e+00
1.402337502003961234e+00
3.239359342915811180e+00
1.039012533074921807e+00
1.333013859215913754e+00
1.508435977390673477e+00
1.426334061297700906e+00
4.038081914773511194e+00
1.093818369481075026e+00
3.716192820607558289e+00
1.116474848925399721e+00
1.686325795789661131e+00
2.125708948502578632e+00
2.936316065059339842e+00
1.596403534915959099e+00
2.811687180631999183e+00
2.135485116283093010e+00
1.419408473559812256e+00
2.043739809258240836e+00
1.825128313071378683e+00
2.122040877313778662e+00
3.391576290647087877e+00
2.409562494714373226e+00
3.318200257718674440e+00
1.913360439586522910e+00
2.849221969048332248e+00
2.117535794507241054e+00
1.540007730372250805e+00
1.432605923189782970e+00
1.614284748381142442e+00
1.291984036522035639e+00
2.626320554994626022e+00
3.247406963574055894e+00
2.545378048585655417e+00
3.718707137907137916e+00
1.940589646205715724e+00
6.358356811315559298e+00
1.579025812748537483e+00
1.649310768146643680e+00
1.166198069733066722e+00
2.448652658454100628e+00
1.739828480840387437e+00
2.077959470098212691e+00
1.531135383468978484e+00
3.392666977084412228e+00
3.122065888013658697e+00
3.371484223644113154e+00
1.780126042653997764e+00
1.046134683768129126e+00
1.338994880326062065e+00
2.394091339215516978e+00
6.407606215210083889e+00
4.052297997599646706e+00
1.491050691823886831e+00
2.458511488362743691e+00
4.871038479579947733e+00
1.390235496989341124e+00
1.256802033429772925e+00
1.845160346478178948e+00
2.037700266073426025e+00
1.338806074483748221e+00
1.464948014654015029e+00
6.005616813497502093e+00
1.847473507978539375e+00
1.065589776357827478e+00
1.327493860407344517e+00
3.767953176944327520e+00
1.028467721283459202e+00
1.270392779145358864e+00
1.232848742005897336e+00
4.663588053814276435e+00
3.518386247792089083e+00
2.372830420111955441e+00
2.107139115860046097e+00
2.633908559402447835e+00
1.473977624334701142e+00
2.387399411245652914e+00
1.604623565664560880e+00
2.404220947709241329e+00
1.432283662755063469e+00
3.366325278672935628e+00
1.851607579722230223e+00
2.957956127090755061e+00
1.991052295087055057e+00
1.117769507552646813e+00
1.505999064528803055e+00
1.307117611232469612e+00
3.908345808583263636e+00
2.701323553847315928e+00
4.439529982898438476e+00
1.482642697973952650e+00
1.968079498010108175e+00
4.648170395640590868e+00
3.766591448752252713e+00
5.935760467825847542e+00
4.477399499855986065e+00
2.323733384105915345e+00
2.084043807047164520e+00
2.624748783333926472e+00
1.248127125129935067e+00
4.041221911275648004e+00
2.652578945196775173e+00
3.453762544745246910e+00
1.386791178184485718e+00
2.697124217351959174e+00
1.436011218328532291e+00
3.340560139453805810e+00
1.335008675363696495e+00
3.041229304056990657e+00
3.946746122066369988e+00
1.239438289564204654e+00
1.596201836527737727e+00
4.716923058926743906e+00
6.078343271948548399e+00
1.540022408101127338e+00
5.745170301239419075e+00
2.361793295125278025e+00
1.173461131493689580e+00
1.474370247090394326e+00
1.076004668189863400e+00
1.498278263691902978e+00
1.013506219526848051e+00
1.283817305544029841e+00
1.952980317586202386e+00
4.276411664077634178e+00
1.677836709724238373e+00
2.683738369214458963e+00
4.223640260779452760e+00
1.339561552763043561e+00
3.896995264554094174e+00
3.031592035114820227e+00
4.438605078815720972e+00
5.373191240970887961e+00
1.218585870820007244e+00
3.313157748475521469e+00
1.367828137657383758e+00
2.351511844958823261e+00
1.366928248861183359e+00
1.007819408766693181e+00
8.454766158268894216e+00
1.817487668767377773e+00
2.882352877958785253e+00
1.092612208459635026e+00
2.577878004052116978e+00
3.620260685492951325e+00
9.672731122154088368e+00
3.263560576860032647e+00
1.728807277004783538e+00
2.638221929752405881e+00
8.188122309647081210e+00
1.888005657308535534e+00
1.700119706778784767e+00
1.006849439664205148e+00
1.652675035039351981e+00
6.108798899545297978e+00
3.147008562941973508e+00
1.284305303256465081e+00
1.660073073868149285e+00
2.953073709117793211e+00
2.658437047565530786e+00
1.929437274481832665e+00
1.560160358420853655e+00
2.485162222097188955e+00
2.902957710732559260e+00
4.972990578568560416e+00
1.245624086467176816e+00
1.262718712879438376e+00
2.588287745399409534e+00
5.320534602419194847e+00
1.001868016205690992e+00
4.331304140719189455e+00
2.576149228638448641e+00
1.578205880461092558e+00
1.363057897009882335e+00
3.198167931651102691e+00
3.634690336918777298e+00
4.655550133969504678e+00
1.363846381944032515e+00
2.404310054822759835e+00
1.270142425064838321e+00
2.806833586188856700e+00
3.210643154934072818e+00
1.510742282465291630e+00
4.018747656318266692e+00
2.562411362464666720e+00
2.070084915669467840e+00
2.216072647660225048e+00
1.684364938274020673e+00
1.363405734615221743e+00
4.809933197407149308e+00
4.055425158642321115e+00
3.376238164671820918e+00
3.633854197208520098e+00
2.372019024995901226e+00
3.810837860238224906e+00
5.695086718569566386e+00
1.685069928210317869e+00
1.966962452904245318e+00
1.710995349389388798e+00
3.910191696466452704e+00
3.088633310426121881e+00
1.078615613547730501e+00
2.573764855853036160e+00
1.688052978215227817e+00
1.494700680430303574e+00
2.181944823109379872e+00
3.112394960071408256e+00
3.584728139444227857e+00
1.230475162364883968e+00
5.897499047339879397e+00
3.216551515030619868e+00
4.042303518818878949e+00
2.249242844364937266e+00
1.880973665658834726e+00
1.644169276975895766e+00
1.629422949325094239e+00
2.901034569417932030e+00
5.115582611459906559e+00
1.159885933422718063e+00
4.664169136625967660e+00
4.384185714480334894e+00
4.061415545495185242e+00
3.955490092099065436e+00
4.522113952344134269e+00
3.916346294223563174e+00
3.106170095146222554e+00
1.091810875057223740e+00
1.309267746124889165e+00
1.648300079002276597e+00
3.891931117532282158e+00
1.131388678787738744e+00
1.119617383637129038e+00
1.978316094000338365e+00
4.780522299563331856e+00
1.228865532411647088e+00
2.425720096644647938e+00
4.700540098438709791e+00
2.957214758852830361e+00
1.299266178920510884e+00
2.375944552292237333e+00
1.045734828953811535e+00
1.244676695725360771e+00
2.722568527369849001e+00
1.369911790107495309e+00
3.817591916604404556e+00
1.978545955791857436e+00
2.859568191487592781e+00
1.867435430093493665e+00
1.572691034172212898e+00
1.659068080851809457e+00
1.476380643455301733e+00
3.924643841620805595e+00
2.368709064951503684e+00
3.181993506824058571e+00
2.188598663275505007e+00
1.062707530667820643e+00
4.746034544251179987e+00
3.657989729606907492e+00
1.697340629245810861e+00
2.502000979272074321e+00
4.646505662632856470e+00
1.998335350938460930e+00
4.037996588058203606e+00
1.983284519240232191e+00
1.268860513667666501e+00
4.004779602892572399e+00
3.419312283985409540e+00
1.569703082106618242e+00
1.636044365976903947e+00
4.746531778105431698e+00
1.317537373187330774e+00
5.705406861355259096e+00
3.624406372607773097e+00
2.660130670126521490e+00
1.507358831352969331e+00
1.010932420178736635e+00
5.033597495303694380e+00
4.698525829692089317e+00
1.375297483162746204e+01
1.088593975601407360e+00
4.236973060787164513e+00
2.656567828593557223e+00
3.118323214699945556e+00
3.799659729190522750e+00
2.155359566134377847e+00
3.919998830578347526e+00
2.437387783905661909e+00
1.155642130667126288e+00
2.246114954079781345e+00
1.409329847929556401e+00
5.678947490714499224e+00
4.782624067800719914e+00
1.670100440522511054e+00
1.221376123390818469e+00
4.548095116916900160e+00
2.141883704435194158e+00
2.711398032612367448e+00
2.232320835271331294e+00
1.480299059984159449e+00
1.206250210322045158e+00
2.923181101217517508e+00
3.055773731146473438e+00
1.013742810840522646e+00
3.727243733543665005e+00
2.070068460938160992e+00
3.830780048838693386e+00
1.342839211731585269e+00
2.209502776385962264e+00
1.314755499599013389e+00
2.882627028188688545e+00
2.620788820027526445e+00
6.077353116392122168e+00
2.039010515854200012e+00
3.036188740688322341e+00
2.271936751304151514e+00
1.681631887549498217e+00
1.483677853709788108e+00
2.590199949469278007e+00
1.140531770966007219e+00
2.719617116416057634e+00
1.853624534392107615e+00
3.215572189094976885e+00
1.411458447219908541e+00
1.389373859972462322e+00
1.996733909181691802e+00
1.200443708684971300e+00
1.172175514712394451e+00
1.100350993415127654e+00
3.041669860264323955e+00
1.664449678468369997e+00
1.694536159102155048e+00
1.069555709121837062e+00
2.711596725126383056e+00
1.729900609197261296e+00
1.535652255217650586e+00
2.105121647973406063e+00
1.478847873584214767e+00
4.355584174562109112e+00
1.745218260730546866e+00
2.214698827027920203e+00
4.116577534659364268e+00
3.682859519414565685e+00
2.191210957114348989e+00
2.916433019592655551e+00
1.122178317478937926e+00
1.486185829327385521e+00
1.687862938237760346e+00
1.975539226979730945e+00
1.044358099310950250e+00
1.207259829743470236e+00
2.262624600496195182e+00
1.358769562743651793e+00
4.097405446493660008e+00
1.940485073368190205e+00
3.877770523399385549e+00
1.223858605059088722e+00
1.133708827051778778e+00
3.919130218857267867e+00
2.231494939972828551e+00
2.281528413358536511e+00
2.972296316814861949e+00
4.799329021213043056e+00
3.912443671986095772e+00
1.365935254677627997e+00
3.905347023753005686e+00
1.309219333699656040e+00
5.038983748883421043e+00
2.230248492995149157e+00
1.849593534223692659e+00
1.069455440512610878e+00
2.037224471434997852e+00
4.289143483081526931e+00
2.830036616336606414e+00
3.294131209956399964e+00
1.124449622329278586e+00
6.366720963315856352e+00
1.263409656948896176e+00
2.397211418682918538e+00
3.036006754322193579e+00
3.211622760696100976e+00
3.849325010164789340e+00
2.611462411623532542e+00
1.422566229599656840e+00
2.667285523075430653e+00
2.484941111076799380e+00
4.231744113587063261e+00
1.553272231059083852e+00
1.039072289890965006e+00
1.799330146643633110e+00
2.856756506373449245e+00
3.801548229689486469e+00
1.113702063529119712e+00
2.895954507009303569e+00
2.224353295491039884e+00
4.315158328649054020e+00
1.265816775856406950e+00
1.183393618585502072e+00
2.603498396599076781e+00
1.570950326905893091e+00
4.328881721773253588e+00
1.723769083269539371e+00
2.297063340809683218e+00
1.648658328443634691e+00
2.188369678428173426e+00
1.040362341282130787e+00
1.933614210034278580e+00
2.288737222466818544e+00
1.572142982168787784e+00
1.747653315111877603e+00
3.404649964470636281e+00
3.447658650913410394e+00
2.754995087382961394e+00
4.553410246979941789e+00
2.361268815749046901e+00
1.804241298323834286e+00
1.902084372881558183e+00
1.796678021775441447e+00
4.667478237287274290e+00
1.894192820422616608e+00
1.029346646275000055e+00
1.002550724672204296e+00
2.476402054467817582e+00
3.815212680124782985e+00
2.971939690678711443e+00
2.342676978197229865e+00
3.412490278797136511e+00
3.309858225462447123e+00
4.446870811811176161e+00
1.263850293426769023e+00
1.001568081745879635e+00
3.172352971321573012e+00
2.443888034810743459e+00
1.526772899689234686e+00
3.268528539206433159e+00
3.009668669681548003e+00
1.307959240577330373e+00
2.017515813895197851e+00
1.289612719171715272e+00
1.508296113205780387e+00
1.099772393749786303e+00
2.630485896209836305e+00
1.658465842249085220e+00
1.968887070076532630e+00
5.008298111037265521e+00
1.831787135369254749e+00
1.543163687788452254e+00
1.091770009867182978e+00
2.816388233338873004e+00
1.624681008974977248e+00
1.502641551701607403e+00
3.171433991565719257e+00
1.057064983206851672e+01
2.894767504786904144e+00
1.323823618654485834e+00
5.737435036408689015e+00
1.206445399459814327e+00
2.785644841506226932e+00
3.268409345206063410e+00
1.242072151705050587e+00
2.149005846704220790e+00
3.172325612792015637e+00
1.114927856474907442e+00
1.775821535783727700e+00
4.075498676216365190e+00
1.998980922041517783e+00
1.210776329333945078e+00
4.269195924494215255e+00
1.419282529487853939e+00
3.098776050994665798e+00
1.208668152132277518e+00
3.221742329952700157e+00
3.284519898867065635e+00
3.298541165862305835e+00
1.677733711841446596e+00
2.681038471150802405e+00
3.133236987610278135e+00
1.065148981921034688e+00
1.619644902651709462e+00
2.051979398266190913e+00
1.375332353443855737e+00
1.115854527752646819e+00
1.637903827760932796e+00
2.913667824134038131e+00
5.604878748824410728e+00
1.923569907133332091e+00
1.081375741413707070e+00
2.266526871429704659e+00
1.375169076181687711e+00
2.719891016648356086e+00
2.753641120225721384e+00
3.289945457903268977e+00
4.908523069521671722e+00
3.443529477078128842e+00
1.049421994901701627e+00
1.148685008742818425e+00
1.276365995036119028e+00
5.254581860320880260e+00
3.605171259335565370e+00
2.000148963192323492e+00
6.931575957074434413e+00
2.529016200572525186e+00
1.231542101760264352e+00
1.803578820633577662e+00
1.113616858133931853e+00
1.900151787434752659e+00
1.325879444761361547e+00
6.385030873787083117e+00
4.065020211411865425e+00
1.916632205882455864e+00
2.337182182472849590e+00
1.109674937285095142e+00
2.806523074777272253e+00
3.637351414881113687e+00
1.537695650444501849e+00
3.284035628612703928e+00
2.838154258744651770e+00
3.272731917663330936e+00
1.336426180819531462e+00
1.854197531416772238e+00
1.034924775729582525e+00
1.906174917374462430e+00
2.041220401324229883e+00
2.404231125187832330e+00
3.380137421251574903e+00
1.225360349833933382e+00
5.064698222153312557e+00
1.625387909332760339e+00
1.467215982086630621e+00
1.391206869441798721e+00
1.478027177626841882e+00
1.640421129890517582e+00
3.230988905681791756e+00
1.905204095948924925e+00
4.422304727244755540e+00
1.249369917120668472e+00
2.556918176323048630e+00
1.592315824902492682e+00
1.095092284088903467e+00
3.050127523910733274e+00
1.906857410670321107e+00
3.625859573530477054e+00
1.209814928570062564e+00
1.677081125050839949e+00
3.055823620128324869e+00
1.751084279138600763e+00
1.094733731303298319e+00
1.168986300176104276e+00
1.044905534921170887e+00
3.300794066912501545e+00
3.491777010785309443e+00
1.406286885603384329e+00
2.451505365370701739e+00
4.269709617960244508e+00
3.731018664194878820e+00
2.131114148101954431e+00
3.705700842664203964e+00
1.003996975514330980e+00
1.580740164288802374e+00
1.567400483009294243e+00
1.009789555473765921e+00
2.201983844213177388e+00
1.322059820630566707e+00
2.986075141075140937e+00
2.310887786243097430e+00
1.797304943803687882e+00
1.275818907545227310e+00
4.004131995117185205e+00
1.239191599433392854e+00
1.910179929556444334e+00
1.753555803655398648e+00
6.218503921544841440e+00
1.406739033025998342e+00
3.813135643274324860e+00
2.210461420113466247e+00
4.344105797257907575e+00
4.018520848076621022e+00
1.898291494783253874e+00
2.075211271599925134e+00
1.479281373649631082e+00
1.348335138499039854e+00
2.581508956830746992e+00
1.980918033272418555e+00
2.009791256646236146e+00
1.915471372485242352e+00
2.486223730346683425e+00
1.416195077323668672e+00
2.664871578319837120e+00
3.541242380899988884e+00
1.511541672753351939e+00
3.791155239000206123e+00
1.050293102562345871e+00
4.079466720738074592e+00
1.153330266178668628e+00
2.341995212218427991e+00
6.677049855209496343e+00
2.154681799626583683e+00
1.324704850333288553e+00
2.502135641072963157e+00
1.794630436263114248e+00
1.362605480250199674e+00
1.987463605207836270e+00
3.799467749359708435e+00
1.893398350484841508e+00
1.038523281768098272e+00
1.140107573643465821e+00
1.148834778421526037e+00
2.157886894331543459e+00
4.053149138381232142e+00
1.257783324341324560e+00
2.414386485971732110e+00
1.661195088226189220e+00
1.263413218879169353e+00
1.451322216620269279e+00
3.640735592982784041e+00
2.551127632342536256e+00
1.660235383686949673e+00
3.090623798221756147e+00
4.065935609361777558e+00
1.413417593271379280e+00
3.325894745254284413e+00
2.250186468542965113e+00
1.394069910458871187e+00
1.140466222624222814e+00
5.892353566064691073e+00
2.383576421169570914e+00
2.773474972340350231e+00
3.141809188551639043e+00
3.919603289866536944e+00
3.985759467188254579e+00
1.279146205843558315e+00
2.399578573931567593e+00
1.071487850499624361e+00
1.656993168237545611e+00
1.414742635133545257e+00
1.185851952817051913e+00
1.532233084430601133e+00
1.069970350870195208e+00
1.151388253808850903e+00
1.364651222703433309e+00
3.213800773925878485e+00
1.029801778289515690e+00
3.704216256027250687e+00
1.406653203116642548e+00
1.556279404370527919e+00
1.267770353759781088e+01
2.487049355626294034e+00
1.419714370464503661e+00
1.938077519742393617e+00
2.233938979840870864e+00
1.380341381275359547e+00
3.765628594463853673e+00
2.626595425505453552e+00
1.250773633031698973e+00
1.595509524639493470e+00
1.360657186948656339e+00
1.400524315002607434e+00
2.324551176220378323e+00
1.628978721041179689e+00
1.258993324128982350e+00
2.080942442785619129e+00
2.524274016178535529e+00
1.132086737834367973e+00
1.191313212688446033e+00
1.951319354936310591e+00
4.254634221135417782e+00
1.067524654963599717e+00
1.845269488542222058e+00
1.514567351643546944e+00
6.468633699394689351e+00
1.336835730619293727e+00
1.186486187152743232e+00
4.676373502200403820e+00
1.750495046699338975e+00
2.583014966816201241e+00
2.961251288853337993e+00
1.538719605157016002e+00
1.534919834442770137e+00
1.004976433793004498e+00
3.513002478463571165e+00
1.742172213639474387e+00
3.685034485917105584e+00
3.784848358005385105e+00
1.292533286221351441e+00
2.324018424130412708e+00
1.386501884871798040e+00
7.475133451475294954e+00
1.852838919491403447e+00
2.933502917814075239e+00
2.042830653883603631e+00
1.721724782067247883e+00
2.016803324446178269e+00
1.289785586943490436e+00
4.328250999758447293e+00
3.578812524897448277e+00
2.480739832319072136e+00
1.442947596262073029e+00
3.596176116357487018e+00
1.296094453614786035e+00
1.516500705013851702e+00
2.941249176588659253e+00
1.068247440903646872e+00
1.326316074093003783e+00
4.985321185453995163e+00
1.593593249045447191e+00
7.079555153284729840e+00
1.650733138011111656e+00
1.327867984782638455e+00
3.456469603117518830e+00
1.497142232949521423e+00
1.654388409949973271e+00
2.212831966397397654e+00
3.182378127220300890e+00
3.558336665419330025e+00
1.568367185254120777e+00
1.479519486608989798e+00
4.004988626465245005e+00
1.974979965605344834e+00
1.052745655332827113e+01
1.222263565071546321e+00
2.013409890260119628e+00
2.615079323204195116e+00
2.727825018432047166e+00
4.092550073299793034e+00
1.231859790910899921e+00
1.057716807759779831e+00
1.405508576740764015e+00
2.871297995036689255e+00
1.058321966428055205e+00
2.476951263635556177e+00
2.143028176621483816e+00
4.675830809808434907e+00
5.428649026229522612e+00
2.170286660746693741e+00
1.800220469095076936e+00
1.024187393133619173e+00
3.555491860131209769e+00
1.437911273994084693e+00
4.946367366601738702e+00
1.713135373877833656e+00
1.780576675646223794e+00
1.959776118046288484e+00
2.435100022942319864e+00
1.143832147563518253e+00
1.933115110552552363e+00
3.480569110791428944e+00
3.405748963182395173e+00
2.326132456679198768e+00
1.183228042606497610e+00
3.622327345023883538e+00
2.931657973791523375e+00
3.381257133252090430e+00
1.971670402759303276e+00
