1.132919788360595703e-01
7.978773117065429688e-02
1.840027332305908203e+00
4.074658386707305908e+02
4.517736673355102539e+00
2.305040359497070312e-01
4.781699180603027344e-02
2.328667640686035156e-01
7.917165756225585938e-02
6.285119056701660156e-02
1.090568161010742188e+01
5.036058425903320312e-01
5.472350120544433594e-02
3.143858909606933594e-02
8.343124389648437500e-02
9.506297111511230469e-02
7.637810707092285156e-02
5.048608779907226562e-02
2.450776100158691406e-01
5.764031410217285156e-02
6.133222579956054688e-02
4.908776283264160156e-02
5.635094642639160156e-02
2.049179792404174805e+00
8.007121086120605469e-02
4.681167602539062500e-01
1.222171783447265625e-01
6.426374912261962891e-01
7.619476318359375000e-02
5.372858047485351562e-02
4.790186882019042969e-02
3.416860103607177734e-01
5.164804744720458984e+02
5.820536613464355469e-02
5.451743602752685547e-01
3.395118713378906250e-01
7.374321222305297852e+00
1.011390686035156250e-01
4.208424091339111328e-01
1.493337154388427734e+00
8.423805236816406250e-02
1.413695812225341797e-01
1.689403057098388672e-01
9.622573852539062500e-02
1.118270587921142578e+01
1.971922636032104492e+00
1.030747890472412109e-01
3.837227821350097656e-02
1.078047752380371094e-01
4.218261241912841797e-01
2.978746891021728516e-01
1.036641597747802734e-01
4.549121856689453125e-02
6.090092658996582031e-02
3.198981285095214844e-02
8.920431137084960938e-02
1.000475883483886719e-01
3.424232006072998047e-01
4.265921130180358887e+02
4.164203882217407227e+00
6.617999076843261719e-02
1.175805330276489258e+00
1.278028364181518555e+02
4.097645282745361328e-01
6.031346321105957031e-02
7.964825630187988281e-02
2.258360385894775391e-01
3.071737289428710938e-02
2.604291677474975586e+00
1.226139783859252930e+00
1.036620140075683594e-01
1.060323715209960938e-01
6.670808792114257812e-02
7.386875152587890625e-02
2.089774608612060547e-01
5.552029609680175781e-02
9.895229339599609375e-02
5.643057823181152344e-02
9.861898422241210938e-02
1.111695766448974609e-01
2.807987689971923828e+00
2.396206855773925781e-01
4.797506332397460938e-02
2.404099702835083008e+00
2.419903278350830078e-01
7.178950309753417969e-02
1.389317512512207031e-01
5.444741249084472656e-02
8.068156242370605469e-02
1.980054378509521484e-01
6.045126914978027344e-02
9.740958213806152344e-01
2.200026512145996094e-01
9.288120269775390625e-02
4.822795391082763672e-01
3.400397300720214844e-01
1.279022693634033203e-01
1.724472045898437500e-01
1.885020732879638672e-01
4.599976539611816406e-02
1.017794609069824219e-01
4.272460937500000000e-02
4.036664962768554688e-02
1.060569286346435547e-01
3.315589427947998047e-01
4.343488216400146484e-01
5.987906455993652344e-02
1.483743190765380859e-01
2.915480136871337891e-01
6.844329833984375000e-02
7.212948799133300781e-02
3.287339210510253906e-02
3.357982635498046875e-02
3.066494464874267578e-01
3.016893863677978516e-01
1.517758369445800781e-01
2.047226428985595703e-01
5.843496322631835938e-02
1.849222183227539062e-01
2.084813117980957031e-01
1.594612598419189453e-01
4.932596683502197266e-01
1.081445217132568359e-01
2.077894210815429688e-01
1.021647453308105469e-01
1.128876209259033203e-01
1.492273807525634766e-01
1.177086830139160156e-01
1.932716369628906250e-01
6.931972503662109375e-02
6.875658035278320312e-02
3.310322761535644531e-02
7.335400581359863281e-02
1.127512762546539307e+02
1.737859249114990234e-01
6.798377037048339844e-01
1.213214397430419922e-01
1.664791107177734375e-01
1.614863872528076172e-01
6.213903427124023438e-02
1.214015483856201172e-01
1.042277812957763672e-01
1.103329658508300781e-01
4.332304000854492188e-01
7.081627845764160156e-02
7.907414436340332031e-02
1.284190416336059570e+00
1.415512561798095703e-01
1.453828811645507812e-01
8.848023700714111328e+01
7.668855190277099609e-01
3.001785278320312500e-01
4.263021945953369141e-01
4.184460639953613281e-01
1.273660397529602051e+01
4.002926349639892578e-01
2.069308352470397949e+01
6.758475303649902344e-02
1.905207452774047852e+02
4.228973388671875000e-02
2.693710327148437500e-01
1.640727519989013672e-01
1.594793796539306641e-01
7.417011260986328125e-02
5.359840393066406250e-02
2.798788547515869141e-01
4.827897548675537109e+00
5.471755743026733398e+02
1.103091239929199219e-01
1.254971027374267578e-01
4.439883232116699219e-01
8.566951751708984375e-02
1.334180831909179688e-01
5.019664764404296875e-02
1.591360569000244141e-01
5.065107345581054688e-02
2.769863843917846680e+00
8.685923576354980469e+00
2.618997097015380859e-01
9.027290344238281250e-02
6.883049011230468750e-02
5.174374580383300781e-02
2.659997940063476562e-01
5.481100082397460938e-02
9.577369689941406250e-02
1.059112548828125000e-01
8.686447143554687500e-02
1.474611759185791016e-01
4.197168350219726562e-02
1.098940372467041016e-01
7.992005348205566406e-02
1.215474605560302734e-01
3.684632778167724609e-01
1.867513656616210938e-01
7.422828674316406250e-02
3.111279010772705078e-01
3.399402618408203125e+00
8.044099807739257812e-02
7.860326766967773438e-02
4.802005052566528320e+00
