1.080117225646972656e-01
7.422518730163574219e-02
1.753579139709472656e+00
3.662875368595123291e+02
3.654855251312255859e+00
2.109372615814208984e-01
4.458999633789062500e-02
3.299405574798583984e-01
1.219930648803710938e-01
5.881571769714355469e-02
9.522767305374145508e+00
4.239239692687988281e-01
5.560326576232910156e-02
3.773641586303710938e-02
8.838796615600585938e-02
1.090481281280517578e-01
9.222865104675292969e-02
5.622649192810058594e-02
2.152266502380371094e-01
6.324338912963867188e-02
6.053376197814941406e-02
5.118179321289062500e-02
5.798220634460449219e-02
1.677057027816772461e+00
8.664369583129882812e-02
5.169212818145751953e-01
1.112403869628906250e-01
5.782415866851806641e-01
8.831143379211425781e-02
5.169868469238281250e-02
4.478526115417480469e-02
2.585587501525878906e-01
4.647721922397613525e+02
6.474161148071289062e-02
4.570879936218261719e-01
3.264222145080566406e-01
6.363256454467773438e+00
9.536194801330566406e-02
4.197838306427001953e-01
1.385230302810668945e+00
7.215976715087890625e-02
1.424899101257324219e-01
1.390981674194335938e-01
6.634831428527832031e-02
9.648090839385986328e+00
1.772074699401855469e+00
1.112780570983886719e-01
4.937267303466796875e-02
1.001601219177246094e-01
4.099185466766357422e-01
1.936314105987548828e-01
5.500197410583496094e-02
4.232811927795410156e-02
5.930042266845703125e-02
3.222560882568359375e-02
7.870864868164062500e-02
1.332557201385498047e-01
2.649509906768798828e-01
3.812555551528930664e+02
4.052075624465942383e+00
8.406901359558105469e-02
1.076079368591308594e+00
1.131485872268676758e+02
3.783972263336181641e-01
5.907392501831054688e-02
7.352352142333984375e-02
1.835002899169921875e-01
2.945208549499511719e-02
2.407642126083374023e+00
1.070956468582153320e+00
1.071665287017822266e-01
1.271741390228271484e-01
9.096264839172363281e-02
8.470106124877929688e-02
1.911835670471191406e-01
4.573011398315429688e-02
1.172041893005371094e-01
5.720901489257812500e-02
9.943556785583496094e-02
7.934713363647460938e-02
2.584257602691650391e+00
2.103188037872314453e-01
9.219050407409667969e-02
2.193623542785644531e+00
3.012833595275878906e-01
6.021356582641601562e-02
1.606636047363281250e-01
5.669879913330078125e-02
7.764744758605957031e-02
1.348242759704589844e-01
5.778551101684570312e-02
9.102511405944824219e-01
1.821534633636474609e-01
8.188080787658691406e-02
4.561278820037841797e-01
2.673537731170654297e-01
1.547572612762451172e-01
7.191681861877441406e-02
1.770651340484619141e-01
4.913282394409179688e-02
1.038482189178466797e-01
4.240703582763671875e-02
4.122161865234375000e-02
1.035926342010498047e-01
3.032476902008056641e-01
4.088728427886962891e-01
4.961013793945312500e-02
1.508140563964843750e-01
2.464294433593750000e-01
5.990672111511230469e-02
7.364726066589355469e-02
3.746294975280761719e-02
3.751659393310546875e-02
2.526950836181640625e-01
3.144087791442871094e-01
1.488807201385498047e-01
1.877012252807617188e-01
6.132578849792480469e-02
1.699976921081542969e-01
1.589574813842773438e-01
1.315939426422119141e-01
4.626739025115966797e-01
9.615182876586914062e-02
1.978027820587158203e-01
1.207060813903808594e-01
1.087577342987060547e-01
1.574931144714355469e-01
1.079900264739990234e-01
2.105829715728759766e-01
8.642745018005371094e-02
6.895351409912109375e-02
3.417587280273437500e-02
6.082439422607421875e-02
1.035308384895324707e+02
1.503601074218750000e-01
3.504645824432373047e-01
8.994174003601074219e-02
1.399629116058349609e-01
1.497361660003662109e-01
5.375146865844726562e-02
9.876728057861328125e-02
1.135523319244384766e-01
1.331877708435058594e-01
2.029321193695068359e-01
7.904624938964843750e-02
7.261443138122558594e-02
1.461107254028320312e+00
1.328797340393066406e-01
1.310768127441406250e-01
7.683629798889160156e+01
3.496479988098144531e-01
2.900698184967041016e-01
2.700510025024414062e-01
1.013176441192626953e-01
1.089471840858459473e+01
1.808102130889892578e-01
2.090781235694885254e+01
4.858040809631347656e-02
1.819728279113769531e+02
3.836774826049804688e-02
2.218263149261474609e-01
2.020969390869140625e-01
1.428196430206298828e-01
6.638956069946289062e-02
5.094051361083984375e-02
2.360467910766601562e-01
3.563705205917358398e+00
5.034089391231536865e+02
7.894325256347656250e-02
1.043903827667236328e-01
4.393155574798583984e-01
8.272266387939453125e-02
1.335527896881103516e-01
4.744768142700195312e-02
1.436123847961425781e-01
4.690432548522949219e-02
2.504527330398559570e+00
8.317809581756591797e+00
2.090945243835449219e-01
7.708024978637695312e-02
6.679677963256835938e-02
4.788088798522949219e-02
2.385425567626953125e-01
4.581642150878906250e-02
8.272981643676757812e-02
1.440784931182861328e-01
7.296752929687500000e-02
1.705303192138671875e-01
4.274320602416992188e-02
1.026470661163330078e-01
5.921292304992675781e-02
1.423590183258056641e-01
2.021348476409912109e-01
1.877267360687255859e-01
7.381725311279296875e-02
3.460135459899902344e-01
3.141820669174194336e+00
7.842636108398437500e-02
7.321143150329589844e-02
4.838371038436889648e+00
