1.277370452880859375e-01
2.617359161376953125e-02
2.811665534973144531e-01
3.282235670089721680e+02
6.300088405609130859e+00
2.261550426483154297e-01
5.845212936401367188e-02
2.102730274200439453e-01
1.410837173461914062e-01
5.827474594116210938e-02
1.617468428611755371e+01
3.991389274597167969e-01
6.353664398193359375e-02
2.760601043701171875e-02
1.062328815460205078e-01
1.076979637145996094e-01
6.490612030029296875e-02
6.935095787048339844e-02
1.993823051452636719e-01
6.554794311523437500e-02
5.769777297973632812e-02
7.878780364990234375e-02
5.760216712951660156e-02
1.721421957015991211e+00
4.743552207946777344e-02
4.495587348937988281e-01
1.016492843627929688e-01
3.451204299926757812e-02
7.786893844604492188e-02
5.177044868469238281e-02
8.785796165466308594e-02
3.199121952056884766e-01
4.787438418865203857e+02
8.272242546081542969e-02
2.560338973999023438e-01
3.879456520080566406e-01
5.969331979751586914e+00
1.274573802947998047e-01
2.989478111267089844e-01
1.328745365142822266e+00
6.911420822143554688e-02
2.470946311950683594e-02
1.362619400024414062e-01
7.621884346008300781e-02
8.295146703720092773e+00
4.588434696197509766e-01
8.963537216186523438e-02
3.587937355041503906e-02
1.135222911834716797e-01
3.983774185180664062e-01
2.800009250640869141e-01
7.581973075866699219e-02
6.268000602722167969e-02
7.623052597045898438e-02
3.381061553955078125e-02
8.587217330932617188e-02
1.256916522979736328e-01
2.666025161743164062e-01
3.455950109958648682e+02
5.043191671371459961e+00
6.234502792358398438e-02
1.224726200103759766e+00
1.096406607627868652e+02
4.846653938293457031e-01
7.393693923950195312e-02
4.488158226013183594e-02
1.886374950408935547e-01
6.542515754699707031e-02
3.450312614440917969e+00
9.153692722320556641e-01
1.007201671600341797e-01
1.073603630065917969e-01
6.487321853637695312e-02
6.462478637695312500e-02
1.369509696960449219e-01
6.881713867187500000e-02
1.062755584716796875e-01
6.122207641601562500e-02
5.696105957031250000e-02
7.473921775817871094e-02
2.239750623703002930e+00
2.123789787292480469e-01
5.211329460144042969e-02
1.458419084548950195e+00
3.322269916534423828e-01
9.235572814941406250e-02
9.720420837402343750e-02
5.534195899963378906e-02
4.118180274963378906e-02
8.684015274047851562e-02
6.062316894531250000e-02
8.076500892639160156e-01
2.598514556884765625e-01
8.085036277770996094e-02
4.368164539337158203e-01
2.305629253387451172e-01
1.055979728698730469e-01
7.340812683105468750e-02
1.730444431304931641e-01
5.616998672485351562e-02
4.087519645690917969e-02
5.593466758728027344e-02
3.708648681640625000e-02
1.031680107116699219e-01
4.110453128814697266e-01
3.324844837188720703e-01
6.989216804504394531e-02
1.531934738159179688e-01
2.347161769866943359e-01
5.865406990051269531e-02
7.223582267761230469e-02
4.324769973754882812e-02
6.940913200378417969e-02
7.008292675018310547e-01
1.712005138397216797e-01
8.647370338439941406e-02
1.252770423889160156e-01
7.071924209594726562e-02
1.738576889038085938e-01
9.091162681579589844e-02
1.230940818786621094e-01
2.262663841247558594e-01
9.551715850830078125e-02
2.195546627044677734e-01
9.718203544616699219e-02
1.064608097076416016e-01
1.440367698669433594e-01
9.262037277221679688e-02
1.137130260467529297e-01
7.575488090515136719e-02
6.651759147644042969e-02
2.921080589294433594e-02
5.651378631591796875e-02
1.923825740814208984e-01
2.133867740631103516e-01
3.438332080841064453e-01
1.005327701568603516e-01
1.764495372772216797e-01
9.210824966430664062e-02
7.602834701538085938e-02
1.399962902069091797e-01
1.038711071014404297e-01
8.714413642883300781e-02
2.197222709655761719e-01
6.478953361511230469e-02
7.893824577331542969e-02
1.122303009033203125e+00
1.365990638732910156e-01
1.265032291412353516e-01
7.094626164436340332e+01
3.275456428527832031e-01
1.702876091003417969e-01
2.749240398406982422e-01
1.155838966369628906e-01
4.015135765075683594e-02
1.767137050628662109e-01
1.909422183036804199e+01
7.473349571228027344e-02
7.559736227989196777e+01
3.341794013977050781e-02
2.437808513641357422e-01
1.361360549926757812e-01
1.447846889495849609e-01
8.995819091796875000e-02
5.102276802062988281e-02
2.394061088562011719e-01
3.387275695800781250e+00
4.697245063781738281e+02
5.030584335327148438e-02
1.139888763427734375e-01
3.275406360626220703e-01
8.412694931030273438e-02
1.324002742767333984e-01
5.955243110656738281e-02
1.546044349670410156e-01
5.143523216247558594e-02
2.425899744033813477e+00
2.187153100967407227e+00
9.443950653076171875e-02
5.580830574035644531e-02
1.062839031219482422e-01
1.989064216613769531e-01
2.902450561523437500e-01
7.548093795776367188e-02
8.890938758850097656e-02
1.021409034729003906e-01
3.198599815368652344e-02
1.392452716827392578e-01
6.211566925048828125e-02
6.302094459533691406e-02
6.964182853698730469e-02
1.287188529968261719e-01
2.109017372131347656e-01
1.754901409149169922e-01
8.921647071838378906e-02
7.852435111999511719e-02
2.966612339019775391e+00
1.001787185668945312e-01
7.919573783874511719e-02
4.561532020568847656e+00
