31.630516052246094
66.07389450073242
59.165000915527344
17.82393455505371
248.9762306213379
431.3626289367676
147.29070663452148
226.9291877746582
155.6546688079834
210.50310134887695
58.35843086242676
12.466192245483398
287.5988483428955
144.4392204284668
142.00735092163086
85.1588249206543
66.87593460083008
396.85916900634766
147.51124382019043
181.30183219909668
122.07579612731934
16.172170639038086
66.8179988861084
20.94721794128418
27.61363983154297
128.9670467376709
35.93325614929199
53.83801460266113
19.322633743286133
46.60391807556152
43.83563995361328
40.276288986206055
16.137361526489258
50.56619644165039
38.13505172729492
119.5535659790039
19.291400909423828
111.15288734436035
80.52730560302734
70.35255432128906
115.3566837310791
18.84770393371582
183.0751895904541
20.226001739501953
54.20279502868652
22.46379852294922
71.22921943664551
52.01911926269531
216.51506423950195
22.736072540283203
35.97736358642578
154.8748016357422
198.22049140930176
25.296926498413086
208.56428146362305
352.0534038543701
1025.5844593048096
28.511762619018555
139.69159126281738
98.68097305297852
390.3827667236328
19.927024841308594
60.667991638183594
149.38807487487793
14.246940612792969
116.72759056091309
465.70515632629395
77.72493362426758
31.2502384185791
26.995182037353516
45.823097229003906
40.235042572021484
26.15070343017578
89.45012092590332
88.88840675354004
147.1421718597412
517.6653861999512
84.49411392211914
85.4337215423584
29.76393699645996
58.87579917907715
190.4463768005371
113.71231079101562
19.194364547729492
191.8644905090332
119.00711059570312
211.49110794067383
81.30049705505371
39.6573543548584
97.79119491577148
142.15826988220215
126.57308578491211
84.53559875488281
26.67522430419922
45.18890380859375
62.49642372131348
18.019914627075195
33.0812931060791
146.026611328125
83.72974395751953
50.64868927001953
83.21738243103027
226.26757621765137
59.81779098510742
125.92625617980957
49.051761627197266
46.163320541381836
27.6641845703125
62.33930587768555
556.5304756164551
46.2796688079834
27.39572525024414
17.792463302612305
303.2948970794678
27.425050735473633
39.45326805114746
303.13968658447266
50.2018928527832
234.2226505279541
41.89300537109375
115.5247688293457
55.06706237792969
266.3276195526123
172.12319374084473
111.71793937683105
20.296573638916016
15.817880630493164
57.53588676452637
25.03514289855957
94.91610527038574
91.02821350097656
85.43038368225098
225.00133514404297
81.72869682312012
24.859189987182617
118.65639686584473
30.213356018066406
88.41586112976074
45.436859130859375
29.95586395263672
365.9963607788086
124.91965293884277
95.1089859008789
83.43791961669922
18.355607986450195
135.73622703552246
60.09650230407715
145.4298496246338
35.959482192993164
20.748138427734375
63.58456611633301
19.56462860107422
172.21689224243164
21.15917205810547
98.31094741821289
201.56550407409668
128.51762771606445
45.77183723449707
289.89553451538086
157.74917602539062
76.19524002075195
20.34759521484375
48.56514930725098
313.75813484191895
20.206689834594727
22.538423538208008
17.493724822998047
101.15408897399902
67.47102737426758
135.62917709350586
128.94010543823242
63.49492073059082
48.37298393249512
1074.2027759552002
141.6761875152588
77.9883861541748
100.40736198425293
33.60700607299805
89.17117118835449
68.3901309967041
212.06307411193848
133.2697868347168
259.63354110717773
49.53598976135254
113.43955993652344
117.88678169250488
14.342308044433594
169.08574104309082
52.66571044921875
483.58750343322754
49.207210540771484
135.0088119506836
25.921106338500977
279.9501419067383
62.43181228637695
72.02959060668945
66.99085235595703
28.388023376464844
93.47200393676758
28.52606773376465
405.47823905944824
73.00376892089844
530.479907989502
18.308639526367188
97.80502319335938
18.016815185546875
34.77048873901367
116.05477333068848
139.6183967590332
268.22543144226074
182.0545196533203
17.68207550048828
84.02323722839355
139.7078037261963
109.4520092010498
181.53691291809082
283.1592559814453
472.3496437072754
12.838363647460938
133.23974609375
73.07219505310059
18.756628036499023
71.75731658935547
61.655521392822266
138.78345489501953
36.136627197265625
71.21920585632324
25.177001953125
14.192581176757812
21.912336349487305
24.01566505432129
240.93389511108398
135.28776168823242
244.78626251220703
204.79106903076172
82.30805397033691
25.19822120666504
83.18805694580078
370.4814910888672
88.80043029785156
27.63223648071289
79.44345474243164
423.5270023345947
98.02412986755371
263.52715492248535
27.645111083984375
290.99416732788086
59.73029136657715
73.4553337097168
60.17279624938965
25.52318572998047
59.870004653930664
194.75317001342773
160.45713424682617
125.11801719665527
62.2096061706543
208.3876132965088
126.54829025268555
153.20205688476562
14.425277709960938
679.9938678741455
56.47611618041992
226.60398483276367
337.4028205871582
64.056396484375
21.14248275756836
27.558326721191406
54.75354194641113
53.929805755615234
83.31561088562012
168.05696487426758
44.64316368103027
367.42305755615234
45.3646183013916
90.59834480285645
97.36943244934082
105.3774356842041
248.7316131591797
411.82827949523926
19.56653594970703
218.05405616760254
84.4426155090332
150.63118934631348
52.050113677978516
466.5372371673584
107.25831985473633
88.3932113647461
92.74840354919434
33.95199775695801
89.70236778259277
103.37996482849121
314.56875801086426
85.92844009399414
220.68524360656738
25.506019592285156
13.881206512451172
24.74188804626465
167.57559776306152
29.24060821533203
45.20297050476074
30.954360961914062
65.0026798248291
168.82896423339844
158.22291374206543
248.11863899230957
34.92927551269531
102.3569107055664
20.258426666259766
1083.6198329925537
92.00215339660645
64.58163261413574
483.1578731536865
63.47012519836426
300.5092144012451
201.2186050415039
141.74270629882812
145.40672302246094
16.956329345703125
82.92055130004883
35.61568260192871
30.333757400512695
263.8885974884033
45.133352279663086
12.253284454345703
23.050546646118164
153.8562774658203
29.029130935668945
46.54550552368164
93.16396713256836
197.26848602294922
29.512405395507812
1054.6493530273438
355.78346252441406
16.933917999267578
72.38507270812988
41.53561592102051
247.56121635437012
46.5853214263916
569.286584854126
114.58492279052734
41.05854034423828
46.34571075439453
26.3979434967041
188.29917907714844
26.929140090942383
152.99582481384277
282.5660705566406
138.80586624145508
218.2011604309082
15.196561813354492
160.38060188293457
97.77975082397461
64.56732749938965
21.806955337524414
14.862537384033203
95.07417678833008
65.80948829650879
30.5330753326416
257.63702392578125
28.164148330688477
356.1511039733887
362.23673820495605
54.65555191040039
32.872915267944336
194.32306289672852
77.54135131835938
20.362138748168945
44.556617736816406
48.569440841674805
54.75950241088867
27.292251586914062
80.08193969726562
83.83893966674805
70.5556869506836
129.011869430542
135.467529296875
153.94926071166992
82.17501640319824
186.75804138183594
16.15738868713379
101.65762901306152
290.8816337585449
179.63600158691406
232.5575351715088
169.84868049621582
281.2666893005371
324.5861530303955
261.09981536865234
52.422285079956055
66.07246398925781
36.05508804321289
117.05183982849121
64.97025489807129
79.1780948638916
36.30709648132324
21.657228469848633
31.528472900390625
87.73660659790039
161.78274154663086
318.44353675842285
36.865949630737305
230.94820976257324
19.287586212158203
132.63559341430664
435.4665279388428
62.4237060546875
209.17725563049316
240.8161163330078
192.5368309020996
26.607990264892578
76.812744140625
92.05245971679688
144.69265937805176
23.026466369628906
88.22941780090332
299.940824508667
326.73120498657227
209.6407413482666
19.243240356445312
213.02509307861328
87.1574878692627
20.96843719482422
20.136594772338867
237.3960018157959
23.597002029418945
260.8158588409424
46.76651954650879
135.09845733642578
60.73951721191406
35.17413139343262
132.08317756652832
42.66786575317383
63.13800811767578
26.422977447509766
104.95233535766602
74.05209541320801
88.38224411010742
44.471025466918945
200.13093948364258
42.188405990600586
19.250869750976562
109.32254791259766
36.22627258300781
356.5490245819092
119.86756324768066
171.26822471618652
142.04025268554688
74.71823692321777
33.10728073120117
224.6553897857666
195.76263427734375
207.3526382446289
133.22019577026367
69.69594955444336
103.01971435546875
14.578580856323242
141.92438125610352
189.58711624145508
94.36273574829102
221.55499458312988
73.69351387023926
149.82962608337402
30.517578125
1027.6188850402832
35.96329689025879
366.1935329437256
165.89999198913574
265.43450355529785
123.7952709197998
391.1752700805664
41.6262149810791
20.479440689086914
317.7957534790039
69.16141510009766
423.14863204956055
57.358741760253906
132.60507583618164
66.83826446533203
60.502052307128906
99.63631629943848
111.94849014282227
135.68902015686035
212.59427070617676
19.93727684020996
156.80599212646484
28.600454330444336
94.7418212890625
88.26255798339844
79.58340644836426
48.00701141357422
80.72757720947266
31.85749053955078
143.17727088928223
241.34564399719238
22.823810577392578
46.66900634765625
210.66904067993164
55.414676666259766
264.36614990234375
190.5827522277832
142.4264907836914
193.34697723388672
35.803794860839844
27.074575424194336
91.10760688781738
26.329517364501953
324.16486740112305
23.7276554107666
438.07005882263184
119.82917785644531
326.89619064331055
37.70756721496582
500.82921981811523
185.5611801147461
201.4453411102295
68.56036186218262
74.35870170593262
223.4172821044922
29.460430145263672
69.3361759185791
134.77802276611328
46.77915573120117
46.30112648010254
211.5621566772461
15.771627426147461
46.67806625366211
106.65369033813477
348.4618663787842
255.23757934570312
18.1729793548584
117.18440055847168
199.69415664672852
157.4392318725586
31.435012817382812
219.7718620300293
149.80340003967285
76.85589790344238
29.392004013061523
105.99207878112793
26.075124740600586
108.61754417419434
101.90987586975098
121.96826934814453
370.8333969116211
26.455402374267578
18.604755401611328
112.56146430969238
29.185771942138672
431.5662384033203
224.74956512451172
24.311304092407227
84.26928520202637
161.21602058410645
115.41199684143066
158.74576568603516
78.90129089355469
27.82273292541504
57.747840881347656
31.84223175048828
190.7031536102295
120.77069282531738
102.54430770874023
41.086673736572266
108.54625701904297
65.49763679504395
108.30521583557129
18.202781677246094
108.95824432373047
276.15904808044434
213.57059478759766
71.83718681335449
193.2206153869629
304.30150032043457
21.77143096923828
1037.8680229187012
21.382808685302734
21.12579345703125
33.174991607666016
28.75065803527832
54.82363700866699
222.30792045593262
57.76095390319824
372.0118999481201
119.92955207824707
110.9628677368164
321.18844985961914
48.6905574798584
15.435457229614258
86.9138240814209
119.77171897888184
360.3181838989258
13.479232788085938
251.19519233703613
379.763126373291
13.78178596496582
103.96075248718262
43.684959411621094
351.3681888580322
67.71636009216309
19.96636390686035
38.73562812805176
122.40123748779297
34.269094467163086
49.8659610748291
1049.2656230926514
53.46059799194336
32.02533721923828
116.09435081481934
62.555789947509766
122.3914623260498
31.309127807617188
272.7186679840088
286.93675994873047
24.744749069213867
37.89710998535156
32.44352340698242
43.23887825012207
175.8880615234375
35.5684757232666
270.587682723999
60.373783111572266
116.0585880279541
83.9996337890625
59.949636459350586
21.97551727294922
111.32550239562988
78.09257507324219
36.35454177856445
53.99656295776367
111.44113540649414
23.876667022705078
86.01093292236328
28.701305389404297
60.774803161621094
150.24375915527344
169.45409774780273
172.62840270996094
29.674291610717773
510.3414058685303
21.789073944091797
25.641679763793945
17.565250396728516
29.572725296020508
70.82438468933105
131.06846809387207
48.4004020690918
14.293670654296875
170.40705680847168
59.69500541687012
43.64609718322754
18.872976303100586
81.67409896850586
107.6960563659668
16.537189483642578
108.1387996673584
63.16852569580078
30.263185501098633
13.984441757202148
209.75184440612793
15.389442443847656
81.17985725402832
285.46929359436035
61.17439270019531
49.37267303466797
44.77095603942871
96.33970260620117
186.1116886138916
25.026559829711914
24.38831329345703
63.08579444885254
123.53301048278809
435.05239486694336
19.362926483154297
125.72908401489258
30.8535099029541
50.64511299133301
35.97068786621094
71.0306167602539
283.5235595703125
473.27280044555664
38.80643844604492
135.5724334716797
194.11015510559082
35.72988510131836
262.89820671081543
71.52485847473145
122.79891967773438
15.316009521484375
33.323049545288086
60.630083084106445
1051.49245262146
118.04962158203125
24.971961975097656
35.50100326538086
90.96193313598633
72.71409034729004
237.87164688110352
168.35761070251465
21.38376235961914
94.17557716369629
210.65568923950195
138.55385780334473
124.95756149291992
48.94566535949707
163.30504417419434
129.24671173095703
85.86287498474121
118.39127540588379
179.66198921203613
175.67801475524902
24.51157569885254
401.6580581665039
20.761728286743164
80.6281566619873
142.64822006225586
37.445068359375
75.43230056762695
36.330461502075195
26.903152465820312
158.91456604003906
368.4728145599365
58.96449089050293
52.6275634765625
311.91062927246094
48.41208457946777
176.81288719177246
20.882606506347656
66.0405158996582
107.19418525695801
50.461769104003906
133.20350646972656
152.4488925933838
107.59210586547852
136.9173526763916
49.24345016479492
23.62799644470215
101.78995132446289
314.319372177124
73.0280876159668
358.31665992736816
100.74877738952637
122.58553504943848
81.7711353302002
68.80474090576172
29.504060745239258
19.068479537963867
77.13484764099121
15.744447708129883
28.497695922851562
62.84618377685547
87.48078346252441
16.506433486938477
46.80490493774414
399.83224868774414
52.25253105163574
21.254301071166992
17.12965965270996
190.01483917236328
243.5157299041748
19.113540649414062
30.829429626464844
194.04196739196777
23.713111877441406
41.68224334716797
188.81702423095703
76.52926445007324
119.79055404663086
81.05111122131348
34.259796142578125
155.9593677520752
26.080846786499023
39.47114944458008
101.02534294128418
53.48920822143555
52.29020118713379
19.1500186920166
23.885011672973633
41.005849838256836
115.46015739440918
22.968530654907227
84.41734313964844
38.0396842956543
62.90268898010254
36.84377670288086
147.62067794799805
232.75232315063477
26.232242584228516
208.3737850189209
29.682636260986328
218.81556510925293
145.1704502105713
171.75054550170898
170.40586471557617
428.4355640411377
130.52058219909668
62.787532806396484
161.35430335998535
275.5405902862549
144.99950408935547
49.31473731994629
452.17370986938477
114.66073989868164
20.99323272705078
469.6316719055176
23.186445236206055
58.223724365234375
199.77211952209473
57.45530128479004
127.40945816040039
816.6196346282959
84.07211303710938
105.89027404785156
46.61417007446289
128.7994384765625
58.234214782714844
379.9560070037842
53.72357368469238
350.3460884094238
34.67130661010742
61.10668182373047
502.8352737426758
176.18179321289062
169.97408866882324
33.83135795593262
129.71138954162598
162.37902641296387
32.341957092285156
75.34646987915039
31.33845329284668
21.169662475585938
27.951717376708984
93.08385848999023
27.75716781616211
535.29953956604
184.7825050354004
38.81192207336426
130.74398040771484
47.384023666381836
21.338462829589844
261.8386745452881
127.46047973632812
487.9720211029053
15.250205993652344
93.17374229431152
98.5722541809082
195.73593139648438
18.501996994018555
35.86745262145996
270.6940174102783
24.275779724121094
303.1198978424072
125.98872184753418
232.51771926879883
53.281545639038086
12.172698974609375
49.2401123046875
114.81237411499023
50.48513412475586
44.7540283203125
118.98946762084961
192.37303733825684
68.14765930175781
136.04021072387695
154.37793731689453
225.19207000732422
303.08055877685547
152.06503868103027
642.8098678588867
34.68608856201172
21.080970764160156
111.36722564697266
207.25560188293457
18.372774124145508
272.62306213378906
177.81925201416016
44.8915958404541
187.96014785766602
41.291236877441406
275.6481170654297
94.8331356048584
257.9684257507324
74.9502182006836
35.46714782714844
21.458864212036133
92.39625930786133
51.64742469787598
149.38807487487793
73.55260848999023
170.13192176818848
37.642717361450195
45.14908790588379
265.3977870941162
20.906448364257812
59.174537658691406
31.428813934326172
100.11935234069824
53.24363708496094
41.42951965332031
30.928850173950195
28.018474578857422
80.90686798095703
20.226478576660156
541.6162014007568
349.3776321411133
22.91393280029297
101.04656219482422
43.885231018066406
104.82120513916016
179.59332466125488
275.65622329711914
202.60071754455566
14.09149169921875
113.81268501281738
138.30804824829102
28.95498275756836
201.7190456390381
174.75175857543945
26.365041732788086
37.2622013092041
47.52707481384277
130.6309700012207
44.58117485046387
20.908117294311523
69.46992874145508
17.218828201293945
29.2508602142334
29.903888702392578
249.69983100891113
12.96377182006836
26.70907974243164
197.60560989379883
312.349796295166
83.08172225952148
32.46617317199707
143.6305046081543
155.37714958190918
59.39340591430664
447.39580154418945
48.017024993896484
33.77079963684082
34.64961051940918
119.62199211120605
101.32670402526855
71.6090202331543
195.0390338897705
358.96921157836914
467.36788749694824
23.798704147338867
108.32595825195312
110.78357696533203
46.12588882446289
188.06958198547363
24.569272994995117
291.2788391113281
33.84590148925781
124.53508377075195
407.9868793487549
14.207601547241211
89.33210372924805
54.26478385925293
15.046358108520508
45.08185386657715
42.510986328125
201.99060440063477
110.21018028259277
42.04916954040527
279.8440456390381
124.25875663757324
26.20387077331543
14.035224914550781
215.6352996826172
256.5329074859619
63.76457214355469
41.2445068359375
121.35982513427734
1031.9786071777344
181.8699836730957
188.19260597229004
153.914213180542
22.334575653076172
55.683135986328125
573.7864971160889
22.00460433959961
60.42933464050293
166.39995574951172
50.42457580566406
97.10121154785156
143.1443691253662
30.478954315185547
21.208524703979492
150.57659149169922
38.09690475463867
45.10140419006348
68.92681121826172
19.66547966003418
99.82872009277344
69.87452507019043
18.939971923828125
64.09907341003418
96.17209434509277
71.67196273803711
24.31178092956543
157.41539001464844
21.308183670043945
52.43849754333496
320.07312774658203
190.80591201782227
81.58516883850098
33.348798751831055
115.58866500854492
21.295785903930664
51.44643783569336
527.7314186096191
295.1769828796387
1041.792869567871
36.17453575134277
740.7839298248291
28.96428108215332
167.99354553222656
386.2340450286865
63.21310997009277
27.50682830810547
29.536962509155273
53.48348617553711
1030.299425125122
92.18978881835938
30.202627182006836
14.333486557006836
74.61857795715332
87.94140815734863
29.0682315826416
148.27775955200195
61.42425537109375
63.809871673583984
18.77450942993164
19.9434757232666
99.67923164367676
158.33449363708496
23.95939826965332
199.77951049804688
102.56743431091309
313.9212131500244
80.1539421081543
43.94102096557617
576.4665603637695
24.434804916381836
226.37009620666504
68.24898719787598
28.08094024658203
72.26872444152832
115.77939987182617
289.54076766967773
23.999929428100586
29.814958572387695
43.42317581176758
199.3703842163086
100.75211524963379
241.51372909545898
47.00946807861328
38.332223892211914
115.9830093383789
22.97806739807129
297.2984313964844
37.7199649810791
170.86458206176758
101.74369812011719
33.006906509399414
42.755126953125
103.24645042419434
51.30958557128906
243.5474395751953
485.87942123413086
28.433561325073242
43.32542419433594
75.34432411193848
307.4653148651123
61.39731407165527
105.89742660522461
62.75749206542969
225.0654697418213
127.81286239624023
124.01366233825684
114.28427696228027
19.906282424926758
21.016836166381836
100.43764114379883
21.414995193481445
118.03007125854492
34.64031219482422
19.710063934326172
94.27118301391602
72.62897491455078
33.1571102142334
62.06083297729492
21.199941635131836
88.98591995239258
66.30706787109375
69.54789161682129
94.91205215454102
40.88568687438965
20.757675170898438
147.3562717437744
17.488718032836914
59.72480773925781
29.76083755493164
79.08415794372559
104.34913635253906
125.17189979553223
17.5478458404541
218.25027465820312
167.21582412719727
34.32059288024902
153.6717414855957
90.35825729370117
97.6409912109375
306.9014549255371
109.31515693664551
74.22375679016113
172.84154891967773
345.1533317565918
315.82117080688477
215.8660888671875
104.71558570861816
168.5342788696289
105.41772842407227
226.37462615966797
246.5038299560547
15.576601028442383
40.01045227050781
33.481597900390625
92.83781051635742
12.089014053344727
49.40176010131836
333.4629535675049
109.4350814819336
43.625831604003906
71.85792922973633
216.68624877929688
306.82945251464844
124.02772903442383
13.022661209106445
25.829792022705078
102.30612754821777
78.84669303894043
178.32612991333008
118.88408660888672
95.99447250366211
238.54994773864746
91.33553504943848
92.63324737548828
65.14835357666016
524.4314670562744
19.97089385986328
132.6758861541748
230.16071319580078
33.176422119140625
288.60998153686523
120.47266960144043
34.6989631652832
312.5174045562744
160.71248054504395
19.93274688720703
208.73141288757324
17.985105514526367
1066.6089057922363
35.38203239440918
49.2403507232666
177.50978469848633
134.2000961303711
19.984006881713867
436.59186363220215
80.26885986328125
35.62664985656738
254.06408309936523
33.87618064880371
98.05989265441895
48.937082290649414
134.5841884613037
36.65733337402344
36.521196365356445
20.54905891418457
89.21694755554199
193.07804107666016
192.68536567687988
135.51878929138184
230.2391529083252
55.27925491333008
24.08289909362793
110.2142333984375
175.69828033447266
133.96477699279785
155.0467014312744
390.2261257171631
56.61296844482422
71.06494903564453
453.3116817474365
107.62405395507812
23.6358642578125
255.80477714538574
136.35587692260742
189.36705589294434
117.50507354736328
242.0661449432373
132.3833465576172
147.61018753051758
450.4508972167969
268.6018943786621
34.16633605957031
46.8897819519043
320.1284408569336
538.5494232177734
28.475284576416016
41.0003662109375
194.60058212280273
119.03691291809082
13.504743576049805
451.1301517486572
146.67797088623047
151.30043029785156
438.97461891174316
457.2584629058838
38.8188362121582
34.38830375671387
53.10940742492676
34.03425216674805
44.26860809326172
277.80818939208984
393.85366439819336
107.35821723937988
69.08202171325684
23.203611373901367
21.289825439453125
64.4073486328125
82.2904109954834
161.20195388793945
216.35675430297852
232.78141021728516
257.21168518066406
88.88626098632812
138.28539848327637
275.70033073425293
146.86846733093262
28.859853744506836
43.36953163146973
78.58610153198242
46.32401466369629
15.399932861328125
46.9207763671875
139.4345760345459
97.69940376281738
26.745319366455078
31.500816345214844
88.70482444763184
245.0878620147705
18.859148025512695
87.36443519592285
30.777692794799805
29.938220977783203
138.06748390197754
34.01660919189453
17.93050765991211
18.697500228881836
171.78964614868164
100.12435913085938
89.89739418029785
34.31582450866699
37.96267509460449
105.89075088500977
39.32499885559082
378.7105083465576
145.93768119812012
18.894672393798828
28.319835662841797
54.18658256530762
217.85545349121094
126.434326171875
57.48605728149414
12.895345687866211
280.5917263031006
129.37116622924805
20.06363868713379
34.731149673461914
49.94773864746094
188.75789642333984
236.2368106842041
98.30498695373535
23.554086685180664
29.490232467651367
190.23919105529785
45.02439498901367
135.2837085723877
84.81478691101074
45.215606689453125
153.15485000610352
72.06058502197266
54.35037612915039
76.85208320617676
139.6479606628418
39.7028923034668
59.871673583984375
69.99683380126953
38.23113441467285
27.28271484375
42.61064529418945
48.37989807128906
102.2636890411377
34.64961051940918
175.95410346984863
1125.1847743988037
52.50048637390137
81.80952072143555
17.612218856811523
33.54835510253906
58.70819091796875
321.8040466308594
229.14576530456543
71.98071479797363
17.21930503845215
43.29061508178711
36.379098892211914
27.017593383789062
87.57305145263672
142.9274082183838
375.31232833862305
16.16215705871582
51.02086067199707
63.14563751220703
115.56363105773926
109.97986793518066
100.25191307067871
345.4103469848633
179.9471378326416
390.66481590270996
285.16244888305664
22.813796997070312
25.377511978149414
221.89855575561523
40.95172882080078
141.9997215270996
28.61618995666504
76.20406150817871
239.43758010864258
26.11541748046875
57.81412124633789
70.45960426330566
357.3880195617676
493.70670318603516
215.9135341644287
17.839431762695312
174.26371574401855
27.30870246887207
52.103281021118164
212.93354034423828
69.84376907348633
28.066396713256836
64.84508514404297
35.59136390686035
108.91437530517578
163.94567489624023
22.372007369995117
17.956972122192383
145.23696899414062
52.797555923461914
255.52606582641602
318.73369216918945
39.08491134643555
18.392324447631836
27.150630950927734
64.06426429748535
180.8450222015381
159.72638130187988
104.30550575256348
77.7428150177002
16.668319702148438
44.35110092163086
331.02965354919434
20.122289657592773
76.94768905639648
80.15775680541992
106.99725151062012
84.99813079833984
14.256477355957031
35.71891784667969
24.213075637817383
93.69874000549316
52.94322967529297
64.4388198852539
69.23055648803711
73.15516471862793
275.00224113464355
54.10289764404297
24.865150451660156
35.376787185668945
188.68470191955566
197.51787185668945
206.34961128234863
42.89960861206055
50.047874450683594
17.450332641601562
17.927885055541992
73.73476028442383
288.3756160736084
27.305126190185547
187.19077110290527
183.53509902954102
189.31865692138672
23.454666137695312
1035.2165699005127
128.1452178955078
374.8936653137207
139.01877403259277
65.27209281921387
121.64139747619629
49.86166954040527
33.341169357299805
47.77884483337402
44.70419883728027
86.40623092651367
399.20854568481445
42.58108139038086
203.14645767211914
41.42451286315918
402.10604667663574
20.57027816772461
91.86697006225586
177.48785018920898
18.929004669189453
389.8632526397705
141.0818099975586
127.69103050231934
52.70504951477051
47.658681869506836
46.4167594909668
198.9278793334961
56.18762969970703
44.08740997314453
27.997493743896484
476.5481948852539
260.0665092468262
112.80512809753418
88.4237289428711
353.58452796936035
217.94652938842773
494.34876441955566
124.84550476074219
124.0549087524414
141.76440238952637
499.9256134033203
115.15331268310547
296.5540885925293
158.37979316711426
79.52547073364258
20.984172821044922
19.042015075683594
120.1014518737793
34.177541732788086
40.3141975402832
77.7440071105957
148.09107780456543
80.66225051879883
48.14624786376953
106.73761367797852
49.34120178222656
173.46501350402832
32.87839889526367
59.746503829956055
33.0815315246582
25.069713592529297
65.39344787597656
116.89162254333496
196.44713401794434
118.39556694030762
128.48877906799316
1059.321403503418
181.30970001220703
45.56727409362793
90.53301811218262
39.92509841918945
793.6384677886963
91.51053428649902
117.32220649719238
50.10342597961426
60.12153625488281
66.54024124145508
91.2775993347168
196.23470306396484
44.65055465698242
181.3812255859375
125.6093978881836
174.14593696594238
232.37967491149902
57.24477767944336
86.09700202941895
19.979476928710938
1058.6812496185303
127.57492065429688
40.34543037414551
77.94356346130371
19.0277099609375
84.4423770904541
137.33744621276855
18.242597579956055
51.892995834350586
78.50837707519531
99.34353828430176
12.076616287231445
80.2459716796875
60.45413017272949
203.9620876312256
91.55797958374023
57.43217468261719
221.95863723754883
116.54949188232422
79.36692237854004
20.960092544555664
143.78643035888672
231.22549057006836
24.361848831176758
385.9989643096924
61.277151107788086
23.029565811157227
21.58522605895996
260.61129570007324
79.53119277954102
136.14583015441895
95.82638740539551
27.324199676513672
85.24823188781738
378.07440757751465
339.47134017944336
124.62496757507324
91.25614166259766
147.6435661315918
24.997711181640625
493.90363693237305
41.97382926940918
171.28920555114746
133.53538513183594
113.55352401733398
363.65294456481934
108.41822624206543
113.03329467773438
78.6588191986084
119.21024322509766
15.35487174987793
28.346538543701172
75.09493827819824
113.15345764160156
51.49245262145996
60.77003479003906
141.2527561187744
90.43669700622559
52.99067497253418
112.28680610656738
65.32883644104004
92.83661842346191
232.60068893432617
108.15238952636719
271.09837532043457
38.83218765258789
65.17815589904785
75.4551887512207
187.6077651977539
19.51766014099121
92.9410457611084
60.468435287475586
183.14504623413086
103.91020774841309
16.27659797668457
14.29438591003418
28.662681579589844
20.26653289794922
113.70706558227539
63.28725814819336
59.896230697631836
49.12400245666504
39.33238983154297
81.13670349121094
104.52890396118164
268.6934471130371
38.311004638671875
214.1880989074707
142.95411109924316
134.61899757385254
61.64121627807617
55.57966232299805
219.3915843963623
97.05758094787598
39.84713554382324
308.08377265930176
389.3086910247803
59.40961837768555
340.503454208374
92.49997138977051
60.73164939880371
15.790700912475586
318.6020851135254
254.88901138305664
17.836809158325195
495.20230293273926
233.87646675109863
111.2678050994873
237.1513843536377
64.21899795532227
260.7593536376953
20.975351333618164
93.03879737854004
84.16271209716797
62.841176986694336
67.66891479492188
34.89804267883301
336.3206386566162
13.457298278808594
131.52217864990234
19.989967346191406
26.45134925842285
99.2884635925293
61.243295669555664
39.37363624572754
41.60118103027344
114.17222023010254
31.851768493652344
268.2340145111084
197.25990295410156
203.62591743469238
66.70641899108887
120.4373836517334
148.6213207244873
80.40857315063477
44.355154037475586
140.31553268432617
390.4569149017334
99.08699989318848
99.8237133026123
190.0172233581543
236.23347282409668
50.29749870300293
269.94800567626953
191.6787624359131
64.2244815826416
80.70063591003418
22.888898849487305
121.82235717773438
87.3727798461914
87.05997467041016
68.85886192321777
316.3578510284424
50.057172775268555
210.74414253234863
200.1028060913086
69.8244571685791
261.8536949157715
262.249231338501
170.4111099243164
13.605117797851562
274.49703216552734
232.0694923400879
572.9007720947266
77.3918628692627
101.94277763366699
29.091835021972656
363.63697052001953
82.97348022460938
111.30428314208984
53.462982177734375
363.3265495300293
42.08087921142578
28.322458267211914
184.2482089996338
42.098283767700195
129.19235229492188
58.24542045593262
15.085220336914062
388.596773147583
304.54039573669434
135.4057788848877
183.41684341430664
56.3356876373291
120.37992477416992
282.22155570983887
113.49034309387207
325.4709243774414
35.096168518066406
175.994873046875
164.64972496032715
186.52629852294922
177.40201950073242
101.04227066040039
65.34934043884277
99.9140739440918
479.52723503112793
199.8004913330078
31.929969787597656
128.48591804504395
177.9191493988037
66.37859344482422
243.6366081237793
115.35477638244629
50.359487533569336
18.606185913085938
275.04992485046387
692.4741268157959
394.28043365478516
70.26290893554688
70.86491584777832
269.1359519958496
49.3924617767334
80.35778999328613
1038.4528636932373
63.196420669555664
46.883583068847656
153.97334098815918
119.84372138977051
25.83146095275879
29.17170524597168
33.19191932678223
98.83451461791992
45.850515365600586
116.95528030395508
31.28814697265625
68.44663619995117
477.7088165283203
42.252540588378906
129.81224060058594
281.4671993255615
32.346248626708984
22.179126739501953
41.11051559448242
285.3562831878662
22.07326889038086
127.16937065124512
80.33132553100586
113.25812339782715
16.091108322143555
162.5988483428955
40.34256935119629
326.4901638031006
22.095203399658203
74.40376281738281
67.5513744354248
34.85989570617676
198.80437850952148
74.24187660217285
149.46222305297852
266.1590576171875
43.93124580383301
32.4091911315918
108.93440246582031
112.77341842651367
189.99671936035156
826.4834880828857
160.22109985351562
89.56241607666016
22.014617919921875
24.410009384155273
31.841278076171875
65.94324111938477
150.0389575958252
140.05017280578613
131.53910636901855
80.31797409057617
36.99493408203125
117.97571182250977
200.6833553314209
42.30761528015137
507.94172286987305
310.5959892272949
836.8716239929199
82.56959915161133
203.54509353637695
150.2542495727539
1090.1453495025635
38.602352142333984
129.12273406982422
29.2816162109375
18.48149299621582
73.20618629455566
12.517452239990234
244.34518814086914
98.56033325195312
220.54409980773926
68.54820251464844
20.017385482788086
132.91144371032715
130.55038452148438
148.82183074951172
164.22343254089355
202.15368270874023
93.27864646911621
26.25298500061035
32.72533416748047
121.30093574523926
256.03365898132324
736.0532283782959
25.539159774780273
21.204471588134766
178.36523056030273
185.68944931030273
260.2519989013672
51.65886878967285
41.65220260620117
38.35701942443848
232.6507568359375
59.549570083618164
20.68328857421875
149.56164360046387
206.17914199829102
18.255233764648438
65.39201736450195
256.97922706604004
312.28160858154297
17.03619956970215
32.74178504943848
66.67542457580566
77.2848129272461
104.94232177734375
53.806304931640625
36.54050827026367
71.34866714477539
141.9515609741211
174.55291748046875
38.49458694458008
40.853023529052734
82.04984664916992
125.69355964660645
128.8008689880371
13.65041732788086
125.95272064208984
251.27696990966797
181.91003799438477
29.005050659179688
124.20201301574707
27.03070640563965
70.84131240844727
53.6799430847168
135.50806045532227
24.52564239501953
111.45710945129395
66.96319580078125
222.3038673400879
55.5882453918457
159.97004508972168
292.9215431213379
30.748605728149414
41.127681732177734
99.41625595092773
43.7617301940918
51.05781555175781
84.2132568359375
55.906057357788086
399.533748626709
132.97367095947266
35.72678565979004
21.11077308654785
99.2586612701416
374.1412162780762
365.08965492248535
150.93231201171875
103.57904434204102
20.29561996459961
57.41453170776367
229.89606857299805
76.72333717346191
27.2676944732666
250.1845359802246
20.28942108154297
23.441076278686523
112.16545104980469
62.61801719665527
230.87120056152344
635.7042789459229
20.249605178833008
24.16229248046875
29.76083755493164
102.63442993164062
155.86376190185547
85.33620834350586
39.675235748291016
59.032440185546875
1048.8471984863281
73.60434532165527
17.937183380126953
100.45933723449707
28.917312622070312
20.91526985168457
19.245386123657227
175.7216453552246
86.76910400390625
19.814491271972656
37.63628005981445
289.2942428588867
16.896486282348633
263.7362480163574
30.454158782958984
38.55443000793457
15.712976455688477
20.098209381103516
22.17268943786621
60.2574348449707
85.9074592590332
124.8161792755127
182.16586112976074
24.53446388244629
134.92798805236816
24.348735809326172
29.99401092529297
130.78546524047852
223.6473560333252
22.580623626708984
116.94478988647461
23.749113082885742
29.764652252197266
23.249387741088867
27.23836898803711
71.09355926513672
88.59825134277344
352.3235321044922
82.00263977050781
57.436227798461914
177.21915245056152
142.8234577178955
124.47524070739746
167.33527183532715
70.91379165649414
119.3397045135498
35.997867584228516
253.77964973449707
83.99415016174316
53.444623947143555
262.0377540588379
101.8064022064209
373.69561195373535
46.20766639709473
112.74552345275879
129.92596626281738
21.42024040222168
87.75162696838379
32.27496147155762
102.2500991821289
63.631534576416016
104.18462753295898
343.19186210632324
60.06884574890137
289.8726463317871
80.26123046875
19.70815658569336
252.23493576049805
170.46403884887695
23.906230926513672
97.21803665161133
16.830921173095703
32.945871353149414
42.0069694519043
116.02401733398438
95.58534622192383
79.55241203308105
352.5533676147461
86.33971214294434
33.9508056640625
121.50359153747559
41.615962982177734
27.49180793762207
131.6366195678711
24.120092391967773
126.52897834777832
68.0241584777832
207.13281631469727
108.3989143371582
38.29479217529297
118.7584400177002
270.97344398498535
157.8500270843506
35.90846061706543
16.48855209350586
665.2004718780518
545.2804565429688
316.4970874786377
105.1332950592041
86.30561828613281
43.66874694824219
188.02356719970703
603.9001941680908
103.10935974121094
286.39960289001465
69.80204582214355
21.318912506103516
175.59099197387695
16.355037689208984
58.70509147644043
321.2263584136963
53.51519584655762
42.83785820007324
103.6233901977539
41.303396224975586
97.02873229980469
26.847362518310547
299.06392097473145
72.78966903686523
66.67661666870117
29.48617935180664
