7.317309379577636719e-01
8.380775451660156250e-01
4.800601005554199219e-01
2.553822755813598633e+00
5.297510623931884766e-01
3.934699773788452148e+00
8.074202537536621094e-01
1.288735151290893555e+00
3.658582448959350586e+00
7.196662425994873047e-01
8.374569416046142578e-01
1.113515138626098633e+00
4.016013145446777344e-01
1.928908348083496094e+00
5.748341083526611328e-01
5.278389453887939453e-01
1.134104251861572266e+00
2.194751501083374023e+00
1.827297210693359375e-01
5.935614109039306641e-01
4.921803474426269531e-01
6.978311538696289062e-01
4.700310945510864258e+00
4.668526649475097656e-01
4.009351968765258789e+00
9.840831756591796875e-01
7.345659732818603516e-01
2.549503087997436523e+00
1.948044300079345703e+00
2.144706487655639648e+00
4.743152379989624023e+00
1.888965129852294922e+00
8.723864555358886719e-01
3.008472681045532227e+00
8.978207111358642578e-01
4.308690309524536133e+00
5.477976799011230469e-01
8.987870216369628906e-01
5.195922851562500000e-01
5.109832286834716797e-01
3.084251403808593750e+00
3.020398855209350586e+00
1.191366434097290039e+00
5.200941562652587891e-01
2.783811330795288086e+00
6.475429534912109375e-01
1.104141712188720703e+00
8.705570697784423828e-01
2.089337348937988281e+00
4.623045921325683594e-01
1.040975809097290039e+00
8.152852058410644531e-01
2.540576457977294922e-01
2.625982761383056641e+00
2.865710258483886719e+00
8.163330554962158203e-01
1.969645500183105469e+00
2.893726825714111328e+00
1.832060813903808594e+00
4.709479331970214844e+00
3.694729804992675781e-01
1.904279470443725586e+00
4.599053859710693359e-01
3.252538681030273438e+00
4.293863773345947266e-01
2.314404726028442383e+00
1.270189046859741211e+00
1.176697731018066406e+00
4.224748611450195312e-01
3.944778442382812500e-01
8.272433280944824219e-01
1.846368074417114258e+00
2.341581821441650391e+00
1.702519416809082031e+00
1.688732624053955078e+00
8.578538894653320312e-01
5.398547649383544922e-01
9.304420948028564453e-01
3.122773885726928711e+00
2.771387577056884766e+00
7.215373516082763672e-01
5.654714107513427734e-01
8.860416412353515625e-01
4.945316314697265625e-01
4.564538002014160156e-01
3.512821197509765625e-01
3.999588489532470703e-01
6.799309253692626953e-01
1.742178201675415039e+00
2.845033407211303711e+00
1.704219102859497070e+00
9.801113605499267578e-01
2.009325027465820312e-01
2.324201107025146484e+00
5.490097999572753906e-01
4.831166982650756836e+00
1.935821533203125000e+00
3.457845687866210938e+00
5.775389671325683594e-01
7.698647975921630859e-01
2.493716239929199219e+00
9.235947132110595703e-01
1.952949285507202148e+00
3.429252862930297852e+00
9.100332260131835938e-01
1.910660505294799805e+00
5.954523086547851562e-01
2.239954233169555664e+00
5.622425079345703125e-01
2.599331617355346680e+00
1.345053434371948242e+00
2.869847297668457031e+00
5.298755168914794922e-01
1.941580295562744141e+00
7.596096992492675781e-01
8.703744411468505859e-01
1.716945886611938477e+00
5.178747177124023438e-01
1.244415283203125000e+00
6.659543514251708984e-01
1.005863189697265625e+00
9.982137680053710938e-01
1.111105918884277344e+00
2.596714973449707031e+00
2.198114871978759766e+00
2.327355861663818359e+00
2.500774860382080078e-01
7.682249546051025391e-01
7.611100673675537109e-01
8.874967098236083984e-01
5.278472900390625000e-01
4.396226406097412109e-01
2.337121248245239258e+00
2.719790935516357422e-01
7.407181262969970703e-01
5.985083580017089844e-01
6.386764049530029297e-01
3.523788452148437500e+00
2.388964891433715820e+00
4.750502109527587891e-01
8.704597949981689453e-01
6.746430397033691406e-01
3.136836767196655273e+00
5.986306667327880859e-01
6.818084716796875000e-01
8.851242065429687500e-01
7.961542606353759766e-01
1.023845195770263672e+00
9.842479228973388672e-01
9.736738204956054688e-01
1.530343532562255859e+00
8.007054328918457031e-01
2.273121118545532227e+00
3.820622205734252930e+00
6.880795955657958984e-01
5.898785591125488281e-01
2.692563533782958984e+00
1.360487937927246094e-01
4.999427556991577148e+00
1.733336448669433594e-01
8.968658447265625000e-01
7.279019355773925781e-01
6.249339580535888672e-01
8.290402889251708984e-01
2.184979677200317383e+00
7.670602798461914062e-01
7.440297603607177734e-01
2.349535226821899414e+00
4.262886047363281250e-01
1.378792524337768555e+00
7.975170612335205078e-01
5.440042018890380859e-01
6.310856342315673828e-01
1.430127382278442383e+00
2.099033117294311523e+00
2.779807806015014648e+00
4.041433334350585938e-01
3.272697925567626953e-01
7.182264328002929688e-01
8.059213161468505859e-01
1.762058496475219727e+00
1.681080102920532227e+00
7.729210853576660156e-01
8.232557773590087891e-01
6.542680263519287109e-01
1.447642564773559570e+00
5.960967540740966797e-01
6.469988822937011719e-01
4.465586185455322266e+00
4.744122028350830078e-01
4.132280588150024414e+00
5.548095703125000000e-01
1.883850812911987305e+00
2.423070430755615234e+00
3.467171192169189453e-01
1.562997579574584961e+00
8.726928234100341797e-01
2.330671072006225586e+00
2.926360130310058594e+00
1.289623022079467773e+00
