6.169745922088623047e-01
8.312816619873046875e-01
3.684897422790527344e-01
3.626141548156738281e-01
4.408888816833496094e-01
4.445993900299072266e-01
6.872782707214355469e-01
6.379420757293701172e-01
2.849180459976196289e+00
6.072106361389160156e-01
2.781280517578125000e+00
9.517307281494140625e-01
3.612029552459716797e-01
1.626012563705444336e+00
5.225679874420166016e-01
4.590456485748291016e-01
1.109312534332275391e+00
9.024224281311035156e-01
1.840152740478515625e-01
5.877809524536132812e-01
4.836649894714355469e-01
6.432471275329589844e-01
4.519626855850219727e+00
1.550996303558349609e-01
8.685951232910156250e-01
8.696460723876953125e-01
5.221483707427978516e-01
2.407508373260498047e+00
1.799477815628051758e+00
6.078456878662109375e+00
4.990396499633789062e-01
3.708403110504150391e-01
8.517186641693115234e-01
1.797079563140869141e+00
7.801873683929443359e-01
9.049005508422851562e-01
4.660358428955078125e-01
7.899811267852783203e-01
2.755448818206787109e-01
6.403479576110839844e-01
2.651761054992675781e+00
1.325209617614746094e+00
1.013352870941162109e+00
4.587712287902832031e-01
4.396989345550537109e-01
5.077514648437500000e-01
2.865722179412841797e-01
7.109627723693847656e-01
2.314575672149658203e+00
3.977119922637939453e-01
1.672214984893798828e+00
5.185954570770263672e-01
5.055608749389648438e-01
1.107738494873046875e+00
8.350868225097656250e-01
3.152265787124633789e+00
6.342334747314453125e-01
2.491550922393798828e+00
1.070536136627197266e+00
9.044702053070068359e-01
6.482667922973632812e-01
9.835660457611083984e-01
1.034222602844238281e+00
4.408190250396728516e-01
3.529818058013916016e-01
8.404982089996337891e-01
1.127762794494628906e+00
1.065070867538452148e+00
3.560667037963867188e-01
3.153302669525146484e-01
6.952464580535888672e-01
1.369016170501708984e+00
8.931469917297363281e-01
1.434851884841918945e+00
1.304614782333374023e+00
7.062263488769531250e-01
5.173864364624023438e-01
8.664393424987792969e-01
2.846095323562622070e+00
1.444412469863891602e+00
1.418271064758300781e-01
3.873267173767089844e-01
9.096746444702148438e-01
5.711932182312011719e-01
4.380531311035156250e-01
7.030248641967773438e-01
5.602674484252929688e-01
4.444463253021240234e-01
5.277824401855468750e-01
2.784951210021972656e+00
1.472360849380493164e+00
5.121793746948242188e-01
1.260359764099121094e+00
8.997223377227783203e-01
5.392441749572753906e-01
4.048265457153320312e+00
5.218416690826416016e+00
6.662971973419189453e-01
5.219202041625976562e-01
8.023333549499511719e-01
2.369654893875122070e+00
8.573803901672363281e-01
9.204652309417724609e-01
5.989716053009033203e-01
8.171017169952392578e-01
9.704675674438476562e-01
5.220444202423095703e-01
1.021621704101562500e+00
5.596992969512939453e-01
2.560453176498413086e+00
2.188405275344848633e+00
1.627465248107910156e+00
3.843917846679687500e-01
9.551465511322021484e-01
7.179012298583984375e-01
7.935714721679687500e-01
5.682542324066162109e-01
9.143435955047607422e-01
1.269665002822875977e+00
6.691429615020751953e-01
7.419052124023437500e-01
9.374055862426757812e-01
8.459744453430175781e-01
1.183173179626464844e+00
9.044346809387207031e-01
1.063233375549316406e+00
2.303450107574462891e-01
3.441340923309326172e-01
7.348277568817138672e-01
7.470729351043701172e-01
4.181337356567382812e-01
4.328064918518066406e-01
2.161195516586303711e+00
2.632405757904052734e-01
6.305384635925292969e-01
3.935689926147460938e-01
1.844525337219238281e-01
3.221898794174194336e+00
1.066334962844848633e+00
1.845586299896240234e-01
7.030961513519287109e-01
6.937766075134277344e-01
6.391086578369140625e-01
5.434315204620361328e-01
3.437948226928710938e-01
8.368561267852783203e-01
7.522144317626953125e-01
1.002593278884887695e+00
1.009861707687377930e+00
7.735280990600585938e-01
9.931371212005615234e-01
6.663661003112792969e-01
9.666047096252441406e-01
3.220953464508056641e+00
6.337056159973144531e-01
5.056283473968505859e-01
1.112804651260375977e+00
1.648111343383789062e-01
3.138251304626464844e-01
1.263508796691894531e-01
8.477396965026855469e-01
7.659969329833984375e-01
5.375065803527832031e-01
7.057559490203857422e-01
9.247317314147949219e-01
6.531159877777099609e-01
8.535828590393066406e-01
9.771857261657714844e-01
3.907306194305419922e-01
1.252832412719726562e+00
6.529798507690429688e-01
5.591063499450683594e-01
5.116450786590576172e-01
1.309654474258422852e+00
4.816901206970214844e+00
1.926285743713378906e+00
1.898183822631835938e-01
1.656444072723388672e-01
6.366732120513916016e-01
6.813461780548095703e-01
3.537077903747558594e-01
9.054248332977294922e-01
7.334587574005126953e-01
7.629060745239257812e-01
1.379569768905639648e+00
1.143036603927612305e+00
6.020164489746093750e-01
3.468248844146728516e-01
4.138890981674194336e+00
3.976364135742187500e-01
4.227576255798339844e-01
4.930117130279541016e-01
2.471541404724121094e+00
1.197349071502685547e+00
2.513124942779541016e-01
7.446019649505615234e-01
7.630262374877929688e-01
1.012437343597412109e+00
2.750891208648681641e+00
1.147682428359985352e+00
