7.216401100158691406e-01
8.360552787780761719e-01
4.364078044891357422e-01
2.490298271179199219e+00
5.408587455749511719e-01
3.570335865020751953e+00
8.158633708953857422e-01
1.180150032043457031e+00
3.497113466262817383e+00
6.305310726165771484e-01
8.871772289276123047e-01
1.207383871078491211e+00
4.100704193115234375e-01
1.774304151535034180e+00
5.734636783599853516e-01
5.881934165954589844e-01
1.061181545257568359e+00
2.256418704986572266e+00
2.310159206390380859e-01
6.612906455993652344e-01
5.774331092834472656e-01
8.036723136901855469e-01
4.851266145706176758e+00
5.180778503417968750e-01
4.492232084274291992e+00
1.018047332763671875e+00
6.029045581817626953e-01
2.731729984283447266e+00
2.250535488128662109e+00
2.228530406951904297e+00
4.883079767227172852e+00
1.917917251586914062e+00
9.421617984771728516e-01
3.187069177627563477e+00
8.557884693145751953e-01
4.140773773193359375e+00
5.829842090606689453e-01
9.325842857360839844e-01
6.133465766906738281e-01
5.567910671234130859e-01
3.361843585968017578e+00
3.004032135009765625e+00
1.253289461135864258e+00
5.982882976531982422e-01
2.900151729583740234e+00
6.545178890228271484e-01
1.101020097732543945e+00
8.614110946655273438e-01
1.937345981597900391e+00
5.373570919036865234e-01
1.102837562561035156e+00
7.785611152648925781e-01
2.827751636505126953e-01
2.536751747131347656e+00
3.042322635650634766e+00
8.267390727996826172e-01
1.967483520507812500e+00
3.115846872329711914e+00
1.956001996994018555e+00
4.453742504119873047e+00
3.891282081604003906e-01
1.992475748062133789e+00
5.020151138305664062e-01
3.112994909286499023e+00
4.256014823913574219e-01
2.407335996627807617e+00
1.363690137863159180e+00
1.205759048461914062e+00
4.366655349731445312e-01
3.629701137542724609e-01
8.677680492401123047e-01
1.791571617126464844e+00
2.469590663909912109e+00
1.827879428863525391e+00
1.700356006622314453e+00
8.277535438537597656e-01
6.363332271575927734e-01
8.804550170898437500e-01
3.287057638168334961e+00
2.802455663681030273e+00
7.422692775726318359e-01
6.544437408447265625e-01
9.397745132446289062e-01
4.966628551483154297e-01
5.288202762603759766e-01
3.682043552398681641e-01
4.523589611053466797e-01
7.500410079956054688e-01
1.911808967590332031e+00
3.283473253250122070e+00
1.687846660614013672e+00
1.072624683380126953e+00
1.978571414947509766e-01
2.522461414337158203e+00
5.847606658935546875e-01
4.976008653640747070e+00
1.965456485748291016e+00
3.621846437454223633e+00
6.024551391601562500e-01
8.225686550140380859e-01
2.745510101318359375e+00
1.016297101974487305e+00
2.099879026412963867e+00
3.676977396011352539e+00
9.071459770202636719e-01
2.163065195083618164e+00
6.099846363067626953e-01
2.419414281845092773e+00
5.282893180847167969e-01
2.740909814834594727e+00
1.441037416458129883e+00
3.273187637329101562e+00
5.245380401611328125e-01
2.060219287872314453e+00
7.407321929931640625e-01
9.220392704010009766e-01
1.909353494644165039e+00
5.538771152496337891e-01
1.338637828826904297e+00
7.393329143524169922e-01
1.101077795028686523e+00
1.075834274291992188e+00
1.194926500320434570e+00
2.795835256576538086e+00
2.368474006652832031e+00
2.626249551773071289e+00
2.898676395416259766e-01
7.976241111755371094e-01
8.994271755218505859e-01
9.804081916809082031e-01
5.328738689422607422e-01
4.919922351837158203e-01
2.593749523162841797e+00
2.816574573516845703e-01
7.731342315673828125e-01
6.590631008148193359e-01
6.902709007263183594e-01
3.619958877563476562e+00
2.486154556274414062e+00
5.067980289459228516e-01
9.217631816864013672e-01
7.550275325775146484e-01
3.267803192138671875e+00
6.919622421264648438e-01
5.992102622985839844e-01
9.780776500701904297e-01
8.432011604309082031e-01
1.138907909393310547e+00
1.059941768646240234e+00
8.354043960571289062e-01
1.423694133758544922e+00
8.429951667785644531e-01
2.392979383468627930e+00
3.980905771255493164e+00
6.382007598876953125e-01
5.993266105651855469e-01
2.740895032882690430e+00
1.444337368011474609e-01
5.034658908843994141e+00
1.565604209899902344e-01
8.960464000701904297e-01
8.260211944580078125e-01
6.475856304168701172e-01
8.734931945800781250e-01
2.339812994003295898e+00
6.963510513305664062e-01
7.496628761291503906e-01
2.501227140426635742e+00
4.967157840728759766e-01
1.532528400421142578e+00
8.182346820831298828e-01
5.480902194976806641e-01
6.594638824462890625e-01
1.369506359100341797e+00
2.231383085250854492e+00
2.834352493286132812e+00
4.732232093811035156e-01
3.722078800201416016e-01
7.072365283966064453e-01
8.338973522186279297e-01
1.875202417373657227e+00
1.808449745178222656e+00
7.845318317413330078e-01
9.542150497436523438e-01
6.976225376129150391e-01
1.400913476943969727e+00
5.754435062408447266e-01
7.061605453491210938e-01
4.601758480072021484e+00
5.494709014892578125e-01
3.980253696441650391e+00
5.650477409362792969e-01
1.991866827011108398e+00
2.650992155075073242e+00
3.263998031616210938e-01
1.665044546127319336e+00
8.526430130004882812e-01
2.407567024230957031e+00
3.155236959457397461e+00
1.308539867401123047e+00
