8.685898780822753906e-02
6.379985809326171875e-02
6.151580810546875000e-02
6.858086585998535156e-02
7.442665100097656250e-02
6.479334831237792969e-02
7.086610794067382812e-02
7.531571388244628906e-02
7.359147071838378906e-02
7.338690757751464844e-02
6.651306152343750000e-02
6.210398674011230469e-02
6.920170783996582031e-02
6.535911560058593750e-02
6.478071212768554688e-02
7.661628723144531250e-02
6.757140159606933594e-02
6.962108612060546875e-02
9.425520896911621094e-02
1.056489944458007812e-01
7.572960853576660156e-02
7.956409454345703125e-02
7.060217857360839844e-02
7.525706291198730469e-02
7.837772369384765625e-02
6.980347633361816406e-02
7.365894317626953125e-02
1.242496967315673828e-01
7.138371467590332031e-02
7.376003265380859375e-02
7.500958442687988281e-02
6.339907646179199219e-02
9.880447387695312500e-02
7.250380516052246094e-02
7.526946067810058594e-02
9.015774726867675781e-02
7.510304450988769531e-02
7.619595527648925781e-02
6.827521324157714844e-02
8.898878097534179688e-02
7.455587387084960938e-02
7.067584991455078125e-02
7.375144958496093750e-02
6.587290763854980469e-02
9.031105041503906250e-02
7.132649421691894531e-02
7.169938087463378906e-02
8.247184753417968750e-02
6.344795227050781250e-02
1.529319286346435547e-01
6.444311141967773438e-02
7.537841796875000000e-02
7.799172401428222656e-02
7.079172134399414062e-02
7.232832908630371094e-02
7.275676727294921875e-02
6.782770156860351562e-02
7.819676399230957031e-02
6.572008132934570312e-02
9.137296676635742188e-02
8.216238021850585938e-02
7.235097885131835938e-02
8.898901939392089844e-02
7.153511047363281250e-02
7.140064239501953125e-02
6.825947761535644531e-02
8.803009986877441406e-02
6.822204589843750000e-02
7.404947280883789062e-02
7.140421867370605469e-02
6.957340240478515625e-02
7.788801193237304688e-02
8.092498779296875000e-02
7.367253303527832031e-02
6.409811973571777344e-02
9.217834472656250000e-02
9.831738471984863281e-02
8.636617660522460938e-02
1.114919185638427734e-01
7.129478454589843750e-02
6.805825233459472656e-02
7.266569137573242188e-02
7.609891891479492188e-02
7.416009902954101562e-02
8.296346664428710938e-02
6.748461723327636719e-02
7.573723793029785156e-02
7.520723342895507812e-02
8.877229690551757812e-02
1.131455898284912109e-01
8.939266204833984375e-02
7.320809364318847656e-02
7.097506523132324219e-02
8.776044845581054688e-02
6.638789176940917969e-02
6.372046470642089844e-02
6.378865242004394531e-02
6.142115592956542969e-02
7.171201705932617188e-02
6.927561759948730469e-02
7.015299797058105469e-02
8.035993576049804688e-02
6.909394264221191406e-02
6.892991065979003906e-02
7.661557197570800781e-02
7.380867004394531250e-02
1.106798648834228516e-01
8.159804344177246094e-02
8.004462718963623047e-01
8.481407165527343750e-02
8.161592483520507812e-02
6.479382514953613281e-02
7.824325561523437500e-02
8.004617691040039062e-02
7.643747329711914062e-02
7.128334045410156250e-02
6.236338615417480469e-02
8.401823043823242188e-02
5.803298950195312500e-02
7.005906105041503906e-02
6.734728813171386719e-02
6.644701957702636719e-02
1.861977577209472656e-01
6.445789337158203125e-02
6.251716613769531250e-02
6.459641456604003906e-02
7.656812667846679688e-02
6.563544273376464844e-02
7.158350944519042969e-02
6.957268714904785156e-02
7.232499122619628906e-02
8.921742439270019531e-02
6.849312782287597656e-02
8.642745018005371094e-02
8.854103088378906250e-02
7.321929931640625000e-02
6.551575660705566406e-02
7.759356498718261719e-02
7.396268844604492188e-02
6.277561187744140625e-02
8.156263828277587891e-01
6.587290763854980469e-02
7.535338401794433594e-02
6.200623512268066406e-02
7.996177673339843750e-02
7.509112358093261719e-02
1.884522438049316406e-01
7.348775863647460938e-02
1.103668212890625000e-01
6.362986564636230469e-02
8.328247070312500000e-02
1.250667572021484375e-01
7.216453552246093750e-02
6.718349456787109375e-02
4.842567443847656250e-02
7.572484016418457031e-02
2.115929126739501953e-01
7.206368446350097656e-02
6.697678565979003906e-02
7.684564590454101562e-02
1.227459907531738281e-01
6.133389472961425781e-02
8.806777000427246094e-02
7.937145233154296875e-02
7.475948333740234375e-02
7.213521003723144531e-02
6.561279296875000000e-02
6.510877609252929688e-02
7.985329627990722656e-02
6.969618797302246094e-02
7.731413841247558594e-02
8.061647415161132812e-02
8.790349960327148438e-02
6.994986534118652344e-02
7.346010208129882812e-02
7.600092887878417969e-02
6.777143478393554688e-02
8.023858070373535156e-02
6.662607192993164062e-02
8.236122131347656250e-02
7.958245277404785156e-02
9.117174148559570312e-02
7.772827148437500000e-02
9.186649322509765625e-02
7.162570953369140625e-02
9.399461746215820312e-02
7.565021514892578125e-02
7.880139350891113281e-02
1.221885681152343750e-01
6.897282600402832031e-02
8.008623123168945312e-02
7.829642295837402344e-02
7.108807563781738281e-02
7.856917381286621094e-02
7.563519477844238281e-02
7.335376739501953125e-02
1.320261955261230469e-01
7.526636123657226562e-02
7.548189163208007812e-02
7.327866554260253906e-02
