7.060122489929199219e-02
7.520318031311035156e-02
6.957483291625976562e-02
6.363248825073242188e-02
7.823133468627929688e-02
6.256961822509765625e-02
5.760693550109863281e-02
6.785774230957031250e-02
6.579303741455078125e-02
8.227348327636718750e-02
6.216239929199218750e-02
6.706929206848144531e-02
6.570172309875488281e-02
6.513023376464843750e-02
6.841206550598144531e-02
7.287716865539550781e-02
5.749988555908203125e-02
6.156396865844726562e-02
6.100511550903320312e-02
1.298103332519531250e-01
7.347369194030761719e-02
6.480073928833007812e-02
6.626391410827636719e-02
5.745124816894531250e-02
5.672192573547363281e-02
5.592823028564453125e-02
6.478238105773925781e-02
9.250259399414062500e-02
7.024097442626953125e-02
5.729246139526367188e-02
7.404136657714843750e-02
7.038879394531250000e-02
6.637787818908691406e-02
6.201720237731933594e-02
6.022000312805175781e-02
7.659053802490234375e-02
6.028580665588378906e-02
5.900454521179199219e-02
6.152272224426269531e-02
7.065486907958984375e-02
5.737352371215820312e-02
6.158494949340820312e-02
6.556415557861328125e-02
6.025695800781250000e-02
6.568169593811035156e-02
5.920362472534179688e-02
5.761241912841796875e-02
6.256389617919921875e-02
6.525230407714843750e-02
7.030534744262695312e-02
5.780744552612304688e-02
6.199645996093750000e-02
6.342887878417968750e-02
6.206560134887695312e-02
5.803036689758300781e-02
6.050491333007812500e-02
5.971217155456542969e-02
5.881214141845703125e-02
5.902814865112304688e-02
7.447123527526855469e-02
6.239128112792968750e-02
6.429624557495117188e-02
5.862069129943847656e-02
6.272220611572265625e-02
5.621266365051269531e-02
6.241726875305175781e-02
6.200051307678222656e-02
5.977344512939453125e-02
5.887031555175781250e-02
6.000137329101562500e-02
5.805063247680664062e-02
7.124567031860351562e-02
6.284070014953613281e-02
6.554436683654785156e-02
5.817914009094238281e-02
6.195592880249023438e-02
1.011164188385009766e-01
7.200551033020019531e-02
8.938765525817871094e-02
6.070041656494140625e-02
6.186699867248535156e-02
5.582928657531738281e-02
7.136297225952148438e-02
6.262612342834472656e-02
5.911540985107421875e-02
6.635069847106933594e-02
6.015205383300781250e-02
6.373119354248046875e-02
5.921864509582519531e-02
1.222410202026367188e-01
7.318282127380371094e-02
6.142807006835937500e-02
6.182932853698730469e-02
7.802629470825195312e-02
6.330394744873046875e-02
6.012988090515136719e-02
6.140327453613281250e-02
6.447196006774902344e-02
5.660820007324218750e-02
6.666541099548339844e-02
5.698204040527343750e-02
6.932735443115234375e-02
6.195926666259765625e-02
6.252026557922363281e-02
6.839728355407714844e-02
6.167221069335937500e-02
1.064307689666748047e-01
6.608295440673828125e-02
9.295582771301269531e-02
6.218600273132324219e-02
6.907296180725097656e-02
6.070590019226074219e-02
6.178307533264160156e-02
7.411146163940429688e-02
6.019520759582519531e-02
6.914877891540527344e-02
5.525970458984375000e-02
6.534004211425781250e-02
7.273793220520019531e-02
6.080079078674316406e-02
6.395864486694335938e-02
6.216835975646972656e-02
5.721998214721679688e-02
5.945801734924316406e-02
5.599093437194824219e-02
5.879044532775878906e-02
6.179451942443847656e-02
5.822706222534179688e-02
6.234407424926757812e-02
6.142234802246093750e-02
5.853176116943359375e-02
6.490159034729003906e-02
5.948066711425781250e-02
7.665419578552246094e-02
5.964350700378417969e-02
5.509161949157714844e-02
5.615258216857910156e-02
6.022405624389648438e-02
6.111550331115722656e-02
5.946183204650878906e-02
7.121491432189941406e-02
6.385993957519531250e-02
5.887675285339355469e-02
6.152486801147460938e-02
6.845068931579589844e-02
5.852890014648437500e-02
1.325480937957763672e-01
6.154036521911621094e-02
8.096456527709960938e-02
5.790066719055175781e-02
6.036639213562011719e-02
1.118242740631103516e-01
7.618761062622070312e-02
6.555175781250000000e-02
8.836746215820312500e-02
6.060647964477539062e-02
6.595373153686523438e-02
6.443309783935546875e-02
5.865311622619628906e-02
6.193590164184570312e-02
8.996081352233886719e-02
6.312012672424316406e-02
6.585407257080078125e-02
7.351875305175781250e-02
5.854654312133789062e-02
5.925154685974121094e-02
6.064128875732421875e-02
5.583238601684570312e-02
6.950831413269042969e-02
6.584739685058593750e-02
6.081986427307128906e-02
5.900168418884277344e-02
6.785774230957031250e-02
5.805444717407226562e-02
5.725121498107910156e-02
5.706071853637695312e-02
6.320929527282714844e-02
6.044912338256835938e-02
5.735015869140625000e-02
6.200671195983886719e-02
6.331539154052734375e-02
6.693720817565917969e-02
5.632328987121582031e-02
7.005262374877929688e-02
5.605745315551757812e-02
7.523345947265625000e-02
6.641197204589843750e-02
6.461095809936523438e-02
8.548045158386230469e-02
5.765080451965332031e-02
6.125879287719726562e-02
6.930041313171386719e-02
5.738949775695800781e-02
5.754113197326660156e-02
5.611729621887207031e-02
5.732035636901855469e-02
1.023252010345458984e-01
7.169032096862792969e-02
6.500864028930664062e-02
6.582760810852050781e-02
