239.19057846069336
166.82672500610352
205.92546463012695
19.47474479675293
35.204410552978516
69.19407844543457
31.828880310058594
13.557195663452148
74.14865493774414
350.8641719818115
79.1020393371582
15.519142150878906
491.3899898529053
178.56884002685547
413.26451301574707
53.33542823791504
179.2285442352295
53.45511436462402
27.089834213256836
91.71342849731445
31.392574310302734
428.09391021728516
97.03826904296875
18.12744140625
23.944616317749023
53.60078811645508
108.9942455291748
84.45930480957031
230.70073127746582
66.4820671081543
361.21177673339844
30.749797821044922
112.14947700500488
22.06707000732422
100.55994987487793
15.064477920532227
50.60410499572754
105.55434226989746
160.62164306640625
33.79535675048828
18.144845962524414
36.70382499694824
37.915706634521484
22.92633056640625
180.64618110656738
71.01821899414062
94.37251091003418
100.17275810241699
132.69424438476562
17.037630081176758
12.589454650878906
151.95250511169434
39.21008110046387
18.04375648498535
168.05624961853027
184.47256088256836
13.907432556152344
202.21352577209473
26.874542236328125
40.42840003967285
89.0951156616211
89.23959732055664
14.196634292602539
25.491952896118164
139.13750648498535
22.78423309326172
147.60851860046387
186.1572265625
16.167640686035156
64.24903869628906
18.800020217895508
51.115989685058594
116.25409126281738
329.8003673553467
22.596359252929688
216.691255569458
224.46489334106445
124.74250793457031
1068.500280380249
43.659210205078125
99.0285873413086
13.762950897216797
79.9412727355957
214.0345573425293
175.02665519714355
116.64605140686035
92.91553497314453
46.5540885925293
99.81131553649902
214.3228054046631
97.2902774810791
149.43337440490723
103.49512100219727
58.420419692993164
129.3051242828369
36.397695541381836
29.76226806640625
171.00930213928223
347.47934341430664
100.28529167175293
45.78661918640137
146.07739448547363
67.32845306396484
19.228219985961914
19.253969192504883
32.3786735534668
110.38637161254883
160.0964069366455
48.76708984375
103.08527946472168
47.05333709716797
22.951126098632812
174.91650581359863
233.21056365966797
22.61638641357422
54.98003959655762
23.996829986572266
22.58586883544922
350.97193717956543
361.86861991882324
113.67058753967285
492.7651882171631
150.74610710144043
128.187894821167
110.45360565185547
187.49284744262695
58.9601993560791
159.2881679534912
198.9448070526123
125.29873847961426
195.69134712219238
11.720418930053711
22.72200584411621
31.927824020385742
112.92767524719238
79.95271682739258
386.2874507904053
50.04715919494629
77.00967788696289
302.16360092163086
23.025989532470703
67.49272346496582
383.42833518981934
82.43775367736816
59.213876724243164
64.1489028930664
164.32785987854004
75.5922794342041
128.49831581115723
194.45514678955078
40.9395694732666
728.6696434020996
85.20793914794922
265.41686058044434
23.58865737915039
233.03556442260742
161.57150268554688
111.30142211914062
74.10573959350586
45.8531379699707
69.27061080932617
202.65936851501465
68.5427188873291
13.76962661743164
18.431425094604492
49.962759017944336
23.41604232788086
242.82240867614746
74.48053359985352
25.191783905029297
34.03663635253906
26.77607536315918
154.91795539855957
50.7657527923584
156.57830238342285
52.30975151062012
121.82259559631348
46.81205749511719
22.080421447753906
26.42679214477539
26.70001983642578
170.92204093933105
105.90267181396484
386.0764503479004
15.40374755859375
82.83042907714844
23.30636978149414
120.84174156188965
51.05948448181152
163.95831108093262
307.3728084564209
29.01625633239746
55.67169189453125
70.78218460083008
17.510652542114258
92.99397468566895
442.5389766693115
29.329538345336914
127.93707847595215
55.49359321594238
