1.387066841125488281e-01
3.719105720520019531e-01
6.133651733398437500e-02
1.338412761688232422e-01
2.442817687988281250e-01
9.674692153930664062e-02
3.039858341217041016e-01
9.020168781280517578e-01
4.224920272827148438e-02
7.420706748962402344e-02
4.954280257225036621e+01
1.124804019927978516e-01
4.463984966278076172e-01
7.321023941040039062e-02
2.482173442840576172e-01
3.610806465148925781e-01
4.986524581909179688e-02
3.685901165008544922e-01
5.691337585449218750e-02
8.350658416748046875e-02
9.056544303894042969e-02
1.608672142028808594e-01
5.294426584243774414e+01
9.104765176773071289e+00
2.269718647003173828e-01
2.518608331680297852e+00
1.000595092773437500e-01
8.021330833435058594e-02
5.747961997985839844e-02
8.909463882446289062e-02
1.025376319885253906e-01
9.316870236396789551e+01
4.952797889709472656e-01
1.502883434295654297e-01
9.261250495910644531e-02
5.475497245788574219e-02
4.489364624023437500e-01
8.615391254425048828e-01
8.937168121337890625e-02
2.196063995361328125e-01
6.678814888000488281e-01
2.337121963500976562e-01
6.483507156372070312e-02
7.845377922058105469e-02
6.401127338409423828e+00
3.321638107299804688e-01
5.743503570556640625e-02
4.572939872741699219e-02
7.263708114624023438e-02
1.763515472412109375e-01
6.121611595153808594e-02
4.661369323730468750e-02
3.878116607666015625e-02
2.477693557739257812e-01
2.302489280700683594e-01
6.795620918273925781e-02
5.337023735046386719e-02
4.914188385009765625e-02
1.076319217681884766e-01
5.731630325317382812e-02
1.281085014343261719e-01
4.185080528259277344e-02
1.478776931762695312e-01
9.380650520324707031e-02
1.107594966888427734e-01
5.935788154602050781e-02
2.755260920524597168e+01
1.238090991973876953e-01
4.799914360046386719e-02
5.401598300933837891e+02
2.225587368011474609e-01
1.498873233795166016e-01
5.632970333099365234e-01
9.330058097839355469e-02
4.411363601684570312e-02
9.685158729553222656e-02
2.240118265151977539e+00
1.090731620788574219e-01
4.184293746948242188e-02
3.028655052185058594e-02
5.410289764404296875e-02
6.133699417114257812e-02
8.776783943176269531e-02
6.113815307617187500e-02
2.030673027038574219e+00
1.328108310699462891e-01
3.314900398254394531e-01
1.025662183761596680e+00
5.258655548095703125e-02
7.326507568359375000e-02
7.863831520080566406e-02
7.680392265319824219e-02
1.105804443359375000e-01
7.314300537109375000e-02
5.807089805603027344e-02
5.156397819519042969e-02
8.314776420593261719e-02
9.175586700439453125e-02
5.025792121887207031e-02
2.625977993011474609e-01
1.783862113952636719e-01
1.580526828765869141e-01
1.093618869781494141e-01
1.247215270996093750e-01
1.400628089904785156e-01
5.350065231323242188e-02
7.549095153808593750e-02
1.558055877685546875e-01
4.079949855804443359e-01
4.730844497680664062e-02
5.510470867156982422e-01
1.301879882812500000e-01
9.313845634460449219e-02
5.563879013061523438e-02
2.873196601867675781e-01
3.388862609863281250e-01
5.643177032470703125e-02
9.373879432678222656e-02
8.907086849212646484e-01
1.575360298156738281e-01
9.278845787048339844e-02
4.805779457092285156e-02
5.489301681518554688e-02
5.629682540893554688e-02
1.353399753570556641e-01
3.517882108688354492e+00
9.884595870971679688e-02
5.352282524108886719e-02
1.176536083221435547e-01
5.403947830200195312e-02
7.400774955749511719e-02
5.989074707031250000e-02
4.031348228454589844e-02
7.405075311660766602e+00
1.082253456115722656e-01
6.664228439331054688e-02
5.833649635314941406e-02
5.593185424804687500e-01
1.480896472930908203e-01
7.177257537841796875e-02
2.882063388824462891e-01
5.553770065307617188e-02
8.236145973205566406e-02
2.403748035430908203e-01
2.056236267089843750e-01
3.028097152709960938e-01
1.207756996154785156e-01
5.858278274536132812e-02
8.302760124206542969e-02
7.862067222595214844e-02
3.178746700286865234e-01
9.551172208786010742e+01
7.679414749145507812e-02
4.230809211730957031e-02
1.366059780120849609e-01
6.132841110229492188e-02
6.553077697753906250e-02
6.070208549499511719e-02
4.349746704101562500e-01
3.444147109985351562e-02
9.511780738830566406e-02
1.001660823822021484e-01
8.586013531684875488e+01
1.025710487365722656e+01
3.853659465312957764e+02
1.035814285278320312e-01
7.066893577575683594e-02
1.210830211639404297e-01
1.466374397277832031e-01
4.831933975219726562e-02
5.793619155883789062e-02
3.304529905319213867e+00
6.415534019470214844e-02
1.042537689208984375e-01
5.392742156982421875e-02
4.003853797912597656e-01
1.614580154418945312e-01
2.695202827453613281e-01
6.022429466247558594e-02
7.932806015014648438e-02
7.119417190551757812e-02
1.703205108642578125e-01
7.605814933776855469e-02
7.112145423889160156e-02
7.371139526367187500e-02
1.257866399288177490e+02
1.343495798110961914e+01
1.001994609832763672e-01
6.043624877929687500e-02
1.648290157318115234e-01
3.880271911621093750e-01
4.877305030822753906e-02
1.385180950164794922e-01
4.594802856445312500e-02
7.159423828125000000e-02
9.230780601501464844e-02
6.955885887145996094e-02
7.827973365783691406e-02
7.836723327636718750e-02
8.218934535980224609e-01
