9.429526329040527344e-02
7.953453063964843750e-02
6.269145011901855469e-02
1.360561847686767578e-01
2.518174648284912109e-01
9.444546699523925781e-02
2.683639526367187500e-01
5.844013690948486328e-01
4.277181625366210938e-02
7.447886466979980469e-02
4.709075856208801270e+01
6.053638458251953125e-02
1.600151062011718750e-01
7.291555404663085938e-02
2.510476112365722656e-01
4.722378253936767578e-01
3.993415832519531250e-02
7.378387451171875000e-02
5.337595939636230469e-02
8.595919609069824219e-02
1.173639297485351562e-01
1.756243705749511719e-01
5.275009751319885254e+01
8.192896366119384766e+00
1.157484054565429688e-01
2.477635145187377930e+00
9.365653991699218750e-02
4.418492317199707031e-02
4.147171974182128906e-02
8.344125747680664062e-02
1.020488739013671875e-01
8.197752881050109863e+01
7.692646980285644531e-02
1.115329265594482422e-01
1.148753166198730469e-01
1.160261631011962891e-01
4.962134361267089844e-01
7.507462501525878906e-01
9.603142738342285156e-02
1.770787239074707031e-01
3.082795143127441406e-01
1.822195053100585938e-01
5.957961082458496094e-02
6.794238090515136719e-02
5.661359548568725586e+00
2.588691711425781250e-01
6.075310707092285156e-02
4.915118217468261719e-02
7.111740112304687500e-02
1.571512222290039062e-01
5.095338821411132812e-02
4.569363594055175781e-02
4.151868820190429688e-02
3.500404357910156250e-01
2.391269207000732422e-01
7.259035110473632812e-02
4.150462150573730469e-02
5.119323730468750000e-02
1.072516441345214844e-01
5.493426322937011719e-02
1.247489452362060547e-01
4.353284835815429688e-02
1.070883274078369141e-01
9.212613105773925781e-02
1.466195583343505859e-01
4.788637161254882812e-02
2.685119152069091797e+01
5.774426460266113281e-02
4.713606834411621094e-02
5.357914869785308838e+02
1.114082336425781250e-01
1.024427413940429688e-01
2.534854412078857422e-01
8.538103103637695312e-02
3.822517395019531250e-02
1.033091545104980469e-01
1.953707695007324219e+00
1.084322929382324219e-01
4.082131385803222656e-02
3.150510787963867188e-02
5.453634262084960938e-02
6.879663467407226562e-02
8.047556877136230469e-02
6.316804885864257812e-02
1.908590078353881836e+00
1.322283744812011719e-01
3.206744194030761719e-01
9.973878860473632812e-01
6.480288505554199219e-02
7.044315338134765625e-02
8.051824569702148438e-02
7.614278793334960938e-02
1.061124801635742188e-01
7.091450691223144531e-02
5.873560905456542969e-02
4.916429519653320312e-02
7.463550567626953125e-02
8.300304412841796875e-02
4.002976417541503906e-02
9.939146041870117188e-02
1.320047378540039062e-01
1.363053321838378906e-01
9.679365158081054688e-02
1.121959686279296875e-01
1.274089813232421875e-01
6.102705001831054688e-02
7.699704170227050781e-02
1.543211936950683594e-01
1.483783721923828125e-01
4.150867462158203125e-02
4.411432743072509766e-01
1.333253383636474609e-01
8.588552474975585938e-02
4.535603523254394531e-02
1.241147518157958984e-01
2.544946670532226562e-01
5.010128021240234375e-02
7.621669769287109375e-02
5.105671882629394531e-01
1.248638629913330078e-01
8.605647087097167969e-02
3.973412513732910156e-02
5.483126640319824219e-02
5.317616462707519531e-02
1.191394329071044922e-01
2.394533634185791016e+00
9.684205055236816406e-02
5.521011352539062500e-02
1.021943092346191406e-01
6.207537651062011719e-02
6.081032752990722656e-02
6.961083412170410156e-02
3.141522407531738281e-02
7.019878387451171875e+00
4.426193237304687500e-02
5.362343788146972656e-02
6.013083457946777344e-02
2.003934383392333984e-01
1.113109588623046875e-01
7.942104339599609375e-02
2.440721988677978516e-01
6.200671195983886719e-02
8.969974517822265625e-02
2.055249214172363281e-01
2.002701759338378906e-01
8.205032348632812500e-02
1.127870082855224609e-01
5.226778984069824219e-02
7.119250297546386719e-02
8.588719367980957031e-02
2.736220359802246094e-01
8.887441396713256836e+00
6.380295753479003906e-02
4.531383514404296875e-02
5.000948905944824219e-02
5.969429016113281250e-02
5.786466598510742188e-02
7.166075706481933594e-02
1.249637603759765625e-01
3.621912002563476562e-02
8.348321914672851562e-02
9.243631362915039062e-02
7.579356169700622559e+01
9.163823366165161133e+00
3.843621046543121338e+02
6.309175491333007812e-02
4.377293586730957031e-02
1.344344615936279297e-01
9.995579719543457031e-02
4.361224174499511719e-02
5.955767631530761719e-02
2.543650388717651367e+00
6.043863296508789062e-02
7.805275917053222656e-02
5.298662185668945312e-02
3.652539253234863281e-01
1.574964523315429688e-01
1.878778934478759766e-01
5.925989151000976562e-02
7.991361618041992188e-02
7.576441764831542969e-02
1.593089103698730469e-01
6.864786148071289062e-02
6.238436698913574219e-02
8.075642585754394531e-02
1.235086922645568848e+02
1.328265023231506348e+01
5.140924453735351562e-02
6.705713272094726562e-02
1.767826080322265625e-01
1.493213176727294922e-01
4.961967468261718750e-02
1.299412250518798828e-01
4.402995109558105469e-02
7.224369049072265625e-02
9.725975990295410156e-02
7.013034820556640625e-02
6.336545944213867188e-02
8.068418502807617188e-02
8.095064163208007812e-01
