7672397.5
130859.2421875
221243.5625
425325.84375
289322.65625
113939.8203125
2080125.625
17107.1875
12515.3203125
65007.5078125
27028.271484375
110074.3203125
9308212.0
61365.42578125
38679.95703125
148418.46875
115142.5078125
57217.671875
5046.2265625
28839.640625
17925.099609375
258359.328125
491626.375
45437.94921875
104472.8515625
33990.4609375
919.1913452148438
3140.80908203125
67204.15625
121800.953125
57605.4921875
735543.75
317589.46875
85195.8984375
299474.25
530160.4375
5048013.0
28851.96484375
56902.65234375
65054.76953125
92124.609375
455650.59375
116076.796875
42904.76171875
14745.2548828125
4317621.0
129338.9921875
35531.42578125
5444.5361328125
234442.359375
29842.6171875
4154125.25
595350.625
407226.625
90910.2265625
62011.921875
32979.484375
791558.5625
128180.421875
802139.6875
448496.96875
166628.34375
24103.314453125
350859.375
254663.546875
142000.125
81923.3828125
223901.484375
1105950.75
65007.5078125
131504.78125
361475.28125
157982.703125
65393.78125
46063.58203125
98692.5546875
19133.880859375
31555.44921875
1155570.75
26974.734375
1502.088134765625
14562.9091796875
344024.90625
34599.74609375
2675.3291015625
81662.453125
58618.22265625
452694.9375
557222.875
258359.328125
4726213.5
240071.828125
27126.453125
53236.1171875
24043.916015625
2505.404052734375
795.0516967773438
1699.8985595703125
48839.828125
756433.5
1458861.75
2045.4547119140625
2910.512451171875
21852.658203125
206471.921875
69230.1015625
368156.125
1869519.625
