4.819275702316412335e+00
1.672529335196036859e+00
1.336055540868285929e+00
1.239801582412319414e+00
4.580672753751049875e+00
1.507216057474548787e+00
1.416952159845924264e+00
9.759669772419574230e+00
2.740148817333763809e+00
1.606248104488531725e+00
2.782112393911039039e+00
1.906922944151709709e+00
1.424652077622717838e+00
2.354134847136362563e+00
1.100163637444284026e+00
2.018851881053820740e+00
3.471777603113289867e+00
1.085705100927370381e+00
6.473554290326765326e+00
2.544249248207102188e+00
2.867804126720402191e+00
2.121742921468471987e+00
1.889386378781820586e+00
1.418372648147596848e+01
1.004597261031932476e+00
5.313699906386665006e+00
1.631263351749539625e+00
1.058184224117474592e+01
5.308278948850711387e+00
8.006236913515978770e+00
4.845612831106016927e+00
2.683438879910756469e+00
3.456445043752689905e+00
1.424163824491063712e+00
1.081285659770607843e+01
1.214874546469537409e+00
3.511656650468855112e+00
4.257400861294337702e+00
1.497137523956835636e+00
1.039273549077700309e+00
4.575315750588478281e+00
1.106582583474677639e+00
2.047828820569161934e+00
6.347650297747475356e+00
3.743554661468746048e+00
1.994012806767992751e+00
8.049751628417995519e+00
1.025356128747832107e+00
1.901387471680267005e+00
1.541173845262574282e+00
1.957598098619831584e+00
1.255395976274355174e+00
1.368045375204211656e+00
1.245063046992151756e+00
3.172112038489697916e+00
2.037965077861987329e+00
4.223274032913015397e+00
3.939978653343930937e+00
2.978320924717621221e+00
1.729084746986009780e+00
4.666480988441610300e+00
2.088836823562424172e+00
3.144651076181087301e+00
1.599082805162813425e+00
9.622576103519698165e+00
2.069465687979822999e+00
9.030689880378321988e+00
5.235537633381949441e+00
1.351119499055107198e+00
4.301015112283776531e+00
4.186342523601164878e+00
1.064855841824733806e+00
2.329929239131759644e+00
7.094403522730988065e+00
1.991848121489016243e+00
6.855246992569417053e+00
1.204007490827126325e+00
1.687489167640405352e+00
3.392002665704480613e+00
1.822114715401492280e+00
1.622746530897474226e+00
1.809875551454451559e+00
1.064282865016760393e+00
2.277468891933832396e+00
4.527839410915470708e+00
1.056766196205905395e+00
1.265705539634572219e+00
3.555143792113309331e+00
1.070201130195220340e+00
2.325644672720761807e+00
1.212018395347906186e+01
1.669909183939643160e+00
4.112230649440867580e+00
3.493400461773412680e+00
1.546727017428521478e+00
3.103928305341851157e+00
3.594574547170924728e+00
1.543431222430664773e+00
1.685550598866814909e+00
3.562355860038897593e+00
2.170469075180542440e+00
1.654081415936806465e+00
2.425998347484504603e+00
1.372129038868191930e+00
1.385105260104389835e+00
5.383647496098737051e+00
6.094209959159711865e+00
1.017863928471320456e+01
4.025559478257193291e+00
3.874992341283081565e+00
1.542438238295300579e+00
1.595044407473688919e+00
1.662021509469877145e+00
5.104442233999185063e+00
2.416800723121072636e+00
2.486322831417072443e+00
2.925463212693932391e+00
2.786914901152978352e+00
2.107742253979397518e+00
1.400848203448805895e+00
1.179474405305017459e+00
2.621486019343889584e+00
4.414744861817695210e+00
4.316523566478783103e+00
3.327561302407008093e+00
1.976622248947554894e+00
1.218374412389963801e+00
1.034930348402406164e+00
1.873316864566491269e+00
1.164949877135328826e+01
1.057808290794308492e+00
1.562030318282546570e+00
6.149828568047103872e+00
2.545757236843869897e+00
1.169489982611654932e+00
2.149011972047795371e+00
1.352903346062178658e+00
1.193467215581845098e+00
6.939054841997961631e+00
2.155382145653876425e+00
3.237856296958515845e+00
5.287772797511443912e+00
2.542365163198097022e+00
2.368936471333534577e+00
1.404352803049272502e+01
1.373210414609685293e+00
1.635150199117973546e+00
2.181446734001532217e+00
1.313243279756203918e+00
1.618943456635425493e+00
6.655638865491408929e+00
6.067941166423108434e+00
2.964837275227178992e+00
3.978375041162865333e+00
1.232961703770905082e+00
2.207079357569066591e+00
4.627058831428986885e+00
4.948165561918755451e+00
1.370901002106156730e+00
7.852366865776955862e+00
2.869808497311920803e+01
1.263353820094313074e+00
1.042815662812093480e+00
3.091033133152003121e+00
7.890696298871410441e+00
5.414711675971018323e+00
1.318793680360473397e+00
9.387729210118932244e+00
6.028095822146860350e+00
2.234167602448015266e+00
3.275956128152943680e+00
1.567892372385524258e+00
2.297257603573979345e+00
1.193159503007112487e+00
1.006020448078202900e+00
5.110996385190087032e+00
2.608714615773715995e+00
1.668468307808025797e+00
5.997505295724580243e+00
7.385285945570888799e+00
1.994164851779099967e+00
1.169102291570505159e+00
9.970581230507512771e+00
4.340309791475098322e+00
6.267040298463269821e+00
3.487311134150223868e+00
3.787380673116432117e+00
1.714313314105073704e+00
1.001776303612823993e+00
2.081396713623014261e+00
3.794637415036692829e+00
2.379155974429592924e+00
1.053071175396767201e+00
2.055301206158566263e+00
3.095666808640097134e+00
4.337060177380341663e+00
1.481737311244283095e+00
2.751610322191318847e+00
1.420499886957212965e+00
5.401276188854150284e+00
6.800836953061196510e+00
1.927840957210246398e+00
4.139404942351471384e+00
1.437784275722895355e+00
1.035205104204675930e+00
1.496589396526591953e+00
1.844389088456289461e+00
6.574708266690673319e+00
1.595129768904690382e+00
6.576741953547905695e+00
1.972224569205113909e+00
5.630746910528917404e+00
1.777430227253979922e+00
1.859354590874628288e+00
1.101696994050963330e+00
1.166641492125595869e+00
1.492060609013398320e+00
4.671192995064016529e+00
4.899381597736184091e+00
1.396553384872088799e+00
1.636455848643248245e+01
6.879349574893660169e+00
1.044368792057200901e+00
1.249738504765639080e+00
1.586192890505223385e+00
2.421012216168198616e+00
2.048279699819355759e+00
1.962192136995833502e+00
2.366993156427303902e+00
3.218188283147289219e+00
1.714804133090331417e+00
2.083385141571318933e+00
1.453750792787618540e+00
1.722308374264913677e+00
2.283278402521003336e+00
2.575096084201544677e+00
1.305183906976948904e+01
2.713420774834687244e+00
1.594424116288247317e+00
4.434480591374680536e+00
1.559009397556957666e+00
1.054610037586673821e+00
7.073771307249014484e+00
1.406072793495267703e+00
5.749537889993638906e+00
1.150707243393228829e+00
2.422418531644733086e+00
2.643409373757146685e+00
1.187852565680588501e+00
2.001033646204867456e+00
1.003087506686074049e+00
1.175676329740287018e+00
2.413238370386391995e+00
1.049999752214925586e+00
1.529291744076810122e+00
1.287433800408513962e+00
1.977142601964241075e+00
2.723220263156116161e+01
1.588853197727466249e+00
2.242222603036458484e+00
2.532723096915637573e+00
3.641590556890518915e+00
2.159000379530301661e+00
3.557359734356969394e+00
1.354496573394230907e+00
1.107964648889343096e+00
2.218942214586912431e+00
1.540750293707417340e+00
1.709781314997149915e+00
3.381351956601134745e+00
1.875861279211737065e+00
3.707131262023843465e+00
3.591078578478298144e+00
6.753468921902896938e+00
1.514166758613761710e+00
1.050922558800301276e+00
1.315580777031956528e+00
4.663961824410238322e+00
1.903310535701285389e+00
1.477096603129459673e+00
1.584523979746403688e+00
1.451730696130490772e+00
4.321272698889222497e+00
1.095824507280966476e+00
2.833746434543129578e+00
2.517007551350356920e+00
4.594940393984325411e+00
1.567236557153161902e+00
1.026472336973042188e+00
2.135810997548165169e+00
1.581972261094321874e+00
7.179612041369164643e+00
5.949513065326633487e+00
3.287345404324875986e+00
1.877082434457340687e+00
3.111283827143878078e+00
1.443726506112583685e+00
1.783494803167115172e+00
1.503251814658955077e+00
1.482788921778706692e+00
5.983699873825879756e+00
1.016750077589780199e+00
1.564317618450877356e+00
1.100896071320405900e+00
5.284113321618524317e+00
4.820968143239029224e+00
1.248262389417197360e+00
1.939093368144950480e+00
6.638338013996249565e+00
1.812410224167880779e+00
8.897235497247146796e+00
1.237557336654634632e+00
1.636103669291918861e+00
1.164582153093098960e+01
4.339556844711708550e+00
2.755077580554283312e+00
2.012213901725926846e+00
2.470876701692803046e+00
1.578015877336904182e+00
1.254400655426040068e+00
7.517150765152189607e+00
3.644764087724050139e+00
2.499361073923298981e+00
6.129608225313022629e+00
3.646379813035235617e+00
1.035454444112742456e+00
3.590358748958325741e+00
2.669243599502003406e+00
1.044314113553976853e+00
1.006083643319386045e+00
2.269700382310979592e+00
3.131580125112369384e+00
1.172070106302555370e+00
2.798956991609839573e+00
2.550264441660188286e+00
1.976735463240958612e+00
4.302429396420100360e+00
1.436634309825793876e+00
7.857505340681851358e+00
2.198578375620084291e+00
1.727572877823803310e+00
1.705443793613756753e+00
8.136456264099386715e+00
4.366994895733871118e+00
4.839210736582657546e+00
1.384280140464042796e+00
2.876500235073242262e+00
1.946169244037122326e+00
1.456275900523935851e+00
1.960429623764769813e+00
1.189678786509772435e+00
1.376363478545654218e+00
1.452351581060967289e+00
2.236466563296388266e+00
3.502419737275096256e+00
1.016151153480629787e+01
2.351555209970066507e+00
3.983109691390547269e+00
4.707262209892134841e+00
1.173507625508064089e+00
1.912517618252933760e+00
1.152734565549540457e+00
3.451328688747670626e+00
1.613639674249166989e+00
1.389927548158890858e+00
4.886325709372313142e+00
4.607414849283324898e+00
1.172307245536474696e+00
1.537004717895454453e+00
2.365893476958702557e+00
5.231154695518872799e+00
2.888454369336624250e+00
2.110075321512234314e+00
2.336648294482984056e+00
5.969649344525134183e+00
2.392431194750416878e+00
2.861008615980970671e+00
4.732763470447103771e+00
2.397813264655124232e+00
1.030526043931086022e+01
7.087649749023982260e+00
1.663343485143521594e+00
2.784133882621696809e+00
1.205555193011147219e+00
4.548682937943212323e+00
4.672541998284932774e+00
2.433386856121599884e+00
2.980130592692934233e+00
4.456421210793213739e+00
1.132088604711605129e+01
2.654801080909390709e+00
1.141329947958642066e+00
1.024499935896261871e+00
1.911745333789145462e+00
7.802092592430310170e+00
1.736804582147944975e+00
1.704359938830023680e+00
1.490983653143148846e+00
1.743896566896278477e+00
2.615542800561713399e+00
7.535787680162883362e+00
3.373441972143170986e+00
2.668662088691409195e+00
1.956511476605542699e+00
2.985836683525699087e+00
1.889353031618677958e+00
1.307191666596092539e+00
5.954248214021776953e+00
1.109855641927413039e+00
2.001988924273732984e+00
2.417692346118110347e+00
1.015256913182187359e+00
1.156041594965445896e+00
2.425088238421072795e+00
1.665166811498846489e+00
1.348000393138055975e+00
4.012145422190586785e+00
3.076488576120386842e+00
4.360380449722359941e+00
1.953015924179295926e+00
1.140015105142647922e+00
1.524546694166081018e+00
2.812971536101174674e+00
2.421892201450070559e+00
1.428878338174702334e+00
3.014888820515150503e+00
4.709680404504318574e+00
1.112282995151732790e+00
9.221782269653921560e+00
6.077481323272270863e+00
1.943551056936327459e+00
1.261053388952476428e+00
1.785960745698204288e+00
1.639371400882405405e+00
1.042026039805414150e+01
1.051763611080647198e+00
1.508714997174807060e+00
5.167555520351238663e+00
4.500577310113495599e+00
1.122246563850165746e+00
1.623695845045000530e+00
5.748935534424452598e+00
2.095878092314752639e+00
1.335159954701908402e+00
1.644910147667788536e+00
3.334782075122799672e+00
1.391995633457810522e+00
6.083474196993131855e+00
1.153677011191014179e+00
1.865313558463651322e+00
1.785620093406850728e+01
1.470235255341548752e+00
7.558682232042937876e+00
1.726423384347165912e+00
2.057719173421847181e+00
6.999933546836591525e+00
1.250547600120917702e+00
1.897833118510905193e+00
7.473231060307449880e+00
3.199824262432531707e+00
1.357501223734831397e+00
1.105314753790146876e+00
1.562272312079934666e+00
1.280247144598096742e+00
1.282575666117588220e+00
3.124313751875255729e+00
1.002301788480181921e+00
1.528601392210103382e+00
1.274051222292688967e+00
1.500082129509717532e+00
1.015847248770922473e+00
3.200426892251745592e+00
1.206788792309724023e+00
4.564594271246926738e+00
7.622224545620326808e+00
3.346418367170127528e+00
1.059107888611664627e+01
3.105404009004180566e+00
3.617102249985236107e+00
1.079049157774455203e+00
1.409042007331899660e+00
2.431234725349070924e+00
2.977285460281043683e+00
3.825824200790511664e+00
1.439242268632537458e+00
2.842074845522061022e+00
2.525290588475877396e+00
2.877338290306905577e+00
1.017299515097509266e+00
1.292338650306748438e+00
1.297763013546930910e+00
1.583293988282951537e+00
4.075728756964531740e+00
1.019000179235339365e+00
2.214431551302774359e+00
3.049663731817809698e+00
4.668951938704434923e+00
4.401233460498413130e+00
4.199774518986227001e+00
7.296672011856243145e+00
3.399425213888937591e+00
1.323022101061307909e+00
1.150263149530744267e+00
3.878892810305615946e+00
1.399219811527503854e+00
6.839143764900952327e+00
1.690303595678101178e+00
1.212766972128481058e+00
4.165177059776964619e+00
2.896468285311514901e+00
6.699474569141575131e+00
3.660853952446778692e+00
1.302602918332740245e+01
2.547686453288772412e+00
1.819582863529119576e+00
4.752664817719771229e+00
1.241847020512867772e+00
2.778538980104445333e+00
1.797096117894110945e+00
1.004403311341765859e+00
2.739932781502889991e+00
1.571483185272486871e+00
9.892844732288235576e+00
5.843766363804932418e+00
2.740867387281798351e+00
1.295200828964854223e+00
1.242479588676206337e+00
4.005552947431532118e+00
3.576851920795714790e+00
2.879053882852264934e+00
1.184913807328824786e+00
2.604073221417514628e+00
6.550533542635429640e+00
3.841708813461459204e+00
3.092413192283758772e+00
1.128067270769550046e+00
3.106747474747474591e+00
6.135225566818849785e+00
1.108335786859336203e+00
4.830106993617119038e+00
1.032369826297190540e+00
2.977881530744519001e+00
6.706886229271809441e+00
1.364613431116172615e+00
1.187343355467020745e+00
3.705433099648108186e+00
1.650002160247897365e+01
1.217865469485166496e+00
1.321505437404349337e+00
1.456673278583075382e+00
5.282902455595457347e+00
7.505652151055813626e+00
4.035321929610732106e+00
1.903566051203016363e+00
2.450821210531699990e+00
4.620861500057559468e+00
3.451982698125542814e+00
1.648095661014449265e+00
2.266215861256103636e+00
5.331274213587338551e+00
4.970639468925157622e+00
1.619760820165132564e+00
2.477814263348269819e+00
5.256512622927375311e+00
1.737169806678422246e+00
1.175672366265483770e+00
1.685026300648829078e+00
1.354699409132825494e+00
3.008452165174008375e+00
2.352850061205913335e+00
1.299619312635115653e+00
1.345631891163593163e+00
1.578869960696677621e+00
4.835100305879687532e+00
1.792281945468154669e+00
1.299299213357179461e+00
3.372914051530344626e+00
1.688187254246308555e+00
1.988604402733282095e+00
1.520548292044090255e+00
2.456631358553414302e+00
1.420260745989279094e+01
1.339009197630759651e+00
1.356169399783917928e+00
4.642534793894929734e+00
5.501818568150360633e+00
2.342702537773214022e+00
5.815935607222943560e+00
2.940876571884235791e+00
1.156381721799647710e+00
1.470512930458688583e+00
1.031792188583314118e+00
1.088634069717354214e+00
2.429410510402298051e+00
6.931827180675622202e+00
1.423260213643690486e+00
1.361395210108900411e+00
8.769153201475024417e+00
2.031625381965823429e+00
7.447185873138484347e+00
2.440147032502374191e+00
4.818292070962517215e+00
5.939142131061723617e+00
1.926996734596832628e+00
1.098103939093015624e+00
8.829577161181134670e+00
1.339415918943853478e+00
3.479851857473532206e+00
1.209379192024703453e+00
1.033831934438038891e+00
2.117333264124092285e+00
1.082511995134430860e+00
1.210853743838017138e+00
6.469144537473605183e+00
1.734789367709423047e+00
1.742000261136765538e+00
1.075849771869411775e+00
4.449293423900873456e+00
1.059437345689801635e+00
2.529801717594529098e+00
1.988801578184681729e+00
1.220333925552648324e+01
1.468025573903419589e+00
1.922131525600671464e+00
2.438013501883000256e+00
1.347643654258949608e+00
9.027340506735468395e+00
5.592335335503959115e+00
1.206046149791809352e+00
1.129510721922908800e+00
4.393327384654401868e+00
4.214866884707932471e+00
5.439497652539359684e+00
3.403584421860946119e+00
1.395549528374445458e+00
1.346723481648752774e+00
1.101784496000973279e+00
2.975584955990911773e+00
1.438861115579104899e+00
2.283768497852473711e+00
4.432834099191887312e+00
1.712244346913207593e+00
2.299788201862500880e+00
1.799942341108021759e+00
3.998212420913530796e+00
1.704989016304131244e+00
3.369347940112915829e+00
1.146279652772580926e+00
1.098578531234418509e+00
1.444759897066888454e+00
2.462611395365462474e+00
4.706957282456956548e+00
4.171719635919551195e+00
7.711720077523440686e+00
2.195900170169494015e+00
3.188915435346164617e+00
4.014226932668329084e+00
6.909648577803773506e+00
1.775528509871920013e+00
1.056467768744121294e+00
3.784561412675947256e+00
3.254942797985526770e+00
2.166944401798613473e+00
3.184291391113501124e+00
1.665056858275280716e+00
1.435162445043060675e+00
1.461962471884912018e+00
1.452796805417319481e+00
1.147507030934677985e+00
1.018315691517151178e+00
5.249976443983793040e+00
1.276509080082455005e+00
4.498985226824945727e+00
8.212805576404319297e+00
1.334376959629526960e+00
7.375205769727723570e+00
1.118091654653019962e+00
4.506487120342238306e+00
8.642624961728289534e+00
1.597940891283493370e+00
1.037500726926967598e+00
1.420077302239552974e+00
2.393513025911051528e+00
2.386695433771153230e+00
4.588686006141910134e+00
1.935944445333855013e+00
1.040207089047294087e+00
1.895341375318442267e+00
2.059785452829292041e+00
7.975611825544777211e+00
1.628679125855115206e+00
6.900980779152350308e+00
8.364535237626199660e+00
2.613751205055764970e+00
1.103664750664569816e+00
1.000149898295297923e+01
2.407183662058079321e+00
1.158662166473169997e+00
3.311048790051906998e+00
1.039027818884080290e+01
5.051551567076990601e+00
4.066176449479674382e+00
1.327503895038784743e+00
1.724044381934677350e+00
2.491944972961982696e+00
1.207102117776924777e+00
3.181754241773294911e+00
1.575984975243298614e+00
7.520381123765775833e+00
3.099264046890624957e+00
3.402209901097265732e+00
1.272453266395258131e+00
1.586523235268525456e+00
3.828243985321469811e+00
4.850860403674619015e+00
8.296110160239479114e+00
8.804521473062967729e+00
2.118061285230067536e+00
1.618211168408402845e+00
2.955786117330269303e+00
1.964151899951369629e+00
1.804651630050716937e+00
1.083083914418155658e+00
2.980710798129396544e+00
1.775367895754353276e+00
1.056064395269256551e+00
1.489858673211377882e+00
6.370170982488647660e+00
2.747177861495862849e+00
3.916828890622014114e+00
1.004591425789302939e+00
2.629585164781520934e+00
1.467253142957285261e+00
1.036723104578679999e+00
3.804867113553324032e+01
1.772911470908123288e+00
2.964532705111134092e+00
2.463886428344502999e+00
3.782314214567758626e+00
3.078503596474441828e+00
2.541563471723902179e+00
3.321052144768805281e+00
1.375094021028018698e+00
3.354717173801203156e+00
1.637820245802157570e+00
4.433528116490005111e+00
1.297629826497957106e+00
1.666665074263846913e+00
2.519803387697161057e+00
3.264740158967923023e+00
3.535656106198041826e+00
5.476818000478735904e+00
1.333070350860416697e+00
1.180333557313334003e+00
1.669173398694905552e+00
2.205496187129647456e+00
5.034483907908082756e+00
4.869847690494792047e+00
1.806503469521260730e+00
5.565582521673710481e+00
1.510669947406546143e+00
1.691360538065901808e+00
1.862186907582757955e+00
1.376861463907974148e+00
1.440780171131287757e+00
2.371272136941824371e+00
4.291203198081150916e+00
2.796423250726447041e+00
4.310814643926286216e+00
2.223943492955607226e+00
3.105266113820775331e+00
1.222854065599313644e+00
1.592011881983006694e+00
3.818846918201463048e+00
1.256450939697537184e+00
1.374677985365265087e+00
1.027003349974581869e+00
1.154312703583061817e+00
2.164489044791203298e+00
3.313235886488359316e+00
1.413904613837946078e+00
1.251080142242290805e+00
4.083535064818510030e+00
1.018776377177035286e+00
3.075879740917436322e+00
2.291382820957940325e+00
2.120602209422244755e+00
5.864611840250971042e+00
1.093127191453587388e+00
3.624742249322664200e+00
1.530051769392269057e+00
2.359893520735206085e+00
1.840937021146184405e+00
3.871486057827397076e+00
2.651924950844803064e+00
1.898092634266862477e+00
1.742841172028739338e+00
3.433801333732849237e+00
1.204877668841280114e+00
1.996927977888164563e+00
1.726346337980666057e+00
4.580566837478597719e+00
2.733322340533540284e+00
3.597047249242716571e+00
3.864665494728674044e+00
4.072855788388869414e+00
4.833327545354664245e+00
2.103793219837157835e+00
1.160381112443249663e+01
4.373670864477600340e+00
1.490479067300075400e+00
1.068882181787335028e+01
1.926253743638601579e+00
1.362425240779663760e+00
1.265801900825204607e+00
2.848045701638290073e+00
1.898325528489149816e+00
1.747624146693221636e+00
2.171499662133148600e+00
2.979922106895855904e+00
1.285955542747066804e+00
9.934121565362199036e+00
7.055115283250129821e+00
2.815422079379379827e+00
1.606314085900026889e+00
1.223387055749261432e+00
3.131712782596331568e+00
1.367519707421620989e+00
3.161511171914110019e+00
1.220558468231708771e+00
2.341436775762396838e+00
5.059721222022544929e+00
1.078733874974774798e+00
1.219979439763983153e+00
1.562440160593011163e+00
1.671387989064803792e+00
1.514969490521629769e+00
6.448428514843440595e+00
3.677221529686593993e+00
1.121940245712810924e+00
9.729447024479593864e+00
1.312204299155522946e+00
5.292705486265207426e+00
1.579674263471969820e+00
1.090667137039333934e+00
1.078153887411082756e+00
1.342921331983817801e+00
1.696217350571482152e+00
1.140971710537044270e+00
6.625715725080964624e+00
2.657147945807280198e+00
1.203360145660522962e+00
2.362198359611775711e+00
1.060647216358507450e+01
1.821568287862353808e+00
1.129170245005019169e+00
1.175326167201306671e+00
3.844960380613632989e+00
3.099174162152208201e+00
3.213605385124696401e+00
1.011580259079308819e+00
6.311414675338975933e+00
6.302886551110920443e+00
2.642584644530628246e+00
1.019671694870551448e+01
1.941489308923735724e+00
3.855593887408282239e+00
2.857430863247310882e+00
2.550959704892257651e+00
1.111869636208052903e+00
1.160684842476806145e+00
2.754277343259631916e+00
2.413769881267990414e+00
1.686268813351671980e+01
1.111350415776688028e+00
1.716922394807169461e+00
3.196533331094750796e+00
1.044627871698381449e+00
1.063120098685250925e+00
3.576663609819205725e+00
1.062618931414404999e+00
1.710058906416492164e+00
1.105875885439954853e+00
5.312548397782734355e+00
2.402048589136745349e+00
1.268533431367118158e+00
1.156253894406593652e+00
2.119706358540212943e+00
2.273884589984129789e+00
1.112732066824401622e+00
1.467657926720864703e+00
1.072561265811464493e+00
2.698897162132887662e+00
2.695248472559430120e+00
2.662402041210619519e+00
3.360406768468840344e+00
1.235953651938784148e+00
5.110930369732648693e+00
1.477089489419428192e+00
2.065080297546291188e+00
2.141778703267647632e+00
2.142353991845485695e+00
1.056278053245530701e+00
1.205317248440845201e+00
2.430345418364081134e+00
2.334432474980321803e+00
4.262737138713353247e+00
1.128700862527119320e+00
1.439849413798691469e+00
1.314491335529222038e+00
3.287343264426823009e+00
2.925716987276126169e+00
1.596921375313791858e+00
1.020118011024365723e+00
5.671812472484523582e+00
3.936664397286400607e+00
7.097957921963221395e+00
1.084313095501332924e+00
4.203769201110039155e+00
2.073459870090764490e+00
1.017498368072343284e+00
1.775432808292449094e+00
2.191834985022164339e+00
3.405902116955679571e+00
1.427610457369056229e+00
2.887013652787291385e+00
3.661992980993085123e+00
4.363220940671066472e+00
1.551948754738400771e+00
4.705639124037318766e+00
6.395459805841195333e+00
1.425820316733833248e+00
1.132952407824481700e+00
1.203697307194456112e+00
3.300102624751457991e+00
3.158182588747132424e+00
8.858981264540286560e+00
1.457356157814090114e+00
3.513666097763774143e+00
1.121894987580747349e+00
1.071909379855772171e+00
8.462915325771565023e+00
4.763716559091095704e+00
1.218610983955549232e+00
4.202568645700877070e+00
1.372143472247874030e+00
2.481176948338110311e+00
1.321968572840826139e+00
1.106878485680059088e+00
7.491673716012084761e+00
1.600958923396946565e+00
1.141127076256296613e+00
1.666551489648207429e+00
7.826721512727370822e+00
1.059952790590778182e+00
2.770488452578396821e+00
1.006056710788537867e+00
1.224599147027685797e+00
1.236459969859458052e+00
5.046407330524052881e+00
2.617186545901565076e+00
1.180334020694616015e+01
3.105483422859729004e+00
5.995212958194841235e+00
4.436894582270705989e+00
1.378581192763010943e+00
5.865726030037305527e+00
1.120392976712517141e+00
3.124905047879569242e+00
1.397318515109417847e+00
3.444631788570520659e+00
4.670356964878613404e+00
2.699442625089091496e+00
1.131760166295323611e+00
2.364904230186285705e+00
7.615385589960935953e+00
1.065333616163437247e+00
1.531954450214613406e+00
1.007687335524577454e+00
1.067941737265643232e+00
1.183500976394073811e+00
1.473900990123985455e+00
4.321200625842331000e+00
2.690567316227404415e+00
1.199933517879918643e+00
4.080523608739238028e+00
1.306523736794386714e+00
1.569307120731684968e+01
1.447031575847518292e+00
6.435167451535918737e+00
3.559257334183673294e+00
4.391755081321726983e+00
1.426609929786238018e+00
1.685468584592514141e+00
1.925506673157888926e+00
2.121970394898379908e+00
1.126396840530855981e+00
1.067629497792541127e+00
4.092474494218174108e+00
6.723068950838791302e+00
9.210967750562749856e+00
1.276341169334002323e+00
3.521245674364236855e+00
1.623244824639280548e+00
2.358605085839703630e+00
5.838820821866907984e+00
7.555221694182301384e+00
8.935827068038246779e+00
1.545945660155676249e+00
2.534424370672066829e+00
1.183208165502256382e+00
1.575544610606872897e+00
5.830439014243203211e+00
2.306341337391298207e+00
8.111616310920460649e+00
1.371623499374959643e+00
2.886769159375078608e+00
1.290644039760457051e+00
4.517605139691581506e+00
1.449284434249976439e+00
2.798686398618881022e+00
3.694470126773375718e+00
1.271395587003774974e+00
2.553823877766382200e+00
1.491029724204683715e+00
1.391509236832916052e+00
3.763454976973262589e+00
5.233300509376692666e+00
6.199391947375872292e+00
5.108483489529636934e+00
1.545376855910380431e+00
5.179285700176676777e+00
4.551801281870818450e+00
2.968104133621880081e+00
2.526958353591256756e+00
3.589083406216203365e+00
1.042452930984155701e+00
6.589895177845741081e+00
9.186581258439103337e+00
2.256611260015038312e+00
4.040435287583031609e+00
3.622688084095731842e+00
2.778036561117368297e+00
2.429964106277502367e+00
1.125420907723311936e+00
6.019804197915192390e+00
1.034721422106772870e+00
1.877622450651738495e+00
1.329565088863015276e+00
2.503908890137122256e+00
1.789884799910799851e+00
2.412100518016108364e+00
2.785228161696306604e+00
1.303590319295072852e+00
8.147920666818111002e+00
4.644026047482995523e+00
1.518525572669889412e+00
4.775425057456985201e+00
1.227680588079585577e+00
2.591391003834791817e+00
2.438462994817138352e+00
4.992417057095211774e+00
1.761734286461511534e+00
3.116677028939864869e+00
7.565512640788901066e+00
1.382533754472461851e+00
3.176902634774529499e+00
2.620045624361235337e+00
4.898113921564005047e+00
2.481370038969915370e+00
4.332131303717510207e+00
3.080007946922407314e+00
1.169518884858871344e+00
1.331934208781501150e+00
2.842726038423460277e+00
3.427482470485523791e+00
7.815924154744021912e+00
1.926261465205526768e+00
1.470163893712856584e+01
2.546752639385743144e+00
1.870451452201410847e+00
2.123295138595594267e+00
3.266292831376721661e+00
8.323102662398397911e+00
2.207451743127750277e+00
2.092756919053863296e+00
1.928552381170140162e+00
1.888483203325418858e+00
1.592986554063424709e+00
4.026847916393801796e+00
1.323787239053054066e+00
1.726674938154138861e+00
1.623682983030934501e+00
1.163662742741649048e+00
1.248253020951574088e+00
1.144044958107707677e+00
1.693840000955075586e+00
1.709542593792222620e+00
5.629768616447226037e+00
1.174574603045568821e+00
1.604044344713362102e+00
1.527626451565778032e+00
1.309651846709009471e+00
4.435167598234828645e+00
1.865908766183785206e+00
1.273550705582806364e+00
1.055363599662419993e+00
1.421827636853987942e+00
1.844987323187392780e+00
1.764603003502513978e+00
7.785734829750808217e+00
1.453028231836364981e+00
5.451723882020425904e+00
2.158377712407546500e+00
1.542786794734320566e+00
1.240917167370134244e+00
2.125665699478956228e+00
5.828687635057989702e+00
1.574214177606177545e+00
4.511281312262109822e+00
4.800324671729632620e+00
1.643376179245283009e+00
3.372261650117155618e+00
1.295390326667389624e+00
1.893594664376401449e+00
1.979651053394270388e+00
1.303959539389512479e+00
6.835979372691394218e+00
1.635467322045064842e+00
2.017774049139232861e+00
3.961356317533731186e+00
1.517738213816640869e+00
2.155343275946214110e+00
2.825602753571541115e+00
2.726005324239936023e+00
5.704146096842006131e+00
2.534094824994058026e+00
1.963485004731438721e+00
1.346329952742332470e+00
1.821393660135631309e+00
2.426824320081268471e+00
7.512435972451890542e+00
2.694572657234542756e+00
1.557980678949921538e+00
3.518904754943930513e+00
1.116518547703697184e+00
1.221274812856787628e+00
1.855360058177367488e+00
1.745665113113936906e+00
3.245348184342706332e+00
1.271680153527271040e+00
1.076994167885452214e+00
1.791727306926223395e+00
1.175225456297869675e+00
1.573849031332970938e+00
3.334614638405716036e+00
6.756433056012910221e+00
1.394266830653521971e+00
3.673327054050137708e+00
2.121051441654146164e+00
1.026475411518348091e+00
1.142971565890954500e+00
7.268731740582775380e+00
4.639445116037936856e+00
4.709373332170576631e+00
3.564192454679079081e+00
5.756820795052211892e+00
2.679436918579090499e+00
1.190411551046138161e+00
2.848147502180141899e+00
2.309711567297644930e+00
1.607295615365832653e+00
7.264123258933177674e+00
3.214420202955473815e+00
1.061244841982115439e+00
4.302777292246708463e+00
1.412929754993244913e+01
1.562473522315236174e+01
1.283726403507765124e+00
1.076544365295037720e+00
1.415757985409883402e+00
2.086447787239272156e+00
1.035539918667191372e+01
9.313625047728139705e+00
2.698452408144013326e+00
9.490094992456514333e+00
1.196334260849585940e+00
1.549898361858438989e+00
9.430470741222366726e+00
1.022760137810163616e+00
8.477777028824833749e+00
2.409241084468135341e+00
4.886980534241688545e+00
1.800182577316210342e+00
1.053350145688797923e+00
4.846618574922415768e+00
1.298885075415902612e+01
1.151773125064001091e+00
1.694116887581227138e+00
3.685063711272881015e+00
1.021359690282930188e+01
1.108298102320038447e+00
1.078594540478652997e+00
4.173968125287886188e+00
2.395751994198694668e+00
3.181676517466578424e+00
2.512776382967630173e+00
3.687465528166864903e+00
1.334251925153075291e+01
2.056517236195678500e+00
6.471714358395148636e+00
5.453767607760790170e+00
1.934720485295817305e+00
1.281867614313678239e+00
1.345866386549235516e+00
1.090305798280984284e+00
4.360523955564642229e+00
1.445565692513162137e+00
2.436024310170512130e+00
1.295033269319308289e+00
4.636368929403042571e+00
2.224829244027372699e+00
1.860036034350186940e+00
3.044857780437765449e+00
2.241749437820638846e+00
3.060555725190839738e+00
1.840340849757381214e+00
2.451016855256487492e+00
8.761637001531846991e+00
1.086919863799622910e+00
3.136702659979074159e+00
1.065434425667051821e+00
1.124702451223079880e+00
1.619470037380157823e+00
4.832219641124681608e+00
9.790024898083359517e+00
3.318040521816423283e+00
3.114939618432173152e+00
5.023342067370110797e+00
2.056563866282507202e+00
5.057674994153609660e+00
2.648180626923890557e+00
4.743280769463432023e+00
3.052116371112824300e+00
2.016122607575806303e+00
1.159153651276982888e+00
4.183520054757015494e+00
1.278881586279611460e+00
1.193646025953092105e+00
1.365242262896528835e+00
9.240540806055481227e+00
3.058127677098036123e+00
6.842629245686847383e+00
1.751713403803754288e+00
1.044957126182470608e+00
7.977460265689877872e+00
3.229458965409531146e+00
5.066926901361290092e+00
1.415046395457876249e+00
2.499951747149195214e+00
1.217896204575324770e+00
5.741003694480173003e+00
3.297560670346808109e+00
1.156611203877710992e+00
1.549878943203097714e+00
2.853576322009383492e+00
1.412955385177754319e+00
1.220903829196557044e+00
1.343963524487824523e+00
5.149613137686579023e+00
1.862934475661925493e+00
6.428532632338539443e+00
6.945097162388293555e+00
1.928208806906277939e+00
1.067148277992053584e+00
7.652812910676026092e+00
2.115848825863527072e+00
2.165887454920273569e+00
1.522812851533099199e+00
6.312461974399895759e+00
1.369267756052862106e+00
4.715583478312344035e+00
5.610957542157541944e+00
1.027927671345149063e+00
4.365562401200204334e+00
1.306144197743515978e+00
1.193349870011580771e+00
1.690384952033156640e+00
1.116552420278719149e+00
1.373494861721271887e+00
2.350795653263572316e+00
2.098034790396718474e+00
1.079031433304943555e+00
4.196748593380156045e+00
4.997852698160036411e+00
1.318399240386578963e+00
2.462997731217536401e+00
2.000075659714279919e+00
1.058339707500864257e+00
3.277494137065542823e+00
2.369732701661297458e+00
1.367231609419590654e+00
1.177885504792846705e+00
6.998208785388957409e+00
1.048682462082957123e+00
2.454450563995642653e+00
3.681151472417608428e+00
5.726704241374733328e+00
1.412833716017906971e+00
2.885619860286253946e+00
7.221545962638975524e+00
1.214428078467177707e+00
2.052118273767153944e+00
1.644598852989183291e+00
7.344914735215620105e+00
1.025128827243519503e+00
1.072055627174339776e+00
1.835095653505916635e+00
8.289321694942310970e+00
2.611056322319882383e+00
1.742793894513340103e+00
2.806847894406033994e+00
1.826330804089794313e+00
1.881391470687995282e+00
7.576193206338378339e+00
2.867001956421093567e+00
2.390425579325970329e+00
1.199082746236243002e+00
1.877478493317132457e+00
2.796468746585386800e+00
4.117565904508590613e+00
1.169176474969740198e+00
1.186560686859475133e+00
2.294888809893543158e+00
1.899434900887585931e+00
3.508332397993270568e+00
5.283694900177071219e+00
8.753070668064212967e+00
2.769928898146884588e+00
3.952514100153819765e+00
2.877407173368792481e+00
4.658809665247417797e+00
4.262381533837478642e+00
4.073977033982449036e+00
1.577002111391055950e+00
6.161113366583218287e+00
1.334175372778717339e+00
3.305064626537589145e+00
1.124332499215661585e+01
2.434262306175162482e+00
1.070939986710393832e+01
2.054375226138856370e+00
1.904376669945549549e+00
1.352545010059926778e+00
5.067067983730389358e+00
1.143567396543862413e+00
5.933658396477769159e+00
1.679072772902084010e+00
2.752041815435583683e+00
1.239314896051878723e+00
2.998599982453574953e+01
1.761806466562242823e+00
1.019911174253125941e+00
2.453395499148384395e+00
2.950598868379012085e+00
5.968756956842668160e+00
1.630399760574452683e+00
2.964789741842923210e+00
1.151139881413735688e+00
1.879541870598383957e+00
1.639821773961890772e+00
1.472295520099222266e+00
2.148994017028265979e+00
1.002773685321600494e+00
1.129380220804993007e+00
1.321742174648774082e+01
1.955024171913876341e+00
2.309745444932908676e+00
7.166118569033400831e+00
2.897505682152523132e+00
8.383901330370687077e+00
1.823205223216820325e+00
1.659730607907355937e+00
3.733319217015722113e+00
1.741367268845557037e+00
1.168429082868513325e+00
2.435018486765897272e+00
3.583662555507185044e+00
1.206280222045970074e+00
6.785665642715768442e+00
2.127599021042162253e+00
8.454193300393200161e+00
3.625603386929693972e+00
5.497150897353697552e+00
1.458090275521591650e+00
1.336422884496975660e+00
1.475308711030681952e+00
1.477124448226144615e+01
1.073706864434783137e+00
1.151103719093588662e+00
1.998576800252721997e+00
3.282910756182584322e+00
2.537433953612777682e+00
1.084180964692430971e+00
1.523763323972143757e+00
2.282925017793961509e+00
2.786211419025074409e+00
3.127997620070736673e+00
3.811490044234526753e+00
2.818940912925842923e+00
1.243609422593705993e+00
1.477836973291900335e+00
1.557088388471874651e+01
2.515825355863234858e+00
2.817742003520450567e+00
1.845545935116986946e+00
8.113039592834953240e+00
1.094621175915639011e+00
1.835732887494210042e+00
5.583744710148988766e+00
1.133496838337579193e+00
1.980077534740746437e+00
4.659582435922908772e+00
2.623349416466491668e+00
1.486100280383756411e+00
2.058691925139579659e+00
4.748663669091615525e+00
1.007720273932287025e+00
5.605945208823785997e+00
6.361722686561209983e+00
1.944034593335806083e+00
5.910911183512464362e+00
1.306781863710345659e+00
3.043632533645406646e+00
4.307735929335141378e+00
3.211510719883018616e+00
2.717830434966752584e+00
2.380465921949110442e+00
1.662045943480949362e+00
4.605274281698119587e+00
2.414734535049058550e+00
5.197465679828384921e+00
5.425503042932581899e+00
4.734927029264704323e+00
1.164262506521735130e+00
1.733630126552094586e+00
4.446584051114055747e+00
9.794392581368567718e+00
1.303625508099375940e+00
1.031535635818714436e+00
1.906422731607509524e+00
1.333376786991858021e+00
1.345157894247271058e+00
8.521151141404306628e+00
2.122142173063012560e+00
8.493620092443057601e+00
1.193960240826990704e+00
1.172019932580976054e+01
1.470333071353054954e+01
2.852931167853891559e+00
4.450131932021466952e+00
2.493381434657609752e+00
1.444904713906356220e+00
1.921554172259224647e+00
1.991095963439976746e+00
1.203592249860923502e+01
1.523106094027074864e+00
5.313052869696354819e+00
5.743300955001839014e+00
2.849086137618236148e+00
1.632187734570969440e+00
5.264468967456244819e+00
5.604402355345758480e+00
2.180581288404888962e+00
1.653255348513877898e+00
1.864096079291498231e+00
1.436478330367644940e+00
2.653516026008548412e+00
1.199674681400045406e+00
1.498775959655748391e+00
1.738045401980950588e+00
3.530756766358622567e+00
1.098434355605631296e+00
1.169979091896037993e+00
1.111346834333786049e+01
1.050468099841656011e+00
1.531652886199369235e+00
3.345329918289919657e+00
5.806457681917974512e+00
1.560836900958466389e+00
1.824324772080169632e+00
2.244758454474057530e+00
5.472662231235397634e+00
1.655562053857135840e+00
3.248920985712202558e+00
2.892010146399729642e+00
1.231064859463339545e+00
3.312994629807147096e+00
1.336357571804313471e+00
2.788925690352116149e+01
4.894644510839968987e+00
1.342160561329982515e+00
1.233649499540551808e+00
1.329240736196318995e+00
5.002176433022988533e+00
5.573320972506248694e+00
1.450264993940390434e+00
3.642832676599283559e+00
1.646236279765417088e+00
3.934381217093061878e+00
8.018357049673857873e+00
9.716423974018304932e+00
1.067592396934674559e+00
1.023287095251112078e+01
3.402957514914976667e+00
2.283294328748287416e+00
1.211346811767159526e+00
3.260928629331568906e+00
1.513854545968962739e+00
8.620821661468669461e+00
3.037611485001730394e+00
3.759727486839604449e+00
1.006586717821180255e+00
1.471691965465327101e+00
5.178518722604883884e+00
4.629764339680544794e+00
4.393287353764506520e+00
1.797076141088904011e+00
2.829728688901218092e+00
2.097907524604052831e+00
4.702837689347044048e+00
5.227921472334698727e+00
4.296813578387064680e+00
1.737808033808445618e+00
2.113964180900069323e+00
2.439377578578405981e+00
5.301326187086508490e+00
2.309429663588477233e+00
1.680281363868401101e+01
1.525725962123174906e+00
1.483564626305298173e+00
2.117739130434782791e+00
3.752526818785873797e+00
1.637752687993815126e+00
2.079618920495839163e+01
2.293677512513103256e+00
1.000671795194628011e+00
3.273643061989852221e+00
3.615979938215518885e+00
1.026582290214125726e+00
1.573427025290307091e+00
3.126690963079814090e+00
1.142638629540691619e+00
2.294321802796249976e+00
1.894728897485764341e+00
4.386822153432216709e+00
1.113643835616438427e+00
4.171954296357319514e+00
4.464050427148569256e+00
4.523664783778467147e+00
1.021227664922381484e+00
1.026409506088445722e+00
5.376422862709388184e+00
1.801254274045024584e+00
2.244253945725253274e+00
2.179611968432493274e+00
3.842481220457954816e+00
2.137992586565254705e+00
1.068624470197843124e+00
4.738478011166711745e+00
1.063615271879057245e+00
2.721752325375621062e+00
1.186981960884388121e+00
1.228709184623983042e+00
3.202784668753701602e+00
1.424292550311850425e+00
2.435704472299011769e+00
1.965210294694014648e+00
2.416414726845856453e+00
1.558608122475015900e+00
3.901168037918396614e+00
1.215127327618739539e+00
2.242725323792486680e+00
2.470630841916528375e+00
2.116539775412098034e+00
1.846418891157968423e+00
1.275392275393456121e+00
2.693452723167575336e+00
2.690762871214608776e+00
2.431221646611648080e+00
1.644400323008064158e+00
1.467837857945001323e+00
1.189015049023544046e+00
1.342450381982546848e+00
1.538864955190955452e+00
4.015476875566775128e+00
1.305819442171811007e+00
1.261628045658834685e+00
5.605902024986568755e+00
2.645812732061953554e+00
3.600036836917995142e+00
2.904250006023660902e+00
7.727567307113172745e+00
3.268354004978210714e+00
1.551845917576611500e+00
4.777672371400053741e+00
3.268931044999584312e+00
2.268159947458816106e+00
4.255518092758279636e+00
3.141583161970739280e+00
7.733042283991880872e+00
1.722441916009662899e+00
2.872803445679231515e+00
1.495408966766387904e+00
1.374599263449875330e+01
1.084854123942780246e+00
2.981859574710448602e+00
1.599453321242197967e+00
1.043570491928502264e+00
7.770344140317129167e+00
1.093562937664768198e+00
4.494398460688186603e+00
1.191300193894962778e+00
4.888365133994270195e+00
2.183639392735416518e+00
1.999253072301904410e+00
1.881262319791048299e+00
2.190345087134601521e+00
7.500119298749132746e+00
6.122307063631057034e+00
1.379816452213108224e+00
5.498422987714717713e+00
3.463357687675632235e+00
8.240961072766712192e+00
1.510627803749067244e+00
1.289970838367044292e+00
4.224573559420581326e+00
1.959693928483076775e+00
2.519304137490550932e+00
2.812962520078529316e+00
6.837628173981896040e+00
1.074261001720939523e+00
1.214266763028989082e+01
1.349577916240632947e+00
1.728615321276282923e+00
1.709978431167374469e+00
2.023733787762635572e+00
3.473275360868638195e+00
1.155586065807527429e+00
1.779397569395898548e+00
1.264330458131103896e+00
3.071635379699503510e+00
3.351844327449158722e+00
7.516920200397919416e+00
3.257644479386508252e+00
1.593600438079685544e+00
2.926773262182886803e+00
1.228180246922785157e+00
1.030186783103776627e+01
5.420715427671556341e+00
6.508802896992672338e+00
2.817180828889488176e+00
1.237165304857044346e+00
1.297014622237678827e+00
1.948351289599964176e+00
2.531536310636250509e+00
1.416588952393429635e+00
1.325669454943636083e+00
2.907016273342656110e+00
1.773253326065507229e+00
2.513424184218559176e+00
2.080046648093814454e+00
2.750932028371273486e+00
2.711956635565427653e+00
2.235605649286133367e+00
6.797918846504432899e+00
1.555718404575415104e+00
1.523701032302477998e+00
6.302753680890903709e+00
1.779356879709905970e+00
1.301122683795777224e+00
1.965283215059014488e+00
2.366750187295792784e+00
2.992379857659056341e+00
1.550570738916256186e+00
3.059401352694169240e+00
1.036469944062214932e+00
1.591337559407802527e+00
3.475339202079399836e+00
2.904881149038436750e+00
5.724033251690375579e+00
1.015408888418119826e+00
2.979721843209138132e+00
1.175930839244449189e+00
1.671298704381232625e+00
4.297079117937772530e+00
1.270856078035294656e+00
2.271525976814083414e+00
1.276774481318712295e+00
7.230145267190368763e+00
8.667848149513218914e+00
4.156361396742906500e+00
6.782697540306113382e+00
1.194817943528660553e+00
1.557283460393317220e+00
6.448742255480307328e+00
1.767938924589443683e+00
6.728261206183089982e+00
1.629714925709602191e+00
1.603006712153222768e+00
4.454156971396152187e+00
1.786570335965775858e+00
1.001947664899745405e+00
1.630227714033539277e+00
3.794041472389378278e+00
1.388198114116112381e+00
5.136187648044369780e+00
1.602532540971808084e+00
1.641641643986776256e+00
2.194147139268902702e+00
6.580363099812486460e+00
1.437058805996840549e+00
7.968192472383744729e+00
1.316640659156270265e+00
1.628546517359445556e+00
2.102441367115929882e+00
4.093465782763895611e+00
2.666220475132456080e+00
1.772689478534182905e+00
2.232321035387965225e+00
4.019223770870130608e+00
7.443292626005781898e+00
1.691778913944351759e+00
1.639274378488758677e+00
1.687286236040709708e+00
2.679879968556683423e+00
6.387255167751204610e+00
1.834333694526904424e+00
1.620453163154330634e+00
3.346267010179341472e+00
1.134385070356372616e+01
1.105224265152390251e+00
2.254261199728794018e+00
1.859454861193710284e+00
7.764956242145293785e+00
5.482003560671376619e+00
1.011107931246582936e+00
2.346077153991293684e+00
2.750596243983768119e+00
1.874669298265745576e+00
1.338524913600346977e+00
2.119969465648854801e+00
1.414424775427247205e+00
1.241809255831453296e+00
2.693823268576333696e+00
3.122444979992932801e+00
4.361700669274717335e+00
3.506900516870898432e+00
2.158618740455787943e+00
4.163703680457485845e+00
1.260888671910315573e+01
1.189578596443613190e+00
2.224354929748903587e+00
3.702180512549071434e+00
7.418404360914490070e+00
1.256415100568933463e+00
1.369607080285262013e+00
3.166796051425391667e+00
4.524117369724107718e+00
1.366326660210565702e+00
3.835422811263979881e+00
4.949005963880722447e+00
1.064840679754209152e+00
4.064119366103300379e+00
4.092650372730732400e+00
1.069788113173230304e+00
1.122792731580829484e+00
2.723562534682889336e+00
3.850111684234133413e+00
2.301415884965901437e+00
1.500030739924063550e+00
9.177074437479729951e+00
2.223825700796621785e+00
5.492254255240017535e+00
1.877892969569779691e+00
4.871086201512497382e+00
2.882616061940185048e+00
1.726899864144137764e+00
2.375758746339927008e+00
2.874911964102642603e+00
1.833039618725818443e+00
2.065732574300782609e+00
4.193394604829319583e+00
1.335317766128849337e+00
1.729950523774078208e+00
2.464535051037635593e+00
1.291229070476072494e+00
1.662582442892170942e+00
5.110438937589951713e+00
4.804978454742774296e+00
1.339034867592261158e+01
1.453180311741832487e+00
1.639218756219565698e+00
2.484474200623340678e+00
1.953283437815224843e+00
2.525484101717564656e+00
1.232961647110482284e+00
1.499140494480897035e+00
1.124633506611985911e+00
1.541844474158533762e+00
3.316511731511731398e+00
4.671521588958861493e+00
1.060349987438929720e+00
1.596567153128227057e+00
3.115410687485255181e+00
1.901299870665763336e+00
1.213573804529462175e+00
1.095526015548303311e+00
4.694567896091183634e+00
1.219360560752198452e+00
2.672448730490867952e+00
3.052934379163976697e+00
8.674452769081291592e+00
1.726497696836191587e+00
1.030335418282747995e+00
3.147134443219830935e+00
1.463452601358190552e+00
1.448641799745171266e+00
2.290241530877389131e+00
1.305807747323241452e+00
4.271624224475642606e+00
1.032388206922165041e+00
1.701959893923072453e+00
1.979482538397931091e+00
3.605926043684898996e+00
5.155222180657938580e+00
1.172714410577916810e+00
1.611650430551510915e+00
1.238549653280812235e+00
8.052529021138541410e+00
1.137800944809346015e+00
3.195237971599478310e+00
4.583759063593370264e+00
6.752868788939376365e+00
1.787706334054160573e+00
1.253141520148452592e+00
2.793512764227723988e+00
1.723874055967018037e+00
1.039649994605188699e+00
5.483903832308473447e+00
1.708758063696855789e+00
1.575032139032603418e+00
1.694954804620822042e+00
1.551398990405328249e+00
1.240272508339829605e+00
2.000136997994947929e+00
1.085576845163394255e+00
3.774810844462276549e+00
2.525921535445258659e+00
1.720844058541384891e+00
1.225304439124005995e+00
3.200563835382630895e+00
1.506646930225532754e+00
1.450243940201181303e+00
1.302714454732902594e+00
8.096269586854104361e+00
4.423254829831038570e+00
2.258303850175049643e+00
1.836783232242673591e+00
2.055392626381093102e+00
1.899758586634478164e+00
1.286893497930327079e+01
1.605528261257312295e+00
1.829630719709961051e+00
1.327199801945417201e+00
2.394100768858211659e+00
6.013366840391685564e+00
1.175158499985431204e+00
1.359788184888585771e+00
1.286359136735705677e+00
1.326930030267879257e+00
2.340187125114864042e+00
2.344360075740272720e+00
1.123018249971671656e+00
2.112347812213314135e+00
2.379573059496037590e+00
1.384432633786365274e+00
5.171473889974867788e+00
1.570920488709780516e+00
7.270099359011243045e+00
1.411067812520016007e+00
3.066652639721523688e+00
1.199490961398003996e+01
4.899371387953147305e+00
1.776270059033840498e+00
1.853757651894799352e+00
1.050509555203204437e+00
2.056637654085597955e+00
6.137165745533575745e+00
5.953326125978326111e+00
1.100106411165671316e+00
1.735846229301445609e+00
1.429567232982553948e+00
1.688176944817886049e+00
4.725612406006906241e+00
7.621827052296259453e+00
2.486741462163148952e+00
3.605243774014515346e+00
1.272576700644475922e+00
2.326259362304567091e+00
1.553246334745135293e+00
5.673980406039151880e+00
8.260178124380411546e+00
1.539999234273774720e+00
2.535159973168676029e+00
1.233251343129005084e+00
2.973632351682407027e+00
1.136356224661671632e+00
1.643642595111951765e+00
7.104158022396188876e+00
1.261056818111818911e+00
8.761472574212135100e+00
1.542351379913481146e+00
3.150930105345559173e+00
2.212787579393083792e+00
1.520197369324601810e+00
4.351147845265261438e+00
1.811088127006796888e+00
7.274737989466452781e+00
7.437155333983938910e+00
2.563753882723286637e+00
3.328694456878005248e+00
1.088217774850696484e+00
3.766512221431826291e+00
2.630223434810888161e+00
2.094478004398658832e+00
1.334053879481173155e+00
2.750008075710220989e+00
1.463963435712280603e+00
1.563774292971763069e+00
1.379719520115945208e+01
2.382945737588399115e+00
2.712743596269986401e+00
1.008845200210091608e+00
1.899162059868769292e+00
1.077886047438222139e+00
1.595912856744750252e+00
5.535317695360612689e+00
1.304373476035365353e+00
1.688889841476584275e+00
3.420520224512046070e+00
3.398320224635635434e+00
2.208703200092437768e+01
1.125612903177943602e+00
2.802971617985416941e+00
5.253614282186986451e+00
1.372149925882204302e+00
1.183268337934013203e+00
6.195505981345614366e+00
2.670849445184117155e+00
1.836501233382836995e+00
2.201255173287467670e+00
3.477924591098402907e+00
9.453458301187128043e+00
1.308502012387968039e+00
3.360494884065033272e+00
1.617625489259172600e+00
1.173925743032622426e+00
1.922603351409448491e+00
3.825284463690985515e+00
2.342961279939141939e+00
2.457420336440587327e+00
1.327246151541586316e+00
1.674557420102175564e+00
3.197925264680152146e+00
1.531350767758544285e+00
1.353681984285810991e+00
3.313145380887040137e+00
2.376715099780457585e+00
4.296081973043734514e+00
1.090856491601666534e+00
2.747868653378434889e+00
1.246433957286546379e+00
4.124465021757858452e+00
2.465339565704129043e+00
2.516817414855380353e+00
1.733510727510056304e+00
3.510636538131772788e+00
1.726748644414417111e+00
2.193906378388630785e+00
3.177674233571197604e+00
1.885287039765245032e+00
7.914741890474078723e+00
6.775476597545493362e+00
5.460679273839263104e+00
2.584817156982774922e+00
3.046914434579276243e+00
1.003578941578682437e+00
4.638421985964617633e+00
1.399482553605893909e+00
