5.452442169189453125e-02
8.136701583862304688e-02
7.239556312561035156e-02
4.961109161376953125e-02
1.566917896270751953e-01
8.712983131408691406e-02
2.533063888549804688e-01
4.358975887298583984e-01
5.113148689270019531e-02
8.577346801757812500e-02
4.149045062065124512e+01
6.724524497985839844e-02
1.461715698242187500e-01
5.438566207885742188e-02
2.412505149841308594e-01
1.753394603729248047e-01
3.821969032287597656e-02
7.121849060058593750e-02
5.071830749511718750e-02
7.535791397094726562e-02
1.111192703247070312e-01
1.185727119445800781e-01
5.312962388992309570e+01
7.410742282867431641e+00
1.116783618927001953e-01
6.784674644470214844e+00
1.038556098937988281e-01
4.485630989074707031e-02
4.227662086486816406e-02
8.226466178894042969e-02
9.533023834228515625e-02
6.995342898368835449e+01
7.961654663085937500e-02
4.985356330871582031e-02
8.065652847290039062e-02
4.668116569519042969e-02
3.399536609649658203e-01
6.515340805053710938e-01
4.549121856689453125e-02
1.667270660400390625e-01
2.755339145660400391e-01
1.623318195343017578e-01
3.635382652282714844e-02
7.057285308837890625e-02
4.941911458969116211e+00
2.302379608154296875e-01
5.620670318603515625e-02
3.015303611755371094e-02
6.830525398254394531e-02
1.394383907318115234e-01
5.030632019042968750e-02
4.434490203857421875e-02
5.172777175903320312e-02
2.279968261718750000e-01
5.239991664886474609e+00
6.981348991394042969e-02
3.518676757812500000e-02
5.013966560363769531e-02
1.148192882537841797e-01
2.910447120666503906e-02
1.152617931365966797e-01
4.097008705139160156e-02
5.387330055236816406e-02
8.084821701049804688e-02
9.470820426940917969e-02
4.695844650268554688e-02
2.876994967460632324e+01
6.625866889953613281e-02
3.552556037902832031e-02
4.660259783267974854e+02
5.246424674987792969e-02
4.100680351257324219e-02
2.417583465576171875e-01
7.947015762329101562e-02
4.648876190185546875e-02
1.062662601470947266e-01
1.807482242584228516e+00
1.082131862640380859e-01
4.045248031616210938e-02
2.685546875000000000e-02
5.291056632995605469e-02
5.174946784973144531e-02
1.050684452056884766e-01
5.858612060546875000e-02
1.070616722106933594e+00
1.414308547973632812e-01
3.098371028900146484e-01
9.938569068908691406e-01
5.162024497985839844e-02
5.353975296020507812e-02
7.691693305969238281e-02
7.257676124572753906e-02
9.455323219299316406e-02
6.597924232482910156e-02
2.608561515808105469e-02
4.287481307983398438e-02
9.451556205749511719e-02
1.703827381134033203e-01
4.228997230529785156e-02
9.955310821533203125e-02
1.247837543487548828e-01
1.261539459228515625e-01
9.191489219665527344e-02
1.008172035217285156e-01
9.491944313049316406e-02
3.880262374877929688e-02
6.819987297058105469e-02
1.476459503173828125e-01
1.310830116271972656e-01
4.210019111633300781e-02
2.343199253082275391e-01
9.697484970092773438e-02
8.298254013061523438e-02
5.036401748657226562e-02
6.500482559204101562e-02
2.335464954376220703e-01
4.842972755432128906e-02
8.065509796142578125e-02
4.712965488433837891e-01
1.188063621520996094e-01
2.683405876159667969e-01
4.371786117553710938e-02
4.448652267456054688e-02
5.389547348022460938e-02
8.564305305480957031e-02
2.218689203262329102e+00
1.033253669738769531e-01
4.950571060180664062e-02
1.267614364624023438e-01
3.178668022155761719e-02
6.222772598266601562e-02
5.002307891845703125e-02
4.414486885070800781e-02
5.032600355148315430e+01
4.686498641967773438e-02
5.488824844360351562e-02
2.180457115173339844e-02
2.142953872680664062e-01
1.109900474548339844e-01
7.929420471191406250e-02
2.388298511505126953e-01
5.739808082580566406e-02
6.846070289611816406e-02
2.201364040374755859e-01
1.661365032196044922e-01
4.123449325561523438e-02
9.506034851074218750e-02
5.458855628967285156e-02
6.470894813537597656e-02
6.249904632568359375e-02
2.692441940307617188e-01
9.018936634063720703e+00
5.314111709594726562e-02
3.704619407653808594e-02
5.268859863281250000e-02
5.601835250854492188e-02
7.992815971374511719e-02
5.772161483764648438e-02
1.443762779235839844e-01
2.350378036499023438e-02
2.391960620880126953e-01
8.639812469482421875e-02
7.159017515182495117e+01
3.957701349258422852e+01
3.552475838661193848e+02
6.163191795349121094e-02
4.887533187866210938e-02
1.090681552886962891e-01
1.054627895355224609e-01
4.548549652099609375e-02
3.097772598266601562e-02
2.339433431625366211e+00
6.320619583129882812e-02
4.720544815063476562e-02
4.568433761596679688e-02
2.713556289672851562e-01
1.683323383331298828e-01
1.879765987396240234e-01
5.399799346923828125e-02
1.911077499389648438e-01
6.107187271118164062e-02
1.354055404663085938e-01
3.931617736816406250e-02
4.205584526062011719e-02
6.975340843200683594e-02
1.233022148609161377e+02
8.189681959152221680e+01
5.511999130249023438e-02
5.517315864562988281e-02
1.516625881195068359e-01
1.477022171020507812e-01
4.853248596191406250e-02
1.188387870788574219e-01
5.265283584594726562e-02
8.499622344970703125e-02
9.349560737609863281e-02
6.237292289733886719e-02
6.185102462768554688e-02
7.436656951904296875e-02
1.148467302322387695e+00
