7.276797294616699219e-02
8.399987220764160156e-02
5.679726600646972656e-02
9.650039672851562500e-02
1.365721225738525391e-01
8.436655998229980469e-02
2.367472648620605469e-01
4.761440753936767578e-01
5.033397674560546875e-02
6.784939765930175781e-02
4.467322778701782227e+01
6.890487670898437500e-02
1.484701633453369141e-01
7.436561584472656250e-02
8.055496215820312500e-02
1.669790744781494141e-01
4.001045227050781250e-02
7.733821868896484375e-02
6.350636482238769531e-02
8.380746841430664062e-02
8.832907676696777344e-02
1.278729438781738281e-01
5.238262295722961426e+01
6.351346015930175781e+00
1.100599765777587891e-01
2.192542314529418945e+00
1.054062843322753906e-01
6.378316879272460938e-02
4.927372932434082031e-02
1.017963886260986328e-01
7.581210136413574219e-02
6.733791375160217285e+01
7.433080673217773438e-02
5.140328407287597656e-02
7.864880561828613281e-02
4.874372482299804688e-02
3.513164520263671875e-01
7.240889072418212891e-01
8.527040481567382812e-02
1.690232753753662109e-01
3.080573081970214844e-01
1.578249931335449219e-01
3.493666648864746094e-02
6.311058998107910156e-02
4.804040193557739258e+00
2.462232112884521484e-01
6.330180168151855469e-02
3.087639808654785156e-02
6.904816627502441406e-02
1.399984359741210938e-01
5.005168914794921875e-02
3.708648681640625000e-02
4.132151603698730469e-02
8.854961395263671875e-02
1.905782222747802734e-01
7.643127441406250000e-02
3.818583488464355469e-02
4.614973068237304688e-02
4.857256412506103516e-01
3.544473648071289062e-02
1.150155067443847656e-01
4.959654808044433594e-02
5.041980743408203125e-02
8.191800117492675781e-02
9.770584106445312500e-02
5.317854881286621094e-02
2.575403428077697754e+01
6.620454788208007812e-02
7.188844680786132812e-02
4.818981466293334961e+02
5.404520034790039062e-02
4.402303695678710938e-02
2.729630470275878906e-01
8.674597740173339844e-02
3.536915779113769531e-02
9.492421150207519531e-02
1.808433055877685547e+00
1.021945476531982422e-01
4.042291641235351562e-02
2.694964408874511719e-02
6.391620635986328125e-02
4.824995994567871094e-02
8.423733711242675781e-02
5.283856391906738281e-02
3.732516765594482422e-01
1.330556869506835938e-01
3.035769462585449219e-01
2.154209375381469727e+00
6.064438819885253906e-02
5.808877944946289062e-02
8.051228523254394531e-02
6.290864944458007812e-02
9.442162513732910156e-02
6.252813339233398438e-02
2.521395683288574219e-02
4.039812088012695312e-02
6.484103202819824219e-02
6.984424591064453125e-02
3.902554512023925781e-02
8.452773094177246094e-02
7.608127593994140625e-02
1.192452907562255859e-01
1.014041900634765625e-01
9.408950805664062500e-02
9.239673614501953125e-02
4.680132865905761719e-02
6.663942337036132812e-02
1.402812004089355469e-01
1.179819107055664062e-01
4.027915000915527344e-02
2.217698097229003906e-01
9.262180328369140625e-02
8.183312416076660156e-02
4.805326461791992188e-02
3.095118999481201172e-01
2.563903331756591797e-01
8.586740493774414062e-02
7.478618621826171875e-02
4.875295162200927734e-01
7.818460464477539062e-02
2.120504379272460938e-01
4.616022109985351562e-02
4.161095619201660156e-02
5.298686027526855469e-02
1.064250469207763672e-01
2.741800069808959961e+00
9.407711029052734375e-02
4.548430442810058594e-02
1.057574748992919922e-01
3.466081619262695312e-02
6.149363517761230469e-02
5.669450759887695312e-02
3.509378433227539062e-02
5.001567149162292480e+01
4.732418060302734375e-02
5.234313011169433594e-02
2.105951309204101562e-02
1.743330955505371094e-01
1.067323684692382812e-01
7.742190361022949219e-02
2.582676410675048828e-01
5.701899528503417969e-02
6.796884536743164062e-02
2.139451503753662109e-01
6.563591957092285156e-02
4.015445709228515625e-02
8.106994628906250000e-02
5.696058273315429688e-02
7.023191452026367188e-02
7.830047607421875000e-02
2.372913360595703125e-01
9.334656000137329102e+00
8.486628532409667969e-02
7.773709297180175781e-02
8.520460128784179688e-02
5.466055870056152344e-02
7.254886627197265625e-02
6.377601623535156250e-02
6.788444519042968750e-02
2.116632461547851562e-02
2.258834838867187500e-01
1.010296344757080078e-01
7.258121442794799805e+01
3.914480519294738770e+01
3.588934104442596436e+02
7.888531684875488281e-02
7.182884216308593750e-02
1.035969257354736328e-01
9.140563011169433594e-02
8.329486846923828125e-02
3.100872039794921875e-02
8.456165790557861328e-01
6.996488571166992188e-02
4.607796669006347656e-02
4.362845420837402344e-02
2.734465599060058594e-01
1.313412189483642578e-01
8.123564720153808594e-02
5.414104461669921875e-02
2.123210430145263672e-01
6.260037422180175781e-02
1.373362541198730469e-01
3.825688362121582031e-02
4.256415367126464844e-02
5.881357192993164062e-02
1.204711401462554932e+02
7.930671763420104980e+01
5.364871025085449219e-02
6.672739982604980469e-02
1.489455699920654297e-01
1.300287246704101562e-01
4.609012603759765625e-02
1.253802776336669922e-01
5.126810073852539062e-02
6.952953338623046875e-02
9.323644638061523438e-02
6.731438636779785156e-02
5.887413024902343750e-02
8.111000061035156250e-02
2.398471832275390625e-01
