1.675318260501025236e+01
1.487431514272716582e+00
2.000975426811443469e+00
2.078057727242103692e+00
1.888855270570730216e+00
2.635325207913876255e+01
4.598463729868385919e+00
8.190634317063354430e+00
2.146901330997756485e+00
4.221469770866601579e+00
5.065680266919563479e+01
1.936501347689266073e+00
1.265620254862828586e+00
1.144831228795822886e+00
1.062051126738863038e+00
1.814241591103992635e+00
1.513771713505957850e+00
1.645103705659139992e+00
1.753065809319184876e+00
4.389901970526091546e+00
2.138565241713705323e+00
2.173428337740315541e+01
1.174213806718210762e+01
1.943655596773352201e+01
4.995164008040029024e+00
1.602216293544475079e+01
3.654638871024101565e+00
1.627205513789038216e+00
1.625345656711826070e+00
1.869651420030648481e+01
4.090505757402370790e+01
9.185368795604654579e+00
6.922413687457408926e+00
3.244869065840739086e+00
4.016740324656965733e+00
1.287841528467399854e+00
3.109048067300994145e+00
1.580372691781379046e+01
2.316531701335417637e+00
1.627836267071503418e+00
1.296813040322574828e+00
1.906720050407994194e+00
1.854389387714228565e+00
1.298657825284733924e+01
3.308521703483187082e+00
2.302625152327721025e+00
2.068361382471893251e+01
4.916680612705426334e+00
1.054706751307058532e+01
3.406653737243590108e+00
6.909396733062641793e+00
8.780448637846589577e+00
1.122404297785886129e+00
9.649739605094788786e+00
2.115015108677083866e+00
1.166453023985305482e+00
3.226586660802553297e+00
3.496612799854823095e+01
6.073077828985879556e+00
6.006969023877474889e+00
2.119911048584732782e+01
2.365471155527810065e+00
1.894134721471823379e+00
3.214110758258122758e+00
3.558997085304607566e+00
3.159553155565366644e+00
6.792790698276387928e+00
3.382649188577864408e+01
7.548805509925386126e+00
4.671156406553412133e+00
5.390639661829658813e+00
1.746811560656055695e+00
2.082411818526106728e+01
2.543380408248531843e+00
7.524830630581714530e+00
1.394863903868565735e+00
1.527133028998400377e+01
5.105194432235307112e+00
8.975161723224392318e+00
2.160074165263148060e+01
2.450715126927682341e+00
1.691309265776864246e+00
1.018828752790238212e+00
2.108546498964263449e+01
4.224035008967771176e+00
1.459498119340877587e+01
6.779900680035749083e+00
1.024188914938624295e+00
1.737711722965620265e+00
5.963317966893115774e+00
9.954977036120583378e+00
8.334994560210061465e+00
1.843533331706245448e+01
4.769399969429611197e+00
5.787685700236362862e+00
1.592087063840509487e+01
3.244566993164227853e+01
8.393074046256648657e+00
9.309637089352294836e+00
3.319933655002575978e+00
2.174126798816081063e+01
3.117733771629118245e+00
1.254689756897854558e+00
1.222872067798196305e+01
6.155696319538932038e+00
4.447822837876298507e+00
1.641021434234910359e+01
6.512970180690409450e+00
1.650832862972720605e+01
3.116514769847929855e+00
1.327511063715410611e+00
1.656178487629293317e+00
2.970822861228591805e+01
4.412100036383694857e+00
3.628070388440896465e+00
1.124015676190800450e+00
3.991642585720031722e+00
1.076757275065630637e+01
1.186708213643176801e+00
2.052072917139561525e+01
1.590278343986626020e+01
1.028491153197836683e+00
1.742760258383542293e+01
1.748078191553938865e+01
3.432613658627796216e+00
2.135695983289504696e+01
1.416965823571110450e+00
3.399826558956384304e+01
1.633279828100439479e+00
1.981772132701421896e+01
1.473211600381151598e+01
1.161138606526662720e+01
7.638791794364275134e+00
2.740801938861799680e+00
2.236972708196323101e+00
1.474308179820287945e+00
2.015571128095496789e+01
2.003901345139470269e+00
1.738116452830208658e+00
2.328252903658796225e+00
2.523247255503914488e+00
8.104876940013543418e+00
1.058966540366145237e+00
4.575563769705867756e+00
1.954350612383016994e+00
1.590811998860109044e+00
4.863825938271250315e+00
5.314646178261286380e+00
1.103340227960797471e+01
4.278257484105473907e+00
3.686824478212972434e+00
1.412746400361315935e+00
2.516670875274596764e+00
4.296447599188216770e+01
4.301893633853703491e+00
1.071981292480349790e+00
8.506968626779475073e+00
1.112394395816889370e+00
1.141597151910072716e+00
1.639942451131878087e+00
1.370167573959870566e+01
7.642799988185062432e+01
1.640832569540528993e+02
7.980830201259441203e+00
1.038192668475347702e+01
1.463646204788826566e+01
2.207075687298193145e+01
3.295673257719580196e+00
1.198158449877790588e+01
1.118294759046336573e+00
1.031067860854195573e+01
2.876929109551165098e+00
6.899430831682696663e+00
1.962990447568384367e+00
2.056585610988110879e+00
1.339410498130525928e+00
1.158092858382090418e+00
2.016226242088951626e+00
9.399369226933215415e+00
1.825462731352573087e+01
1.549561611601118827e+01
1.608665356808785640e+00
4.311438386583515303e+00
1.124990357429189958e+00
4.909320042936262674e+00
1.218774740779550614e+00
2.388503213538588188e+00
1.094132934584532535e+01
2.036404854731995950e+00
2.009058202835078522e+00
5.012893117891491102e+01
2.378765268062549953e+00
3.526283610742771302e+00
4.613512827109252257e+00
2.282013097478359143e+01
3.495462614304849502e+00
6.758860894679101783e+00
3.277673754578931398e+00
7.652508866382441433e+00
1.414846000979123497e+00
1.881702962905451582e+00
3.281635301113809078e+00
3.044647617637650239e+00
3.470221708598236976e+00
2.013733145573316285e+00
5.057050700173843616e+00
2.138715806668550545e+00
1.839488354319844587e+00
2.609672985955054703e+00
2.130676134008730926e+01
1.582367282763931682e+00
4.300848473398970029e+00
2.779464350484958324e+00
1.613488409304832061e+00
1.130007329166052443e+01
2.805395000532346028e+00
4.067016628945884449e+00
2.708200024060165134e+00
5.019033759213895607e+00
3.254303002571578229e+00
1.058167352886506318e+00
8.699783265260496279e+00
1.805218958812739416e+01
6.197472857638676835e+00
7.696539028625108081e+00
1.017247663560506110e+00
3.460602336986972727e+00
4.391668395806214598e+00
1.656323209141254438e+01
4.523435137781360638e+00
1.592017006348599661e+00
1.774134905028797560e+00
5.048543581062295615e+00
1.616231813463415712e+00
4.936781153019561330e+00
3.082356546656972451e+00
3.704226616330772881e+00
1.162539943834537626e+00
6.570975275459803200e+00
1.128941540531866794e+00
1.987364007104367669e+00
1.452075698586151553e+01
9.097415494478185849e+01
1.687485678059440497e+00
6.950217004208843363e+00
2.569829043088315945e+00
1.664865075217656809e+00
6.542313229559924004e+00
1.216502842646161708e+00
3.978519845899493479e+00
2.334834628005785451e+00
4.459227651087069688e+01
6.427426607201820019e+00
1.107445296966592441e+00
8.525379849407823230e+00
1.981464072243381835e+01
3.372595308249258572e+00
2.069135494733870484e+00
6.971471016873699078e+00
3.996210472841703165e+00
1.906046799477944198e+00
2.713189109990826964e+00
1.195016788648609918e+01
4.081232406270052238e+00
1.686332346593838949e+01
1.383740145600595106e+01
8.984240411662942449e+01
1.529600952944606362e+01
1.432683144778485573e+00
1.055888632461557730e+00
2.075982207456135598e+00
1.225505947847020494e+00
5.570689860457526343e+00
5.126236166702145880e+00
1.431822228847192902e+00
5.129713620356270987e+00
1.393172940892123357e+01
2.605697008632098743e+00
1.878460380391575812e+00
1.210915997568817293e+00
2.277380481405159252e+00
1.648241465819938156e+01
8.605768829341981174e+00
1.856151852677998093e+01
1.965961780703338135e+01
1.985130182235448348e+00
1.117097473953432507e+00
3.180012249428342486e+00
1.516169810552542430e+01
1.364722619052867625e+00
2.063552326729405806e+00
6.284293196044298035e+00
1.879985330411893418e+00
8.666107990565826924e+00
2.294379014682075280e+01
5.734621096458171863e+00
1.110645664668089339e+01
1.865074722775632665e+01
2.996732336200993441e+00
1.412897082595434917e+01
2.442726784803468387e+00
1.472332551305550519e+00
3.532645816007707218e+00
1.102119057086248688e+01
5.156428463670131634e+00
8.373739391410808253e+00
1.063565959253673299e+01
1.410756379251422743e+01
1.959892622067714996e+01
2.055694985829993549e+00
1.562121094401247579e+00
1.089830208397528466e+01
2.639416811110475880e+00
4.153561330385799444e+00
2.425459301179199390e+00
4.311001129065225257e+00
4.862418515960242438e+00
1.290736463029601211e+00
7.318718297185837685e+01
1.901670266398964859e+00
1.646428998879091665e+01
2.094949188129319850e+00
7.864994550851397648e+00
2.173671130994085487e+00
2.917371074945228404e+00
1.466093534244618546e+01
2.222502673310095656e+00
1.057655046550659117e+00
3.546453010016703100e+00
2.541365066937369743e+00
2.336525921645312920e+00
1.381182572582499768e+00
1.312877378242389170e+01
5.546453010200464107e+00
1.129944107180798518e+00
1.845400947460601913e+02
1.085918237644315720e+00
3.144852938836870671e+00
1.212904559553276584e+00
3.596455982937083462e+00
8.139423775398175565e+01
9.841001108079099780e+00
5.421599340541855661e+00
3.446907278678467357e+00
1.171265251798192430e+01
1.257866838181919356e+01
1.401463347480730981e+01
3.517427050328707949e+00
1.339922818181528585e+00
1.477657384771862592e+00
4.942486332056359899e+00
3.829326275011929237e+00
1.984933557340990262e+01
4.942561850884015939e+01
4.367737294713659679e+00
3.489311791751906977e+00
1.135027415478330193e+00
1.629897524767313977e+00
1.845448982840528940e+00
1.920709086980587088e+01
4.403052335472005474e+00
1.542458745372483442e+01
1.415060607744176124e+01
7.572336442093511977e+00
1.712571343880696428e+00
3.768311700824564348e+00
1.820680976544002760e+01
9.065715247226496132e+00
5.162252071412824606e+00
1.676902278453151540e+00
8.902213531709152861e+00
4.432309170340145599e+00
2.143487143396894279e+00
2.326517171407637807e+00
6.671529172908130079e+00
1.792134778546747631e+00
2.200114982581609979e+02
2.605172735551593455e+00
1.410909961456631612e+00
1.032636445099187616e+00
1.408944014847104187e+00
1.653140335680016726e+00
2.203942404357723106e+01
4.402776862609564468e+00
8.092332286618233894e+00
3.281203718241722189e+00
3.190657077923723328e+00
4.988988915547384551e+01
1.546980368867670874e+00
3.890333263156155130e+00
7.827171370534654393e+00
2.132658565315687316e+00
1.458400806060265120e+00
3.834564632476413326e+00
1.658773238895112101e+01
1.695835563594596085e+00
1.866488822576206985e+01
1.214535572844665845e+00
1.284537717113418465e+00
1.767746005668967513e+01
4.157972984174478803e+00
1.427630883745730728e+01
1.314091461899039892e+01
3.780623416921170765e+00
8.049867441380628819e+00
2.077802548385999515e+01
3.582572471499618327e+00
2.239593048973143752e+01
4.032985105211984056e+00
4.776114770057952796e+01
4.934165817570692170e+00
9.096002434253422919e+00
1.203019495123986005e+01
1.724045937723976740e+00
1.441326431829973442e+00
1.141760888753655223e+00
3.012974411949520537e+00
1.137801356512636586e+00
8.688953780684162354e+00
1.865215620151362685e+01
7.012227127902386670e+00
8.748358772989305976e+00
3.867832524651061643e+00
3.055528234091460238e+00
1.564531621113896209e+00
1.003981911280885653e+00
1.145843431827567871e+00
9.174274170828782715e+00
6.291767959806827903e+00
2.136772958437970882e+00
1.098678887999735787e+00
1.215500995443984156e+00
9.175935638840591935e+00
1.213113524032216617e+00
3.966730639703959671e+00
2.277778017600555316e+01
4.089260551924536635e+00
4.132275693363274272e+00
4.907899772883514977e+00
1.845000852474032005e+00
1.438445173844315361e+00
1.306393912675494651e+00
4.426933210253376494e+00
1.449709546173582053e+00
5.164924260598110273e+00
1.367327026246575761e+00
7.644331407097944009e+00
4.768108053842826877e+01
1.984122899366419723e+00
1.433559616984187990e+00
1.897789445959257915e+00
2.042671323581809020e+02
1.009513783478632298e+00
1.228205448301724401e+00
1.945906465418767084e+01
3.825028400650579918e+00
2.883213781146740207e+00
2.001940802620367332e+00
9.365487457815916628e+00
1.126386228831199654e+00
2.632559341659763419e+01
6.801548574813318204e+00
4.692776631768698081e+00
8.694787926823974544e+01
5.612024973606033917e+00
1.556939223533097216e+00
2.492478417435628302e+01
1.248210059663747762e+00
9.172888774471173789e+00
1.234826144847265494e+00
1.202149162436649821e+00
1.110619140588298137e+01
3.921037849796145558e+00
1.519667664469353419e+00
2.368903389919115909e+01
7.203946366789587330e+00
1.374947604370033050e+00
3.449282922824092434e+00
8.534103231778567888e+00
1.011560119154837345e+00
1.822767244494965855e+00
1.327759490500794470e+02
1.945359472201446671e+00
4.421827532096299862e+00
8.346935033435759266e+00
1.197094943114996424e+00
2.164989499494032188e+00
1.872119557530065137e+01
2.423964534868633436e+01
3.734347915196947199e+00
1.997724264391796112e+01
8.197022761802493562e+00
3.064630104387232379e+01
1.594459768583748493e+00
3.154543122952281564e+01
1.145223464876970576e+00
6.914705799694026211e+00
5.611706934331158969e+00
1.989675164317465317e+01
4.100261175982208961e+00
2.472357373733007346e+00
2.742056465470541049e+00
3.574566700523035490e+00
8.265445415302981047e+00
3.316809943532368798e+00
1.169413513282306916e+01
2.506603958460932979e+00
1.035928700267865876e+00
1.724080688485725599e+00
4.985635162159562483e+00
1.233070676819237876e+00
2.407719857894031090e+00
2.251697064653903180e+00
2.514700488253033051e+00
1.098944376465479378e+00
1.400296582898177045e+00
1.377929352079502756e+01
2.792949201085779709e+00
8.556493467596613556e+00
2.606287713936899397e+00
5.016982955766549956e+00
4.577777112781796554e+00
2.256915512586500938e+01
7.396307473946416522e+00
1.965327916246893025e+01
2.648916607989411531e+00
1.773411427388502215e+00
1.531856558452740602e+00
1.680515747311518648e+00
1.932514237616288355e+01
2.046691310262548580e+00
3.360549750297858740e+00
1.487063446528762540e+02
1.162653717585905300e+00
2.738519550548549564e+00
2.078506375411215146e+01
2.033380921178360889e+00
1.768962372757664214e+00
1.406384461460183255e+00
1.198839435931327246e+00
1.596025228974573196e+01
3.237746028351975447e+00
3.838444441945257246e+00
4.255005417555753233e+00
1.804800169882689431e+01
1.301132374777739464e+01
3.603189722438056020e+00
1.864531711517790624e+00
2.023427619734058780e+01
1.244788464982229392e+01
2.055423040066346374e+01
2.928205504977585694e+00
2.635810978266090121e+00
4.787475566010161110e+00
1.440758639838091959e+01
1.225404645953419447e+01
3.633595869989568961e+00
1.926452984599697604e+00
1.290982446220538593e+00
1.769720531667122643e+01
5.784177795867703864e+00
1.427783102647749658e+00
7.402855653063088681e+00
1.280694026429231469e+00
1.524521816252771167e+00
1.235948575832848118e+00
7.070205947908914546e+00
2.875928915907127070e+00
1.822252728911655240e+00
1.915055189361765287e+01
2.009360813948300351e+00
7.927620029425893833e+00
4.785218116522972132e+00
1.401156879276838829e+01
2.791936192535489525e+00
1.937474940768654674e+00
2.458010247423020100e+00
1.757255979545396940e+01
2.824007964680906202e+00
4.429259662132701614e+00
1.016110470836939506e+01
1.010214391834329151e+00
1.598957449772090555e+01
2.223552418594439306e+00
1.611812213745245259e+01
1.433567617502472524e+00
6.094654620352654817e+00
1.392636070656214109e+01
1.849277168557632578e+00
6.712645647174914743e+00
3.707182444663892795e+00
2.762292952993921702e+01
3.489805369950551128e+00
3.177581656739477456e+00
1.683676105565261816e+00
1.147956488233270234e+00
1.563115426136080455e+00
2.785869166209160142e+00
1.972120215301736934e+01
1.258530479654802026e+00
3.145267623140356239e+00
1.761258889244870218e+01
3.771999062949928483e+00
4.986283117997811765e+00
1.917625179374245192e+01
2.660928237708803046e+00
5.499039004651059770e+00
2.701157905552125982e+00
3.627462450685142947e+00
1.181006885462075218e+01
4.662595711102987650e+00
2.087959132962476705e+00
1.276376295487436785e+01
6.539040455207826952e+00
2.112148016991123090e+00
1.561692523551024170e+00
4.215135931053429985e+00
2.521851639130491041e+00
2.739373760465435570e+00
5.151964968584831439e+00
2.218901487643060833e+00
2.067061898198556236e+01
1.383725648439953559e+01
2.080081542158038310e+00
5.269024705517516338e+00
7.405452060262651237e+00
1.189679501636999426e+01
2.535456927682580464e+00
2.309958465860649124e+00
5.607345256178865256e+00
3.483775982951957673e+00
1.843271548807394211e+01
2.574541550071040241e+00
7.593346633454426176e+00
6.685455415670747747e+00
2.429223147463213550e+00
5.014690138440290212e+00
1.306687757741086031e+00
1.828444077771709031e+00
9.452571938567356824e+01
3.114925240097389914e+00
2.041465470255144687e+00
1.598060503013773115e+00
3.276204180712514180e+00
1.692460413568564137e+00
4.705131491637143881e+01
1.085616159296505323e+01
3.551273477688927205e+00
6.873088196948777373e+00
1.788279477299493658e+00
1.740614830564513582e+01
1.974769102188150605e+00
1.055516900705106842e+00
2.996003053676130623e+00
2.576817223739583440e+01
1.096293238858025321e+00
1.481239025516921659e+00
5.001883160647059512e+00
1.059471397975739748e+01
4.940881292800289870e+00
9.589228889418372148e+01
1.528192995357652295e+00
7.702977133156260869e+00
4.913037575482931629e+01
1.107184207724770664e+00
1.345738396748141330e+00
1.548039926844066771e+00
2.401622791505470644e+00
1.215055861904891188e+01
4.616293479214703233e+00
2.045481484445333464e+01
2.661795438334889408e+00
6.075034663030169924e+00
3.922709224629504110e+00
2.576099674044079801e+00
1.649545589293013492e+01
3.350047673865427900e+00
1.327273717155075250e+00
1.248479884397180495e+00
5.074982810558518409e+00
1.747884719970828504e+00
2.754913496659495920e+00
9.237067966675564179e+00
8.018560478563566463e+00
3.857733417026653910e+01
3.154560717451379226e+00
1.513174123997074849e+00
5.435227449120345611e+00
1.595851507864112451e+00
8.208683767086480287e+00
6.569023156758087012e+00
3.327110268257274850e+00
7.995664183903286926e+01
1.516195484694441653e+01
2.512160583426205296e+00
4.921238558290744081e+00
6.140905667764410936e+00
1.689287552577745766e+00
2.327104743483609184e+00
6.965840376605255813e+01
2.854151193545734433e+00
1.534045565020560531e+01
1.083539968321584865e+02
1.432927373178337405e+00
1.058306989790058417e+01
7.234795311480811009e+00
2.949579629956588533e+01
4.395376549475654038e+00
3.997664371316149712e+00
5.499292770648160911e+01
2.209424113099349718e+00
1.167212642443033577e+00
1.023170408836667988e+00
2.573758517039869798e+00
1.330338073838827517e+00
1.110880391676276169e+00
2.216495700534145907e+00
1.019818509178971544e+00
1.451176830475631174e+00
2.363174877223743309e+00
1.321791842278202456e+00
1.436429129074352939e+00
3.445153217081566410e+00
3.182205273343487129e+00
2.247973468429772126e+01
3.335286783513382591e+00
1.027867055381879169e+01
3.939168921920305433e+00
5.100202037765880547e+00
2.239116157798574491e+01
3.241706597878669438e+00
1.401070867540692966e+01
1.925339130538797461e+00
1.921850468075750440e+00
1.262634793789049859e+00
7.058964336508187998e+00
5.219861054668601952e+01
1.919698101853231753e+00
4.006489602651917181e+01
5.382535543191780292e+00
3.723354687372500749e+00
2.314669740387083507e+00
7.137309550451078621e+00
1.526384603095187629e+02
2.096083922526720489e+00
5.491579144153767089e+01
1.834212305532828102e+00
1.672489688209272574e+00
4.836261353652481887e+00
1.698591529568483471e+00
2.078094760068026403e+01
2.818966578895569786e+00
5.933371648115951302e+00
2.754713386544143994e+00
9.917878988402710760e+00
2.611241612601395978e+00
5.151256725155980654e+00
2.543017665790206827e+00
3.631929869743169004e+00
3.823231191384393046e+00
5.774209887584494716e+00
2.735410126583763812e+00
2.238616590143815976e+00
2.551394151421336520e+00
1.576499494775516874e+00
2.488747999847489734e+00
2.582589144221769217e+01
9.404693223657755397e+00
2.938833405213268861e+02
1.918680616632475466e+00
1.154881888827511860e+00
1.083380136572655239e+01
2.050710851340744156e+00
5.023772250713972376e+00
1.506850526796963408e+00
1.545234811566765032e+01
4.393460307125924835e+00
1.571272002460634365e+00
3.324206893426051579e+01
2.071568151498073007e+01
3.015953596615295051e+00
4.752808920072819632e+00
7.344457738460085316e+00
5.682312073811058184e+01
9.723614791523450762e+00
2.219861470766573586e+00
2.313234246244234793e+00
1.669270356582769566e+00
1.110985336800403722e+01
1.004688960182714830e+01
4.237544834259748150e+00
6.211090604194436260e+00
1.611359002376983485e+00
1.333168782311360490e+00
4.320002363472531748e+00
5.093815895335533384e+01
1.303631086537188510e+00
8.413751117637893628e+00
2.082087522703182358e+01
9.021684395272114187e+00
2.875950825233505537e+00
1.943137276260355373e+00
2.394892798757915386e+01
4.612900414293694951e+01
7.494228324966680788e+00
1.081989883278969167e+01
3.740538655039409743e+00
1.005605950956002204e+01
1.002640951376339906e+00
2.050548729056892583e+01
3.953863038283094511e+01
8.872950971175935564e+00
1.718461589018426050e+00
1.109215159972701947e+01
1.425762613042805604e+01
1.393574220334890645e+00
2.461026691860064286e+00
1.280542694899063916e+00
1.665501461572638675e+00
1.696169571791029673e+00
1.596833189627113736e+00
2.415624131240518224e+00
4.844156208052875279e+00
5.855280552326663468e+01
2.614649457717187708e+00
6.395552634855781626e+00
1.025682424861502184e+00
2.585545328794269793e+00
1.993288706702863777e+01
1.153777163102305714e+00
7.278142292348039888e+00
2.450086337639409084e+00
1.624204717498120232e+01
5.749393887370068512e+00
3.425143390572698365e+01
1.988207291166857971e+01
2.126857957447460201e+00
2.920945400615577725e+00
2.257972456866788491e+00
1.458723059041138637e+00
2.722249064926810291e+00
6.453513348256711524e+00
1.293168761426913420e+02
2.332199941587887082e+01
5.790405822670177116e+01
1.260605978102955227e+01
8.037357891494254147e+01
1.942782173997586792e+00
2.996091205662472490e+01
2.487288478702093641e+01
3.932109835610211945e+01
4.334984687136645753e+00
1.142302263663393935e+00
2.113377651707522631e+01
9.869354590220038403e+01
1.392578760906082236e+00
5.401164861796313943e+00
1.104834139328567888e+00
2.011838431452748210e+00
2.692695873323628586e+00
2.134640966641444759e+00
2.138218278984849974e+01
1.072048338973004222e+00
1.167662125371760062e+00
1.622590225603989689e+00
2.479773125918252941e+00
3.949447412815082714e+00
1.442936240031984418e+01
3.163403288480114206e+00
6.551223657202026374e+00
1.205038605228671456e+00
2.133122610599310409e+00
3.850194908795196991e+00
2.573588236123314221e+00
4.411110742182204447e+00
1.234075220258686834e+01
1.438052427538415223e+01
2.569084043205389989e+01
1.955432165523815602e+00
3.859406826401114099e+00
8.154909719389557665e+00
2.371339121842771647e+01
1.417123316889823181e+00
2.346276728789288946e+00
2.545788472290256177e+00
1.728572755774593128e+00
6.635416144271513872e+01
2.731283151508459905e+00
1.302600155797979937e+02
2.135621923253479437e+00
1.476603077208846315e+00
9.749329099549058242e+00
1.714944388541429943e+00
1.608494632278293368e+00
1.911799701383938910e+01
1.474623754674884379e+00
1.841171181008737445e+00
3.089389655572957860e+00
9.134470978586236356e+00
1.823539332753608688e+00
1.120672720890774077e+00
6.303733754989505833e+00
1.309085482108696397e+01
7.595420785228048999e+01
4.327190255557119336e+00
2.343187725183554004e+00
2.517157783565284035e+01
6.502911686693169102e+00
2.984881499604642663e+00
4.924706858693905787e+00
1.329774880977269591e+00
5.601835983025576127e+01
1.792884717405472284e+00
9.680844521871796005e+00
7.960891223288943763e+01
8.021144287431885900e+00
4.893749989786002175e+00
9.580374583948414013e+00
3.852208373033466415e+00
2.053902301925807805e+01
3.681961981552016372e+00
3.259256003271775448e+00
1.227425398799007139e+00
2.889777502652092878e+01
2.316274615065185838e+00
5.676349284401933204e+00
1.083815725491513726e+00
1.465793358160927262e+01
1.765395843403656428e+01
1.088915247165671341e+00
2.088916656630038560e+01
1.637014457772552944e+01
6.276370048274378277e+00
1.872650147810733401e+01
6.417930725676262327e+00
3.367100170436880813e+00
3.767257126385770150e+00
2.561227199916401354e+00
1.079446992290490126e+00
1.429029166995406896e+01
4.078366815149088609e+01
9.349487407488700441e+00
1.196686712470651726e+00
3.697641887084388124e+00
7.261724105832229270e+00
3.642594195794103484e+00
4.886604280120207733e+01
1.176957814662811508e+01
1.245596512239734999e+00
1.947873609551526997e+00
5.160107877075634342e+00
2.289602872322360039e+00
3.130452045977247622e+01
3.393502945008120442e+00
1.391442258095871187e+00
1.791996144731383911e+00
4.801338171306873015e+00
3.845688001005805035e+01
1.164401430155883599e+00
2.624004004240634291e+00
1.504650237198347229e+00
8.593381847562200448e+01
6.347328764880201035e+00
2.365398187032306510e+01
1.366012678758681931e+00
1.406286317674936193e+01
1.982112338689459907e+00
3.531474267982722459e+00
1.950734698727203309e+01
4.078485972536083359e+00
1.439535083094962964e+01
1.377143327014549889e+01
2.493521226313468730e+01
6.964680684447701609e+00
1.405318394200894661e+00
6.215990294073785094e+01
3.271609975992986108e+01
1.325342468465763091e+00
1.162542886687304033e+01
4.405595998815508452e+00
1.435893388601036058e+01
1.588378261101408340e+00
2.255352948387198797e+00
3.189881100715975304e+00
2.683895393230118831e+00
3.164391261407829781e+00
2.216490691557883697e+00
2.488352604909077836e+00
9.659875156532725882e+00
2.007944576869220121e+00
7.121801782638041978e+00
5.900115309780531447e+00
4.116254167017479482e+00
1.457160416269431025e+01
6.750297564119958338e+01
2.170137032587630799e+01
3.688958229034871472e+00
5.654092291485099508e+00
1.672884645717590546e+00
7.937046400766329945e+00
3.201284641497788463e+00
2.719288961951165540e+00
1.774548384574240245e+00
1.011689587173007610e+00
4.971798207342437159e+00
1.076284390601001340e+00
1.381886505345571159e+01
8.657376519812764570e+00
8.961870657932571760e+00
2.891329883626422070e+00
4.823993923324973565e+00
3.763531767358848423e+00
3.781876668871432035e+00
5.560398197088102989e+01
2.648317473873593730e+00
2.952489657505664056e+00
2.218971082675506246e+00
6.232858879252632711e+00
3.134852664660343180e+00
2.478983425058692180e+00
1.550637830861567590e+00
1.274499447614293146e+01
8.973802879156218992e+00
1.012782288911054041e+00
2.965198247416702682e+00
6.719525458311314026e+01
1.331681014892164727e+00
2.021180529550320415e+01
2.342600513722311373e+00
3.785870776486980116e+00
2.444340627283768441e+00
3.328526133299603895e+00
1.872494755039365133e+00
8.786309312232631896e+00
1.317796262413249098e+00
2.776512258737610850e+01
1.259232090650933333e+00
2.417811269359019466e+00
1.143120515891704336e+01
3.956195881148034665e+00
9.057499773437021418e+01
2.384506055013774883e+00
2.423099430056048220e+00
3.368834827039028923e+00
1.932948812775809984e+02
1.142823572625598416e+01
1.113980139986213258e+00
5.787232228214544527e+00
1.967477148145308163e+00
1.293522551023672307e+00
1.982118562063592293e+01
1.251668892414079526e+00
1.193871847203498593e+00
4.008004730194389076e+00
1.592066582861866308e+00
1.393137674717785268e+00
9.061106672257933425e+00
1.058889287269418444e+00
2.159929676327310588e+01
8.899938832863824700e+00
2.050535572065256051e+00
1.553472580162164274e+00
2.192293835987427109e+00
3.480782250291625957e+01
5.186470739588926016e+00
2.013393951353010802e+00
2.432429671741320121e+01
5.633916326710816946e+01
1.567065438857818682e+00
1.702313039394021787e+00
4.019565124110332732e+01
5.609079117366133183e+00
8.324375166975631402e+00
9.884293242649862421e+00
2.380240378115928479e+01
3.113693909885701938e+00
1.771780616482970805e+00
1.778275907482755214e+00
1.642981490066977983e+02
1.614537865525108140e+00
2.101909260503749977e+01
1.974328841960988257e+01
4.847281956301823236e+00
5.786926350686224296e+00
1.817730277199687272e+00
1.278636014107517260e+00
1.217068269228840478e+02
3.399130130922547011e+01
6.106878100376884788e+01
1.863994943845156627e+01
5.202875624045171676e+00
1.702798177031575433e+00
1.760294499778353483e+01
6.442686475913168564e+00
5.056394340477860183e+00
5.728749431948451765e+00
1.219740881138849931e+00
1.545466550561928054e+00
5.853818592041588609e+00
1.384965242189312606e+00
2.191821877150335496e+01
2.989921742339002719e+01
2.450892810131374056e+00
8.812224681266599191e+00
8.382589922687870398e+00
1.448831374677512995e+00
1.001460345048490685e+00
3.074728841636790833e+01
2.843895869951044819e+00
1.094726150678529741e+00
3.787586264454983809e+00
1.714326157065015677e+00
1.028882015638575176e+01
1.182608827501684834e+00
1.203881946989419749e+00
2.893668271821664195e+00
4.425630834531735758e+01
3.293602634890014702e+00
3.723874508274809259e+00
2.571216476337056189e+00
1.583798015296657757e+00
3.087262660717311391e+01
1.442942780618168497e+00
2.815186024813549182e+01
3.978762239896781683e+00
1.175261721386072322e+00
2.379134639993286893e+00
3.112653705964318007e+00
4.777952769594556059e+00
6.867361722076681474e+01
2.308044704610415110e+01
4.355573460163713051e+00
3.284891404220099620e+00
1.136902915323730490e+01
6.243677890540713804e+01
1.004572573537210189e+00
6.753740985555964471e+00
6.236863104465099283e+00
2.858837460219362914e+00
1.039511878676522061e+00
1.061138448882550600e+00
3.582809106927052678e+00
1.345018350622534609e+00
2.788262461952534021e+00
2.115197175744890412e+00
1.541924111150146715e+00
5.878785722200237274e+01
3.197655245247367439e+00
9.369590121095168200e+00
6.420709593920173042e+00
2.584085268506400190e+00
3.742997870394555662e+02
1.345342767013815788e+01
6.108903315170746140e+00
2.907549758066202372e+01
1.206727356633321202e+00
1.268906347228026865e+00
3.687982970385778714e+00
1.745271830555490311e+01
1.254037052863122028e+02
2.721720982181582205e+00
1.325310729908852458e+00
2.531424102717845681e+00
5.178879429366912035e+01
6.284864236823357153e+00
1.750524149993513845e+01
2.862810268508260947e+01
3.993858198692972206e+00
1.033752836347481496e+00
1.437216296969122631e+01
3.524716718677264282e+01
7.336467959908390846e+00
2.089282912004287507e+00
3.342125769302502380e+00
2.966662888637554563e+00
6.695490661504335250e+00
3.110327944172887271e+00
4.744136987479624423e+00
6.558063596376887183e+00
4.255091186417680582e+00
1.274022271828688435e+00
1.117500050171063464e+00
2.566375960005981671e+00
2.901102855444703721e+01
1.617575338823129316e+00
5.479069492963761334e+00
3.685189814331084790e+01
1.343937200113032526e+00
1.813274754686289114e+01
1.539110078296839745e+01
1.643743351641659967e+00
2.958940268598837520e+01
2.986519520388935423e+00
6.169367288706742158e+01
1.134902232944792821e+01
1.517553213628793918e+00
3.088535731895621694e+00
1.654013047270499825e+01
3.845584411774888167e+01
3.181623742230938579e+00
7.590896983388113028e+01
2.338465652854285182e+01
5.029395022195098264e+00
6.220647306775961560e+00
1.688650473667236307e+00
3.455358214509529802e+01
3.072522390714099494e+00
2.435507433792438547e+01
2.827494450088515876e+01
1.770318817396392319e+02
2.689537977900446108e+01
6.887136245222743014e+01
1.832919978789810944e+00
4.205520475926019408e+00
1.100417699994129750e+00
5.478985107407878274e+01
1.817478143242672761e+00
1.076787186843760793e+02
4.453159521469604698e+00
1.492142213831746611e+00
4.983715746715337680e+00
7.513542273631781399e+00
2.171751337023342554e+00
2.423655107941222742e+00
2.835691891515426732e+01
3.027127995600651289e+01
3.459130380987709863e+00
3.227041020866689092e+00
2.608687696309769155e+00
1.514518351772429305e+01
7.528243475959123465e+00
4.484783915905619089e+00
5.451767689000776684e+00
5.715550586349755768e+00
2.860539888223235572e+00
2.988852616122916750e+00
3.162588993269583426e+00
6.953706083886275202e+00
1.504586570475739293e+00
2.014674614115993911e+00
1.380945472658414941e+00
1.027401083627710543e+00
1.378361753441256710e+01
2.179792619526157882e+00
8.748810831584947323e+00
4.709790930154551525e+00
1.208361783838156889e+01
1.324591944262764498e+00
1.512625629910671510e+00
1.134829748812527850e+00
2.020031449143949054e+00
1.819772947603143365e+01
7.446065221788096267e+01
7.405630859661750165e+00
2.105523624973439034e+00
1.877573988250815162e+01
7.282556633543761038e+00
1.417092507781177124e+00
2.790048754403081865e+00
2.052123844009663856e+01
8.264187248904036664e+00
1.335168875498467500e+01
2.815282441784639822e+00
6.988061237818417482e+00
3.427525559711745018e+01
3.489893153948535165e+00
3.960571920280740787e+00
1.035552466809196659e+01
5.567932140116805151e+00
1.474005388687903562e+01
2.794724952035741783e+00
3.987967633612283791e+00
3.210958513418062044e+00
1.791186449640997935e+00
8.479413159428106894e+01
6.532397398824622670e+00
2.063489296354248825e+00
1.942106080395340495e+00
1.390492331546247584e+01
1.036765390052848845e+00
2.136748366598463011e+00
4.735813898700319768e+00
1.230324091718590029e+00
1.517197500199952254e+00
4.922156892222953495e+00
5.005119934662653591e+00
4.006508559515908452e+00
2.683780987230286019e+00
4.948713063386493616e+01
3.319286292001800032e+00
1.984303029698045728e+00
5.965351207947304601e+01
1.853181034532063398e+00
8.626871005735374354e+00
3.331276505922031106e+01
3.653913455708114100e+00
3.188759690889245491e+00
7.838958305961183370e+00
3.665002155804789652e+01
1.146950125055997249e+00
3.273801598746742592e+00
1.141543561338385260e+01
7.234862793504978740e+00
1.701948093297401599e+01
2.370693482793291729e+00
2.712350110058538988e+01
4.301335930630701299e+00
3.493807014808298916e+00
2.827712038380252313e+00
2.049698889729004936e+00
1.351141599445488062e+01
1.943895472912759814e+01
7.533215837266908466e+00
7.187235528701616261e+01
2.780846269091691170e+01
1.223528712102336380e+00
2.042025811923681822e+00
1.940062915572760671e+00
1.050009632843972751e+00
2.756653901039367582e+01
6.466304271945443105e+00
2.240491177254823274e+00
8.631032346825310952e+00
1.826159189313625530e+00
2.323262485041436509e+00
3.695939771477103619e+00
2.276432300063057745e+00
3.677505725028179739e+00
2.198962352463270875e+01
2.523770444347483988e+00
1.659084105363010053e+01
1.543439270440082112e+00
1.292013427878300424e+00
1.746462036891604175e+00
3.049909773448155281e+00
1.023003266361179620e+01
2.934955108227794085e+01
4.164230135382364040e+01
3.467050587547781948e+00
8.914539432977932165e+00
1.788601215145501300e+00
2.534315053058254108e+00
1.242996344978400058e+00
1.511048641051365049e+00
5.636622024516571017e+00
1.207805409727150225e+00
4.142688815713952977e+00
1.803831367834991317e+00
5.005796625048283488e+00
1.024220553317789051e+00
1.760682648671468087e+01
6.197071379068268548e+00
4.215776639269187598e+01
2.933047188155655860e+01
1.463494910249185876e+00
2.175588513627846776e+00
3.556038209062394984e+00
5.964460929066500938e+00
9.197430634129524663e+00
4.573839640690926522e+00
1.245334120187065352e+01
3.133488204858890569e+00
1.996775276775445462e+01
1.524880970718214268e+00
3.158774624502397987e+00
2.751810742011787170e+01
1.865094069926849452e+00
2.442855537062501803e+00
5.684512526450406611e+00
1.270523883075311744e+02
7.131798286376478302e+01
1.414450850356687717e+00
5.369541119611532132e+00
5.742474230420784309e+00
5.625789121514972457e+00
1.300827293429953002e+01
1.967576764562182845e+01
1.491297888923631021e+01
1.556625538285325794e+00
1.689807516736073323e+00
1.336872054291330869e+01
1.765740437886925918e+01
5.186789996095342303e+00
8.366404228876758609e+00
1.785210638049355092e+00
1.718073056230664530e+00
2.242703431084977161e+00
3.271141425072761511e+00
1.347509641591786211e+00
3.586612385745988973e+01
2.799418986975363399e+00
1.440875835479068279e+01
1.880559485174583045e+00
1.405524890948879779e+00
5.762767942558981282e+00
1.318371019458355775e+00
1.297601531300596189e+00
1.131387494291043572e+00
1.557852186212710990e+02
5.310428899161352412e+00
2.286405067724285978e+00
1.360395162698958238e+01
1.990575929104110520e+00
2.904943138479916254e+00
1.384100428182924780e+01
1.388500663449542483e+00
1.082919479888785563e+00
1.676717262930442542e+00
6.043760058886451070e+00
1.861766008392601890e+01
3.943454393697101779e+01
6.383324081965147911e+01
2.637529442996926043e+00
2.264335552879862323e+00
3.471900125810510218e+00
1.705695667604268273e+00
1.969096313101789875e+01
1.601946079491380903e+00
1.180750072410574836e+00
4.082558379930465442e+00
1.663811811493594250e+00
4.957049486991927267e+00
1.859064951542072919e+01
5.240075337104870279e+00
1.085397319011929618e+01
2.884922700075271518e+00
6.523051197384028832e+00
1.071113681802264495e+01
4.882635970136620429e+00
1.252131903208282937e+00
3.217366531479515235e+00
3.540916300254949789e+01
3.032380595602322870e+00
1.825919815182558352e+02
7.946053730742181465e+00
4.592984228607299713e+00
2.207477449814346127e+00
8.997856836034483052e+00
1.143824817101219526e+00
3.909447615964375178e+00
8.047009692542694381e+00
8.400483692629217458e+00
1.798721783628234405e+01
3.012480661463652343e+00
5.894930020857843012e+00
5.566280682443588645e+00
1.689360639804121433e+01
7.257352860431140584e+01
1.129628987085675007e+01
4.798886102605129622e+01
2.898233019644863795e+00
1.391907849435699873e+01
3.570210217842607836e+00
4.490695822702908124e+00
3.026877246538301147e+00
7.098854002494969961e+01
1.368252387689207428e+00
2.927988442008287340e+00
9.081293646636099837e+00
1.766261579425350003e+00
3.374125003346108098e+00
2.176492079259335100e+01
1.577950974073166313e+00
1.068716694372460418e+00
9.637971066358099748e+00
1.845299735437432309e+00
1.099091532622365364e+00
6.644447086548444403e+00
3.134210865373221022e+00
3.297850691036201098e+00
5.353975411774241522e+00
2.293533526282887092e+00
1.015146753542245817e+00
1.172176547418573200e+01
1.682736745694441538e+00
1.243896883017245880e+00
6.227396703094614594e+01
1.044618144155808226e+00
4.272177002042646166e+01
1.357246944849163128e+01
7.270899167066697544e+01
1.155094177145958767e+01
2.601610359286474328e+00
2.638864739157230410e+00
2.485748993768232662e+00
1.162682679305318212e+00
5.469758047882950613e+00
1.717526833291934452e+00
3.544045530950493017e+00
1.370753519679322796e+00
6.908595083944489623e+00
6.036265821938299325e+01
1.847200743236857567e+00
7.472850807914974247e+00
1.411443951722578971e+00
1.055866504893673952e+00
1.784266115715075873e+00
1.264087445209928617e+01
1.470801501032328495e+01
3.239490605976090620e+00
3.184329016061870465e+00
9.268844928031789721e+00
1.469949117649319126e+00
1.758665756428242855e+00
3.195142609680779344e+00
2.801149495470801831e+00
2.652147274200272076e+00
1.108525224467950032e+01
3.755651445857443260e+00
2.297736322030373923e+00
1.494318073535689573e+00
1.515952504238826926e+01
3.948147052381029809e+00
3.749231818432659846e+00
2.931128481766344329e+00
6.664322805096587388e+01
2.995737724589407236e+01
1.684472568786787861e+00
1.070139519687117371e+02
2.104790539480095291e+01
2.032679388114277508e+00
6.840717438340028878e+01
1.883891372869432956e+01
3.673959520589232586e+00
1.330280103486173360e+01
4.919768927270334302e+01
1.774069623047001221e+00
1.473514826839826819e+00
3.008016267471857130e+00
2.121661791422246424e+00
8.284623744125950040e+00
2.047598936556388693e+00
1.231218861009255328e+01
1.446720846182839804e+00
4.215966331913987375e+01
2.937579146874654157e+01
2.675703128620542159e+00
1.030505341739301528e+00
3.043659533169969844e+00
3.077751064444405937e+00
1.735216515644999902e+01
8.095431025515021872e+01
1.343120988866919108e+00
6.060631499528431831e+00
6.485794654360016231e+00
2.181037993322055613e+01
1.040935031964398627e+00
4.578614575634426309e+00
9.066082665341486546e+00
4.914729419616208794e+00
1.103253659042177093e+00
4.485485844153617840e+00
6.913447411259086550e+01
2.372135685950457873e+00
5.383967897888245702e+00
3.103780671561558790e+00
2.353540702461871525e+00
4.584274631066956651e+00
3.207390286983009275e+01
1.420974039741014883e+00
2.848940887904263697e+00
3.653395825102566441e+00
1.003311222173300266e+01
6.548000205431711152e+01
2.919085080370993790e+00
1.230756713325479268e+01
1.862593646124836866e+01
8.860943987065905247e+00
2.929363748280107149e+00
3.562230925323530695e+00
1.035079498370292939e+01
1.716218864568407554e+01
3.859207941634247874e+01
5.159717269162882758e+00
1.204820539585981676e+00
6.601772078591998216e+00
9.858204348913815807e+00
1.980763022494890890e+00
3.606550332386012769e+01
8.136427852184892728e+00
6.411650497261339865e+01
1.035595457675528586e+01
5.618400605934355418e+00
1.941461792718615698e+01
2.189512952330919404e+01
1.892673545347584696e+00
4.377309275061403326e+01
1.102988398202087161e+01
5.029239809997005928e+00
1.167866751385618018e+00
3.153711850239348635e+00
2.048262334727250611e+00
2.116525167222618009e+01
3.249621342993559203e+00
9.791804476073464159e+00
2.454300691000272927e+00
2.287080654515200706e+00
2.466157113585985172e+01
4.648430859657538150e+01
1.261294352503251659e+01
1.631499775059683133e+00
1.985031305632203980e+00
2.459536913007215109e+00
8.582664614781077006e+00
2.618051197936964947e+00
1.974154438909586773e+01
2.180253632139494080e+00
2.988239664614277036e+00
1.690376491033321145e+02
4.000930801740067544e+00
1.074694453102466252e+00
6.325230520712438675e+01
1.346904904469744402e+01
1.962101123375734346e+01
1.524066648110636413e+00
5.679313537625827024e+01
1.433726543772550421e+01
1.100439211591848876e+00
2.464390739839768418e+00
1.757492076762733646e+01
3.172216250381945812e+01
2.294249431467960232e+00
3.169338099426696420e+00
1.870879015684187019e+00
2.571740767436152098e+00
1.371164214437622375e+00
2.351333481324132890e+00
1.042835758580893391e+00
1.111706701486544047e+00
2.457494236266099197e+00
2.136238235962718690e+01
3.739381638909679140e+01
1.581070705777271490e+00
3.510318409757325675e+00
1.012774290907678454e+00
1.078778766330007421e+01
3.229283831219303735e+00
2.301952224771483202e+00
1.586462961947634698e+00
1.583706692741017541e+01
3.692293457341498453e+01
1.219205507447726378e+00
1.913702249700432123e+00
6.849498060380970088e+00
1.362539715639249316e+01
2.102426247243037949e+01
1.990235159116141261e+01
1.503465360657426642e+00
3.118708569859438118e+00
2.113935398283416145e+00
1.214568611974333123e+01
3.482798720320800179e+00
1.016686667825482449e+00
1.627461955328150189e+00
3.353572425170653570e+00
7.393327896187198434e+00
3.888598379867488575e+00
5.041105446390073297e+00
3.368705282622716179e+00
1.155302145764501631e+01
8.740032860516752322e+00
1.411470645053819695e+00
1.521001954470810880e+00
1.497512067466133523e+00
4.761350686987583458e+00
8.543537806050392192e+01
2.265305841489317373e+01
4.388627181153803569e+00
5.215852167523218696e+01
6.171876548148588881e+00
4.207793791994774324e+00
6.169429342096917068e+00
1.781421905889672885e+01
4.469170948545754030e+00
1.831252606909797631e+00
2.762284285079945434e+01
1.200300984750167110e+01
1.520548904892981446e+00
3.090846833937367588e+00
1.346790471597964611e+00
6.887039673621089264e+00
1.779081033614702934e+00
2.112286986318254733e+01
5.224047430256003111e+01
5.004202351385049319e+00
3.834771950549078934e+00
1.213353155738908784e+00
1.474657971864083983e+00
1.788966983645258191e+00
4.089922224379603399e+00
9.951658669230333487e+00
2.873837141774603765e+02
2.463454884829581193e+00
6.842032049726756604e+00
1.399884782055048049e+02
2.361769396881047367e+00
1.344655308014403516e+01
4.142907763230684104e+00
2.066628269025494902e+01
2.308437803721934412e+00
4.171186009224650881e+00
3.432825912144556924e+01
7.923571594979515353e+00
7.912112591601914602e+00
1.473576365321685344e+00
2.616182871144791200e+00
5.457790966168881042e+00
2.959722412910210920e+01
3.619167236959342837e+00
3.476237035821915011e+00
1.999967432690571059e+02
1.032535794915248939e+00
2.560213816042110846e+00
1.646936772686919070e+01
3.480719782275135543e+01
1.087521910160596050e+01
3.026087426417363613e+00
1.028900599337947641e+00
3.061942640059819531e+00
2.874616379805300159e+00
2.226206467650920473e+01
1.093903238446716486e+01
3.318942947697598811e+01
6.933729706925868186e+01
3.095089588456873031e+01
1.060901764885114451e+00
1.144863501489961966e+00
5.818146894715480855e+00
4.281762381974599130e+00
6.660349290747340945e+01
1.238630906558201339e+01
9.345744562935699662e+00
1.411912140942093608e+01
1.986774850022998962e+01
2.513405774437344586e+00
2.235373536705318287e+01
5.429102747599095125e+01
1.685294325014413985e+01
1.470906884360366540e+00
5.603189030064697818e+00
4.564278435128237987e+01
2.722173385907427967e+00
6.122471544112938702e+00
1.357558036379080590e+02
8.438641559508154089e+00
4.461719743750122369e+00
8.005699310296151339e+00
8.031075364736663502e+00
6.754313291631799387e+00
4.666317428530294364e+01
8.940813702033782562e+00
1.181497975677060985e+01
2.404104032415985159e+01
1.680672368328760768e+01
1.315722235729674727e+00
4.545183315304105243e+00
2.737405388454580812e+00
4.600435710164985537e+00
1.213257247602068212e+00
7.177036819973451998e+01
1.493683875432564321e+02
7.605020291204557736e+01
3.362193230192493942e+00
7.386822276781185792e+01
2.090420099454952219e+00
1.933948552290202372e+01
3.072761444675453202e+00
3.180653501653451087e+01
6.918887755049476063e+00
6.099734530827270795e+00
1.636623209090278808e+00
1.655821991319307962e+00
2.609159799319537232e+00
9.009963559017062806e+00
3.052553066434432250e+00
2.040301219456094106e+00
2.494610391909227332e+01
1.055998847041996758e+00
6.812842810085967038e+00
3.116017568779414937e+00
3.211296861440914974e+00
3.234579425495785898e+01
1.800582456527040076e+00
1.289257687867562785e+00
8.153017950603260289e+00
2.674561549355811962e+01
1.773033839496452302e+01
2.970390478436239601e+00
1.182274638581539961e+01
3.795147400337327337e+00
1.160029453102962682e+00
6.304079947839165143e+00
7.558609221527460065e+00
1.257258815265200003e+00
1.032788781133836764e+00
2.145372673301762845e+01
1.237236010091762095e+00
1.289660455899456659e+00
3.130961255604512328e+00
5.389559170329166093e+00
2.156006897549917145e+00
3.404534257818011156e+01
2.451290979150910321e+00
1.233038016301810424e+00
2.761523276703030216e+00
1.987031928966681349e+00
6.647450541588922235e+00
6.221117446966417219e+01
1.973590104848354621e+00
1.664850625007590734e+00
3.848314526401311664e+00
9.945077426057025605e+01
1.594860641810242452e+00
3.961162984416799038e+00
2.014515196522465690e+00
5.018709186707180692e+00
2.750673332375932478e+00
1.325978601136858259e+01
1.833729748177006291e+00
3.214479762608068114e+00
3.832681060294678144e+00
2.902469305648395004e+00
1.043798079276368140e+00
1.883667407348917466e+00
