1.300934348973131627e+01
1.355687325691893541e+00
1.681842743140889995e+00
1.700431716777693669e+00
3.187473278485773776e+00
4.681391107063863188e+01
1.005767611150549579e+00
9.158830492235338738e+00
2.770932860731104785e+00
1.270208483320064197e+00
8.086407426731729231e+01
5.929975827415149503e+00
1.801435202033023764e+00
2.264467803252762756e+00
2.123652971642406850e+00
1.402686560349963196e+00
1.146559540208652805e+00
1.458218391128113023e+00
2.746264899515820979e+00
1.198626478729577949e+00
1.604832412808577802e+00
5.187197611787073726e+00
5.575177796601067826e+00
8.193625179880397624e+00
3.605365721535588541e+00
6.208400622477695663e+01
1.037201641664621921e+00
1.319570628344352903e+00
3.583352250488319513e+00
5.224310721664888035e+01
5.431613713571531576e+01
2.245942596653309309e+00
1.506495916119214629e+00
2.310960053110239887e+00
3.326585895174634988e+00
1.318594393334790560e+00
6.133181827594229141e+00
1.059255470176850267e+01
1.885260645516861455e+00
5.306401867505738501e+00
1.681102230381380291e+00
2.271775668929495229e+00
1.366849961664742708e+00
7.869865986810189007e+00
8.444208115884588750e+00
1.993757643965024196e+00
3.420634179145474185e+00
1.593269677404784757e+00
2.002150418788350983e+00
4.384368687030538503e+00
6.357262269469728722e+00
3.703451426973031424e+00
1.350864194520518202e+00
5.804788030789219455e+00
4.883756309838695131e+00
1.500842993572041761e+00
6.007216860426048299e+00
4.385821792349889847e+01
1.117334595215673909e+00
1.838841122352335100e+00
6.236181111128479948e+00
1.342019503744768860e+00
2.035943363711474774e+00
1.210609246658100213e+00
1.203196554688157116e+00
4.633136492675047791e+00
5.705079485357620328e+00
1.172530244205107692e+02
1.401870542262332764e+00
2.603256426414310987e+00
1.310237341235671593e+00
1.590273563996531303e+00
3.575620255778682122e+01
3.677814055947706162e+00
1.374382012411843546e+00
1.515239421429275257e+00
2.118167946994638395e+00
1.231617130734117715e+00
1.070038427931955471e+00
2.594050432154808661e+01
4.282175324100581548e+00
2.346042802592985588e+00
1.034662724203710082e+00
1.521998022896014469e+01
1.016936162903191887e+00
1.758336992801254794e+01
5.846182703356642918e+00
1.206616337334071032e+00
1.733439698866037881e+00
6.176651248879288403e+00
1.069732950681420114e+01
3.638861713569827572e+01
5.545417323603348159e+00
2.685218979249199833e+00
1.073477835252952817e+00
2.633329325753127748e+01
6.282725911531271379e+01
1.052310649267416576e+00
3.164887807032435774e+00
2.994175523810501005e+00
2.444899571118961834e+00
4.257364279539618934e+00
1.817766170489344635e+00
5.091679848249524021e+00
1.107064720455884776e+00
2.834938065966300158e+00
2.180532951746463777e+00
4.835302356313121663e+00
5.330075948887990300e+00
3.596887078300926799e+00
5.840903380041898352e+00
2.977649423537542361e+00
2.433175231679479467e+01
5.229404848653331328e+00
1.035734519055457437e+00
1.978994079705933995e+00
6.737899428316771910e+00
2.951472187217891729e+00
3.126089070482014787e+00
1.673859586440000546e+00
2.308459153251230855e+00
3.397535892760249254e+00
4.522524227282046283e+00
4.307586475218421640e+00
2.099733851463133849e+00
5.797811224472439129e+00
1.507872420651603207e+00
8.238582956065157248e+01
3.110698222485487552e+00
5.671628857293312009e+00
1.757373161800616090e+00
1.746746703010647828e+00
1.729700251998449545e+01
1.934384314958329076e+00
1.132742293249710652e+00
1.737856260228951344e+00
3.523175634442746507e+00
1.067439536025869717e+00
1.182724013470127566e+00
1.445704120275610682e+00
1.753992126409600560e+00
9.163112464973931282e+00
1.709364156801189027e+00
5.844944792090172925e+00
4.921258680635730798e+00
3.856023368426572340e+00
9.994708033378843837e+00
1.143379566042707740e+00
9.082528233127046491e+00
3.173711225208013964e+00
4.930059762621571195e+00
3.503421748528275703e+00
4.639045518330137341e+00
6.191780628383556717e+01
1.149178962694683559e+00
2.023054843058701646e+00
2.559839740629444638e+00
1.042431398973414192e+00
1.687120022229837701e+00
3.046768021624455258e+00
1.167326873796655562e+01
1.422155324037555886e+02
2.009952238926783536e+02
4.433728267577891735e+00
1.311565109141388907e+00
2.469325214853771300e+01
3.102079544600837480e+01
2.815276043510722470e+00
2.137065844252616476e+00
1.917740644260643501e+00
2.727198086211887862e+00
6.291196281104238786e+00
1.257746686263067959e+00
1.841443009706962952e+00
1.220077906344388952e+00
2.150965748152138701e+00
1.227776662187490375e+00
1.703975999381186046e+00
1.516973137352375289e+01
4.282943649883709902e+00
3.380217636804827563e+00
3.416652092527592277e+00
1.678048839857467556e+00
2.029177880379720467e+00
4.023702549085234281e+00
2.213375708631761807e+00
7.773010812781472545e+00
5.112362334587938761e+00
8.017130241606956531e+00
4.373081435718410681e+00
4.456288605196461816e+01
2.221555017666490439e+00
5.560361499355850334e+00
8.725771204180954754e+00
2.388186935734029070e+00
5.494580893514343423e+00
8.768723692040538253e+00
3.170818548499326095e+00
9.519429286277382829e+00
1.926394764508958746e+00
2.947103972172360198e+00
1.400264464228489825e+00
4.208773203557263365e+00
4.705724389735369328e+00
1.359911306510186657e+00
5.617204575142415557e+00
1.033143101762004257e+01
1.131512376800087871e+00
4.517662175410019465e+00
4.100834913059194342e+00
3.837900328952419393e+00
2.162754937478622352e+00
1.548132810408715088e+00
1.833819311707821420e+00
5.324996725080514359e+00
1.017100760207762633e+00
3.208915604515704789e+00
5.127605223980978622e+00
1.541488059419712009e+00
1.770238804829885382e+00
1.042688140225973337e+00
1.068244979427188879e+00
2.813668442117824142e+01
1.180483713490060094e+00
5.361801485121572064e+00
1.611818373567032836e+00
1.422203666302022107e+00
3.334304068774982532e+00
6.552437596539835596e+00
4.043052835791651312e+00
1.415153542519436369e+00
1.190929581159185791e+00
3.810247396158337185e+00
3.011606281120001949e+00
1.982923809033887608e+01
2.361740970563108277e+00
2.019650558918433259e+00
2.726235823744302955e+00
2.405818806786466535e+00
2.015123449480283657e+00
2.209838546464806264e+00
5.903120029002019820e+00
6.250532851620427266e+01
1.427750186879289096e+01
7.653670944424810330e+00
7.372041743525547197e+00
7.244361179147790430e+00
5.657917236104650804e+00
2.809212818650593135e+00
6.773528537564930119e+00
2.095299641004604752e+00
8.923887230676188054e+00
8.983863064405873899e+00
1.143369519304317183e+00
1.230860388867334976e+01
2.556721784337648629e+01
1.069313741947119700e+00
1.889629149350224635e+00
8.340420092414621678e+00
1.075637405007208836e+00
4.085312853541762657e+00
1.743683269561697502e+00
3.641056730767552541e+00
1.145780336451744041e+00
2.410672370657550356e+00
3.279940252404303980e+00
1.893702918488066018e+02
3.033066687353839441e+00
1.225968835173938842e+00
1.723610279970633208e+00
4.431207808801119974e+00
2.491672400224150152e+00
1.393144458549153697e+00
2.537889206962296917e+00
2.128371283236132783e+00
1.001774814121399348e+00
4.282215976251908529e+00
2.279451110470382069e+00
1.256211476254356141e+00
1.482166593635235063e+00
4.289956264832455624e+00
4.090214709706597063e+00
2.010052690562157807e+01
2.989134970155782156e+01
8.196113658632176779e+00
1.895814413095033402e+00
1.140252008306176679e+00
5.892384193797643555e+00
4.242856484815337836e+00
1.256231884861237935e+00
1.135153901243162622e+00
2.106809170710026269e+00
1.757732755065444463e+00
6.672779001756256712e+00
4.981335933814024841e+00
1.132080435284994246e+00
6.301342663253438836e+00
4.504142177062514740e+00
3.894833909842602360e+00
1.656466641558568709e+00
1.445948114297397336e+00
1.593435249420592559e+00
3.649555495155311746e+00
5.388123375395450054e+00
4.622702648286809435e+00
1.341169864643963727e+01
1.176653242638888486e+01
1.809434457958264986e+01
3.237142642221905842e+00
2.599825303914746311e+00
2.195669415374154276e+00
5.895607220122930592e+00
1.664468175531766070e+00
1.116198604162777164e+00
1.013481177040236769e+00
1.137515271670100026e+00
1.438123356107310569e+00
1.137915664566415241e+00
6.465972919515247952e+01
1.281795181966408625e+00
2.949939857546801658e+00
2.295133840444173234e+00
8.440285354327491163e+00
2.701999633723388694e+00
4.255674800706027661e+00
1.649856921082870631e+00
2.206132984685925891e+00
1.518176952698215620e+00
4.260833431942722349e+00
5.069453025884580022e+00
3.764146668557631248e+00
3.460817588350163287e+00
1.467317941140344306e+00
7.723343950104461619e+00
2.486044447980433780e+00
1.456190121134845867e+02
1.474584846861853871e+00
2.306075311313411813e+00
1.286962334288225041e+00
1.820762148091338073e+00
1.823247095340468036e+02
2.290799187269541459e+00
1.036228286442887558e+01
4.809823778758783419e+00
1.685753368781909289e+00
7.690306431394136943e+00
5.603047532638613326e+00
1.529339693575942016e+00
1.778062159766438333e+00
1.516643934479410705e+00
1.768364651645996988e+00
4.493305440326938793e+00
6.828624981362583668e+00
4.760262746886007790e+01
1.179562512477110747e+00
1.172591697509617337e+00
1.388843431734676725e+00
3.254696933066037356e+00
2.657024208818346889e+00
8.131676284102812247e+01
1.170536795721154766e+00
6.500304072214615481e+00
5.667032299479483726e+00
1.146318280898455777e+00
2.172338125572792489e+00
2.781323314911281930e+00
4.447392663389361012e+00
1.501049494573515330e+00
2.266960751250110562e+01
2.054308538867268386e+00
1.779063666041406222e+01
1.900708127452074692e+01
2.599081143872086663e+00
3.778736888134249128e+00
3.010096702444177375e+00
2.070518525727083059e+00
1.874001671184017823e+02
3.033175976661780293e+00
1.808401251186583902e+00
1.247442559212288637e+00
3.057461485733230955e+00
1.197550174266732492e+00
5.577470784964252637e+00
7.714991944999714413e+00
1.193478473140256568e+01
1.448277977098193059e+00
4.075883480722190200e+00
5.128076563361572227e+01
1.940380072283793167e+00
1.032057225024856084e+00
1.191251522397398732e+00
1.389585387941346006e+00
3.218914777527024373e+00
1.092814613004133184e+00
1.756355404375745977e+01
1.301694229609923426e+00
5.733531586510532740e+00
2.260895193314054641e+00
3.184230733570089455e+00
7.193875123458600918e+00
5.483393276323673682e+00
6.589726451310508715e+00
1.302489751025430742e+01
1.187615721229355437e+00
1.045664235171559042e+00
4.181775107996871021e+00
2.885156828158084608e+00
4.810632306477093501e+00
1.222876543948894223e+00
1.426664642993029872e+02
1.856540628872922705e+00
1.887966268202564635e+00
3.433320273464086636e+00
1.870209625758418648e+00
2.303699715224509781e+00
2.499956772125701665e+00
7.050151022607673568e+00
1.249042068454750298e+00
4.951064094539181504e+00
3.501472220199624985e+01
1.285104192838347315e+00
1.086530932910801273e+00
5.271411178877635884e+00
3.214723483695781869e+00
2.938373853343839937e+00
1.085261474886602739e+00
1.876968791015872551e+00
3.202252069618941821e+00
1.113413501819760043e+01
2.385229453119336984e+00
3.505910842485032486e+00
1.175666759720849663e+00
9.950314075909409084e+00
1.329585660568978867e+00
1.409965403846306309e+00
4.265872996153017027e+01
1.376766767886276943e+00
3.730692968243338736e+00
1.252233055869411027e+00
2.908717753112235016e+00
1.164452345573959935e+00
2.681287376389728916e+00
5.302952118821169236e+00
6.633829448071640655e+00
2.232695473335139624e+00
1.256404259593041361e+00
1.043516882758425091e+01
8.315597522785137130e+01
2.733053093407212586e+00
4.960962812678864964e+00
1.200148011816192684e+00
6.985853048543019668e+02
1.640727185887965511e+00
1.908381341542467302e+00
8.607850958770580263e+00
1.320336407473519325e+00
1.294385067244991250e+00
1.586977495039940900e+00
1.159460041426887855e+01
1.270982722261393416e+00
2.462170345469287724e+01
7.452850279404477973e+00
1.021486564106257600e+00
8.227214484764104441e+01
3.588744460638117584e+00
2.275408851531159016e+00
3.404909067348850726e+01
1.377315102559631521e+00
5.342814628156894230e+00
2.074875828892507545e+00
3.242106802912033015e+00
1.938241014990944588e+00
5.886101573159185030e+00
2.327812326282254318e+00
2.088141024280210445e+01
8.589550082149768784e+00
2.566228763329909235e+00
1.375509234882773546e+00
6.384513298838336404e+00
9.570310119481202804e+00
1.228556723829244746e+00
9.447097148531459254e+01
1.348638178139488941e+00
4.648334698362568851e+00
3.230145458100278422e+00
2.061193082414797484e+00
2.054981180685085729e+00
5.689425771607520055e+00
2.043948220423990136e+01
1.079355160082582366e+00
6.805895810763125553e+00
1.042184536515422755e+00
3.425111490678337844e+01
2.750124563891614304e+00
3.335109709196621530e+00
1.183379919266904778e+00
7.229362495715666803e+00
8.429468991699369695e+00
4.706155946455934824e+00
1.115198851890289111e+00
1.498985849619109523e+00
4.013853561124209435e+00
1.672944110739609913e+00
1.657497628126783917e+00
1.424874490696668516e+01
1.843576433409360860e+01
1.706905990771895310e+00
4.175141805349599444e+00
1.555517739505649422e+00
1.624729187572767630e+00
1.142269536409002084e+00
2.346207536885219103e+00
1.269272086538455468e+00
2.207841186681865242e+00
1.735489611453586489e+00
1.711356972862234649e+00
2.366598355231720419e+01
1.190459716171859750e+00
1.175882523402935931e+01
1.076202673592775128e+01
3.809629545542213780e+00
1.814959838574567108e+00
2.470970999899709142e+00
1.238167012652911847e+00
4.735166453478312221e+00
2.832576313626166797e+00
1.710331976861099390e+00
2.602561252911171241e+00
1.886972880568537736e+00
5.556447716552095351e+00
1.833503703150678454e+00
3.972616243870463304e+00
1.994403789320618614e+02
1.162042737262762859e+00
2.713532252671229550e+00
5.933311610083108256e+00
2.109678340999025625e+00
1.896706132717365767e+00
1.284630583291879624e+00
1.442132174475467821e+00
5.129938403661543411e+00
4.831278181369254021e+00
1.003657448935282304e+00
6.032803022699872564e+00
5.071443752165930796e+00
4.906698144703399933e+00
2.297983548401588916e+00
3.444684892715903946e+00
3.261369122232738249e+01
1.208207451665300702e+01
5.471762973185610335e+00
1.328303708457899468e+00
1.750806292410531873e+00
1.111328125582824455e+00
7.542495325070667889e+00
2.269061931686428668e+00
4.155236069308995361e+00
2.241366460823240647e+00
1.712843723244092287e+00
6.359958583345902916e+00
1.082874612193693942e+01
1.971915835432716646e+00
4.416992341008321610e+00
3.709822610711023927e+00
4.962093492306181020e+00
7.985815451393019515e+00
1.143180257296740665e+00
1.843528790910166970e+00
1.381866486077037770e+00
4.328117094414175803e+00
2.402046968976963015e+00
1.268076170857462159e+00
3.218400137544938922e+00
4.156162286297524489e+00
1.458885397402302386e+00
3.187724900266306172e+00
3.579431438242786978e+00
2.849889732004246667e+01
2.604838726152603368e+00
2.054680911219422423e+00
2.072831133672955772e+01
1.533866747535493680e+00
5.476020738473406091e+00
5.034491388805530931e+00
6.654186583381153319e+00
3.045397151068007791e+00
5.550669849788348209e+00
3.977635872847173015e+00
1.538417218099527251e+00
3.679740900961224970e+00
1.775357555776307494e+00
4.709652240379494259e+01
4.556839354878019499e+00
1.804293185193636351e+00
1.418979200553848186e+00
1.454045141070247960e+00
2.031730834387363682e+00
3.084732223186420264e+00
4.892812100164226408e+00
2.070462402408363101e+00
4.842324983613161216e+00
6.920454286868461757e+00
2.113180636640400234e+00
1.270305371786027759e+00
2.411152252433411292e+01
2.526543788135044988e+00
3.468333920452477237e+00
2.144852988892294476e+00
1.044365723594303574e+00
4.263066841711862232e+00
1.040381365428130866e+00
1.399393965935197715e+00
2.212642715839781005e+00
1.115339856128420459e+00
2.119554372130914466e+00
1.217546073430370024e+00
1.114036150897376398e+00
3.715546185575389515e+00
3.420503683276419515e+00
1.309896099063956099e+00
1.374069632299391275e+00
1.049100704912838822e+01
3.360525033301926534e+00
1.091736492824430638e+00
1.307632533115435258e+00
4.212937244739531018e+00
2.051073908699216730e+01
2.064048741165988687e+00
2.597090778551861767e+00
1.072389028569300784e+01
1.502597364508508448e+00
6.126539938593922763e+00
3.133125349196224541e+00
2.601022227949720378e+00
3.541909738580065081e+00
2.809717627913088211e+00
1.236075522655135206e+00
2.730268675089630559e+00
1.422489622385934238e+00
9.465466959888723864e+01
1.798992829842491536e+00
1.859091816097274918e+00
6.593918257283370110e+00
3.138054930958241506e+00
1.280588325713331033e+00
4.410210071417667876e+01
4.743487412608254239e+00
1.012269916214266763e+00
7.349087367170166196e+00
4.755165944732964611e+00
2.019889925430073951e+00
2.221885187289074359e+00
2.447950665178242335e+00
7.176907934881046280e+00
1.681261740639844504e+01
1.393410587277035262e+00
1.483916099510018682e+00
6.374274839469223686e+00
1.772429439851657351e+00
1.472984112344563945e+00
8.905910735907639264e+01
2.410459462161146593e+00
2.647680518778708247e+00
8.676859169721173259e+01
1.115248402358620217e+00
1.001750445777087606e+00
1.286692887670534580e+00
1.706433764927321128e+00
7.951681071776563137e+00
1.309488371342905744e+00
3.554452735820746057e+00
5.084903983544751149e+00
6.785817958983376030e+00
1.208262078679553930e+00
1.206037718651933321e+00
3.674320600080498878e+01
1.283722412821707737e+00
2.196340880030211995e+00
4.325171087748852727e+00
5.259008523057500106e+00
1.483511791174522587e+00
1.886886489822758417e+00
7.737514131977127896e+00
5.081607906702397592e+00
4.282350808828559252e+01
1.820303039783096155e+00
1.578416083377740531e+00
1.765140851697534874e+00
1.338632739723847331e+00
1.725937198759521607e+01
1.382904107462878507e+00
1.790982832791365498e+00
4.920909686682848871e+01
8.289620879921754693e+01
1.319021840517322453e+01
1.469397839586195431e+01
5.219580291195908828e+00
1.696259650155249377e+00
3.807840896469593783e+00
2.553497469514798581e+02
1.360844943965942244e+00
3.766344781378503814e+00
3.220194853262178754e+02
2.796051620535416671e+00
6.446904652807583069e+00
2.391166009394164149e+01
1.541946765441986145e+01
2.431366505536803668e+00
1.240907792535313803e+00
1.779941564185110678e+02
2.770209795907685013e+00
3.755758057824968077e+00
1.058927093925524643e+00
1.695598940776991137e+00
1.239669644366679702e+00
4.454402707833973629e+00
4.206210449403651630e+00
1.212598961513560392e+00
1.821312809907978281e+00
7.664730072773932257e+00
3.334634037046627864e+00
2.081826814807341997e+00
1.448818960445579762e+01
1.082554546596633971e+00
6.801727347575118188e+01
1.238750625901620328e+00
2.595141479231481529e+00
4.300683735847179001e+00
1.282389195226264267e+00
2.074771268238704991e+01
2.099634881247002927e+00
7.921937295027912285e+01
1.789443386067781816e+01
3.988806061662754754e+00
1.141781859045671643e+00
2.972071808854012787e+00
2.205915748355999995e+01
1.739153610055087507e+00
1.275316553763474658e+01
3.446120908493416568e+00
7.951918950028420419e+00
8.700233318617870637e+00
1.684192756437779881e+00
9.917184488446045521e+01
4.553761927442715240e+00
1.116812568111834167e+02
2.161697896595494228e+01
3.901070322585399541e+00
1.000924345385285852e+00
1.151529207459983439e+00
6.155844108957147398e+00
4.869899406152394583e+00
2.420616813738456941e+00
1.987634132616052263e+00
2.667163386167763051e+00
1.363379576797103310e+00
4.718701811551778924e+00
6.706630439408301392e+00
9.952517950144182279e+00
4.082148861320017197e+00
4.318776388112861575e+00
1.092582252068091453e+00
1.031481050135234723e+00
1.380934431016944242e+00
1.020055814770306934e+00
2.151274727580532176e+00
2.249669934188849041e+01
5.237097533586687170e+00
2.379075499862919116e+02
1.140554137221961195e+00
2.551004264515477349e+00
2.879509985094173441e+00
1.658457862508662783e+00
4.659994818912377212e+00
2.781708500582608323e+00
4.783746643785453045e+01
1.428868700559621452e+00
1.952604842782393657e+00
4.093339615649507834e+01
5.841379135594482186e+00
3.920519522285955016e+00
1.683876159931075422e+00
2.272967601801898052e+00
5.483992414168140428e+00
4.828848574516074166e+01
1.679116366373336833e+00
4.854309265309450616e+00
3.514510501173001789e+00
2.455596339396270977e+01
2.123046754061421026e+01
3.140902367080479873e+00
3.530325674940540637e+01
1.262399950258984216e+00
8.311092791057216544e+00
2.072012313691891983e+00
1.436445812260599908e+01
2.693292894085465683e+00
2.168766202751169381e+00
4.131198112819387092e+00
2.134215369169567111e+01
1.358548501598850544e+00
4.194105163084198118e+00
1.136779705459102630e+01
1.458229822397354525e+01
7.850499752522604346e+00
3.018305656114874225e+00
1.016690927385544230e+00
9.034983245759498516e+00
1.436737432779547019e+00
4.758066460467943237e+00
2.682166887834991087e+01
3.663868971419042442e+00
2.570743104752075681e+00
2.318803804586911355e+01
2.055999240245639825e+01
1.663185432290187338e+00
1.441629819724892680e+00
2.829006839082700786e+00
1.262683582172551722e+00
1.362025283469890491e+00
6.213394367811768682e+00
1.259743274662534773e+00
9.256059089797512129e+00
3.243392424123338458e+01
1.241177270087558959e+00
5.815353571515840869e+00
4.476306919493636904e+00
1.364724615299375721e+00
5.335561771699092404e+00
2.630457305425923931e+00
5.226862844515991036e+00
1.583255683833733496e+00
2.655086625307439974e+01
3.320212238656165216e+00
4.742610301141913709e+01
2.196600436064105821e+01
4.868966204054843594e+00
4.442758697198119222e+00
6.048007046378244489e+00
5.174839973075469501e+00
1.290797059058482299e+00
2.052642801565162767e+00
4.412690311364189597e+02
7.746275489970025241e+00
1.461821006557212144e+01
3.881702545737966403e+01
2.311771571237987359e+02
3.159100860939543676e+00
1.560524761209571665e+01
2.700933450571536198e+01
3.003715017297543000e+01
3.467239276009371540e+00
3.230204331027449083e+00
2.405761157424037844e+00
6.825567209550459324e+01
1.137764112830400576e+00
1.480072362810163966e+01
1.322116785152003926e+00
8.221679057384525535e+00
1.703404143702765161e+00
1.000378765698516581e+00
2.951247560665965608e+00
4.575382198897753661e+00
3.657991374701790033e+00
1.181014743985772997e+00
1.273878436467815511e+00
5.069331465265348058e+00
1.952049224615200140e+00
2.927130300696672904e+00
2.182471012212330308e+00
2.952665867626953933e+00
3.876639937512552869e+00
1.874470504224757361e+00
3.854375221741210833e+00
1.322338213965642773e+00
1.797345312224854297e+01
6.028153189030876291e+01
8.610377703760352830e+00
2.439495678934000544e+00
3.761164576471061505e+00
9.035840225748019705e+00
6.687128512320138718e+00
2.053678206279413221e+00
5.057923685057381213e+00
8.088027388901668502e+00
1.088757191635800980e+00
1.820600219771038653e+01
8.920377091636606082e+00
6.059793963097643399e+01
2.411033746265273781e+00
4.820552609464876959e+00
8.095782312925170032e+00
1.235176970710198940e+00
1.820864873455791511e+00
8.257284806302873648e+00
1.482002404124978412e+00
6.123573288958003680e+00
6.596766917764391280e+00
2.787378601479332030e+00
5.225297822496909106e+00
3.557474225471055629e+00
4.261242798361947415e+00
1.051498667672499820e+01
3.497898804897765501e+01
4.452223389421816613e+00
3.169687280006530106e+00
8.278523120628375409e+01
1.317618543220698601e+00
1.796154380602470013e+01
1.282008586642492842e+00
2.653132219150724058e+00
1.749464832205527998e+01
2.970942261334727164e+00
3.975626182919170049e+01
1.207137006592045303e+01
1.993426226382222666e+01
1.089628798986243474e+01
5.055265192775550531e+00
5.202414206701640786e+00
1.547191881200200925e+01
8.691377572274170404e+00
1.073241514178731038e+00
1.128459928521881039e+00
6.934898100294780932e+00
1.376540831689184508e+00
5.131921606018644866e+01
1.262536484698215666e+00
4.372857280339673913e+00
1.709344740923176786e+01
1.455507205562295958e+00
1.959092975088215738e+01
9.331136123943277738e+00
3.902053847277000109e+00
2.266044948832809780e+01
1.759702343562657534e+00
1.217904796502436993e+00
2.875519114771427631e+00
3.177523045443184202e+00
4.061105615500821386e+00
4.681276194516414968e+00
5.362537768571838726e+00
2.937758778542179705e+00
1.317789257344366360e+00
1.426075743816312302e+00
2.803389781962693839e+00
1.560569228188476565e+01
2.417300520734160685e+01
2.317290974639181211e+00
2.050019954576123293e+00
2.747279327167448493e+00
1.535653308073752576e+01
1.275813202008684977e+00
1.294669418642063476e+02
2.118387668346781894e+01
7.573798012251630851e+00
1.038797533443436061e+00
1.518254877026168126e+00
4.483282947702472043e+00
6.242215487559878540e+00
2.114542146487312202e+00
1.198903899887082236e+00
7.774485516376093130e+01
1.293298017063666761e+00
2.744244904841589161e+01
5.781361094296236125e+00
7.682306344036030055e+01
1.894981825788232932e+00
1.672830928581024779e+00
8.312583090224190840e+00
1.909707376369650156e+00
7.544236737306762031e+00
2.638270572641835177e+00
5.411349271005531314e+00
1.513121143351257736e+01
3.039709610444446763e+00
2.158803900458453029e+01
6.962141647491198171e+01
2.399089827422807186e+00
4.573042084163080112e+00
2.783090089062381978e+00
1.602437520187594444e+01
1.841283547132622322e+00
3.231897726535896354e+00
1.471922003892086384e+00
2.328043051007694597e+00
1.577707300727270390e+00
1.505921288743372610e+00
1.200462275480052465e+00
2.122732193259173172e+00
1.587723457464221832e+00
2.299649205111901651e+01
1.670222402826611718e+00
1.371286628038995037e+00
3.333595431874516901e+00
1.332300472792489359e+02
1.162100539398090859e+01
1.384112505802787219e+00
3.477098295757130586e+00
3.655915328912604956e+00
2.437263181020231428e+00
1.095547620539540024e+00
5.839465141550808980e+00
1.452572154254023751e+00
5.258432436496774720e+00
1.171969114678277801e+00
1.451176385681293368e+00
1.965385668807320130e+01
6.800571419790580308e+01
2.367404783884685671e+00
3.757215032773504326e+00
5.154699747146439748e+00
1.745476671838618188e+01
1.746122098686902602e+00
9.754891663153799186e+00
2.096934858709660787e+00
2.276497131618349101e+00
7.958237505360958863e+00
1.800904257765134853e+00
7.218730210036651940e+00
2.466796606518098844e+00
5.063044789560247949e+00
2.588483586637703393e+00
2.584169768097607900e+00
2.212848753217238951e+00
1.719129439025231632e+00
8.299009107086870074e+01
8.148390195948664427e+00
1.779861801051280779e+01
1.407414618198147283e+00
1.196789259293220997e+00
1.359820633717117255e+00
9.626686625636175165e+00
1.194072626407241877e+00
1.742359413300467708e+01
2.532910901269360249e+00
9.507432446531037584e+00
3.293259905447580849e+00
6.831606992231951558e+00
5.232360560539031091e+00
1.335936979861997997e+00
1.242396717898475345e+01
3.283666581323324785e+00
1.085580751308444114e+00
7.532132962444070046e+00
2.213336978251957134e+02
2.103536294739171364e+00
1.123276652487732896e+00
1.866876516527416152e+00
1.175310293212878499e+00
1.879374860422697635e+00
8.602686704130910300e+00
2.449865927924055331e+00
2.064318868547541097e+00
5.293932412969909684e+00
1.152536568206071754e+00
2.690141133983375621e+00
5.597434445068884656e+00
1.702936650366160709e+00
9.108463219566579028e+01
2.143607470634340206e+00
2.616604511173344250e+00
3.395471118957254841e+00
1.648007850589027878e+00
1.051149607041440426e+01
1.428298725987756201e+00
7.027253246595945413e+00
3.942514909854679672e+01
5.926861704194260483e+01
4.657864886895651146e+00
4.939477224781618325e+00
2.739644564673252347e+01
4.465494539559574427e+00
2.532820643111418946e+01
4.977869994006429266e+00
1.003447566700281257e+01
2.308302913081663021e+00
1.093464980080216975e+00
2.553672740735249302e+00
4.597949646012467895e+01
1.888239688885748002e+00
2.706403634310905559e+01
1.113639018744368414e+01
1.222297936928294249e+00
4.351262308271359736e+00
1.674535437720747755e+00
4.044781219403832395e+00
6.306457440300079043e+01
1.446775033374710162e+01
2.475290909369087089e+01
1.411680234321558558e+01
2.927803662657943562e+00
4.427055008202079200e+00
1.034346133654585742e+01
7.558742856403472388e+01
1.687083838734920738e+00
3.012200489941892378e+00
2.793352900627212421e+00
5.580023004511796891e+00
2.592507825546755740e+00
1.862990806998860327e+00
1.424762538966372638e+01
6.033157241440992635e+01
1.536465710181779798e+00
1.256034885642275167e+00
2.686122846569346745e+00
1.576362486980729560e+00
4.139519972082138288e+00
5.407639345613384663e+00
1.110080193285027494e+00
4.983300194902716918e+00
1.628921029443628488e+00
7.010417748961923934e+00
9.256399199184073723e+00
2.303011165662460780e+00
3.057411544272845116e+00
1.289218494059636511e+00
1.697451311063104740e+01
2.038866254690844926e+00
2.598482774423338082e+00
7.223960360087160026e+00
3.726568912978937220e+00
6.242229968935329332e+00
2.062458833957746318e+00
9.502479940999087660e+00
1.344587334124389466e+00
2.217032035279431046e+00
1.384471678729206623e+00
1.194088722500557642e+00
3.320885479883407765e+00
3.278927567333178104e+02
8.634155695116488616e+00
4.087629911924258508e+00
1.094326898776299961e+00
1.824227744772241167e+01
1.677820498473128907e+01
7.640548424909288094e+00
2.970650515678344483e+00
1.296055082767336275e+00
1.553699878212454033e+00
2.026533542204938865e+00
4.900319054635675187e+00
2.115145824460496815e+00
5.874193363172508953e+00
1.526618332553926427e+00
1.423938400648707692e+00
5.016751041881338580e+00
2.879270850811238702e+01
1.428303239578368355e+01
1.099224584454364217e+00
1.211143460568150365e+00
1.827574757082483004e+01
4.774694779548729571e+02
8.141074428666781770e+00
1.499919561142337932e+00
1.604791507682596219e+01
1.331909528370519347e+00
2.598132630275798327e+00
3.051054027859696482e+00
7.539825571828204787e+00
8.365795419411998068e+01
1.399021723189213695e+00
1.712433793099068069e+00
1.530400082989226718e+01
1.779490861375020572e+01
4.199001934734874375e+00
6.721356928766194017e+01
9.477444572849503146e+00
4.169300012739801886e+00
1.705744199084753276e+00
9.995243632260670807e+00
1.314182472715987693e+01
2.740510451015107929e+00
2.409117648589695460e+00
7.593511584594605068e+00
1.408451064149696785e+00
1.406892932719310174e+01
5.964174842431064327e+00
1.183370227111997020e+00
4.578507260578298599e+00
3.526742766529311268e+01
2.043789784695291267e+00
1.507885379110970314e+00
1.423921469968298048e+00
8.345199507535555838e+00
3.566166955487777734e+00
6.005894767578734417e+00
9.103312637405569063e+00
1.434530550966813367e+00
3.382368132593005505e+00
1.075738718441103359e+01
2.571063661677843282e+00
6.520578281408089083e+01
1.862139800499432951e+00
2.412727388506782944e+01
4.355579641047878425e+01
2.127433684413138071e+00
1.522168685069922756e+00
4.159081142623791472e+00
3.726930464134581200e+01
1.108467704417745558e+01
1.177917095194611363e+01
1.959841119206069848e+01
1.311423330030738299e+01
1.489563586078205937e+00
2.750620004511473926e+00
9.675370616544919145e+00
2.041463950326359633e+00
6.897204585652795572e+01
3.144708417962065017e+00
5.154967125738860432e+02
1.638526467250464691e+01
7.074695844619093066e+01
3.990476215114346026e+00
1.191018472950690921e+01
3.554484890780229556e+00
7.016455516973370266e+01
1.177428619254232700e+00
6.194461435951053829e+01
2.406177118408403715e+01
1.603722725915501579e+00
3.857696558481403581e+00
1.352198955275044412e+00
1.863132696638846841e+00
5.585978255331339071e+00
4.243798929371672024e+00
6.529979465392868221e+00
1.399008508644117299e+00
3.918648637181399774e+00
1.330705761988002722e+00
4.132666663691419551e+00
2.259787483128413399e+01
4.409418597698437026e+00
2.421920435426104579e+00
7.356144392215847816e+00
3.957032490221754628e+00
1.419649907734111594e+00
9.207453820047378557e+00
8.466712251917401844e+00
2.664653099144815407e+00
2.067403820589902352e+00
3.506385548653666806e+00
3.746280675540325955e+00
7.754607727488456170e+00
6.915427104504149547e+00
4.485286067296564028e+01
3.029349242737541026e+00
6.203108299379535673e+00
2.813987999359741643e+00
7.521687600972443377e+00
2.943642035716360184e+00
1.572381010388402167e+00
2.515253532235605771e+00
3.682491318561934577e+02
6.617790898724384085e+00
2.266078561234983191e+00
4.577498053462348793e+01
2.236185268130947978e+00
3.384458824177372538e+00
1.050325401522868685e+00
8.123246188777164534e+00
2.093443467036397720e+01
4.432556888935100403e+01
1.074340502865209324e+00
1.679487072483993870e+01
8.219922451177878031e+01
7.772698373350697132e+00
2.111326388857127867e+00
6.520906612195245700e+00
1.122896836420563815e+00
3.544575562509924893e+00
1.064295890810047673e+01
1.800985609043747493e+00
4.962228654231485514e+00
3.124642421534936876e+00
2.528094272856480984e+02
3.080909869311360350e+00
1.854376690701574626e+00
8.265420024126749254e+00
1.956964364877449292e+00
2.283993276775685199e+00
6.975068926250378887e+00
1.589250159670258178e+00
3.072751845500887757e+00
1.600983077990667747e+00
1.867262856903783685e+01
1.146829303900870345e+00
6.958954683954105214e+00
3.341169062073447105e+00
1.411122496892014411e+01
4.346310295673791124e+00
6.721589996539997003e+00
2.252865693330879253e+02
2.221896652398299477e+00
1.501371772457115172e+00
4.412007290093877820e+00
2.106638487530482884e+00
1.008718287972157945e+01
2.333052896211966498e+01
1.639630258866323231e+01
1.086946556242227135e+00
2.730083340140986081e+00
2.194073406467740739e+00
2.340970854003468204e+01
2.240417711194134132e+00
1.008374884110980751e+00
4.615656325358079926e+01
9.171793467720437576e+00
1.013023149002285628e+00
1.485831486904400700e+00
1.703029120102772076e+00
1.564201223542648123e+01
1.471605280157593931e+01
2.571990688438466321e+01
4.128860494244395341e+01
4.197990715737354606e+01
2.309041687238479579e+00
2.050925879875222790e+00
1.784254842326241874e+00
2.113420126336425398e+00
7.183779252779004310e+00
1.275480475164001959e+01
7.106754164415933772e+00
9.195607723293555580e+00
1.941848588690373356e+00
2.338386287157333765e+00
2.684356132334268175e+00
1.576327879364609608e+00
1.076147271983727549e+01
1.389939870461059357e+01
6.730737633462467784e+00
1.646393981684588681e+01
3.546936763099871381e+00
8.110539533002160795e+00
1.834100243029405553e+00
5.865628205973911768e+00
2.573392362824579838e+00
7.855168987610269049e+00
1.106256431272106333e+01
1.026470711154173987e+00
3.871285791625212358e+00
1.956596411690840753e+00
1.181915901754116538e+00
1.234333778242733359e+01
4.886121108736753094e+00
4.002137877812513622e+00
1.538860863063608031e+00
9.120005612442328768e+00
1.962812652285944148e+00
1.188059341490517440e+01
4.930784399181230349e+00
4.749611081630809650e+01
2.039546702770940456e+01
2.322534807238960752e+01
8.735022581407127618e+00
1.061124749459128713e+00
4.104622948714672148e+00
1.479522259929243688e+00
5.194696895600902309e+00
1.669039488160823703e+00
2.260982091427943264e+00
5.273580057979014413e+00
1.369633884693120862e+00
4.129112264159226164e+00
2.619241152559377728e+00
1.078582176645807023e+00
1.734974112575230620e+01
2.250892365004611761e+00
2.333246344656106697e+00
7.813194752687389055e+00
3.844063763189436713e+02
7.580930864755889331e+01
5.055644117097539691e+00
2.382883219255803375e+00
4.393319021354869847e+00
5.548984845793112797e+00
3.379760556195079868e+00
5.210513746386722822e+00
3.005592276927200324e+00
1.382242225392984025e+00
1.290750739522571777e+01
3.576046009770117706e+01
3.764862710584783656e+01
2.296748210843498583e+01
2.037107968569288108e+00
3.375616513853898493e+00
1.056595170443207055e+00
1.551333437744762733e+01
2.323039265403477938e+00
2.231914123496760993e+00
1.021673820920382241e+02
2.307906374186218912e+01
3.759409379349801128e+01
6.512201270138104015e+00
1.222361660110849124e+00
2.763019588077178668e+01
3.935756223115159269e+00
6.947565336073086684e+00
4.771642424228484280e+00
2.340586189995675426e+01
1.340316053633992510e+01
1.190175838576041256e+00
1.590668035195857044e+01
5.793203525565977507e+00
1.775195635538300731e+00
4.155406831784727473e+00
1.751996516988604036e+00
1.141015316896695442e+00
5.307364570691127881e+00
1.030553829188587400e+00
3.607258648916699428e+01
4.772281727056437717e+01
4.550984101605579468e+01
3.595571501639243106e+00
3.743758334078148398e+00
1.376845787941852972e+00
1.367573746450598815e+00
6.102296736922031783e+00
3.682608922560486331e+00
2.665634905508443175e+00
3.506962265022441905e+00
1.052615653474733071e+00
1.937450522279240417e+01
4.469752979430346329e+00
2.384711939737338415e+00
2.395772188698760985e+01
1.328918963934540010e+00
5.958703555284839304e+00
4.542416248395004352e+00
1.396322758340624359e+00
2.234181680075220999e+00
1.264474474810586280e+01
5.273087047782692771e+00
2.296784966027875630e+00
3.071193395437726394e+02
1.256796751093427700e+00
1.061677822838656748e+00
4.885810030558237038e+00
3.036501175583753653e+00
4.243472395112926954e+00
1.158488355194632113e+01
1.203164955046855944e+01
1.651585951248152995e+00
1.100032429853308713e+01
2.018768403788859356e+00
1.809222253012108261e+00
1.692476609796367715e+00
7.306822560788146959e+00
8.604045834165414419e+01
1.017390835066110055e+00
5.761171534828004326e+01
6.907816208712628026e+00
4.151878015881120376e+00
1.565250652416660948e+00
2.021755370619635173e+01
1.391390969226905527e+00
5.708744150518011651e+01
8.303357871804857737e+00
2.619240755853549629e+01
5.982822357500146637e+01
2.090523052614591482e+00
1.293568037619866606e+00
1.190278877745708819e+01
3.841014816271012045e+00
3.393238386079327373e+00
2.887469686737624386e+00
1.549405778361734543e+00
1.970601872334942772e+00
1.325958948664536008e+00
1.093447129900489312e+00
2.339870592918951164e+00
1.372810630760418205e+00
3.246116759374984895e+00
1.416811859865842349e+00
5.395495975756320561e+00
3.166165150026212238e+00
5.747953060786927360e+00
5.242253915710971057e+01
4.254942045830737207e+00
2.119591097963774473e+01
3.751979213502941057e+00
7.797684240548406365e+00
2.537497494489788252e+01
1.910988956471296962e+00
2.659975883802236041e+00
2.531673857184154386e+00
3.934277217758254785e+00
1.396309576762605609e+01
4.998544572152615828e+00
1.009513585484639320e+00
1.674296347874820734e+00
3.505041882131122666e+00
1.845488087570173974e+01
1.755349995927999007e+00
4.616657115700337322e+00
5.192886568208548326e+00
3.901035061689146044e+00
2.058038148272594015e+00
6.748013581748391232e+01
1.412950622446835780e+00
1.174398648731898032e+00
9.997585946049024841e+00
1.876957453173006884e+00
1.332415379501618924e+00
4.390364157178574978e+00
1.556122052060456173e+00
1.603899399057441855e+01
1.294540362319291704e+00
3.590917393735825858e+00
1.435965161475052598e+00
1.092225694531811175e+00
9.969780440715449998e+00
7.199519545629109452e+00
2.845062448582315717e+00
1.856347861574016100e+00
8.916261130265011658e+00
9.603403191255717175e+00
2.090911051718691738e+01
5.859360401029521270e+00
9.262606550979704423e+01
7.177326319208773953e+00
1.392104603028596621e+00
3.282166469839373235e+01
1.727048183474533616e+01
3.053962947423761953e+00
2.506906982391162497e+00
7.192193751627617537e+00
5.021788637859596172e+00
1.864061123451886237e+00
1.485902749988554206e+01
3.411693174679802709e+00
4.801802485453793956e+00
1.238334173487098511e+00
1.439504218630269428e+01
1.290925146618464581e+00
1.134894031264119860e+02
1.005749815702747441e+01
2.146531597468481323e+01
3.169321090546330044e+00
9.622471344416224426e+00
2.408398450502224897e+00
9.023640042074847045e+00
1.998534380952906986e+01
1.082757418691246976e+00
1.329810909687479636e+01
2.228769794911392488e+00
2.179249449734846422e+01
1.550562637456311732e+00
2.211562287991671027e+01
2.989311694204289882e+00
1.308477618951585209e+00
1.421036558770371272e+00
2.412935436549628054e+00
1.691952179126651501e+01
6.983497497856482994e+00
1.194723349198657969e+00
1.034237146917757144e+01
1.080459660609901951e+00
1.957403718829657358e+00
7.088000664172993481e+01
1.606175628120570797e+00
3.697241472924883254e+00
8.138810668629632872e+00
1.771878400919704077e+01
9.142904270921066257e+01
1.726488549467750033e+01
4.491347910052231107e+00
1.800292645235054678e+01
8.056938773067892967e+00
5.864382884950260610e+00
4.617931862362637752e+00
2.493392091499414764e+00
4.486816147042838487e+00
1.401440567747958355e+01
2.334196903757797870e+00
3.192642166425440742e+00
1.784717124834881208e+00
6.130434070719213757e+00
1.690594431721774038e+00
1.513774689237612670e+01
2.442348985717721987e+01
2.948938745566568898e+01
5.052238423182478400e+00
1.417407790784881527e+01
1.198142515302657962e+01
3.770330644051684388e+00
3.988295044158518099e+00
2.076313270706200953e+01
6.003192113382053385e+00
1.688665301795641671e+00
3.175363155604635335e+00
2.598262073435578579e+00
4.840689651856521891e+00
5.632177048180437140e+01
5.182784076451138588e+00
2.113851284028953614e+00
1.522166936645188429e+00
1.682481283782270465e+00
5.409865826953322632e+00
2.390509027508127460e+01
1.019745111296122708e+01
2.665488668694514285e+00
3.514186146373053710e+00
6.681513951734539880e+00
2.144838474996779354e+01
2.324921108429574002e+00
1.440568125254133314e+01
1.030789272098407316e+00
1.285505752151520076e+00
1.470701846925300060e+01
7.871399064837771853e+00
3.695639069047470748e+00
1.416256156275052263e+02
1.409487127346491491e+02
7.419142113876265654e+00
1.558680395864807888e+00
3.095166090663300906e+01
1.232979163144337953e+01
2.992452289033782353e+00
2.306911055302918623e+00
2.134568776168952908e+01
1.512276111571871340e+01
5.013843414920493124e+00
1.533732060434285671e+00
1.010040858392398633e+01
1.241185051696408248e+00
2.207783916105586997e+00
4.572252599826640562e+00
2.254969466593733429e+00
4.294872244072129419e+00
1.115072249130479198e+00
8.417118970889106322e+00
2.682217999874492875e+01
5.503269012377124625e+00
1.270815232959731667e+01
1.845391709494691668e+00
1.465069768209390721e+00
1.899849550274352650e+00
9.939679589527500525e+00
2.351905158203997370e+00
1.002398166855794059e+01
1.485770409752371890e+01
1.461397152616176642e+00
2.887812397057158087e+00
8.005996546931958946e+00
2.768076129093557469e+01
7.173187822449453854e+00
5.656431660629936964e+00
3.360927063345508614e+00
1.446800574425147978e+00
5.078423961423832012e+00
2.655285406231754308e+01
1.141513113505492560e+00
1.545354951951771527e+00
1.293891423689959463e+00
1.966071738672624303e+00
3.194301334443816032e+00
8.101306456689231439e+00
3.747735656508868196e+00
1.218270720760134207e+00
3.790201322148447627e+00
1.101906997750884631e+00
6.853816211966639038e+00
1.310491390094939090e+00
1.080273427586492918e+00
1.637313489035711811e+01
2.220533773246774700e+01
4.230922267294157102e+00
2.086824131277923211e+00
1.636504453697856931e+01
1.140734994335134367e+00
3.569871663606707379e+00
2.791234628237385884e+00
3.988805369257065792e+01
2.669759734517806571e+00
1.772995940244266988e+00
6.105999843080559941e+01
4.467166865701670986e+00
5.857055674250576160e+00
1.815801237487177255e+00
2.397572095830901695e+00
2.115849201779609334e+00
1.182476948033220676e+00
1.078328135091827988e+01
1.153575945592459249e+02
1.437771025542288639e+00
1.635918768152720526e+00
1.976420064955396017e+00
1.449602215020973528e+00
1.152933397242931202e+00
6.685336135160618198e+00
2.856043438116506739e+00
8.609891256793331422e+02
1.260766659550051960e+00
3.134049063249437772e+00
1.474126349773696916e+02
1.372224823870488830e+00
7.849950350443468672e+00
1.059291167250599353e+00
1.237489226477280013e+01
9.002460375531480707e+00
1.043023047104934875e+00
3.036227855161049405e+01
1.810899606751077195e+00
1.230795211079857943e+01
7.994111089954142102e+00
6.137177379099079566e+00
2.445663058299828663e+00
7.880270962267187151e+00
1.988144223621689122e+01
4.847207121147871334e+00
5.641666574348251828e+01
3.251532274428678537e+00
1.385271884064820602e+00
4.903806461374893289e+00
2.100901802054050549e+01
4.752460826068265476e+01
1.297675698766118657e+00
3.428043290599745330e+00
1.494899182445434294e+00
1.671814351215984207e+00
4.840670242684350200e+01
1.872539090332140077e+01
7.259729622307283137e+01
2.183459073347745232e+02
4.098542293728319130e+00
2.441250986135932610e+00
1.213511063453298400e+00
4.858960194685116640e+00
4.551711690335507932e+00
1.999399211034632984e+01
2.862677999132129614e+01
2.742323744707872635e+01
1.428811715373601317e+02
6.424996973829679270e+00
2.011806545743131114e+00
8.616079464693903844e+00
2.521570099002558507e+01
1.528961395427624836e+01
2.359730318571599650e+00
1.045697125630352176e+01
3.236897439673163746e+01
3.898826979452647112e+00
4.192511194626482585e+00
4.401669867332456647e+02
2.993936749737833836e+01
3.185135431769130498e+00
3.114298866374751995e+01
1.378460656571231180e+00
1.261763995988843590e+00
4.474064580326536600e+01
1.379303433021839442e+00
4.061398795065109368e+01
1.707207743340456219e+01
3.591936610692970788e+01
2.231523919217698548e+00
1.431527271404356760e+00
6.287307107597056799e+00
2.938458951073671166e+00
1.873361549849772212e+00
2.466791160288172335e+01
5.721261469858509372e+02
2.271248095863609251e+01
1.495578348333678420e+00
4.777626779709809739e+02
1.501411622310290017e+00
5.791249172130760847e+00
6.112272617582096501e+00
1.455868012814890911e+01
1.354891797194918146e+00
4.756986694805658722e+00
1.508798860761825900e+00
9.396354044304949582e+00
2.997979050689209668e+00
1.546560880727452458e+00
1.136333895152225715e+00
5.258126545532304519e+00
2.712778225718234992e+01
4.123917894174386589e+00
5.798909579511700052e+00
1.354868886524487337e+00
6.955257416555452821e+00
2.726193487060576004e+01
2.579490602534007415e+00
1.166671563340312190e+00
6.896621605402074806e+00
3.607034723486518324e+00
4.742292353210807221e+01
4.403440617230323539e+00
3.951296470235455871e+01
3.286166903457560462e+00
3.292299801808094006e+00
4.366446260441393612e+00
1.194315522049688827e+00
2.512804068679433289e+00
2.572503120307587210e+00
1.360876726657338232e+01
2.564589407981982649e+00
1.712794285833734609e+00
1.671929747629434582e+00
1.617808774594412213e+01
1.167796634942155576e+00
7.764317805914213011e+01
2.213480846842250216e+00
2.537220404286455899e+00
2.455957755874100812e+00
5.948917828742894542e+00
2.738988174834155487e+01
1.384203055229142265e+01
1.568779062305535321e+00
3.428736770507544662e+00
1.331730578893241201e+00
1.385219138414680806e+01
1.784627752450677729e+00
5.496117512356646806e+00
7.362992710269248064e+00
1.161476825414724079e+00
3.587337845249454205e+00
3.486542076148535063e+00
2.493151987619764309e+00
1.318911847028173590e+01
2.419175088263585405e+00
1.525778236480393346e+00
1.182613236283274638e+00
3.017110696110428147e+00
