1.414947509765625000e-01
1.716613769531250000e-05
8.106231689453125000e-06
6.437301635742187500e-06
6.437301635742187500e-06
6.437301635742187500e-06
7.152557373046875000e-06
7.152557373046875000e-06
8.344650268554687500e-06
4.553794860839843750e-05
7.390975952148437500e-06
6.914138793945312500e-06
6.914138793945312500e-06
5.483627319335937500e-06
6.675720214843750000e-06
6.675720214843750000e-06
6.437301635742187500e-06
6.675720214843750000e-06
6.914138793945312500e-06
6.914138793945312500e-06
7.390975952148437500e-06
7.152557373046875000e-06
6.914138793945312500e-06
6.675720214843750000e-06
5.960464477539062500e-06
6.437301635742187500e-06
6.675720214843750000e-06
6.437301635742187500e-06
6.198883056640625000e-06
6.675720214843750000e-06
6.914138793945312500e-06
7.390975952148437500e-06
1.168251037597656250e-05
9.059906005859375000e-06
5.483627319335937500e-06
5.483627319335937500e-06
5.722045898437500000e-06
5.483627319335937500e-06
5.722045898437500000e-06
5.722045898437500000e-06
5.960464477539062500e-06
5.245208740234375000e-06
5.722045898437500000e-06
5.483627319335937500e-06
5.245208740234375000e-06
5.722045898437500000e-06
6.198883056640625000e-06
5.245208740234375000e-06
5.245208740234375000e-06
5.483627319335937500e-06
6.675720214843750000e-06
5.483627319335937500e-06
5.483627319335937500e-06
5.483627319335937500e-06
5.960464477539062500e-06
5.245208740234375000e-06
5.006790161132812500e-06
5.483627319335937500e-06
5.722045898437500000e-06
5.245208740234375000e-06
5.483627319335937500e-06
8.106231689453125000e-06
5.483627319335937500e-06
5.483627319335937500e-06
6.675720214843750000e-06
5.483627319335937500e-06
5.006790161132812500e-06
5.483627319335937500e-06
5.722045898437500000e-06
5.483627319335937500e-06
6.675720214843750000e-06
5.006790161132812500e-06
5.245208740234375000e-06
5.722045898437500000e-06
5.483627319335937500e-06
1.192092895507812500e-05
6.675720214843750000e-06
5.960464477539062500e-06
5.006790161132812500e-06
5.722045898437500000e-06
5.722045898437500000e-06
6.198883056640625000e-06
5.006790161132812500e-06
5.483627319335937500e-06
5.006790161132812500e-06
4.529953002929687500e-06
5.483627319335937500e-06
5.722045898437500000e-06
6.675720214843750000e-06
5.006790161132812500e-06
5.483627319335937500e-06
5.722045898437500000e-06
5.722045898437500000e-06
5.483627319335937500e-06
5.006790161132812500e-06
5.483627319335937500e-06
5.722045898437500000e-06
5.483627319335937500e-06
6.198883056640625000e-06
5.245208740234375000e-06
5.006790161132812500e-06
5.483627319335937500e-06
5.722045898437500000e-06
5.245208740234375000e-06
5.006790161132812500e-06
5.960464477539062500e-06
5.483627319335937500e-06
6.675720214843750000e-06
5.245208740234375000e-06
5.483627319335937500e-06
5.245208740234375000e-06
6.437301635742187500e-06
5.006790161132812500e-06
6.437301635742187500e-06
5.960464477539062500e-06
5.960464477539062500e-06
5.245208740234375000e-06
5.006790161132812500e-06
5.245208740234375000e-06
5.960464477539062500e-06
6.437301635742187500e-06
5.245208740234375000e-06
5.006790161132812500e-06
5.483627319335937500e-06
5.483627319335937500e-06
5.960464477539062500e-06
5.245208740234375000e-06
1.811981201171875000e-05
5.483627319335937500e-06
5.245208740234375000e-06
5.245208740234375000e-06
5.722045898437500000e-06
4.768371582031250000e-06
5.722045898437500000e-06
4.768371582031250000e-06
4.768371582031250000e-06
5.006790161132812500e-06
5.006790161132812500e-06
5.006790161132812500e-06
5.245208740234375000e-06
5.245208740234375000e-06
5.960464477539062500e-06
5.960464477539062500e-06
5.006790161132812500e-06
5.483627319335937500e-06
5.006790161132812500e-06
4.529953002929687500e-06
4.529953002929687500e-06
4.768371582031250000e-06
5.006790161132812500e-06
5.245208740234375000e-06
5.483627319335937500e-06
5.006790161132812500e-06
1.454353332519531250e-05
4.768371582031250000e-06
4.529953002929687500e-06
5.245208740234375000e-06
5.245208740234375000e-06
5.722045898437500000e-06
5.722045898437500000e-06
5.245208740234375000e-06
4.529953002929687500e-06
5.006790161132812500e-06
4.768371582031250000e-06
4.529953002929687500e-06
5.722045898437500000e-06
5.722045898437500000e-06
5.245208740234375000e-06
5.483627319335937500e-06
5.483627319335937500e-06
5.483627319335937500e-06
5.006790161132812500e-06
4.529953002929687500e-06
4.768371582031250000e-06
5.483627319335937500e-06
5.006790161132812500e-06
5.006790161132812500e-06
6.437301635742187500e-06
4.529953002929687500e-06
5.006790161132812500e-06
4.768371582031250000e-06
5.006790161132812500e-06
5.245208740234375000e-06
5.483627319335937500e-06
6.198883056640625000e-06
5.006790161132812500e-06
5.006790161132812500e-06
4.529953002929687500e-06
5.006790161132812500e-06
4.529953002929687500e-06
5.483627319335937500e-06
5.245208740234375000e-06
5.006790161132812500e-06
5.722045898437500000e-06
4.768371582031250000e-06
4.529953002929687500e-06
4.768371582031250000e-06
4.529953002929687500e-06
5.006790161132812500e-06
4.529953002929687500e-06
4.768371582031250000e-06
5.483627319335937500e-06
5.006790161132812500e-06
5.006790161132812500e-06
5.245208740234375000e-06
5.006790161132812500e-06
6.198883056640625000e-06
6.198883056640625000e-06
4.529953002929687500e-06
4.768371582031250000e-06
4.768371582031250000e-06
4.768371582031250000e-06
5.245208740234375000e-06
4.529953002929687500e-06
6.198883056640625000e-06
6.198883056640625000e-06
5.006790161132812500e-06
6.198883056640625000e-06
5.006790161132812500e-06
4.768371582031250000e-06
5.245208740234375000e-06
5.245208740234375000e-06
6.914138793945312500e-06
5.245208740234375000e-06
5.006790161132812500e-06
4.768371582031250000e-06
4.529953002929687500e-06
5.006790161132812500e-06
3.814697265625000000e-06
4.768371582031250000e-06
5.245208740234375000e-06
5.483627319335937500e-06
5.245208740234375000e-06
5.960464477539062500e-06
5.483627319335937500e-06
4.768371582031250000e-06
4.768371582031250000e-06
5.483627319335937500e-06
1.049041748046875000e-05
5.483627319335937500e-06
4.768371582031250000e-06
4.529953002929687500e-06
5.245208740234375000e-06
5.483627319335937500e-06
4.768371582031250000e-06
5.483627319335937500e-06
6.437301635742187500e-06
5.483627319335937500e-06
4.529953002929687500e-06
5.483627319335937500e-06
6.198883056640625000e-06
5.006790161132812500e-06
5.006790161132812500e-06
5.245208740234375000e-06
5.245208740234375000e-06
5.245208740234375000e-06
5.006790161132812500e-06
4.529953002929687500e-06
5.006790161132812500e-06
5.245208740234375000e-06
5.722045898437500000e-06
4.529953002929687500e-06
4.768371582031250000e-06
5.006790161132812500e-06
5.245208740234375000e-06
5.006790161132812500e-06
6.198883056640625000e-06
4.768371582031250000e-06
4.768371582031250000e-06
5.722045898437500000e-06
5.006790161132812500e-06
4.768371582031250000e-06
4.768371582031250000e-06
4.768371582031250000e-06
4.768371582031250000e-06
6.198883056640625000e-06
5.245208740234375000e-06
5.245208740234375000e-06
5.006790161132812500e-06
5.483627319335937500e-06
5.006790161132812500e-06
5.006790161132812500e-06
5.006790161132812500e-06
5.245208740234375000e-06
6.437301635742187500e-06
4.529953002929687500e-06
5.006790161132812500e-06
5.006790161132812500e-06
5.722045898437500000e-06
5.245208740234375000e-06
5.245208740234375000e-06
5.006790161132812500e-06
5.006790161132812500e-06
5.722045898437500000e-06
4.529953002929687500e-06
4.529953002929687500e-06
5.006790161132812500e-06
5.245208740234375000e-06
6.198883056640625000e-06
4.768371582031250000e-06
4.529953002929687500e-06
5.245208740234375000e-06
5.006790161132812500e-06
6.198883056640625000e-06
5.245208740234375000e-06
4.768371582031250000e-06
5.245208740234375000e-06
5.006790161132812500e-06
5.006790161132812500e-06
5.006790161132812500e-06
5.006790161132812500e-06
5.245208740234375000e-06
6.437301635742187500e-06
5.006790161132812500e-06
4.768371582031250000e-06
5.006790161132812500e-06
5.245208740234375000e-06
5.245208740234375000e-06
4.529953002929687500e-06
5.245208740234375000e-06
5.245208740234375000e-06
5.722045898437500000e-06
4.529953002929687500e-06
6.198883056640625000e-06
5.483627319335937500e-06
6.198883056640625000e-06
5.006790161132812500e-06
5.006790161132812500e-06
5.722045898437500000e-06
6.198883056640625000e-06
4.768371582031250000e-06
4.768371582031250000e-06
5.245208740234375000e-06
5.245208740234375000e-06
6.198883056640625000e-06
5.006790161132812500e-06
5.006790161132812500e-06
5.722045898437500000e-06
5.245208740234375000e-06
4.529953002929687500e-06
5.006790161132812500e-06
5.006790161132812500e-06
4.529953002929687500e-06
5.245208740234375000e-06
5.245208740234375000e-06
5.483627319335937500e-06
4.529953002929687500e-06
5.245208740234375000e-06
5.245208740234375000e-06
5.483627319335937500e-06
5.006790161132812500e-06
4.768371582031250000e-06
4.768371582031250000e-06
5.722045898437500000e-06
5.245208740234375000e-06
5.006790161132812500e-06
5.006790161132812500e-06
5.006790161132812500e-06
4.529953002929687500e-06
4.529953002929687500e-06
5.006790161132812500e-06
5.006790161132812500e-06
5.245208740234375000e-06
4.768371582031250000e-06
5.006790161132812500e-06
5.006790161132812500e-06
5.722045898437500000e-06
5.006790161132812500e-06
4.768371582031250000e-06
4.768371582031250000e-06
5.483627319335937500e-06
5.722045898437500000e-06
5.006790161132812500e-06
5.722045898437500000e-06
5.006790161132812500e-06
5.722045898437500000e-06
5.006790161132812500e-06
4.529953002929687500e-06
4.529953002929687500e-06
5.006790161132812500e-06
5.245208740234375000e-06
5.483627319335937500e-06
5.245208740234375000e-06
4.529953002929687500e-06
5.006790161132812500e-06
5.006790161132812500e-06
5.006790161132812500e-06
5.483627319335937500e-06
6.198883056640625000e-06
5.006790161132812500e-06
4.768371582031250000e-06
5.006790161132812500e-06
6.675720214843750000e-06
4.768371582031250000e-06
5.006790161132812500e-06
5.006790161132812500e-06
5.960464477539062500e-06
5.245208740234375000e-06
4.768371582031250000e-06
5.483627319335937500e-06
5.245208740234375000e-06
4.768371582031250000e-06
4.529953002929687500e-06
4.768371582031250000e-06
5.245208740234375000e-06
5.245208740234375000e-06
5.006790161132812500e-06
5.006790161132812500e-06
4.053115844726562500e-06
5.245208740234375000e-06
4.529953002929687500e-06
5.245208740234375000e-06
1.358985900878906250e-05
4.768371582031250000e-06
5.483627319335937500e-06
5.006790161132812500e-06
5.960464477539062500e-06
5.245208740234375000e-06
5.245208740234375000e-06
4.768371582031250000e-06
4.529953002929687500e-06
5.245208740234375000e-06
5.483627319335937500e-06
4.768371582031250000e-06
4.768371582031250000e-06
6.198883056640625000e-06
5.006790161132812500e-06
6.437301635742187500e-06
5.245208740234375000e-06
6.198883056640625000e-06
5.006790161132812500e-06
5.245208740234375000e-06
5.006790161132812500e-06
5.245208740234375000e-06
5.245208740234375000e-06
4.768371582031250000e-06
5.006790161132812500e-06
5.483627319335937500e-06
5.483627319335937500e-06
5.245208740234375000e-06
5.006790161132812500e-06
5.006790161132812500e-06
5.006790161132812500e-06
5.483627319335937500e-06
5.006790161132812500e-06
4.768371582031250000e-06
5.483627319335937500e-06
5.245208740234375000e-06
5.006790161132812500e-06
4.529953002929687500e-06
4.529953002929687500e-06
5.245208740234375000e-06
6.198883056640625000e-06
5.006790161132812500e-06
4.529953002929687500e-06
5.245208740234375000e-06
5.960464477539062500e-06
5.245208740234375000e-06
4.768371582031250000e-06
5.006790161132812500e-06
5.483627319335937500e-06
5.722045898437500000e-06
5.006790161132812500e-06
5.483627319335937500e-06
5.722045898437500000e-06
5.722045898437500000e-06
5.006790161132812500e-06
5.483627319335937500e-06
4.529953002929687500e-06
5.245208740234375000e-06
5.483627319335937500e-06
4.768371582031250000e-06
5.006790161132812500e-06
7.152557373046875000e-06
5.483627319335937500e-06
5.483627319335937500e-06
4.529953002929687500e-06
5.483627319335937500e-06
5.006790161132812500e-06
5.245208740234375000e-06
6.198883056640625000e-06
5.245208740234375000e-06
4.768371582031250000e-06
5.245208740234375000e-06
4.768371582031250000e-06
5.245208740234375000e-06
7.390975952148437500e-06
4.529953002929687500e-06
5.006790161132812500e-06
5.006790161132812500e-06
5.483627319335937500e-06
5.483627319335937500e-06
5.483627319335937500e-06
5.483627319335937500e-06
4.768371582031250000e-06
4.768371582031250000e-06
5.006790161132812500e-06
5.722045898437500000e-06
4.768371582031250000e-06
5.483627319335937500e-06
4.768371582031250000e-06
5.483627319335937500e-06
5.483627319335937500e-06
5.245208740234375000e-06
5.483627319335937500e-06
5.722045898437500000e-06
4.529953002929687500e-06
5.245208740234375000e-06
5.006790161132812500e-06
4.768371582031250000e-06
5.245208740234375000e-06
5.245208740234375000e-06
5.006790161132812500e-06
5.483627319335937500e-06
5.483627319335937500e-06
4.529953002929687500e-06
5.006790161132812500e-06
5.006790161132812500e-06
5.006790161132812500e-06
5.006790161132812500e-06
4.529953002929687500e-06
4.529953002929687500e-06
5.245208740234375000e-06
6.198883056640625000e-06
4.529953002929687500e-06
5.483627319335937500e-06
5.245208740234375000e-06
6.198883056640625000e-06
5.483627319335937500e-06
5.483627319335937500e-06
5.483627319335937500e-06
4.529953002929687500e-06
5.722045898437500000e-06
4.768371582031250000e-06
5.245208740234375000e-06
4.768371582031250000e-06
5.006790161132812500e-06
5.245208740234375000e-06
4.768371582031250000e-06
4.768371582031250000e-06
5.006790161132812500e-06
5.245208740234375000e-06
5.006790161132812500e-06
5.960464477539062500e-06
4.768371582031250000e-06
6.437301635742187500e-06
5.245208740234375000e-06
5.960464477539062500e-06
4.768371582031250000e-06
5.245208740234375000e-06
5.722045898437500000e-06
5.245208740234375000e-06
5.245208740234375000e-06
4.768371582031250000e-06
4.529953002929687500e-06
5.483627319335937500e-06
5.722045898437500000e-06
5.245208740234375000e-06
5.960464477539062500e-06
5.960464477539062500e-06
4.768371582031250000e-06
5.006790161132812500e-06
4.529953002929687500e-06
5.245208740234375000e-06
4.768371582031250000e-06
6.198883056640625000e-06
5.722045898437500000e-06
4.768371582031250000e-06
5.245208740234375000e-06
4.768371582031250000e-06
5.245208740234375000e-06
5.245208740234375000e-06
1.120567321777343750e-05
5.245208740234375000e-06
5.006790161132812500e-06
5.006790161132812500e-06
4.529953002929687500e-06
5.245208740234375000e-06
4.529953002929687500e-06
5.483627319335937500e-06
6.437301635742187500e-06
5.006790161132812500e-06
5.245208740234375000e-06
5.245208740234375000e-06
4.768371582031250000e-06
4.529953002929687500e-06
5.006790161132812500e-06
5.006790161132812500e-06
5.006790161132812500e-06
4.768371582031250000e-06
5.006790161132812500e-06
5.245208740234375000e-06
5.960464477539062500e-06
4.529953002929687500e-06
5.245208740234375000e-06
5.245208740234375000e-06
5.006790161132812500e-06
5.006790161132812500e-06
4.529953002929687500e-06
4.768371582031250000e-06
5.245208740234375000e-06
4.768371582031250000e-06
5.006790161132812500e-06
4.768371582031250000e-06
5.006790161132812500e-06
5.006790161132812500e-06
5.245208740234375000e-06
6.675720214843750000e-06
5.483627319335937500e-06
6.198883056640625000e-06
5.722045898437500000e-06
4.529953002929687500e-06
4.768371582031250000e-06
4.529953002929687500e-06
4.529953002929687500e-06
5.483627319335937500e-06
6.675720214843750000e-06
5.960464477539062500e-06
4.768371582031250000e-06
5.245208740234375000e-06
5.245208740234375000e-06
4.768371582031250000e-06
5.245208740234375000e-06
4.529953002929687500e-06
5.722045898437500000e-06
5.483627319335937500e-06
5.483627319335937500e-06
5.960464477539062500e-06
5.006790161132812500e-06
5.960464477539062500e-06
4.529953002929687500e-06
5.006790161132812500e-06
4.768371582031250000e-06
6.437301635742187500e-06
5.245208740234375000e-06
6.198883056640625000e-06
5.960464477539062500e-06
4.529953002929687500e-06
5.483627319335937500e-06
4.529953002929687500e-06
4.529953002929687500e-06
4.529953002929687500e-06
4.529953002929687500e-06
4.768371582031250000e-06
5.245208740234375000e-06
5.006790161132812500e-06
4.768371582031250000e-06
5.245208740234375000e-06
4.768371582031250000e-06
5.245208740234375000e-06
4.768371582031250000e-06
4.768371582031250000e-06
5.722045898437500000e-06
4.529953002929687500e-06
5.006790161132812500e-06
1.001358032226562500e-05
5.006790161132812500e-06
4.768371582031250000e-06
5.006790161132812500e-06
4.291534423828125000e-06
5.006790161132812500e-06
4.768371582031250000e-06
6.437301635742187500e-06
4.529953002929687500e-06
6.437301635742187500e-06
4.768371582031250000e-06
4.768371582031250000e-06
5.722045898437500000e-06
5.006790161132812500e-06
6.198883056640625000e-06
4.768371582031250000e-06
5.006790161132812500e-06
4.529953002929687500e-06
5.006790161132812500e-06
5.006790161132812500e-06
5.006790161132812500e-06
5.722045898437500000e-06
5.006790161132812500e-06
4.768371582031250000e-06
5.006790161132812500e-06
5.245208740234375000e-06
5.245208740234375000e-06
6.914138793945312500e-06
4.768371582031250000e-06
5.006790161132812500e-06
5.483627319335937500e-06
5.483627319335937500e-06
4.768371582031250000e-06
5.006790161132812500e-06
4.768371582031250000e-06
5.006790161132812500e-06
4.529953002929687500e-06
5.245208740234375000e-06
4.529953002929687500e-06
4.768371582031250000e-06
5.483627319335937500e-06
4.768371582031250000e-06
5.245208740234375000e-06
4.529953002929687500e-06
5.006790161132812500e-06
4.768371582031250000e-06
5.245208740234375000e-06
4.768371582031250000e-06
5.006790161132812500e-06
4.529953002929687500e-06
5.245208740234375000e-06
5.006790161132812500e-06
5.006790161132812500e-06
4.768371582031250000e-06
4.529953002929687500e-06
4.768371582031250000e-06
4.529953002929687500e-06
5.722045898437500000e-06
4.529953002929687500e-06
5.245208740234375000e-06
6.437301635742187500e-06
4.768371582031250000e-06
5.245208740234375000e-06
4.291534423828125000e-06
5.245208740234375000e-06
5.006790161132812500e-06
5.006790161132812500e-06
5.006790161132812500e-06
4.768371582031250000e-06
4.529953002929687500e-06
6.198883056640625000e-06
5.722045898437500000e-06
5.722045898437500000e-06
5.245208740234375000e-06
5.960464477539062500e-06
5.006790161132812500e-06
5.483627319335937500e-06
4.768371582031250000e-06
4.768371582031250000e-06
4.529953002929687500e-06
5.483627319335937500e-06
5.483627319335937500e-06
6.914138793945312500e-06
8.583068847656250000e-06
5.245208740234375000e-06
5.245208740234375000e-06
5.006790161132812500e-06
5.245208740234375000e-06
4.768371582031250000e-06
5.483627319335937500e-06
5.245208740234375000e-06
6.914138793945312500e-06
5.483627319335937500e-06
4.768371582031250000e-06
5.483627319335937500e-06
4.291534423828125000e-06
5.006790161132812500e-06
5.483627319335937500e-06
4.529953002929687500e-06
4.768371582031250000e-06
5.006790161132812500e-06
5.006790161132812500e-06
5.722045898437500000e-06
6.198883056640625000e-06
6.198883056640625000e-06
6.198883056640625000e-06
4.291534423828125000e-06
4.768371582031250000e-06
4.768371582031250000e-06
5.245208740234375000e-06
5.483627319335937500e-06
5.245208740234375000e-06
5.006790161132812500e-06
4.291534423828125000e-06
5.006790161132812500e-06
4.529953002929687500e-06
5.245208740234375000e-06
6.198883056640625000e-06
4.768371582031250000e-06
5.245208740234375000e-06
4.529953002929687500e-06
6.198883056640625000e-06
4.529953002929687500e-06
5.006790161132812500e-06
5.483627319335937500e-06
5.006790161132812500e-06
6.198883056640625000e-06
5.245208740234375000e-06
5.960464477539062500e-06
5.006790161132812500e-06
4.768371582031250000e-06
4.529953002929687500e-06
6.437301635742187500e-06
4.529953002929687500e-06
6.198883056640625000e-06
6.198883056640625000e-06
4.529953002929687500e-06
5.483627319335937500e-06
5.483627319335937500e-06
5.245208740234375000e-06
4.768371582031250000e-06
5.245208740234375000e-06
5.722045898437500000e-06
4.529953002929687500e-06
5.245208740234375000e-06
4.768371582031250000e-06
5.245208740234375000e-06
5.722045898437500000e-06
4.529953002929687500e-06
5.483627319335937500e-06
4.529953002929687500e-06
5.245208740234375000e-06
5.722045898437500000e-06
5.722045898437500000e-06
5.483627319335937500e-06
5.006790161132812500e-06
5.006790161132812500e-06
5.006790161132812500e-06
5.245208740234375000e-06
5.006790161132812500e-06
5.722045898437500000e-06
5.722045898437500000e-06
5.006790161132812500e-06
5.483627319335937500e-06
4.768371582031250000e-06
5.245208740234375000e-06
4.768371582031250000e-06
4.768371582031250000e-06
5.245208740234375000e-06
4.529953002929687500e-06
5.483627319335937500e-06
5.245208740234375000e-06
5.245208740234375000e-06
4.768371582031250000e-06
4.529953002929687500e-06
5.245208740234375000e-06
4.768371582031250000e-06
5.006790161132812500e-06
5.006790161132812500e-06
6.437301635742187500e-06
5.483627319335937500e-06
5.006790161132812500e-06
4.768371582031250000e-06
4.768371582031250000e-06
5.483627319335937500e-06
5.960464477539062500e-06
5.245208740234375000e-06
5.483627319335937500e-06
5.245208740234375000e-06
4.529953002929687500e-06
5.245208740234375000e-06
5.245208740234375000e-06
5.960464477539062500e-06
5.006790161132812500e-06
5.960464477539062500e-06
4.529953002929687500e-06
5.483627319335937500e-06
4.529953002929687500e-06
5.483627319335937500e-06
5.006790161132812500e-06
5.245208740234375000e-06
4.529953002929687500e-06
4.529953002929687500e-06
5.960464477539062500e-06
5.245208740234375000e-06
5.245208740234375000e-06
5.960464477539062500e-06
5.006790161132812500e-06
5.722045898437500000e-06
5.006790161132812500e-06
4.529953002929687500e-06
5.006790161132812500e-06
5.245208740234375000e-06
4.529953002929687500e-06
4.529953002929687500e-06
5.245208740234375000e-06
4.529953002929687500e-06
5.245208740234375000e-06
4.768371582031250000e-06
5.483627319335937500e-06
4.529953002929687500e-06
5.245208740234375000e-06
5.483627319335937500e-06
5.722045898437500000e-06
5.483627319335937500e-06
5.245208740234375000e-06
5.245208740234375000e-06
6.198883056640625000e-06
5.006790161132812500e-06
5.245208740234375000e-06
5.006790161132812500e-06
5.483627319335937500e-06
5.960464477539062500e-06
5.245208740234375000e-06
5.245208740234375000e-06
5.006790161132812500e-06
5.006790161132812500e-06
5.245208740234375000e-06
5.245208740234375000e-06
5.245208740234375000e-06
4.768371582031250000e-06
5.483627319335937500e-06
4.529953002929687500e-06
5.006790161132812500e-06
5.245208740234375000e-06
5.245208740234375000e-06
5.722045898437500000e-06
6.198883056640625000e-06
4.529953002929687500e-06
5.483627319335937500e-06
6.198883056640625000e-06
4.768371582031250000e-06
5.245208740234375000e-06
5.245208740234375000e-06
5.245208740234375000e-06
5.245208740234375000e-06
6.198883056640625000e-06
5.722045898437500000e-06
5.483627319335937500e-06
5.245208740234375000e-06
5.483627319335937500e-06
5.006790161132812500e-06
5.960464477539062500e-06
5.483627319335937500e-06
5.006790161132812500e-06
5.483627319335937500e-06
4.768371582031250000e-06
4.768371582031250000e-06
5.006790161132812500e-06
5.245208740234375000e-06
4.768371582031250000e-06
5.006790161132812500e-06
5.006790161132812500e-06
5.722045898437500000e-06
4.768371582031250000e-06
5.245208740234375000e-06
5.483627319335937500e-06
6.198883056640625000e-06
4.768371582031250000e-06
5.483627319335937500e-06
5.245208740234375000e-06
5.483627319335937500e-06
5.006790161132812500e-06
4.768371582031250000e-06
5.006790161132812500e-06
4.768371582031250000e-06
4.529953002929687500e-06
5.245208740234375000e-06
4.529953002929687500e-06
5.006790161132812500e-06
5.722045898437500000e-06
5.960464477539062500e-06
5.245208740234375000e-06
5.245208740234375000e-06
5.006790161132812500e-06
4.768371582031250000e-06
5.006790161132812500e-06
4.291534423828125000e-06
5.483627319335937500e-06
5.245208740234375000e-06
5.245208740234375000e-06
4.768371582031250000e-06
5.960464477539062500e-06
4.768371582031250000e-06
5.006790161132812500e-06
4.529953002929687500e-06
4.768371582031250000e-06
4.768371582031250000e-06
5.483627319335937500e-06
4.529953002929687500e-06
5.245208740234375000e-06
4.529953002929687500e-06
5.006790161132812500e-06
5.245208740234375000e-06
4.768371582031250000e-06
4.529953002929687500e-06
6.437301635742187500e-06
5.960464477539062500e-06
5.483627319335937500e-06
4.529953002929687500e-06
4.529953002929687500e-06
4.529953002929687500e-06
5.483627319335937500e-06
4.529953002929687500e-06
5.006790161132812500e-06
5.245208740234375000e-06
4.529953002929687500e-06
4.768371582031250000e-06
5.483627319335937500e-06
4.768371582031250000e-06
9.298324584960937500e-06
4.768371582031250000e-06
5.245208740234375000e-06
4.529953002929687500e-06
5.006790161132812500e-06
5.245208740234375000e-06
4.768371582031250000e-06
4.529953002929687500e-06
5.245208740234375000e-06
4.768371582031250000e-06
5.006790161132812500e-06
6.198883056640625000e-06
5.006790161132812500e-06
4.768371582031250000e-06
5.245208740234375000e-06
4.529953002929687500e-06
5.006790161132812500e-06
5.483627319335937500e-06
5.722045898437500000e-06
5.483627319335937500e-06
5.006790161132812500e-06
4.768371582031250000e-06
4.768371582031250000e-06
4.529953002929687500e-06
5.245208740234375000e-06
5.245208740234375000e-06
5.006790161132812500e-06
5.245208740234375000e-06
5.245208740234375000e-06
4.529953002929687500e-06
6.198883056640625000e-06
4.768371582031250000e-06
5.006790161132812500e-06
4.768371582031250000e-06
5.483627319335937500e-06
5.006790161132812500e-06
6.437301635742187500e-06
4.529953002929687500e-06
5.483627319335937500e-06
5.006790161132812500e-06
4.768371582031250000e-06
5.245208740234375000e-06
5.483627319335937500e-06
5.483627319335937500e-06
5.483627319335937500e-06
5.006790161132812500e-06
4.768371582031250000e-06
5.006790161132812500e-06
4.529953002929687500e-06
4.529953002929687500e-06
5.245208740234375000e-06
4.768371582031250000e-06
5.006790161132812500e-06
5.245208740234375000e-06
4.768371582031250000e-06
5.245208740234375000e-06
5.483627319335937500e-06
5.960464477539062500e-06
4.529953002929687500e-06
5.006790161132812500e-06
5.483627319335937500e-06
6.437301635742187500e-06
5.245208740234375000e-06
5.245208740234375000e-06
5.245208740234375000e-06
5.245208740234375000e-06
5.245208740234375000e-06
4.768371582031250000e-06
5.006790161132812500e-06
4.529953002929687500e-06
4.529953002929687500e-06
4.291534423828125000e-06
5.245208740234375000e-06
6.437301635742187500e-06
5.483627319335937500e-06
5.483627319335937500e-06
4.529953002929687500e-06
5.245208740234375000e-06
4.768371582031250000e-06
4.529953002929687500e-06
5.245208740234375000e-06
4.768371582031250000e-06
5.006790161132812500e-06
8.821487426757812500e-06
5.722045898437500000e-06
5.483627319335937500e-06
5.245208740234375000e-06
5.245208740234375000e-06
5.245208740234375000e-06
5.960464477539062500e-06
4.291534423828125000e-06
5.245208740234375000e-06
4.529953002929687500e-06
5.245208740234375000e-06
4.529953002929687500e-06
5.006790161132812500e-06
5.960464477539062500e-06
5.483627319335937500e-06
5.722045898437500000e-06
5.245208740234375000e-06
5.245208740234375000e-06
4.768371582031250000e-06
5.006790161132812500e-06
6.437301635742187500e-06
5.483627319335937500e-06
5.245208740234375000e-06
6.198883056640625000e-06
5.483627319335937500e-06
6.198883056640625000e-06
5.006790161132812500e-06
5.006790161132812500e-06
5.006790161132812500e-06
6.198883056640625000e-06
5.722045898437500000e-06
5.245208740234375000e-06
5.960464477539062500e-06
5.960464477539062500e-06
5.245208740234375000e-06
5.006790161132812500e-06
5.483627319335937500e-06
5.483627319335937500e-06
5.245208740234375000e-06
7.152557373046875000e-06
4.768371582031250000e-06
4.768371582031250000e-06
4.768371582031250000e-06
5.245208740234375000e-06
5.006790161132812500e-06
5.483627319335937500e-06
4.768371582031250000e-06
5.960464477539062500e-06
4.529953002929687500e-06
5.722045898437500000e-06
6.675720214843750000e-06
4.529953002929687500e-06
5.006790161132812500e-06
4.768371582031250000e-06
5.483627319335937500e-06
5.245208740234375000e-06
5.483627319335937500e-06
5.245208740234375000e-06
4.768371582031250000e-06
4.529953002929687500e-06
5.006790161132812500e-06
4.529953002929687500e-06
5.722045898437500000e-06
5.245208740234375000e-06
6.198883056640625000e-06
5.006790161132812500e-06
5.722045898437500000e-06
5.960464477539062500e-06
4.768371582031250000e-06
5.483627319335937500e-06
5.960464477539062500e-06
5.483627319335937500e-06
6.198883056640625000e-06
5.245208740234375000e-06
4.768371582031250000e-06
5.006790161132812500e-06
5.483627319335937500e-06
4.529953002929687500e-06
5.006790161132812500e-06
5.006790161132812500e-06
4.529953002929687500e-06
5.006790161132812500e-06
6.437301635742187500e-06
4.768371582031250000e-06
5.006790161132812500e-06
4.768371582031250000e-06
5.483627319335937500e-06
5.960464477539062500e-06
4.529953002929687500e-06
5.483627319335937500e-06
5.006790161132812500e-06
4.529953002929687500e-06
5.483627319335937500e-06
5.245208740234375000e-06
4.768371582031250000e-06
5.006790161132812500e-06
4.529953002929687500e-06
5.245208740234375000e-06
5.483627319335937500e-06
5.006790161132812500e-06
4.529953002929687500e-06
4.768371582031250000e-06
4.529953002929687500e-06
5.245208740234375000e-06
5.006790161132812500e-06
5.006790161132812500e-06
4.768371582031250000e-06
5.006790161132812500e-06
4.768371582031250000e-06
5.006790161132812500e-06
5.006790161132812500e-06
5.483627319335937500e-06
5.006790161132812500e-06
6.198883056640625000e-06
5.960464477539062500e-06
5.006790161132812500e-06
5.483627319335937500e-06
5.483627319335937500e-06
4.768371582031250000e-06
5.006790161132812500e-06
4.768371582031250000e-06
5.245208740234375000e-06
4.529953002929687500e-06
6.198883056640625000e-06
4.768371582031250000e-06
5.006790161132812500e-06
4.529953002929687500e-06
5.006790161132812500e-06
5.245208740234375000e-06
5.006790161132812500e-06
6.437301635742187500e-06
4.529953002929687500e-06
5.483627319335937500e-06
5.483627319335937500e-06
6.198883056640625000e-06
5.245208740234375000e-06
5.006790161132812500e-06
5.006790161132812500e-06
5.483627319335937500e-06
5.245208740234375000e-06
6.198883056640625000e-06
5.006790161132812500e-06
5.483627319335937500e-06
5.960464477539062500e-06
5.006790161132812500e-06
5.483627319335937500e-06
4.529953002929687500e-06
5.483627319335937500e-06
4.768371582031250000e-06
5.960464477539062500e-06
4.768371582031250000e-06
5.245208740234375000e-06
4.529953002929687500e-06
6.198883056640625000e-06
5.245208740234375000e-06
5.245208740234375000e-06
4.529953002929687500e-06
5.006790161132812500e-06
5.006790161132812500e-06
6.198883056640625000e-06
5.006790161132812500e-06
5.245208740234375000e-06
4.768371582031250000e-06
4.529953002929687500e-06
5.483627319335937500e-06
5.722045898437500000e-06
2.145767211914062500e-05
5.483627319335937500e-06
4.768371582031250000e-06
5.006790161132812500e-06
5.006790161132812500e-06
4.768371582031250000e-06
5.006790161132812500e-06
5.245208740234375000e-06
5.245208740234375000e-06
5.006790161132812500e-06
5.006790161132812500e-06
4.529953002929687500e-06
5.483627319335937500e-06
5.245208740234375000e-06
6.437301635742187500e-06
5.245208740234375000e-06
5.245208740234375000e-06
5.483627319335937500e-06
5.006790161132812500e-06
5.483627319335937500e-06
5.006790161132812500e-06
5.483627319335937500e-06
4.768371582031250000e-06
6.198883056640625000e-06
4.768371582031250000e-06
5.245208740234375000e-06
5.245208740234375000e-06
5.483627319335937500e-06
6.437301635742187500e-06
4.529953002929687500e-06
5.006790161132812500e-06
1.835823059082031250e-05
5.722045898437500000e-06
5.483627319335937500e-06
4.529953002929687500e-06
5.483627319335937500e-06
5.006790161132812500e-06
5.483627319335937500e-06
4.768371582031250000e-06
4.768371582031250000e-06
4.768371582031250000e-06
5.245208740234375000e-06
4.768371582031250000e-06
5.006790161132812500e-06
5.483627319335937500e-06
5.006790161132812500e-06
4.291534423828125000e-06
5.483627319335937500e-06
5.960464477539062500e-06
4.529953002929687500e-06
5.483627319335937500e-06
6.198883056640625000e-06
5.483627319335937500e-06
5.722045898437500000e-06
4.768371582031250000e-06
5.006790161132812500e-06
4.768371582031250000e-06
5.483627319335937500e-06
4.768371582031250000e-06
4.768371582031250000e-06
2.837181091308593750e-05
5.006790161132812500e-06
5.006790161132812500e-06
5.483627319335937500e-06
5.483627319335937500e-06
5.245208740234375000e-06
5.245208740234375000e-06
6.198883056640625000e-06
4.529953002929687500e-06
5.006790161132812500e-06
5.006790161132812500e-06
5.245208740234375000e-06
4.529953002929687500e-06
5.245208740234375000e-06
5.006790161132812500e-06
5.960464477539062500e-06
5.245208740234375000e-06
5.245208740234375000e-06
6.914138793945312500e-06
4.768371582031250000e-06
5.006790161132812500e-06
4.768371582031250000e-06
5.245208740234375000e-06
4.529953002929687500e-06
4.768371582031250000e-06
6.675720214843750000e-06
5.006790161132812500e-06
5.006790161132812500e-06
5.483627319335937500e-06
5.245208740234375000e-06
1.120567321777343750e-05
1.192092895507812500e-05
1.072883605957031250e-05
1.120567321777343750e-05
1.072883605957031250e-05
1.144409179687500000e-05
1.072883605957031250e-05
1.025199890136718750e-05
1.144409179687500000e-05
1.049041748046875000e-05
1.215934753417968750e-05
1.072883605957031250e-05
1.025199890136718750e-05
1.215934753417968750e-05
1.049041748046875000e-05
1.192092895507812500e-05
1.049041748046875000e-05
8.821487426757812500e-06
8.583068847656250000e-06
8.344650268554687500e-06
8.583068847656250000e-06
8.583068847656250000e-06
8.583068847656250000e-06
9.059906005859375000e-06
8.344650268554687500e-06
8.106231689453125000e-06
8.583068847656250000e-06
8.583068847656250000e-06
8.821487426757812500e-06
8.344650268554687500e-06
8.821487426757812500e-06
8.106231689453125000e-06
8.583068847656250000e-06
8.583068847656250000e-06
8.106231689453125000e-06
8.344650268554687500e-06
8.106231689453125000e-06
1.597404479980468750e-05
2.336502075195312500e-05
5.483627319335937500e-06
5.483627319335937500e-06
5.245208740234375000e-06
5.006790161132812500e-06
6.198883056640625000e-06
5.006790161132812500e-06
5.722045898437500000e-06
5.006790161132812500e-06
5.006790161132812500e-06
5.245208740234375000e-06
5.245208740234375000e-06
5.006790161132812500e-06
4.768371582031250000e-06
5.483627319335937500e-06
6.198883056640625000e-06
4.529953002929687500e-06
5.245208740234375000e-06
5.245208740234375000e-06
5.006790161132812500e-06
6.198883056640625000e-06
4.768371582031250000e-06
6.437301635742187500e-06
5.006790161132812500e-06
5.245208740234375000e-06
5.006790161132812500e-06
5.960464477539062500e-06
5.245208740234375000e-06
4.768371582031250000e-06
5.245208740234375000e-06
5.483627319335937500e-06
5.722045898437500000e-06
5.483627319335937500e-06
5.245208740234375000e-06
5.722045898437500000e-06
5.483627319335937500e-06
5.245208740234375000e-06
4.768371582031250000e-06
5.722045898437500000e-06
6.198883056640625000e-06
5.006790161132812500e-06
5.483627319335937500e-06
4.768371582031250000e-06
5.483627319335937500e-06
4.768371582031250000e-06
5.483627319335937500e-06
5.245208740234375000e-06
4.768371582031250000e-06
5.483627319335937500e-06
5.722045898437500000e-06
5.483627319335937500e-06
5.483627319335937500e-06
5.245208740234375000e-06
5.245208740234375000e-06
4.529953002929687500e-06
5.483627319335937500e-06
5.006790161132812500e-06
5.006790161132812500e-06
5.722045898437500000e-06
4.768371582031250000e-06
5.722045898437500000e-06
6.675720214843750000e-06
4.529953002929687500e-06
5.722045898437500000e-06
5.483627319335937500e-06
6.198883056640625000e-06
5.006790161132812500e-06
5.245208740234375000e-06
6.675720214843750000e-06
5.006790161132812500e-06
5.245208740234375000e-06
5.960464477539062500e-06
5.483627319335937500e-06
6.437301635742187500e-06
4.768371582031250000e-06
5.245208740234375000e-06
5.006790161132812500e-06
5.483627319335937500e-06
6.675720214843750000e-06
5.006790161132812500e-06
5.483627319335937500e-06
5.722045898437500000e-06
6.675720214843750000e-06
5.483627319335937500e-06
5.960464477539062500e-06
6.198883056640625000e-06
4.768371582031250000e-06
7.152557373046875000e-06
5.960464477539062500e-06
4.768371582031250000e-06
5.483627319335937500e-06
5.006790161132812500e-06
5.245208740234375000e-06
5.483627319335937500e-06
5.006790161132812500e-06
5.960464477539062500e-06
5.006790161132812500e-06
4.768371582031250000e-06
4.529953002929687500e-06
5.483627319335937500e-06
5.483627319335937500e-06
5.006790161132812500e-06
5.245208740234375000e-06
6.437301635742187500e-06
5.483627319335937500e-06
5.960464477539062500e-06
5.960464477539062500e-06
5.006790161132812500e-06
5.245208740234375000e-06
5.006790161132812500e-06
4.529953002929687500e-06
5.245208740234375000e-06
5.245208740234375000e-06
5.006790161132812500e-06
5.006790161132812500e-06
5.722045898437500000e-06
4.529953002929687500e-06
5.245208740234375000e-06
4.768371582031250000e-06
4.529953002929687500e-06
4.768371582031250000e-06
5.483627319335937500e-06
4.529953002929687500e-06
5.245208740234375000e-06
6.675720214843750000e-06
5.483627319335937500e-06
5.960464477539062500e-06
4.291534423828125000e-06
5.245208740234375000e-06
5.006790161132812500e-06
5.483627319335937500e-06
5.006790161132812500e-06
5.245208740234375000e-06
5.245208740234375000e-06
5.006790161132812500e-06
4.768371582031250000e-06
4.768371582031250000e-06
5.006790161132812500e-06
4.768371582031250000e-06
4.529953002929687500e-06
5.483627319335937500e-06
5.245208740234375000e-06
5.245208740234375000e-06
4.291534423828125000e-06
5.245208740234375000e-06
6.437301635742187500e-06
4.768371582031250000e-06
5.245208740234375000e-06
5.245208740234375000e-06
5.245208740234375000e-06
5.483627319335937500e-06
5.245208740234375000e-06
5.483627319335937500e-06
5.245208740234375000e-06
5.245208740234375000e-06
6.437301635742187500e-06
6.675720214843750000e-06
4.768371582031250000e-06
5.245208740234375000e-06
5.245208740234375000e-06
5.245208740234375000e-06
4.768371582031250000e-06
4.768371582031250000e-06
5.245208740234375000e-06
5.245208740234375000e-06
5.006790161132812500e-06
6.437301635742187500e-06
6.675720214843750000e-06
5.483627319335937500e-06
6.675720214843750000e-06
5.245208740234375000e-06
5.483627319335937500e-06
4.053115844726562500e-06
5.960464477539062500e-06
5.245208740234375000e-06
5.006790161132812500e-06
5.245208740234375000e-06
4.768371582031250000e-06
4.768371582031250000e-06
4.529953002929687500e-06
4.768371582031250000e-06
4.768371582031250000e-06
5.006790161132812500e-06
5.245208740234375000e-06
5.245208740234375000e-06
5.006790161132812500e-06
5.483627319335937500e-06
5.960464477539062500e-06
4.529953002929687500e-06
4.768371582031250000e-06
4.768371582031250000e-06
5.006790161132812500e-06
5.006790161132812500e-06
4.529953002929687500e-06
5.006790161132812500e-06
5.483627319335937500e-06
5.006790161132812500e-06
4.529953002929687500e-06
5.483627319335937500e-06
5.960464477539062500e-06
5.483627319335937500e-06
5.245208740234375000e-06
5.245208740234375000e-06
5.960464477539062500e-06
4.529953002929687500e-06
5.245208740234375000e-06
4.529953002929687500e-06
5.722045898437500000e-06
4.529953002929687500e-06
6.198883056640625000e-06
4.529953002929687500e-06
