1.463966369628906250e-01
1.239776611328125000e-05
8.583068847656250000e-06
9.059906005859375000e-06
6.914138793945312500e-06
6.675720214843750000e-06
6.675720214843750000e-06
6.437301635742187500e-06
6.675720214843750000e-06
8.821487426757812500e-06
6.437301635742187500e-06
6.437301635742187500e-06
6.675720214843750000e-06
6.437301635742187500e-06
6.675720214843750000e-06
6.437301635742187500e-06
6.675720214843750000e-06
6.198883056640625000e-06
6.437301635742187500e-06
6.914138793945312500e-06
6.914138793945312500e-06
6.675720214843750000e-06
6.675720214843750000e-06
6.675720214843750000e-06
6.437301635742187500e-06
6.437301635742187500e-06
6.437301635742187500e-06
6.675720214843750000e-06
6.675720214843750000e-06
6.437301635742187500e-06
6.675720214843750000e-06
6.437301635742187500e-06
6.437301635742187500e-06
6.437301635742187500e-06
6.675720214843750000e-06
6.675720214843750000e-06
6.437301635742187500e-06
6.437301635742187500e-06
6.437301635742187500e-06
6.437301635742187500e-06
6.675720214843750000e-06
6.437301635742187500e-06
6.675720214843750000e-06
6.675720214843750000e-06
6.675720214843750000e-06
6.437301635742187500e-06
6.437301635742187500e-06
6.675720214843750000e-06
6.437301635742187500e-06
6.675720214843750000e-06
6.437301635742187500e-06
6.437301635742187500e-06
6.675720214843750000e-06
6.437301635742187500e-06
6.198883056640625000e-06
6.675720214843750000e-06
6.675720214843750000e-06
6.437301635742187500e-06
6.675720214843750000e-06
6.675720214843750000e-06
6.437301635742187500e-06
7.629394531250000000e-06
6.914138793945312500e-06
6.437301635742187500e-06
6.914138793945312500e-06
6.437301635742187500e-06
6.675720214843750000e-06
6.675720214843750000e-06
6.437301635742187500e-06
6.675720214843750000e-06
6.437301635742187500e-06
6.675720214843750000e-06
6.437301635742187500e-06
6.437301635742187500e-06
6.675720214843750000e-06
6.437301635742187500e-06
6.437301635742187500e-06
6.437301635742187500e-06
6.437301635742187500e-06
6.437301635742187500e-06
6.198883056640625000e-06
6.198883056640625000e-06
6.437301635742187500e-06
6.437301635742187500e-06
6.675720214843750000e-06
6.437301635742187500e-06
6.675720214843750000e-06
6.198883056640625000e-06
6.437301635742187500e-06
6.437301635742187500e-06
6.198883056640625000e-06
6.675720214843750000e-06
6.437301635742187500e-06
6.437301635742187500e-06
6.437301635742187500e-06
6.914138793945312500e-06
6.437301635742187500e-06
6.437301635742187500e-06
6.437301635742187500e-06
6.437301635742187500e-06
6.437301635742187500e-06
6.437301635742187500e-06
6.198883056640625000e-06
6.437301635742187500e-06
6.437301635742187500e-06
6.675720214843750000e-06
6.437301635742187500e-06
6.675720214843750000e-06
6.437301635742187500e-06
6.675720214843750000e-06
6.198883056640625000e-06
6.198883056640625000e-06
6.437301635742187500e-06
7.390975952148437500e-06
6.198883056640625000e-06
6.437301635742187500e-06
6.437301635742187500e-06
6.437301635742187500e-06
6.437301635742187500e-06
6.198883056640625000e-06
6.437301635742187500e-06
6.437301635742187500e-06
6.437301635742187500e-06
6.437301635742187500e-06
6.437301635742187500e-06
6.675720214843750000e-06
6.437301635742187500e-06
6.198883056640625000e-06
6.675720214843750000e-06
6.437301635742187500e-06
6.437301635742187500e-06
6.914138793945312500e-06
6.437301635742187500e-06
6.675720214843750000e-06
6.437301635742187500e-06
6.437301635742187500e-06
6.675720214843750000e-06
6.437301635742187500e-06
6.675720214843750000e-06
6.675720214843750000e-06
6.675720214843750000e-06
6.437301635742187500e-06
6.198883056640625000e-06
6.437301635742187500e-06
6.675720214843750000e-06
6.437301635742187500e-06
6.437301635742187500e-06
6.437301635742187500e-06
6.437301635742187500e-06
6.437301635742187500e-06
6.437301635742187500e-06
6.198883056640625000e-06
6.437301635742187500e-06
6.437301635742187500e-06
5.960464477539062500e-06
6.675720214843750000e-06
6.675720214843750000e-06
6.675720214843750000e-06
6.198883056640625000e-06
6.675720214843750000e-06
6.675720214843750000e-06
6.437301635742187500e-06
6.437301635742187500e-06
6.198883056640625000e-06
6.675720214843750000e-06
7.390975952148437500e-06
6.437301635742187500e-06
6.675720214843750000e-06
6.437301635742187500e-06
6.437301635742187500e-06
6.437301635742187500e-06
6.437301635742187500e-06
6.437301635742187500e-06
6.437301635742187500e-06
6.675720214843750000e-06
6.675720214843750000e-06
6.675720214843750000e-06
6.437301635742187500e-06
6.437301635742187500e-06
6.198883056640625000e-06
7.152557373046875000e-06
6.675720214843750000e-06
6.437301635742187500e-06
5.245208740234375000e-06
6.437301635742187500e-06
6.437301635742187500e-06
6.675720214843750000e-06
6.198883056640625000e-06
6.437301635742187500e-06
6.437301635742187500e-06
6.437301635742187500e-06
6.437301635742187500e-06
6.675720214843750000e-06
6.437301635742187500e-06
6.437301635742187500e-06
6.437301635742187500e-06
6.675720214843750000e-06
1.931190490722656250e-05
6.675720214843750000e-06
6.437301635742187500e-06
6.437301635742187500e-06
6.437301635742187500e-06
6.675720214843750000e-06
6.437301635742187500e-06
7.629394531250000000e-06
5.960464477539062500e-06
5.006790161132812500e-06
5.006790161132812500e-06
5.245208740234375000e-06
4.768371582031250000e-06
5.245208740234375000e-06
5.245208740234375000e-06
5.245208740234375000e-06
5.006790161132812500e-06
5.245208740234375000e-06
4.768371582031250000e-06
5.245208740234375000e-06
6.437301635742187500e-06
5.245208740234375000e-06
5.006790161132812500e-06
4.768371582031250000e-06
5.722045898437500000e-06
5.245208740234375000e-06
4.768371582031250000e-06
5.006790161132812500e-06
5.006790161132812500e-06
5.245208740234375000e-06
5.006790161132812500e-06
5.245208740234375000e-06
5.006790161132812500e-06
5.006790161132812500e-06
4.768371582031250000e-06
5.006790161132812500e-06
5.006790161132812500e-06
5.245208740234375000e-06
5.006790161132812500e-06
5.245208740234375000e-06
5.006790161132812500e-06
4.768371582031250000e-06
5.006790161132812500e-06
5.006790161132812500e-06
5.006790161132812500e-06
4.768371582031250000e-06
5.006790161132812500e-06
4.768371582031250000e-06
5.483627319335937500e-06
5.245208740234375000e-06
5.245208740234375000e-06
5.006790161132812500e-06
5.245208740234375000e-06
5.006790161132812500e-06
5.006790161132812500e-06
5.245208740234375000e-06
5.006790161132812500e-06
4.768371582031250000e-06
5.006790161132812500e-06
5.006790161132812500e-06
5.245208740234375000e-06
5.006790161132812500e-06
5.006790161132812500e-06
5.006790161132812500e-06
5.245208740234375000e-06
5.245208740234375000e-06
5.245208740234375000e-06
5.245208740234375000e-06
5.245208740234375000e-06
5.245208740234375000e-06
5.006790161132812500e-06
5.006790161132812500e-06
5.722045898437500000e-06
5.245208740234375000e-06
5.006790161132812500e-06
4.768371582031250000e-06
5.006790161132812500e-06
5.245208740234375000e-06
5.006790161132812500e-06
5.006790161132812500e-06
5.245208740234375000e-06
5.006790161132812500e-06
5.483627319335937500e-06
5.245208740234375000e-06
5.006790161132812500e-06
5.483627319335937500e-06
5.006790161132812500e-06
5.245208740234375000e-06
5.006790161132812500e-06
5.006790161132812500e-06
5.006790161132812500e-06
5.006790161132812500e-06
5.006790161132812500e-06
5.006790161132812500e-06
5.245208740234375000e-06
5.245208740234375000e-06
5.006790161132812500e-06
5.006790161132812500e-06
4.768371582031250000e-06
5.006790161132812500e-06
5.006790161132812500e-06
5.006790161132812500e-06
5.245208740234375000e-06
4.529953002929687500e-06
4.768371582031250000e-06
5.006790161132812500e-06
4.768371582031250000e-06
4.529953002929687500e-06
4.768371582031250000e-06
4.529953002929687500e-06
4.529953002929687500e-06
4.529953002929687500e-06
4.529953002929687500e-06
4.768371582031250000e-06
4.768371582031250000e-06
5.006790161132812500e-06
4.529953002929687500e-06
4.768371582031250000e-06
4.529953002929687500e-06
4.529953002929687500e-06
4.768371582031250000e-06
4.529953002929687500e-06
4.529953002929687500e-06
4.529953002929687500e-06
5.483627319335937500e-06
4.529953002929687500e-06
3.814697265625000000e-06
4.768371582031250000e-06
5.006790161132812500e-06
4.529953002929687500e-06
4.529953002929687500e-06
4.768371582031250000e-06
4.529953002929687500e-06
4.768371582031250000e-06
4.768371582031250000e-06
4.529953002929687500e-06
6.437301635742187500e-06
6.198883056640625000e-06
5.960464477539062500e-06
5.960464477539062500e-06
5.960464477539062500e-06
7.390975952148437500e-06
6.437301635742187500e-06
9.298324584960937500e-06
5.960464477539062500e-06
8.106231689453125000e-06
6.675720214843750000e-06
6.675720214843750000e-06
6.437301635742187500e-06
6.437301635742187500e-06
6.675720214843750000e-06
6.437301635742187500e-06
6.437301635742187500e-06
6.675720214843750000e-06
6.437301635742187500e-06
7.152557373046875000e-06
6.675720214843750000e-06
6.198883056640625000e-06
2.098083496093750000e-05
6.437301635742187500e-06
6.675720214843750000e-06
6.198883056640625000e-06
6.437301635742187500e-06
6.437301635742187500e-06
6.437301635742187500e-06
6.198883056640625000e-06
6.198883056640625000e-06
6.675720214843750000e-06
6.675720214843750000e-06
6.437301635742187500e-06
6.675720214843750000e-06
6.437301635742187500e-06
6.198883056640625000e-06
6.675720214843750000e-06
6.437301635742187500e-06
6.437301635742187500e-06
7.152557373046875000e-06
6.437301635742187500e-06
6.437301635742187500e-06
6.675720214843750000e-06
6.437301635742187500e-06
6.437301635742187500e-06
6.437301635742187500e-06
6.675720214843750000e-06
6.437301635742187500e-06
6.198883056640625000e-06
6.675720214843750000e-06
6.437301635742187500e-06
6.437301635742187500e-06
8.106231689453125000e-06
6.914138793945312500e-06
6.437301635742187500e-06
6.437301635742187500e-06
6.675720214843750000e-06
6.675720214843750000e-06
6.675720214843750000e-06
6.437301635742187500e-06
6.198883056640625000e-06
6.437301635742187500e-06
6.437301635742187500e-06
6.437301635742187500e-06
6.198883056640625000e-06
6.198883056640625000e-06
7.152557373046875000e-06
6.437301635742187500e-06
6.437301635742187500e-06
6.437301635742187500e-06
6.437301635742187500e-06
6.437301635742187500e-06
6.675720214843750000e-06
6.675720214843750000e-06
6.675720214843750000e-06
6.437301635742187500e-06
6.675720214843750000e-06
6.675720214843750000e-06
6.198883056640625000e-06
6.675720214843750000e-06
6.437301635742187500e-06
6.675720214843750000e-06
6.437301635742187500e-06
6.437301635742187500e-06
6.437301635742187500e-06
6.437301635742187500e-06
6.675720214843750000e-06
6.914138793945312500e-06
6.675720214843750000e-06
6.675720214843750000e-06
6.437301635742187500e-06
7.152557373046875000e-06
6.437301635742187500e-06
6.437301635742187500e-06
6.198883056640625000e-06
6.437301635742187500e-06
6.437301635742187500e-06
6.437301635742187500e-06
6.437301635742187500e-06
6.437301635742187500e-06
6.198883056640625000e-06
6.437301635742187500e-06
6.437301635742187500e-06
6.675720214843750000e-06
6.437301635742187500e-06
6.437301635742187500e-06
6.675720214843750000e-06
6.437301635742187500e-06
6.437301635742187500e-06
6.198883056640625000e-06
6.437301635742187500e-06
6.437301635742187500e-06
6.675720214843750000e-06
6.437301635742187500e-06
6.437301635742187500e-06
6.675720214843750000e-06
6.675720214843750000e-06
6.675720214843750000e-06
6.437301635742187500e-06
6.437301635742187500e-06
6.437301635742187500e-06
5.245208740234375000e-06
5.006790161132812500e-06
5.245208740234375000e-06
5.245208740234375000e-06
5.483627319335937500e-06
5.483627319335937500e-06
5.483627319335937500e-06
5.006790161132812500e-06
5.245208740234375000e-06
5.483627319335937500e-06
5.245208740234375000e-06
5.483627319335937500e-06
5.245208740234375000e-06
5.245208740234375000e-06
5.483627319335937500e-06
5.006790161132812500e-06
5.245208740234375000e-06
5.006790161132812500e-06
5.483627319335937500e-06
5.483627319335937500e-06
5.245208740234375000e-06
5.245208740234375000e-06
6.198883056640625000e-06
5.006790161132812500e-06
5.245208740234375000e-06
5.483627319335937500e-06
5.483627319335937500e-06
5.006790161132812500e-06
5.245208740234375000e-06
5.245208740234375000e-06
5.006790161132812500e-06
5.245208740234375000e-06
5.006790161132812500e-06
5.483627319335937500e-06
5.006790161132812500e-06
5.483627319335937500e-06
5.006790161132812500e-06
5.245208740234375000e-06
5.006790161132812500e-06
5.483627319335937500e-06
5.006790161132812500e-06
1.502037048339843750e-05
8.344650268554687500e-06
1.239776611328125000e-05
7.629394531250000000e-06
5.722045898437500000e-06
7.629394531250000000e-06
8.106231689453125000e-06
8.583068847656250000e-06
5.483627319335937500e-06
5.722045898437500000e-06
9.536743164062500000e-06
8.106231689453125000e-06
7.629394531250000000e-06
7.867813110351562500e-06
7.867813110351562500e-06
8.344650268554687500e-06
7.629394531250000000e-06
7.390975952148437500e-06
7.629394531250000000e-06
2.312660217285156250e-05
5.483627319335937500e-06
5.483627319335937500e-06
5.722045898437500000e-06
5.245208740234375000e-06
5.722045898437500000e-06
5.245208740234375000e-06
5.483627319335937500e-06
5.006790161132812500e-06
5.245208740234375000e-06
5.245208740234375000e-06
5.483627319335937500e-06
5.006790161132812500e-06
5.483627319335937500e-06
6.437301635742187500e-06
5.245208740234375000e-06
5.006790161132812500e-06
5.006790161132812500e-06
5.483627319335937500e-06
5.006790161132812500e-06
5.483627319335937500e-06
5.245208740234375000e-06
5.006790161132812500e-06
5.245208740234375000e-06
5.245208740234375000e-06
5.006790161132812500e-06
5.483627319335937500e-06
5.006790161132812500e-06
5.483627319335937500e-06
5.245208740234375000e-06
5.006790161132812500e-06
5.245208740234375000e-06
5.245208740234375000e-06
5.483627319335937500e-06
5.006790161132812500e-06
5.245208740234375000e-06
5.483627319335937500e-06
5.006790161132812500e-06
5.483627319335937500e-06
5.483627319335937500e-06
5.245208740234375000e-06
5.245208740234375000e-06
5.006790161132812500e-06
5.245208740234375000e-06
5.245208740234375000e-06
5.245208740234375000e-06
1.072883605957031250e-05
5.245208740234375000e-06
4.601478576660156250e-05
7.629394531250000000e-06
6.914138793945312500e-06
6.437301635742187500e-06
5.960464477539062500e-06
6.437301635742187500e-06
6.437301635742187500e-06
6.198883056640625000e-06
6.437301635742187500e-06
6.437301635742187500e-06
6.198883056640625000e-06
6.198883056640625000e-06
6.437301635742187500e-06
6.437301635742187500e-06
6.198883056640625000e-06
6.437301635742187500e-06
6.675720214843750000e-06
6.437301635742187500e-06
2.121925354003906250e-05
6.675720214843750000e-06
6.437301635742187500e-06
6.675720214843750000e-06
6.437301635742187500e-06
6.198883056640625000e-06
6.437301635742187500e-06
6.437301635742187500e-06
6.437301635742187500e-06
6.198883056640625000e-06
6.437301635742187500e-06
6.437301635742187500e-06
8.583068847656250000e-06
6.675720214843750000e-06
6.437301635742187500e-06
6.198883056640625000e-06
6.198883056640625000e-06
6.437301635742187500e-06
6.198883056640625000e-06
6.437301635742187500e-06
6.675720214843750000e-06
6.675720214843750000e-06
6.675720214843750000e-06
6.675720214843750000e-06
6.437301635742187500e-06
6.437301635742187500e-06
6.437301635742187500e-06
6.198883056640625000e-06
6.437301635742187500e-06
6.437301635742187500e-06
6.675720214843750000e-06
6.437301635742187500e-06
6.675720214843750000e-06
6.198883056640625000e-06
6.198883056640625000e-06
6.437301635742187500e-06
6.675720214843750000e-06
6.198883056640625000e-06
6.437301635742187500e-06
5.960464477539062500e-06
6.437301635742187500e-06
6.437301635742187500e-06
6.437301635742187500e-06
6.437301635742187500e-06
6.437301635742187500e-06
6.198883056640625000e-06
6.437301635742187500e-06
6.198883056640625000e-06
6.437301635742187500e-06
6.198883056640625000e-06
6.675720214843750000e-06
6.198883056640625000e-06
7.629394531250000000e-06
6.198883056640625000e-06
6.437301635742187500e-06
6.437301635742187500e-06
6.437301635742187500e-06
6.437301635742187500e-06
6.198883056640625000e-06
6.437301635742187500e-06
6.437301635742187500e-06
6.198883056640625000e-06
6.437301635742187500e-06
6.437301635742187500e-06
6.437301635742187500e-06
1.478195190429687500e-05
6.437301635742187500e-06
6.198883056640625000e-06
5.722045898437500000e-06
6.198883056640625000e-06
6.914138793945312500e-06
6.437301635742187500e-06
6.437301635742187500e-06
6.437301635742187500e-06
6.437301635742187500e-06
6.437301635742187500e-06
6.437301635742187500e-06
6.437301635742187500e-06
5.960464477539062500e-06
6.198883056640625000e-06
6.437301635742187500e-06
6.437301635742187500e-06
6.437301635742187500e-06
6.675720214843750000e-06
6.437301635742187500e-06
6.437301635742187500e-06
6.437301635742187500e-06
6.198883056640625000e-06
6.437301635742187500e-06
6.675720214843750000e-06
6.675720214843750000e-06
6.437301635742187500e-06
6.437301635742187500e-06
6.675720214843750000e-06
6.198883056640625000e-06
6.437301635742187500e-06
6.437301635742187500e-06
6.437301635742187500e-06
6.675720214843750000e-06
6.437301635742187500e-06
6.198883056640625000e-06
5.245208740234375000e-06
5.722045898437500000e-06
5.483627319335937500e-06
6.437301635742187500e-06
5.006790161132812500e-06
6.914138793945312500e-06
6.675720214843750000e-06
8.583068847656250000e-06
6.437301635742187500e-06
6.437301635742187500e-06
6.675720214843750000e-06
6.675720214843750000e-06
6.675720214843750000e-06
6.914138793945312500e-06
5.722045898437500000e-06
5.722045898437500000e-06
5.960464477539062500e-06
6.198883056640625000e-06
5.722045898437500000e-06
6.437301635742187500e-06
5.960464477539062500e-06
6.437301635742187500e-06
6.198883056640625000e-06
6.675720214843750000e-06
6.437301635742187500e-06
6.437301635742187500e-06
6.437301635742187500e-06
6.437301635742187500e-06
6.198883056640625000e-06
6.437301635742187500e-06
1.168251037597656250e-05
6.198883056640625000e-06
6.437301635742187500e-06
6.675720214843750000e-06
6.437301635742187500e-06
6.675720214843750000e-06
6.437301635742187500e-06
6.437301635742187500e-06
6.198883056640625000e-06
5.960464477539062500e-06
6.437301635742187500e-06
6.437301635742187500e-06
6.437301635742187500e-06
6.675720214843750000e-06
6.437301635742187500e-06
6.198883056640625000e-06
6.437301635742187500e-06
6.437301635742187500e-06
6.675720214843750000e-06
6.198883056640625000e-06
6.437301635742187500e-06
6.437301635742187500e-06
6.437301635742187500e-06
6.914138793945312500e-06
6.198883056640625000e-06
7.390975952148437500e-06
6.198883056640625000e-06
6.437301635742187500e-06
6.675720214843750000e-06
6.437301635742187500e-06
6.437301635742187500e-06
6.437301635742187500e-06
6.437301635742187500e-06
6.198883056640625000e-06
6.675720214843750000e-06
6.437301635742187500e-06
6.675720214843750000e-06
6.437301635742187500e-06
6.437301635742187500e-06
6.675720214843750000e-06
6.437301635742187500e-06
6.437301635742187500e-06
6.198883056640625000e-06
6.437301635742187500e-06
6.437301635742187500e-06
6.437301635742187500e-06
6.198883056640625000e-06
6.437301635742187500e-06
6.675720214843750000e-06
6.437301635742187500e-06
6.675720214843750000e-06
6.198883056640625000e-06
6.437301635742187500e-06
6.437301635742187500e-06
6.198883056640625000e-06
6.675720214843750000e-06
6.675720214843750000e-06
6.437301635742187500e-06
6.675720214843750000e-06
6.437301635742187500e-06
6.437301635742187500e-06
6.437301635742187500e-06
6.437301635742187500e-06
6.437301635742187500e-06
6.198883056640625000e-06
6.437301635742187500e-06
6.437301635742187500e-06
6.675720214843750000e-06
6.437301635742187500e-06
6.437301635742187500e-06
6.437301635742187500e-06
6.675720214843750000e-06
6.914138793945312500e-06
6.914138793945312500e-06
6.437301635742187500e-06
6.437301635742187500e-06
6.198883056640625000e-06
7.390975952148437500e-06
6.437301635742187500e-06
6.437301635742187500e-06
6.675720214843750000e-06
6.437301635742187500e-06
6.198883056640625000e-06
6.437301635742187500e-06
6.437301635742187500e-06
6.675720214843750000e-06
6.437301635742187500e-06
6.437301635742187500e-06
6.437301635742187500e-06
6.437301635742187500e-06
6.437301635742187500e-06
6.437301635742187500e-06
6.198883056640625000e-06
6.437301635742187500e-06
6.437301635742187500e-06
6.437301635742187500e-06
6.437301635742187500e-06
6.437301635742187500e-06
6.198883056640625000e-06
6.437301635742187500e-06
6.198883056640625000e-06
6.437301635742187500e-06
6.198883056640625000e-06
6.437301635742187500e-06
6.437301635742187500e-06
6.437301635742187500e-06
5.960464477539062500e-06
6.437301635742187500e-06
6.437301635742187500e-06
6.437301635742187500e-06
6.198883056640625000e-06
6.437301635742187500e-06
6.437301635742187500e-06
6.437301635742187500e-06
6.437301635742187500e-06
6.198883056640625000e-06
6.675720214843750000e-06
6.198883056640625000e-06
6.675720214843750000e-06
6.675720214843750000e-06
6.437301635742187500e-06
6.437301635742187500e-06
6.437301635742187500e-06
6.198883056640625000e-06
6.437301635742187500e-06
6.675720214843750000e-06
5.960464477539062500e-06
6.437301635742187500e-06
6.437301635742187500e-06
7.152557373046875000e-06
6.437301635742187500e-06
6.437301635742187500e-06
6.437301635742187500e-06
1.144409179687500000e-05
5.960464477539062500e-06
6.675720214843750000e-06
6.198883056640625000e-06
6.437301635742187500e-06
6.437301635742187500e-06
5.960464477539062500e-06
6.437301635742187500e-06
6.437301635742187500e-06
6.437301635742187500e-06
6.437301635742187500e-06
6.437301635742187500e-06
6.437301635742187500e-06
6.437301635742187500e-06
6.437301635742187500e-06
6.437301635742187500e-06
6.437301635742187500e-06
6.437301635742187500e-06
6.675720214843750000e-06
6.675720214843750000e-06
6.675720214843750000e-06
6.675720214843750000e-06
6.198883056640625000e-06
6.675720214843750000e-06
6.675720214843750000e-06
6.914138793945312500e-06
6.437301635742187500e-06
6.437301635742187500e-06
6.675720214843750000e-06
6.675720214843750000e-06
6.437301635742187500e-06
6.675720214843750000e-06
6.675720214843750000e-06
6.675720214843750000e-06
6.675720214843750000e-06
6.437301635742187500e-06
6.437301635742187500e-06
5.960464477539062500e-06
5.722045898437500000e-06
5.722045898437500000e-06
5.483627319335937500e-06
5.245208740234375000e-06
5.245208740234375000e-06
5.006790161132812500e-06
5.722045898437500000e-06
5.722045898437500000e-06
5.245208740234375000e-06
5.483627319335937500e-06
6.675720214843750000e-06
5.245208740234375000e-06
5.245208740234375000e-06
5.483627319335937500e-06
5.006790161132812500e-06
5.245208740234375000e-06
5.483627319335937500e-06
5.483627319335937500e-06
5.006790161132812500e-06
5.245208740234375000e-06
5.483627319335937500e-06
5.483627319335937500e-06
5.245208740234375000e-06
5.245208740234375000e-06
5.483627319335937500e-06
5.483627319335937500e-06
5.245208740234375000e-06
5.483627319335937500e-06
5.006790161132812500e-06
5.483627319335937500e-06
5.006790161132812500e-06
5.245208740234375000e-06
5.245208740234375000e-06
5.245208740234375000e-06
5.483627319335937500e-06
5.483627319335937500e-06
6.437301635742187500e-06
6.198883056640625000e-06
6.437301635742187500e-06
6.198883056640625000e-06
6.437301635742187500e-06
6.437301635742187500e-06
5.960464477539062500e-06
6.675720214843750000e-06
6.675720214843750000e-06
6.437301635742187500e-06
6.437301635742187500e-06
6.437301635742187500e-06
6.198883056640625000e-06
6.437301635742187500e-06
6.437301635742187500e-06
6.437301635742187500e-06
6.675720214843750000e-06
6.437301635742187500e-06
6.437301635742187500e-06
6.437301635742187500e-06
6.437301635742187500e-06
6.437301635742187500e-06
5.960464477539062500e-06
5.483627319335937500e-06
5.483627319335937500e-06
5.483627319335937500e-06
6.198883056640625000e-06
5.245208740234375000e-06
6.437301635742187500e-06
6.198883056640625000e-06
6.198883056640625000e-06
5.960464477539062500e-06
6.437301635742187500e-06
6.437301635742187500e-06
5.960464477539062500e-06
6.437301635742187500e-06
6.437301635742187500e-06
6.437301635742187500e-06
6.675720214843750000e-06
6.437301635742187500e-06
6.437301635742187500e-06
6.675720214843750000e-06
6.914138793945312500e-06
6.437301635742187500e-06
5.960464477539062500e-06
6.198883056640625000e-06
6.437301635742187500e-06
6.437301635742187500e-06
6.437301635742187500e-06
6.437301635742187500e-06
6.198883056640625000e-06
6.675720214843750000e-06
6.437301635742187500e-06
6.437301635742187500e-06
6.675720214843750000e-06
6.437301635742187500e-06
6.675720214843750000e-06
6.675720214843750000e-06
6.437301635742187500e-06
6.437301635742187500e-06
6.675720214843750000e-06
6.437301635742187500e-06
6.675720214843750000e-06
6.198883056640625000e-06
1.263618469238281250e-05
6.675720214843750000e-06
6.198883056640625000e-06
6.437301635742187500e-06
5.722045898437500000e-06
5.006790161132812500e-06
5.245208740234375000e-06
5.483627319335937500e-06
5.245208740234375000e-06
5.722045898437500000e-06
5.483627319335937500e-06
5.483627319335937500e-06
5.245208740234375000e-06
5.245208740234375000e-06
6.437301635742187500e-06
5.245208740234375000e-06
5.245208740234375000e-06
5.483627319335937500e-06
5.483627319335937500e-06
5.483627319335937500e-06
5.245208740234375000e-06
5.483627319335937500e-06
5.483627319335937500e-06
6.914138793945312500e-06
6.198883056640625000e-06
6.675720214843750000e-06
6.437301635742187500e-06
5.722045898437500000e-06
6.914138793945312500e-06
5.960464477539062500e-06
6.437301635742187500e-06
6.437301635742187500e-06
6.675720214843750000e-06
6.437301635742187500e-06
6.437301635742187500e-06
6.437301635742187500e-06
6.675720214843750000e-06
6.675720214843750000e-06
6.437301635742187500e-06
6.437301635742187500e-06
6.437301635742187500e-06
6.437301635742187500e-06
6.437301635742187500e-06
6.437301635742187500e-06
6.675720214843750000e-06
6.675720214843750000e-06
6.675720214843750000e-06
6.437301635742187500e-06
6.437301635742187500e-06
6.437301635742187500e-06
6.198883056640625000e-06
6.198883056640625000e-06
6.198883056640625000e-06
6.437301635742187500e-06
6.437301635742187500e-06
6.437301635742187500e-06
6.437301635742187500e-06
9.536743164062500000e-06
8.344650268554687500e-06
6.437301635742187500e-06
6.198883056640625000e-06
6.437301635742187500e-06
6.198883056640625000e-06
6.437301635742187500e-06
6.198883056640625000e-06
6.437301635742187500e-06
6.914138793945312500e-06
6.198883056640625000e-06
1.692771911621093750e-05
6.675720214843750000e-06
6.437301635742187500e-06
5.960464477539062500e-06
6.437301635742187500e-06
6.437301635742187500e-06
6.437301635742187500e-06
6.198883056640625000e-06
6.675720214843750000e-06
6.198883056640625000e-06
6.437301635742187500e-06
6.675720214843750000e-06
6.675720214843750000e-06
6.198883056640625000e-06
6.675720214843750000e-06
6.675720214843750000e-06
6.198883056640625000e-06
6.437301635742187500e-06
6.675720214843750000e-06
6.437301635742187500e-06
6.437301635742187500e-06
6.437301635742187500e-06
6.437301635742187500e-06
6.198883056640625000e-06
6.437301635742187500e-06
6.437301635742187500e-06
6.437301635742187500e-06
6.198883056640625000e-06
6.198883056640625000e-06
6.437301635742187500e-06
6.198883056640625000e-06
6.198883056640625000e-06
6.675720214843750000e-06
6.437301635742187500e-06
6.675720214843750000e-06
6.437301635742187500e-06
6.437301635742187500e-06
6.437301635742187500e-06
6.437301635742187500e-06
6.437301635742187500e-06
6.437301635742187500e-06
6.675720214843750000e-06
6.437301635742187500e-06
6.675720214843750000e-06
6.437301635742187500e-06
6.437301635742187500e-06
6.675720214843750000e-06
6.437301635742187500e-06
6.675720214843750000e-06
6.914138793945312500e-06
7.152557373046875000e-06
6.675720214843750000e-06
6.437301635742187500e-06
6.198883056640625000e-06
6.437301635742187500e-06
6.437301635742187500e-06
6.675720214843750000e-06
6.437301635742187500e-06
6.437301635742187500e-06
6.198883056640625000e-06
6.437301635742187500e-06
6.437301635742187500e-06
6.437301635742187500e-06
6.437301635742187500e-06
6.198883056640625000e-06
6.437301635742187500e-06
6.675720214843750000e-06
6.437301635742187500e-06
6.437301635742187500e-06
6.437301635742187500e-06
6.437301635742187500e-06
6.198883056640625000e-06
6.437301635742187500e-06
6.675720214843750000e-06
6.437301635742187500e-06
6.437301635742187500e-06
6.198883056640625000e-06
6.198883056640625000e-06
6.437301635742187500e-06
6.437301635742187500e-06
6.675720214843750000e-06
6.437301635742187500e-06
5.960464477539062500e-06
6.437301635742187500e-06
6.914138793945312500e-06
6.675720214843750000e-06
6.437301635742187500e-06
6.437301635742187500e-06
6.437301635742187500e-06
6.198883056640625000e-06
6.198883056640625000e-06
6.675720214843750000e-06
6.198883056640625000e-06
6.675720214843750000e-06
6.437301635742187500e-06
6.437301635742187500e-06
6.437301635742187500e-06
6.437301635742187500e-06
5.960464477539062500e-06
6.437301635742187500e-06
6.437301635742187500e-06
6.437301635742187500e-06
6.675720214843750000e-06
6.437301635742187500e-06
6.675720214843750000e-06
6.437301635742187500e-06
6.437301635742187500e-06
6.675720214843750000e-06
6.675720214843750000e-06
6.437301635742187500e-06
6.198883056640625000e-06
6.437301635742187500e-06
6.437301635742187500e-06
6.437301635742187500e-06
6.675720214843750000e-06
6.198883056640625000e-06
6.675720214843750000e-06
6.437301635742187500e-06
6.437301635742187500e-06
6.437301635742187500e-06
6.198883056640625000e-06
6.437301635742187500e-06
6.675720214843750000e-06
6.437301635742187500e-06
6.675720214843750000e-06
6.437301635742187500e-06
6.437301635742187500e-06
6.675720214843750000e-06
6.437301635742187500e-06
6.437301635742187500e-06
6.437301635742187500e-06
6.437301635742187500e-06
6.437301635742187500e-06
6.198883056640625000e-06
1.049041748046875000e-05
1.096725463867187500e-05
1.025199890136718750e-05
1.049041748046875000e-05
1.049041748046875000e-05
1.025199890136718750e-05
1.072883605957031250e-05
1.049041748046875000e-05
1.049041748046875000e-05
1.072883605957031250e-05
1.049041748046875000e-05
1.096725463867187500e-05
1.120567321777343750e-05
1.072883605957031250e-05
8.583068847656250000e-06
7.152557373046875000e-06
6.914138793945312500e-06
6.675720214843750000e-06
6.437301635742187500e-06
6.437301635742187500e-06
7.390975952148437500e-06
6.675720214843750000e-06
6.437301635742187500e-06
6.198883056640625000e-06
6.437301635742187500e-06
6.437301635742187500e-06
6.675720214843750000e-06
6.914138793945312500e-06
6.437301635742187500e-06
6.437301635742187500e-06
6.437301635742187500e-06
6.198883056640625000e-06
6.437301635742187500e-06
6.437301635742187500e-06
6.437301635742187500e-06
6.437301635742187500e-06
6.198883056640625000e-06
6.675720214843750000e-06
6.437301635742187500e-06
6.198883056640625000e-06
6.675720214843750000e-06
6.437301635742187500e-06
6.437301635742187500e-06
6.437301635742187500e-06
6.437301635742187500e-06
6.675720214843750000e-06
6.437301635742187500e-06
6.198883056640625000e-06
6.675720214843750000e-06
6.198883056640625000e-06
6.437301635742187500e-06
6.198883056640625000e-06
6.437301635742187500e-06
6.675720214843750000e-06
6.675720214843750000e-06
6.437301635742187500e-06
6.437301635742187500e-06
6.914138793945312500e-06
1.525878906250000000e-05
6.675720214843750000e-06
6.675720214843750000e-06
6.437301635742187500e-06
6.437301635742187500e-06
6.437301635742187500e-06
6.675720214843750000e-06
6.437301635742187500e-06
6.437301635742187500e-06
6.437301635742187500e-06
6.198883056640625000e-06
6.437301635742187500e-06
6.675720214843750000e-06
6.675720214843750000e-06
6.914138793945312500e-06
9.775161743164062500e-06
5.245208740234375000e-06
5.245208740234375000e-06
5.245208740234375000e-06
4.768371582031250000e-06
5.006790161132812500e-06
5.245208740234375000e-06
5.245208740234375000e-06
5.006790161132812500e-06
5.006790161132812500e-06
5.245208740234375000e-06
5.483627319335937500e-06
5.245208740234375000e-06
4.768371582031250000e-06
4.768371582031250000e-06
5.245208740234375000e-06
5.245208740234375000e-06
5.245208740234375000e-06
5.245208740234375000e-06
4.768371582031250000e-06
5.483627319335937500e-06
5.245208740234375000e-06
5.006790161132812500e-06
5.245208740234375000e-06
5.006790161132812500e-06
5.245208740234375000e-06
5.245208740234375000e-06
5.245208740234375000e-06
5.006790161132812500e-06
5.006790161132812500e-06
5.006790161132812500e-06
5.245208740234375000e-06
5.006790161132812500e-06
5.245208740234375000e-06
5.006790161132812500e-06
5.245208740234375000e-06
5.006790161132812500e-06
5.006790161132812500e-06
5.245208740234375000e-06
5.006790161132812500e-06
4.768371582031250000e-06
5.006790161132812500e-06
5.245208740234375000e-06
5.245208740234375000e-06
5.006790161132812500e-06
5.245208740234375000e-06
5.245208740234375000e-06
5.006790161132812500e-06
5.245208740234375000e-06
5.245208740234375000e-06
5.006790161132812500e-06
5.722045898437500000e-06
4.768371582031250000e-06
5.245208740234375000e-06
4.768371582031250000e-06
5.245208740234375000e-06
5.006790161132812500e-06
5.245208740234375000e-06
5.006790161132812500e-06
5.006790161132812500e-06
5.006790161132812500e-06
5.006790161132812500e-06
1.001358032226562500e-05
6.198883056640625000e-06
4.529953002929687500e-06
5.245208740234375000e-06
4.768371582031250000e-06
4.529953002929687500e-06
5.006790161132812500e-06
4.291534423828125000e-06
4.291534423828125000e-06
1.668930053710937500e-05
4.291534423828125000e-06
5.245208740234375000e-06
5.245208740234375000e-06
5.006790161132812500e-06
5.006790161132812500e-06
5.006790161132812500e-06
5.006790161132812500e-06
5.006790161132812500e-06
4.529953002929687500e-06
5.006790161132812500e-06
5.245208740234375000e-06
5.006790161132812500e-06
5.245208740234375000e-06
5.006790161132812500e-06
5.245208740234375000e-06
5.006790161132812500e-06
4.768371582031250000e-06
5.245208740234375000e-06
4.291534423828125000e-06
5.006790161132812500e-06
5.245208740234375000e-06
5.006790161132812500e-06
5.006790161132812500e-06
5.006790161132812500e-06
5.006790161132812500e-06
5.483627319335937500e-06
5.006790161132812500e-06
5.245208740234375000e-06
5.006790161132812500e-06
5.006790161132812500e-06
5.245208740234375000e-06
5.483627319335937500e-06
5.245208740234375000e-06
5.245208740234375000e-06
5.245208740234375000e-06
5.006790161132812500e-06
5.006790161132812500e-06
5.245208740234375000e-06
4.768371582031250000e-06
5.245208740234375000e-06
5.006790161132812500e-06
4.768371582031250000e-06
5.245208740234375000e-06
5.006790161132812500e-06
5.245208740234375000e-06
5.006790161132812500e-06
5.245208740234375000e-06
4.768371582031250000e-06
5.245208740234375000e-06
5.245208740234375000e-06
5.245208740234375000e-06
5.245208740234375000e-06
5.006790161132812500e-06
5.006790161132812500e-06
5.006790161132812500e-06
5.245208740234375000e-06
5.006790161132812500e-06
5.245208740234375000e-06
5.006790161132812500e-06
5.006790161132812500e-06
5.006790161132812500e-06
5.006790161132812500e-06
5.006790161132812500e-06
5.006790161132812500e-06
5.245208740234375000e-06
5.006790161132812500e-06
5.006790161132812500e-06
4.768371582031250000e-06
5.245208740234375000e-06
5.006790161132812500e-06
5.483627319335937500e-06
1.025199890136718750e-05
5.006790161132812500e-06
5.006790161132812500e-06
5.483627319335937500e-06
4.768371582031250000e-06
5.483627319335937500e-06
5.006790161132812500e-06
5.245208740234375000e-06
4.768371582031250000e-06
5.245208740234375000e-06
5.245208740234375000e-06
4.768371582031250000e-06
5.722045898437500000e-06
5.006790161132812500e-06
5.245208740234375000e-06
5.245208740234375000e-06
5.245208740234375000e-06
5.006790161132812500e-06
5.245208740234375000e-06
5.245208740234375000e-06
4.768371582031250000e-06
5.245208740234375000e-06
5.006790161132812500e-06
5.006790161132812500e-06
5.245208740234375000e-06
5.245208740234375000e-06
5.006790161132812500e-06
5.245208740234375000e-06
4.768371582031250000e-06
5.483627319335937500e-06
5.006790161132812500e-06
5.245208740234375000e-06
5.006790161132812500e-06
4.768371582031250000e-06
5.006790161132812500e-06
4.768371582031250000e-06
5.245208740234375000e-06
5.006790161132812500e-06
5.006790161132812500e-06
5.245208740234375000e-06
4.768371582031250000e-06
5.483627319335937500e-06
5.245208740234375000e-06
5.006790161132812500e-06
5.006790161132812500e-06
5.245208740234375000e-06
5.006790161132812500e-06
5.245208740234375000e-06
5.483627319335937500e-06
5.006790161132812500e-06
5.245208740234375000e-06
5.006790161132812500e-06
5.006790161132812500e-06
5.006790161132812500e-06
5.483627319335937500e-06
5.006790161132812500e-06
5.006790161132812500e-06
5.006790161132812500e-06
5.006790161132812500e-06
5.245208740234375000e-06
5.006790161132812500e-06
5.006790161132812500e-06
5.245208740234375000e-06
5.006790161132812500e-06
5.722045898437500000e-06
5.245208740234375000e-06
5.245208740234375000e-06
5.245208740234375000e-06
5.245208740234375000e-06
5.006790161132812500e-06
5.006790161132812500e-06
5.006790161132812500e-06
5.006790161132812500e-06
5.006790161132812500e-06
5.006790161132812500e-06
5.245208740234375000e-06
5.245208740234375000e-06
5.245208740234375000e-06
6.198883056640625000e-06
5.483627319335937500e-06
4.768371582031250000e-06
5.006790161132812500e-06
5.483627319335937500e-06
5.245208740234375000e-06
5.245208740234375000e-06
5.245208740234375000e-06
5.006790161132812500e-06
5.006790161132812500e-06
5.245208740234375000e-06
5.006790161132812500e-06
5.245208740234375000e-06
4.768371582031250000e-06
5.245208740234375000e-06
5.006790161132812500e-06
4.768371582031250000e-06
5.960464477539062500e-06
1.025199890136718750e-05
1.120567321777343750e-05
1.192092895507812500e-05
5.483627319335937500e-06
5.245208740234375000e-06
5.006790161132812500e-06
5.245208740234375000e-06
5.006790161132812500e-06
5.006790161132812500e-06
5.245208740234375000e-06
5.245208740234375000e-06
5.006790161132812500e-06
5.245208740234375000e-06
4.768371582031250000e-06
4.768371582031250000e-06
5.245208740234375000e-06
5.006790161132812500e-06
5.245208740234375000e-06
5.245208740234375000e-06
5.245208740234375000e-06
5.960464477539062500e-06
5.245208740234375000e-06
5.006790161132812500e-06
5.006790161132812500e-06
5.006790161132812500e-06
5.006790161132812500e-06
5.245208740234375000e-06
5.006790161132812500e-06
5.006790161132812500e-06
5.006790161132812500e-06
5.006790161132812500e-06
4.768371582031250000e-06
4.768371582031250000e-06
5.245208740234375000e-06
5.245208740234375000e-06
5.245208740234375000e-06
4.768371582031250000e-06
5.006790161132812500e-06
5.006790161132812500e-06
4.768371582031250000e-06
4.768371582031250000e-06
5.006790161132812500e-06
4.768371582031250000e-06
5.006790161132812500e-06
5.006790161132812500e-06
5.006790161132812500e-06
5.006790161132812500e-06
4.768371582031250000e-06
4.768371582031250000e-06
5.245208740234375000e-06
4.768371582031250000e-06
5.006790161132812500e-06
5.006790161132812500e-06
5.006790161132812500e-06
5.006790161132812500e-06
5.245208740234375000e-06
5.006790161132812500e-06
5.006790161132812500e-06
5.245208740234375000e-06
5.006790161132812500e-06
5.245208740234375000e-06
5.245208740234375000e-06
5.006790161132812500e-06
4.768371582031250000e-06
5.245208740234375000e-06
5.006790161132812500e-06
5.006790161132812500e-06
5.006790161132812500e-06
4.768371582031250000e-06
5.245208740234375000e-06
5.006790161132812500e-06
5.722045898437500000e-06
5.960464477539062500e-06
4.768371582031250000e-06
5.006790161132812500e-06
5.245208740234375000e-06
