3.050319671630859375e+01
3.376483917236328125e+00
3.758256196975708008e+00
1.805669808387756348e+01
9.321750211715698242e+01
1.782286167144775391e-01
9.213776588439941406e+00
3.496425468921661377e+02
1.750877010822296143e+02
1.762800669670104980e+01
3.891443490982055664e+00
7.681037902832031250e+00
4.115453367233276367e+02
2.923563957214355469e+00
4.122671842575073242e+00
5.202055454254150391e+00
5.832735776901245117e+00
3.154352521896362305e+01
7.021661520004272461e+00
5.409281539916992188e+01
1.058593161106109619e+02
4.442458152770996094e-01
1.074982500076293945e+01
7.478221774101257324e+01
1.719112012386322021e+02
1.169270038604736328e+00
1.047425031661987305e+00
2.977607011795043945e+00
3.324084210395812988e+01
6.291705083847045898e+01
2.448477983474731445e+00
2.204932212829589844e+00
3.714328765869140625e+00
1.547599554061889648e+00
2.682185387611389160e+01
5.508028745651245117e+00
3.441640138626098633e+00
3.410755944252014160e+01
9.356541633605957031e-01
2.372962236404418945e+00
1.255138635635375977e+00
8.415979385375976562e+00
1.710876464843750000e+00
2.536191701889038086e+01
1.586892366409301758e+02
1.276488065719604492e+00
1.965855550765991211e+01
1.455090761184692383e+00
7.503614544868469238e+01
3.014493227005004883e+00
7.703426122665405273e+00
2.712246775627136230e+01
2.857772822380065918e+02
6.852991342544555664e+00
1.580323457717895508e+00
2.175250954627990723e+02
2.831757760047912598e+01
2.455729007720947266e+00
8.278639316558837891e-01
2.353850266933441162e+02
7.279472589492797852e+00
1.349141669273376465e+01
3.799644470214843750e+00
7.688271212577819824e+01
2.417865276336669922e+00
5.425750374794006348e+01
4.586293697357177734e-01
1.452564477920532227e+00
9.900836944580078125e-01
1.181306123733520508e+00
4.029164314270019531e-01
4.242700338363647461e+01
7.857542037963867188e-01
4.408585619926452637e+01
8.804062008857727051e+02
4.576727867126464844e+00
9.000189304351806641e-01
1.591319084167480469e+01
1.240187385082244873e+02
6.442489147186279297e+00
3.206214904785156250e-01
2.520383119583129883e+00
6.181695461273193359e-01
6.668354511260986328e+00
6.109462976455688477e+00
9.370386614799499512e+02
2.687895298004150391e+01
4.715336098670959473e+02
1.898272991180419922e+01
1.380550146102905273e+01
5.541465282440185547e+00
1.053752326965332031e+01
3.288438320159912109e-01
1.594226121902465820e+00
4.241519427299499512e+02
1.157037663459777832e+01
4.467108511924743652e+01
2.828183650970458984e+00
3.478415298461914062e+01
4.695455312728881836e+00
4.314077138900756836e+00
2.615496635437011719e+00
3.006846427917480469e+00
4.438486337661743164e+00
1.267295622825622559e+01
3.869854450225830078e+00
1.239648199081420898e+01
5.730877637863159180e+00
3.079687261581420898e+01
4.537722611427307129e+01
4.443408799171447754e+01
1.036665964126586914e+01
1.311770057678222656e+01
1.700545043945312500e+02
2.364971749782562256e+02
3.643662927150726318e+02
3.071424436569213867e+01
9.372804164886474609e-01
1.255877351760864258e+01
1.232709550857543945e+01
1.794152259826660156e-01
2.211423778533935547e+01
4.762897183895111084e+02
2.582128047943115234e-01
8.750782012939453125e-01
1.015055682659149170e+02
4.313465809822082520e+01
7.842019319534301758e+00
4.676953315734863281e+00
4.399693012237548828e-01
2.309799265861511230e+01
6.643629074096679688e-01
1.167891263961791992e+00
8.800920248031616211e+00
9.557058572769165039e+00
1.932756900787353516e+00
1.287950992584228516e+00
1.835646629333496094e-01
4.245293140411376953e+00
1.621194601058959961e+00
4.298360347747802734e-01
6.814927339553833008e+00
5.401676654815673828e+00
3.069537973403930664e+01
1.347166538238525391e+00
1.646368422508239746e+02
1.048572564125061035e+01
5.442754268646240234e+00
1.003294229507446289e+00
1.250773549079895020e+01
4.900914859771728516e+01
1.265143394470214844e+00
9.983051538467407227e+00
3.271732115745544434e+01
1.552041769027709961e+00
3.432649896144866943e+02
1.039344108104705811e+02
4.351314067840576172e+00
4.828302383422851562e+00
5.640710830688476562e+00
1.207226133346557617e+01
2.733591556549072266e+00
7.225012063980102539e+00
8.390679597854614258e+00
2.762023925781250000e+00
6.961787438392639160e+01
1.404478192329406738e+01
1.186946606636047363e+01
2.040141725540161133e+01
7.552800178527832031e-01
1.347621917724609375e+00
5.188238620758056641e-01
4.993548583984375000e+01
1.261413788795471191e+01
4.940140247344970703e-01
1.602458739280700684e+01
1.286383628845214844e+00
5.052274131774902344e+01
1.953032469749450684e+01
3.064167022705078125e+00
6.209473609924316406e-01
1.960314035415649414e+00
1.691352844238281250e+01
4.401328563690185547e-01
3.704845905303955078e-01
7.772679567337036133e+00
2.721474432945251465e+01
1.953377723693847656e+00
2.401319503784179688e+00
1.162042140960693359e+01
4.208152294158935547e-01
9.930912494659423828e+00
1.507371902465820312e+00
1.736738681793212891e-01
2.094609239101409912e+02
1.364985394477844238e+01
4.499915266036987305e+01
1.125595951080322266e+01
7.577346086502075195e+00
1.591458082199096680e+01
