9.980887889862060547e+00
9.668869495391845703e+00
1.486067295074462891e+00
5.289713382720947266e+00
9.521261715888977051e+01
1.756587028503417969e-01
9.482189893722534180e+00
3.258129119873046875e+00
1.947480888366699219e+02
1.732958626747131348e+01
3.647111177444458008e+00
8.596162557601928711e+00
1.594971645355224609e+03
1.296699285507202148e+00
3.507145643234252930e+00
2.632790565490722656e+00
4.930977344512939453e+00
1.116258382797241211e+01
2.269004893302917480e+01
8.708680748939514160e+01
1.056266219615936279e+02
8.519222736358642578e+00
9.611964225769042969e+00
6.633333396911621094e+01
1.392732808589935303e+02
2.043282985687255859e+00
1.475202560424804688e+00
6.938064384460449219e+01
3.532291436195373535e+01
5.538187479972839355e+01
4.947414636611938477e+00
3.551706314086914062e+00
2.561467409133911133e+00
2.655284616947174072e+02
2.726401090621948242e+01
3.987314939498901367e+00
2.392086267471313477e+00
3.183462476730346680e+01
9.784605503082275391e-01
3.324262619018554688e+00
1.263533353805541992e+00
6.712988615036010742e+00
6.718803167343139648e+00
4.249174165725708008e+01
1.136780545711517334e+02
1.410422801971435547e+00
4.013265848159790039e+00
2.188251972198486328e+00
3.478114366531372070e+00
3.082574129104614258e+00
7.922398567199707031e+00
3.361577439308166504e+01
2.009733686447143555e+02
6.699445486068725586e+00
2.584217512607574463e+02
2.072584800720214844e+02
1.144953441619873047e+01
3.241142034530639648e+00
8.903889656066894531e-01
2.156901004314422607e+02
1.320411205291748047e+01
1.115018820762634277e+01
4.509178876876831055e+00
6.704114317893981934e+01
1.199966192245483398e+00
5.429049324989318848e+01
1.901528835296630859e-01
1.160724806785583496e+01
2.131347656250000000e+00
1.137937307357788086e+00
3.949189186096191406e-01
4.251627874374389648e+01
1.955587625503540039e+00
4.796295857429504395e+01
3.709809188842773438e+02
9.255311489105224609e-01
4.419500827789306641e-01
8.075490713119506836e+00
8.782627820968627930e+00
1.771291732788085938e+00
3.365392684936523438e-01
1.195832490921020508e+00
1.152671575546264648e+00
4.232286453247070312e+00
5.355532884597778320e+00
1.678958535194396973e+01
8.004370927810668945e+00
2.673854887485504150e+02
1.608983516693115234e+01
1.331866908073425293e+01
7.026588916778564453e-01
2.513865709304809570e+00
1.797912120819091797e-01
8.931276798248291016e-01
3.163231449127197266e+02
7.725116014480590820e+00
3.909702324867248535e+01
2.442801713943481445e+00
3.673657655715942383e+00
4.935258626937866211e+00
6.950143814086914062e+00
2.713697433471679688e+00
1.608458280563354492e+00
1.668178319931030273e+00
9.736871480941772461e+00
3.332792520523071289e+00
1.234069418907165527e+01
2.347183942794799805e+00
8.663408756256103516e+00
4.077134704589843750e+01
4.303872585296630859e+01
9.084830045700073242e+00
1.061488151550292969e+01
1.487586236000061035e+01
4.267716813087463379e+01
2.230235669612884521e+02
3.131930446624755859e+01
7.839198112487792969e-01
1.228002285957336426e+01
1.129003977775573730e+01
1.696097850799560547e-01
1.628534770011901855e+01
4.524001216888427734e+02
2.371413707733154297e-01
8.086428642272949219e-01
9.983001875877380371e+01
3.714490938186645508e+01
1.326596975326538086e+01
3.734795093536376953e+00
4.933161735534667969e-01
2.028910350799560547e+01
5.951702594757080078e-01
2.485389471054077148e+00
2.300459837913513184e+01
6.812562227249145508e+00
1.667787075042724609e+00
1.493890523910522461e+00
3.965568542480468750e-01
3.041967034339904785e+01
7.726671695709228516e-01
9.472370147705078125e-01
6.106538057327270508e+00
8.846816062927246094e+00
8.503924846649169922e+00
1.268759727478027344e+00
1.032938790321350098e+01
9.341381311416625977e+00
1.776064562797546387e+01
8.806879520416259766e-01
2.453497409820556641e+00
3.674445748329162598e+01
6.268782615661621094e-01
9.309506654739379883e+00
1.309304761886596680e+01
1.638600826263427734e-01
1.416498470306396484e+01
9.272461056709289551e+01
4.625482797622680664e+00
2.992939949035644531e+00
3.472269535064697266e+00
7.226415395736694336e+00
9.344462871551513672e+00
9.484887361526489258e+00
1.186799979209899902e+01
2.372489929199218750e+00
7.443422555923461914e+00
1.172581815719604492e+01
5.154715538024902344e+00
1.600884413719177246e+01
8.410742282867431641e-01
1.228416204452514648e+00
9.074347019195556641e-01
7.178443908691406250e+00
1.222361636161804199e+01
4.523253440856933594e-01
7.853093147277832031e-01
9.522519111633300781e-01
4.807564640045166016e+01
1.540937590599060059e+01
5.592439651489257812e+00
8.416626453399658203e-01
1.699669122695922852e+00
4.025856971740722656e+00
8.033987045288085938e+00
3.783841133117675781e-01
4.694445371627807617e+00
9.498281955718994141e+00
1.690549373626708984e+00
1.947618722915649414e+00
4.157041072845458984e+00
6.255908012390136719e-01
2.238180875778198242e+00
1.203912019729614258e+00
6.452319622039794922e-01
7.826336798667907715e+02
2.421409249305725098e+01
5.677148985862731934e+01
8.187083721160888672e+00
9.214966297149658203e-01
1.618832659721374512e+01
