8.066817045211791992e+00
7.165292263031005859e+00
1.673932313919067383e+00
9.620637416839599609e+00
5.002939243316650391e+02
2.722465991973876953e-01
1.982706475257873535e+01
2.019318342208862305e+00
5.053665771484375000e+02
2.651190090179443359e+01
6.071457862854003906e+00
7.545099258422851562e+00
7.453997135162353516e+00
8.992342948913574219e-01
1.869280672073364258e+01
2.227162837982177734e+00
1.448785138130187988e+01
8.717400550842285156e+00
2.241288352012634277e+01
7.717204093933105469e-01
5.082335119247436523e+02
1.375459194183349609e+00
5.895077705383300781e+00
1.089768159389495850e+02
1.470390884876251221e+02
1.089842796325683594e+00
1.275325536727905273e+00
2.823767423629760742e+00
3.887074661254882812e+01
1.866953861713409424e+02
2.206385850906372070e+00
1.296599149703979492e+00
2.158424806594848633e+01
1.467689275741577148e+00
3.236142244338989258e+02
2.096398973464965820e+01
6.483246088027954102e+00
2.958786273002624512e+01
2.693269252777099609e-01
1.170189795494079590e+02
3.057577610015869141e-01
5.441452980041503906e+01
1.758037328720092773e+00
3.389790344238281250e+01
1.238202774524688721e+02
1.444091320037841797e+00
5.150279998779296875e-01
8.924555778503417969e-01
1.275938200950622559e+01
8.813290596008300781e-01
8.334406137466430664e+00
2.931243991851806641e+01
2.642045066356658936e+02
1.523159003257751465e+01
1.460470914840698242e+00
2.685276267528533936e+02
1.019467463493347168e+02
2.228780508041381836e+00
6.184508800506591797e-01
2.225795269012451172e+02
6.974965095520019531e+00
9.166198089122772217e+02
1.671757602691650391e+01
1.120075318813323975e+02
1.536975383758544922e+00
6.600669145584106445e+01
3.418629169464111328e-01
1.008397817611694336e+00
1.199807167053222656e+00
3.944809436798095703e-01
1.743621826171875000e-01
5.016433727741241455e+02
7.977180480957031250e-01
3.102604999542236328e+02
9.386856801509857178e+02
4.699293375015258789e+00
6.685822010040283203e-01
1.587621045112609863e+01
2.205809664726257324e+01
2.656771659851074219e+00
4.560236930847167969e-01
2.196983480453491211e+01
4.683232307434082031e-01
1.735997223854064941e+01
6.182315587997436523e+00
8.458150625228881836e+00
1.070714855194091797e+01
7.168100750446319580e+02
6.128179144859313965e+01
1.785155296325683594e+01
6.955615282058715820e+00
7.475380659103393555e+00
1.683881282806396484e-01
7.403492927551269531e-01
3.663169674873352051e+02
1.054190158843994141e+01
6.757308506965637207e+01
1.279693078994750977e+01
2.958246946334838867e+00
4.204952955245971680e+00
3.398494482040405273e+00
2.294278621673583984e+00
2.675139427185058594e+00
1.988512277603149414e+00
1.170307922363281250e+01
2.407398462295532227e+00
1.511189436912536621e+01
2.656703972816467285e+01
2.797475504875183105e+01
4.171355676651000977e+01
5.181116027832031250e+02
1.870153045654296875e+01
2.013127255439758301e+01
6.646050214767456055e+00
4.051576352119445801e+01
2.506634473800659180e+00
3.411149406433105469e+01
7.305142879486083984e-01
5.484716892242431641e+00
9.491433382034301758e+00
1.696536540985107422e-01
4.439368560314178467e+02
3.906806359291076660e+02
1.174862384796142578e-01
1.788328790664672852e+01
4.506341028213500977e+01
6.870272397994995117e+01
6.714925765991210938e+00
2.221178054809570312e+00
3.784501552581787109e-01
3.462777543067932129e+01
3.696939945220947266e-01
5.908710956573486328e-01
4.921668052673339844e+00
2.638199329376220703e+01
1.048344874382019043e+01
3.330771853923797607e+02
1.546843051910400391e-01
1.912748575210571289e+00
1.081874132156372070e+00
3.531720638275146484e-01
1.562443852424621582e+01
1.769007349014282227e+01
1.329657363891601562e+01
2.657349109649658203e-01
5.765268087387084961e+00
6.005790472030639648e+00
4.656055927276611328e+00
4.718856811523437500e-01
1.189618635177612305e+01
1.257505345344543457e+02
3.095901012420654297e-01
1.089064359664916992e+01
2.407908773422241211e+01
1.449008226394653320e+00
2.841557717323303223e+01
4.730339050292968750e-01
3.389773845672607422e+00
4.209938764572143555e+00
3.190330266952514648e+00
6.295671463012695312e+00
9.528827667236328125e-01
8.639241218566894531e+00
8.903673648834228516e+00
7.803533077239990234e-01
9.022489070892333984e+00
1.248054289817810059e+01
1.384350056648254395e+02
1.216820311546325684e+01
1.476829051971435547e-01
1.139115333557128906e+00
3.098816871643066406e-01
5.233187437057495117e+00
1.119545865058898926e+01
3.940212726593017578e-01
4.449405670166015625e-01
2.232017993927001953e+00
1.195431678295135498e+02
9.892885684967041016e+00
2.355823040008544922e+00
1.768295764923095703e-01
4.086956977844238281e-01
7.205879688262939453e-01
5.735676288604736328e-01
6.645257472991943359e-01
1.084608650207519531e+01
6.625432968139648438e+00
2.156319618225097656e-01
2.125183343887329102e+00
6.535493135452270508e+00
3.281705379486083984e-01
1.749510288238525391e+00
1.149230480194091797e+00
1.439099311828613281e-01
1.757105891704559326e+02
5.734167575836181641e+00
5.127339982986450195e+01
3.846990106105804443e+02
1.035001277923583984e+00
3.246151390075683594e+02
