1.408235239982604980e+01
5.783788442611694336e+00
1.633462905883789062e+00
4.799815177917480469e+00
8.349485635757446289e+01
1.680257320404052734e-01
2.093444108963012695e+01
2.154120445251464844e+00
1.792592139244079590e+02
2.554699993133544922e+01
2.882541656494140625e+00
1.779369544982910156e+01
1.147125492095947266e+02
2.456439971923828125e+00
1.864373421669006348e+01
2.826308012008666992e+00
5.163856029510498047e+00
1.115072774887084961e+01
2.456326198577880859e+01
6.080613136291503906e-01
1.274786624908447266e+02
1.629250049591064453e-01
6.190680980682373047e+00
1.115984952449798584e+02
1.462776000499725342e+02
1.073426723480224609e+00
1.209743499755859375e+00
3.640038013458251953e+00
3.624392962455749512e+01
2.804685969352722168e+02
2.304073810577392578e+00
3.446462631225585938e+00
3.666862010955810547e+00
1.667089462280273438e-01
4.638253812789916992e+02
1.965324282646179199e+01
5.101998805999755859e+00
1.551319622993469238e+02
3.147537708282470703e-01
1.353634967803955078e+02
3.512487411499023438e-01
7.955782938003540039e+01
2.314278841018676758e+00
3.414623522758483887e+01
1.082866396903991699e+02
4.232640266418457031e+00
5.014533996582031250e-01
1.236351966857910156e+00
5.842722415924072266e+00
9.567577838897705078e-01
1.291530942916870117e+01
8.450125479698181152e+01
2.724534749984741211e+02
1.655127596855163574e+01
5.891680717468261719e-01
5.137095587253570557e+02
4.445871615409851074e+01
3.152993679046630859e+00
5.975463390350341797e-01
2.291080186367034912e+02
1.062529611587524414e+01
1.466837000846862793e+01
4.516360521316528320e+00
3.275095446109771729e+02
2.397296428680419922e+00
1.297054982185363770e+02
1.872880458831787109e-01
1.262135982513427734e+00
7.291262149810791016e-01
4.624526500701904297e-01
1.825911998748779297e-01
4.561877155303955078e+01
6.491148471832275391e-01
5.633266162872314453e+01
7.464043860435485840e+02
4.209054946899414062e+00
1.874398469924926758e+00
1.588967394828796387e+01
1.061818099021911621e+01
2.059477567672729492e+00
3.760562896728515625e+00
2.402623176574707031e+00
1.288092136383056641e+00
6.574594736099243164e+00
1.998166127204895020e+02
5.094828605651855469e+00
1.094250941276550293e+01
3.554925000667572021e+02
1.641347622871398926e+01
2.282586860656738281e+01
7.202219963073730469e-01
9.739274740219116211e+00
1.735117435455322266e-01
6.300356388092041016e-01
3.281467461585998535e+02
9.077386856079101562e+00
6.720717740058898926e+01
1.303336572647094727e+01
5.233649492263793945e+00
1.954342579841613770e+01
4.042465162277221680e+02
1.996253967285156250e+00
1.724373340606689453e+00
2.958529949188232422e+00
2.160172796249389648e+01
7.517121791839599609e+00
3.428562641143798828e+01
8.634099006652832031e+00
8.376370191574096680e+00
6.664036712646484375e+02
5.849060010910034180e+01
7.678912520408630371e+01
1.185511565208435059e+01
2.667134761810302734e+01
5.818671607971191406e+01
2.278635263442993164e+00
1.270125622749328613e+02
8.060913085937500000e-01
5.742394208908081055e+00
1.428119206428527832e+01
1.754782199859619141e-01
1.434596731662750244e+02
4.452157399654388428e+02
2.018220424652099609e-01
6.293797492980957031e-01
5.957755851745605469e+01
4.675193119049072266e+01
6.944355154037475586e+01
6.564585447311401367e+00
4.884488582611083984e-01
1.612287878990173340e+01
9.790630340576171875e-01
7.211537361145019531e-01
2.203428912162780762e+01
1.040735077857971191e+01
1.216774940490722656e+00
1.647951602935791016e-01
1.696584224700927734e-01
2.153854231834411621e+02
1.799952268600463867e+00
5.700283050537109375e-01
1.641641473770141602e+01
4.836385011672973633e+00
1.315868544578552246e+01
3.150415420532226562e-01
5.890393018722534180e+00
7.139045953750610352e+00
1.953140687942504883e+01
4.149093627929687500e-01
3.088924646377563477e+00
4.980114793777465820e+01
3.036794662475585938e-01
1.917167425155639648e+01
1.712255620956420898e+01
3.078124523162841797e-01
3.396390271186828613e+01
1.956567764282226562e-01
9.773461341857910156e+00
4.335177898406982422e+00
4.197591543197631836e+00
1.809807515144348145e+01
7.222924232482910156e-01
1.191717147827148438e+01
8.129395246505737305e+00
7.609562873840332031e-01
7.346430540084838867e+00
2.731291079521179199e+01
7.728880882263183594e+00
2.388957047462463379e+01
1.636781692504882812e-01
1.299848318099975586e+00
5.429809093475341797e-01
1.079774975776672363e+01
3.269263172149658203e+01
2.072775125503540039e+00
2.661142349243164062e-01
9.166266918182373047e-01
1.537937858104705811e+02
1.454754920005798340e+02
2.713536500930786133e+00
3.616194725036621094e-01
1.700212955474853516e+00
5.410599708557128906e-01
1.698056697845458984e+00
2.970719337463378906e-01
2.066916728019714355e+01
1.717379188537597656e+01
2.509973049163818359e-01
2.329234838485717773e+00
4.847935438156127930e+00
5.804474353790283203e-01
1.275569200515747070e+00
1.164878368377685547e+00
1.628675460815429688e-01
1.452358586788177490e+02
5.988425731658935547e+00
7.513117694854736328e+01
2.613627772331237793e+02
1.208077669143676758e+00
3.295984356403350830e+02
