9.528786897659301758e+00
8.693786621093750000e+00
3.127704381942749023e+00
6.003010272979736328e+00
1.317401456832885742e+02
1.533389091491699219e-01
1.761978530883789062e+01
1.454524848461151123e+02
2.390717160701751709e+02
2.236403918266296387e+01
1.968191990852355957e+02
6.104398488998413086e+00
2.155391042709350586e+03
4.181630373001098633e+00
6.434564399719238281e+01
4.266142845153808594e+00
1.864118766784667969e+01
1.191918921470642090e+01
2.499266672134399414e+01
2.592499256134033203e+00
2.587442283630371094e+02
2.500200271606445312e-01
1.031497263908386230e+01
8.028544974327087402e+01
3.515119447708129883e+02
1.054085969924926758e+00
6.986620426177978516e-01
2.206491708755493164e+00
8.909999322891235352e+01
5.002111268043518066e+02
2.294608116149902344e+00
8.281474113464355469e-01
3.644754171371459961e+00
5.590276718139648438e-01
3.012390340566635132e+03
3.411459040641784668e+01
6.955438852310180664e+00
1.246772167682647705e+02
4.436738491058349609e-01
3.479916810989379883e+00
2.994329929351806641e-01
8.588998937606811523e+01
1.707544803619384766e+00
4.556305623054504395e+01
1.785197086334228516e+02
4.245995521545410156e+00
4.946320056915283203e-01
1.044522523880004883e+00
1.277830433845520020e+01
8.673949241638183594e-01
6.772509813308715820e+00
2.609232797622680664e+02
3.210145998001098633e+02
7.458265066146850586e+00
5.417745113372802734e-01
3.041938955783843994e+02
4.830164408683776855e+01
2.835477590560913086e+00
5.970923900604248047e-01
5.000779278278350830e+02
7.062071323394775391e+00
2.110726475715637207e+01
4.060683488845825195e+00
5.013044240474700928e+02
2.446518659591674805e+00
1.992810251712799072e+02
3.360490798950195312e-01
5.883157253265380859e-01
9.504730224609375000e+00
2.377970218658447266e-01
1.812720298767089844e-01
3.678701567649841309e+01
4.945461750030517578e-01
7.807302117347717285e+01
2.317175574302673340e+02
8.367278575897216797e-01
3.676247596740722656e-01
1.008670687675476074e+01
1.990598988533020020e+01
3.756687641143798828e-01
2.600613594055175781e+00
1.143025946617126465e+01
2.999515533447265625e-01
4.048349714279174805e+01
1.555331087112426758e+01
4.828759193420410156e+00
7.794093298912048340e+01
2.363255676269531250e+03
2.555589103698730469e+01
1.781598353385925293e+01
4.891982078552246094e-01
1.083807325363159180e+01
1.711428165435791016e-01
6.181509494781494141e-01
4.390440318584442139e+02
8.098237061500549316e+01
2.781895415782928467e+02
1.328701210021972656e+01
5.989648103713989258e+00
3.667406082153320312e+00
1.743208646774291992e+00
2.135038137435913086e+00
2.691070318222045898e+00
4.198706150054931641e+00
1.006683444976806641e+01
2.403757810592651367e+00
3.697941112518310547e+01
5.813535690307617188e+00
7.998572826385498047e+00
1.170822386741638184e+02
7.463013195991516113e+01
2.757261657714843750e+01
6.023270559310913086e+01
4.269196152687072754e+01
5.576208734512329102e+01
9.684705734252929688e-01
2.085298600196838379e+02
4.527182579040527344e-01
1.429092407226562500e+01
1.003362574577331543e+02
1.809091567993164062e-01
4.068197052478790283e+02
5.000228056907653809e+02
1.043269634246826172e-01
4.784531593322753906e-01
5.163100385665893555e+01
5.000221076011657715e+02
1.606135582923889160e+01
1.711854934692382812e+00
4.130587577819824219e-01
6.709379529953002930e+01
5.600321292877197266e-01
1.618247032165527344e-01
8.183066368103027344e+00
1.073856544494628906e+01
1.165898919105529785e+01
1.745927333831787109e-01
1.667876243591308594e-01
3.920985698699951172e+00
1.508528947830200195e+00
4.019806385040283203e-01
7.058485507965087891e+00
3.998075008392333984e+00
1.004425501823425293e+01
2.881991863250732422e-01
1.124348044395446777e+01
1.402181649208068848e+01
2.298223018646240234e+00
2.730450630187988281e-01
1.188149881362915039e+01
5.239693880081176758e+01
3.014976978302001953e-01
1.948256874084472656e+01
1.936273813247680664e+01
1.403619098663330078e+02
1.977239203453063965e+01
2.250473499298095703e-01
5.377233743667602539e+00
4.671118974685668945e+00
1.041547393798828125e+01
1.900827455520629883e+01
8.647129535675048828e-01
2.541890645027160645e+01
1.375569581985473633e+01
6.169428825378417969e-01
9.388608980178833008e+01
1.534073519706726074e+01
2.685679578781127930e+01
1.889004855155944824e+02
1.621041297912597656e-01
1.309187173843383789e+00
3.773441791534423828e+00
8.412247180938720703e+00
1.448017120361328125e+01
5.448889732360839844e-01
2.424182891845703125e-01
7.015857696533203125e-01
7.506570529937744141e+01
1.777373981475830078e+01
2.150942564010620117e+00
1.990582942962646484e-01
3.617513179779052734e-01
7.218997478485107422e-01
1.603240966796875000e-01
3.294136524200439453e-01
1.369434261322021484e+01
2.992860531806945801e+01
2.193844318389892578e-01
2.137524366378784180e+00
4.730150461196899414e+00
3.324687480926513672e-01
1.120420455932617188e+00
4.350650072097778320e+00
1.451761722564697266e-01
1.756952290534973145e+02
3.315475702285766602e+01
4.901769678592681885e+02
3.532042241096496582e+01
1.038401126861572266e+00
2.118511388301849365e+02
