3.662408757209777832e+01
5.664608001708984375e+00
3.354971647262573242e+00
4.361382606029510498e+02
1.404807138442993164e+02
1.649811267852783203e-01
1.917122220993041992e+01
2.186282396316528320e+00
3.733460745811462402e+02
2.580234432220458984e+01
3.696114301681518555e+00
1.615080237388610840e+01
2.211307559013366699e+02
9.047055244445800781e-01
6.811836361885070801e+01
4.026587963104248047e+00
1.426102542877197266e+01
3.800359225273132324e+01
2.708920741081237793e+01
2.779241561889648438e+00
1.278263621330261230e+02
3.917925357818603516e-01
6.138418197631835938e+00
1.061039142608642578e+02
2.236622557640075684e+02
1.828262329101562500e+00
6.940715312957763672e-01
2.396887302398681641e+00
1.399139993190765381e+02
1.716418304443359375e+02
2.226400136947631836e+00
2.292579610347747803e+02
3.284349203109741211e+00
1.675736904144287109e-01
4.154386513233184814e+02
2.048475623130798340e+01
1.312393975257873535e+01
5.000932490825653076e+02
3.091287612915039062e-01
4.640865325927734375e+00
2.835137844085693359e-01
1.907587647438049316e+01
1.789830446243286133e+00
1.003544263839721680e+02
5.000210862159729004e+02
4.305816411972045898e+00
4.812006950378417969e-01
1.125590562820434570e+00
1.722695112228393555e+00
2.646976232528686523e+00
1.143622660636901855e+01
5.000709648132324219e+02
4.616841697692871094e+02
9.932366132736206055e+00
5.277929306030273438e-01
5.000780279636383057e+02
5.003634405136108398e+01
4.550770759582519531e+00
5.959107875823974609e-01
2.970959582328796387e+02
1.324891257286071777e+01
2.300217604637145996e+01
4.693739175796508789e+00
9.959434628486633301e+01
2.376298904418945312e+00
1.375795736312866211e+02
1.827669143676757812e-01
6.488413810729980469e-01
1.518492937088012695e+00
2.714934349060058594e-01
1.772537231445312500e-01
1.678080098628997803e+02
5.414581298828125000e-01
1.378445749282836914e+02
9.399478495121002197e+02
5.439686059951782227e+00
1.555199384689331055e+00
1.801447296142578125e+01
1.079790139198303223e+01
4.177703857421875000e+00
2.563484668731689453e+00
2.431695699691772461e+00
7.313594818115234375e-01
5.387540340423583984e+00
1.016173982620239258e+01
4.539611577987670898e+00
7.774192070960998535e+01
3.760794515609741211e+02
1.694874739646911621e+01
3.619506239891052246e+01
4.827063083648681641e-01
1.028470540046691895e+01
1.674799919128417969e-01
6.147541999816894531e-01
5.000841856002807617e+02
2.998809981346130371e+01
2.778608076572418213e+02
1.278643989562988281e+01
5.997011184692382812e+00
2.973545598983764648e+01
1.938099145889282227e+00
2.107625722885131836e+00
6.408969163894653320e+00
4.141405820846557617e+00
2.374723410606384277e+01
3.632302761077880859e+00
3.822974181175231934e+01
5.828552484512329102e+00
9.196973800659179688e+00
5.000509712696075439e+02
1.347449235916137695e+02
3.590752387046813965e+01
7.947159385681152344e+01
2.560657048225402832e+01
5.724467062950134277e+01
1.052227258682250977e+00
6.028197145462036133e+01
1.097302198410034180e+00
8.644893884658813477e+00
4.945429992675781250e+01
1.711673736572265625e-01
4.951452584266662598e+02
4.417467722892761230e+02
1.059217453002929688e-01
6.172788143157958984e-01
7.634755849838256836e+01
4.275334191322326660e+01
3.365390586853027344e+01
1.718213081359863281e+00
3.907790184020996094e-01
6.676182174682617188e+01
5.619049072265625000e-01
3.236730098724365234e-01
1.265955018997192383e+02
1.082405519485473633e+01
1.585191488265991211e+00
1.935935020446777344e-01
1.693689823150634766e-01
1.660970044136047363e+01
1.504646778106689453e+00
5.437767505645751953e-01
1.999551343917846680e+01
3.458152770996093750e+00
3.107336544990539551e+01
2.861638069152832031e-01
9.060761690139770508e+00
1.435842394828796387e+01
4.101240158081054688e+00
2.631230354309082031e-01
2.674275064468383789e+01
7.371655416488647461e+01
2.967028617858886719e-01
5.001126048564910889e+02
1.931801748275756836e+01
1.645154953002929688e-01
3.186760663986206055e+01
2.216234207153320312e-01
5.362756729125976562e+00
4.432595729827880859e+00
1.016231727600097656e+01
1.415227334499359131e+02
2.522456645965576172e+00
1.523541235923767090e+01
8.503587722778320312e+00
6.223382949829101562e-01
3.422426271438598633e+01
2.781640410423278809e+01
3.123364305496215820e+01
2.411766648292541504e+01
5.372388362884521484e-01
1.243528842926025391e+00
3.640294313430786133e+00
1.370827007293701172e+01
2.182576775550842285e+01
5.845882892608642578e-01
5.756115913391113281e-01
7.482211589813232422e-01
1.182516956329345703e+02
3.083794045448303223e+01
1.611674785614013672e+00
1.408706116676330566e+01
3.635642528533935547e-01
7.248814105987548828e-01
1.612880229949951172e-01
3.608824491500854492e+00
6.707101821899414062e+00
1.159216237068176270e+01
2.806174755096435547e-01
2.101435661315917969e+00
5.384446144104003906e+00
3.884499073028564453e-01
1.301085948944091797e+00
4.783691167831420898e+00
1.624138355255126953e-01
2.637011840343475342e+02
1.687363243103027344e+01
2.579903147459030151e+03
9.320490455627441406e+01
8.130364418029785156e+00
1.438859775066375732e+02
