4.518604278564453125e-02
3.123521804809570312e-02
8.553697109222412109e+00
2.820801734924316406e-02
8.451700210571289062e-03
2.667961120605468750e-01
8.609366416931152344e-02
4.482412338256835938e-02
3.479290008544921875e-02
5.326774120330810547e-01
4.607129096984863281e-02
1.639747619628906250e-02
5.451798439025878906e-02
1.323504447937011719e-01
4.714560508728027344e-02
8.588862419128417969e-02
4.175662994384765625e-02
1.973152160644531250e-02
8.877635002136230469e-02
2.348303794860839844e-02
3.730678558349609375e-02
8.737778663635253906e-02
2.232146263122558594e-02
5.965971946716308594e-02
2.281475067138671875e-02
2.917981147766113281e-02
1.644157648086547852e+00
3.520441055297851562e-02
1.113033294677734375e-01
1.335978507995605469e-01
1.157875061035156250e-01
3.661272525787353516e-01
4.582786560058593750e-02
4.496383666992187500e-02
1.057248115539550781e-01
2.257299423217773438e-02
2.645444869995117188e-02
7.343649864196777344e-02
4.696011543273925781e-02
5.447864532470703125e-02
1.807260513305664062e-02
1.086187362670898438e-02
3.231287002563476562e-02
1.658823490142822266e-01
5.008948519229888916e+02
1.366513228416442871e+01
5.106687545776367188e-03
2.864592075347900391e-01
6.379890441894531250e-01
3.884396553039550781e-01
1.606385707855224609e-01
2.736735343933105469e-02
5.065512657165527344e-02
4.753494262695312500e-02
7.239794731140136719e-02
8.156442642211914062e-02
9.214639663696289062e-03
7.769250869750976562e-02
7.611799240112304688e-02
3.954625129699707031e-02
2.278590202331542969e-02
3.444290161132812500e-02
4.498529434204101562e-02
1.496257781982421875e-01
5.151510238647460938e-03
1.416172981262207031e-01
9.118795394897460938e-02
5.501508712768554688e-02
3.870418071746826172e-01
3.684842586517333984e-01
6.177330017089843750e-02
3.635430335998535156e-02
3.858304023742675781e-02
4.481935501098632812e-02
4.263353347778320312e-01
2.163767814636230469e-02
8.328557014465332031e-02
3.285908699035644531e-02
2.098917961120605469e-02
2.140974998474121094e-02
5.301284790039062500e-02
2.862301726341247559e+02
3.746199607849121094e-02
1.533753871917724609e-01
6.558012962341308594e-02
2.005648612976074219e-02
2.829093933105468750e-01
1.047067642211914062e-01
1.142692565917968750e-02
5.882835388183593750e-02
1.624588489532470703e+00
5.265593528747558594e-02
7.814211130142211914e+00
3.373503684997558594e-02
5.486941337585449219e-02
1.203033208847045898e+00
1.644685268402099609e-01
9.585857391357421875e-02
2.621253252029418945e+00
5.020719952583312988e+02
1.896109580993652344e-01
9.784097909927368164e+00
1.563711166381835938e-01
2.459716796875000000e-02
4.064233064651489258e+00
2.772641181945800781e-02
5.412507057189941406e-02
4.548740386962890625e-02
2.444982528686523438e-02
2.475237846374511719e-02
2.012133598327636719e-02
1.298182010650634766e-01
2.582650184631347656e-01
1.637363433837890625e-02
1.036026477813720703e-01
9.592056274414062500e-03
1.877646446228027344e-01
9.604227542877197266e-01
7.044219970703125000e-02
1.066918373107910156e-01
7.992036342620849609e-01
2.375650405883789062e-02
5.008316040039062500e-02
4.325866699218750000e-02
5.114786872863769531e+02
5.912280082702636719e-02
1.906895637512207031e-02
5.099766254425048828e-01
5.021396443843841553e+02
2.639698982238769531e-02
2.233457565307617188e-02
1.496338844299316406e-02
6.674419164657592773e+00
8.775373458862304688e+00
4.325270652770996094e-02
1.091438913345336914e+01
5.928874015808105469e-02
3.219413757324218750e-02
3.892955946922302246e+01
5.002342360019683838e+02
8.866548538208007812e-02
5.894637107849121094e-02
1.647627353668212891e-01
7.711935043334960938e-02
4.398059844970703125e-02
2.391674375534057617e+01
1.562833786010742188e-02
9.865281581878662109e-01
8.643054962158203125e-02
1.550102233886718750e-02
7.012963294982910156e-02
2.008104324340820312e-02
1.863970756530761719e-01
3.260087966918945312e-02
3.642058372497558594e-02
1.640203714370727539e+00
5.059099197387695312e-02
4.414033889770507812e-02
6.394195556640625000e-02
1.955604553222656250e-02
8.964014053344726562e-02
2.154302597045898438e-02
8.891953468322753906e+00
2.341651916503906250e-02
1.863112449645996094e-01
5.009058506488800049e+02
7.024049758911132812e-02
7.942032814025878906e-02
2.410435676574707031e-02
6.183481216430664062e-02
9.666085243225097656e-02
4.159498214721679688e-02
1.029683973789215088e+02
6.874513626098632812e-02
7.022595405578613281e-02
1.957303524017333984e+00
1.822094917297363281e-01
1.834056377410888672e-01
3.693127632141113281e-02
3.683384466171264648e+01
1.459209918975830078e-01
3.640031814575195312e-02
2.718973159790039062e-02
3.642964363098144531e-02
4.930090904235839844e-02
1.760244369506835938e-02
2.072668075561523438e-02
2.588820457458496094e-02
2.356672286987304688e-02
3.009390830993652344e-02
4.606986045837402344e-02
1.668214797973632812e-02
1.567502021789550781e-01
4.281020164489746094e-02
4.562473297119140625e-02
2.889084815979003906e-02
7.233095169067382812e-02
3.295679092407226562e-01
1.625323295593261719e-01
1.067986488342285156e-01
