4.219937324523925781e-02
3.105902671813964844e-02
8.506278753280639648e+00
2.554917335510253906e-02
8.264541625976562500e-03
2.709321975708007812e-01
8.608970165252685547e+00
4.727339744567871094e-02
3.375887870788574219e-02
5.278897285461425781e-01
4.335761070251464844e-02
1.567649841308593750e-02
5.424594879150390625e-02
5.313730239868164062e-02
4.439401626586914062e-02
1.361415386199951172e-01
3.647375106811523438e-02
2.019166946411132812e-02
8.298683166503906250e-02
2.234005928039550781e-02
3.397202491760253906e-02
1.086778640747070312e-01
2.174973487854003906e-02
5.254292488098144531e-02
2.159857749938964844e-02
2.704358100891113281e-02
1.756340742111206055e+00
2.847194671630859375e-02
2.812433242797851562e-02
9.079170227050781250e-02
1.198828220367431641e-01
8.914756774902343750e-02
4.968619346618652344e-02
6.759667396545410156e-02
7.916474342346191406e-02
2.328515052795410156e-02
2.721500396728515625e-02
7.607698440551757812e-02
4.013323783874511719e-02
6.374120712280273438e-03
1.741957664489746094e-02
1.066303253173828125e-02
3.243279457092285156e-02
1.190001964569091797e-01
5.000143542289733887e+02
2.887210750579833984e+01
6.184816360473632812e-03
1.909232139587402344e-01
2.629475593566894531e-01
4.361710548400878906e-01
1.040015220642089844e-01
2.781462669372558594e-02
4.101538658142089844e-02
4.530858993530273438e-02
7.208323478698730469e-02
7.724833488464355469e-02
9.233474731445312500e-03
1.586272716522216797e-01
5.551385879516601562e-02
3.876757621765136719e-02
2.150917053222656250e-02
3.313541412353515625e-02
4.510903358459472656e-02
8.128428459167480469e-02
3.787755966186523438e-03
1.165134906768798828e-01
1.225564479827880859e-01
5.173444747924804688e-02
4.144289493560791016e-01
3.712174892425537109e-01
5.885100364685058594e-02
3.677630424499511719e-02
4.861974716186523438e-02
4.437112808227539062e-02
3.797316551208496094e-01
2.113318443298339844e-02
1.176197528839111328e-01
1.711368560791015625e-02
2.048826217651367188e-02
6.937742233276367188e-03
4.899358749389648438e-02
4.745439162254333496e+02
2.406692504882812500e-02
1.460011005401611328e-01
8.693313598632812500e-02
5.845880508422851562e-02
1.934344768524169922e-01
2.451944351196289062e-02
1.062536239624023438e-02
3.096771240234375000e-02
1.401407480239868164e+00
5.072855949401855469e-02
1.298166036605834961e+01
3.608202934265136719e-02
1.008901596069335938e-01
1.000496625900268555e+00
1.349091529846191406e-02
2.082508087158203125e+00
2.800641775131225586e+00
5.021151661872863770e+02
8.386325836181640625e-02
3.995434904098510742e+01
1.889331340789794922e-01
2.041292190551757812e-02
4.424013614654541016e+00
3.502058982849121094e-02
8.753728866577148438e-02
4.528069496154785156e-02
2.392816543579101562e-02
2.579712867736816406e-02
1.946425437927246094e-02
4.672074317932128906e-02
7.239131927490234375e-01
1.646113395690917969e-02
1.226980686187744141e-01
9.488344192504882812e-03
2.223548889160156250e-01
8.850491046905517578e-01
8.326625823974609375e-02
1.168477535247802734e-01
1.706109046936035156e-01
2.351760864257812500e-02
5.046916007995605469e-02
5.793285369873046875e-02
5.108096389770507812e+02
9.521913528442382812e-02
1.783490180969238281e-02
4.345040321350097656e-01
5.036829681396484375e+02
2.605938911437988281e-02
2.185320854187011719e-02
1.374030113220214844e-02
6.652816534042358398e+00
1.749099493026733398e+00
4.641771316528320312e-02
2.469443273544311523e+01
1.279051303863525391e-01
4.534292221069335938e-02
1.668365931510925293e+01
5.025534448623657227e+02
8.929419517517089844e-02
1.720118522644042969e-02
2.204518318176269531e-01
1.360011100769042969e-01
3.893709182739257812e-02
2.374885559082031250e+01
1.552844047546386719e-02
1.001249313354492188e+00
7.721090316772460938e-02
1.528716087341308594e-02
7.303261756896972656e-02
2.178812026977539062e-02
1.696550846099853516e-01
3.147912025451660156e-02
3.547787666320800781e-02
4.790172576904296875e+00
3.594470024108886719e-02
4.383754730224609375e-02
5.936145782470703125e-02
1.940107345581054688e-02
8.992624282836914062e-02
1.198148727416992188e-02
6.701757669448852539e+00
1.931405067443847656e-02
1.853365898132324219e-01
5.027201313972473145e+02
6.316924095153808594e-02
1.255834102630615234e-01
2.436852455139160156e-02
8.793711662292480469e-02
1.032581329345703125e-01
4.211735725402832031e-02
1.019253141880035400e+02
6.865262985229492188e-02
4.930090904235839844e-02
1.924300193786621094e+00
5.486798286437988281e-02
2.385954856872558594e-01
3.744745254516601562e-02
5.792222261428833008e+01
1.211962699890136719e-01
1.861786842346191406e-02
1.868748664855957031e-02
3.834915161132812500e-02
4.925417900085449219e-02
1.717591285705566406e-02
2.084159851074218750e-02
2.425503730773925781e-02
2.638626098632812500e-02
3.246784210205078125e-02
4.633450508117675781e-02
1.683378219604492188e-02
1.263840198516845703e-01
3.320693969726562500e-02
6.197118759155273438e-02
2.559256553649902344e-02
8.740830421447753906e-02
1.551420688629150391e-01
1.662094593048095703e-01
1.708040237426757812e-01
