28.42235565185547
44.79646682739258
373.6586570739746
34.02137756347656
44.56973075866699
27.200698852539062
52.78444290161133
205.43456077575684
24.3680477142334
162.4290943145752
11.65461540222168
1046.335220336914
399.28269386291504
18.449068069458008
23.031234741210938
126.26314163208008
74.31960105895996
327.58450508117676
209.04254913330078
103.16848754882812
52.521705627441406
14.977216720581055
72.29328155517578
363.07811737060547
91.43877029418945
113.83461952209473
58.09354782104492
336.9462490081787
31.89992904663086
15.630006790161133
153.61571311950684
32.10878372192383
41.796207427978516
124.11642074584961
37.251949310302734
17.04549789428711
21.14558219909668
84.75112915039062
210.432767868042
42.993783950805664
47.67560958862305
85.28947830200195
132.659912109375
127.61783599853516
320.31798362731934
26.40986442565918
58.74919891357422
52.404165267944336
1028.681755065918
32.9439640045166
17.432689666748047
13.370037078857422
24.929523468017578
68.40348243713379
28.182268142700195
105.30471801757812
262.22872734069824
246.77276611328125
38.52963447570801
94.19870376586914
1038.0377769470215
25.937318801879883
40.54760932922363
139.25504684448242
19.052505493164062
207.0786952972412
16.014814376831055
27.454137802124023
195.30963897705078
91.0501480102539
17.113924026489258
61.66481971740723
179.83555793762207
117.00129508972168
53.757429122924805
82.37504959106445
85.20865440368652
262.4361515045166
49.6823787689209
161.08059883117676
74.36299324035645
428.27558517456055
325.30975341796875
63.884735107421875
1067.6617622375488
41.95427894592285
135.0407600402832
19.623756408691406
15.442848205566406
50.10414123535156
147.34792709350586
137.23015785217285
211.01093292236328
54.636240005493164
143.18108558654785
170.18389701843262
105.67021369934082
150.0239372253418
196.49076461791992
367.5954341888428
70.14727592468262
134.58847999572754
109.90452766418457
310.1835250854492
92.55409240722656
128.1905174255371
65.90414047241211
33.03074836730957
29.57606315612793
15.592575073242188
70.96004486083984
134.60683822631836
1096.3451862335205
1094.8147773742676
1027.6694297790527
30.09033203125
250.11801719665527
16.882658004760742
23.205280303955078
36.02910041809082
81.65574073791504
33.330440521240234
187.89148330688477
124.53794479370117
102.03123092651367
191.38574600219727
38.60282897949219
119.3082332611084
80.00946044921875
182.5857162475586
27.65035629272461
54.54230308532715
71.3646411895752
257.4431896209717
20.45416831970215
110.50605773925781
154.41107749938965
54.6727180480957
156.79264068603516
87.64934539794922
102.36144065856934
35.79425811767578
29.248476028442383
165.08197784423828
130.96022605895996
247.7414608001709
161.12661361694336
99.94673728942871
138.7348175048828
158.8294506072998
1076.2546062469482
129.99391555786133
20.93362808227539
29.93464469909668
107.78379440307617
93.2772159576416
379.2719841003418
95.96633911132812
282.4888229370117
30.62915802001953
94.59853172302246
227.83923149108887
41.17870330810547
96.74525260925293
110.55588722229004
313.49945068359375
1113.2707595825195
121.70171737670898
47.27816581726074
116.0576343536377
33.173561096191406
52.922725677490234
90.8207893371582
122.8947639465332
383.450984954834
123.26812744140625
18.88561248779297
13.6566162109375
145.31683921813965
344.44570541381836
64.67914581298828
47.173261642456055
86.50445938110352
80.27768135070801
40.16709327697754
16.16644859313965
313.34733963012695
32.671451568603516
195.76716423034668
22.110462188720703
12.969255447387695
41.34225845336914
22.54009246826172
115.7989501953125
307.7523708343506
97.70417213439941
65.35696983337402
128.143310546875
183.17341804504395
101.75752639770508
17.760276794433594
45.32170295715332
20.168066024780273
41.07046127319336
66.16044044494629
23.166894912719727
84.70702171325684
18.632173538208008
36.58342361450195
103.52206230163574
12.540340423583984
189.09406661987305
221.0531234741211
209.19513702392578
69.76628303527832
161.2081527709961
138.83304595947266
53.687095642089844
293.6999797821045
19.839763641357422
73.78959655761719
45.54605484008789
166.44954681396484
304.9030303955078
49.314260482788086
133.79621505737305
88.53650093078613
69.46396827697754
236.0551357269287
120.9867000579834
45.790910720825195
28.447866439819336
156.9209098815918
55.12499809265137
26.657581329345703
33.823251724243164
222.9323387145996
298.8736629486084
43.94674301147461
269.2270278930664
103.55782508850098
347.0494747161865
120.51582336425781
98.99044036865234
128.63564491271973
26.389122009277344
30.560016632080078
193.41015815734863
170.83740234375
16.95394515991211
97.81193733215332
127.84862518310547
63.767194747924805
260.65897941589355
210.66594123840332
35.68625450134277
224.2567539215088
46.88835144042969
157.97853469848633
84.15484428405762
196.40254974365234
89.02502059936523
16.385793685913086
108.97159576416016
83.47225189208984
32.53507614135742
246.51360511779785
52.968740463256836
150.38323402404785
20.188331604003906
155.24744987487793
484.15255546569824
31.739473342895508
1068.319320678711
373.37589263916016
177.37507820129395
32.919883728027344
32.798051834106445
183.6833953857422
29.997825622558594
103.66320610046387
43.98083686828613
80.70111274719238
627.0880699157715
20.29252052307129
29.955148696899414
474.3678569793701
21.3773250579834
150.84123611450195
266.11924171447754
147.52578735351562
169.84272003173828
31.948328018188477
190.4768943786621
119.36593055725098
136.00897789001465
54.33535575866699
68.4974193572998
242.966890335083
193.71557235717773
35.99119186401367
34.29746627807617
83.62245559692383
93.77360343933105
189.35084342956543
71.6094970703125
13.933658599853516
140.61641693115234
17.41814613342285
50.02021789550781
46.58365249633789
42.50788688659668
56.47540092468262
13.746023178100586
96.06623649597168
29.190778732299805
424.43346977233887
94.70725059509277
56.113243103027344
31.024456024169922
31.47268295288086
397.0355987548828
79.82754707336426
71.75469398498535
184.59248542785645
277.59671211242676
98.9675521850586
263.3194923400879
80.84869384765625
42.09733009338379
28.355836868286133
29.825687408447266
44.922590255737305
145.1575756072998
332.07225799560547
391.5543556213379
137.34889030456543
59.014320373535156
93.94979476928711
115.69046974182129
24.214982986450195
52.92320251464844
136.02352142333984
45.87721824645996
23.178577423095703
33.58578681945801
91.69292449951172
133.60095024108887
214.42198753356934
184.614896774292
171.21481895446777
65.62662124633789
30.46870231628418
371.4179992675781
17.53854751586914
140.34509658813477
84.02776718139648
146.95477485656738
146.84724807739258
15.897274017333984
21.248579025268555
117.85221099853516
118.66140365600586
39.9019718170166
145.5516815185547
21.474361419677734
161.30876541137695
27.112960815429688
55.48286437988281
74.55563545227051
57.77764320373535
27.693986892700195
71.35963439941406
162.56237030029297
85.23178100585938
125.00262260437012
94.12240982055664
70.63174247741699
37.95480728149414
102.2789478302002
358.61897468566895
85.71481704711914
39.957523345947266
82.03434944152832
136.397123336792
177.71005630493164
199.31888580322266
75.27995109558105
35.19940376281738
181.82015419006348
481.78648948669434
14.38593864440918
24.771451950073242
91.19296073913574
81.65335655212402
22.760391235351562
76.81083679199219
420.3636646270752
81.58469200134277
71.32101058959961
65.81473350524902
76.39050483703613
235.56184768676758
69.07224655151367
389.7593021392822
119.6279525756836
101.43423080444336
104.51984405517578
143.58234405517578
184.16357040405273
182.54685401916504
22.85909652709961
13.790369033813477
77.51131057739258
56.25486373901367
55.31907081604004
166.70465469360352
103.19995880126953
86.06553077697754
51.84674263000488
33.83898735046387
19.974231719970703
105.6523323059082
1043.9362525939941
28.479337692260742
23.642301559448242
512.1753215789795
15.66457748413086
212.02969551086426
145.65038681030273
127.5475025177002
193.5427188873291
49.182891845703125
62.56556510925293
196.55776023864746
25.458812713623047
219.7113037109375
25.67291259765625
34.30509567260742
124.57728385925293
75.6387710571289
78.72772216796875
136.47127151489258
131.67214393615723
60.665130615234375
20.82228660583496
393.399715423584
28.853654861450195
201.77698135375977
169.16704177856445
99.01785850524902
44.94214057922363
31.980037689208984
171.0226535797119
141.2525177001953
56.149959564208984
108.19888114929199
190.9165382385254
197.6606845855713
90.30914306640625
14.755010604858398
297.8954315185547
66.83087348937988
18.73469352722168
42.50907897949219
34.360647201538086
83.18758010864258
166.3210391998291
177.4754524230957
35.375356674194336
23.10776710510254
88.0589485168457
229.28738594055176
324.4338035583496
53.595542907714844
96.84276580810547
19.089698791503906
36.42749786376953
35.698890686035156
1052.725076675415
656.7261219024658
132.06005096435547
237.8697395324707
17.47441291809082
30.18498420715332
53.87163162231445
83.0831527709961
127.11691856384277
75.7286548614502
100.33988952636719
156.54397010803223
71.93803787231445
26.988983154296875
44.766902923583984
20.049095153808594
18.08643341064453
298.8457679748535
178.61104011535645
262.6757621765137
55.58156967163086
20.887136459350586
123.14772605895996
231.29677772521973
27.312755584716797
33.70261192321777
216.71199798583984
395.60389518737793
113.93332481384277
49.99256134033203
171.61321640014648
283.3125591278076
19.338130950927734
1037.5752449035645
316.2710666656494
158.28633308410645
64.61596488952637
116.61148071289062
850.8138656616211
173.02823066711426
44.039011001586914
23.10037612915039
16.58010482788086
284.43336486816406
88.9134407043457
30.611515045166016
94.17080879211426
14.920234680175781
165.236234664917
48.63786697387695
74.74350929260254
54.80194091796875
50.843000411987305
1089.0653133392334
27.411222457885742
84.27143096923828
135.27393341064453
196.28214836120605
28.10192108154297
68.8016414642334
29.717206954956055
543.4958934783936
196.73514366149902
136.08860969543457
72.55434989929199
206.44450187683105
59.15331840515137
39.18576240539551
19.85621452331543
89.43843841552734
259.19485092163086
72.0529556274414
207.37361907958984
20.551204681396484
256.21819496154785
282.34028816223145
193.92967224121094
134.34815406799316
134.92631912231445
38.00606727600098
61.87605857849121
35.7518196105957
81.10785484313965
30.350685119628906
100.77786445617676
175.22382736206055
85.86740493774414
38.548946380615234
141.37744903564453
186.90800666809082
132.45177268981934
46.8745231628418
39.17956352233887
25.297880172729492
54.996490478515625
34.54756736755371
113.42644691467285
100.0204086303711
24.17731285095215
91.75252914428711
70.2512264251709
84.09380912780762
145.13897895812988
179.85844612121582
57.440996170043945
212.28909492492676
162.9314422607422
18.788814544677734
54.47745323181152
113.48676681518555
140.98095893859863
96.32635116577148
23.165225982666016
295.34411430358887
46.004533767700195
39.15143013000488
184.8747730255127
137.58420944213867
166.212797164917
1045.889139175415
149.57356452941895
41.778564453125
69.45061683654785
123.90708923339844
29.36244010925293
487.9274368286133
325.24800300598145
290.91954231262207
155.9436321258545
110.50653457641602
341.5806293487549
94.07663345336914
25.826215744018555
194.20647621154785
66.58363342285156
218.63603591918945
50.48727989196777
314.85533714294434
30.312061309814453
105.02219200134277
89.99013900756836
59.33856964111328
141.57843589782715
20.345211029052734
113.74855041503906
131.744384765625
51.57637596130371
72.08704948425293
31.514883041381836
16.579627990722656
396.0847854614258
98.82950782775879
19.917964935302734
131.45804405212402
51.82170867919922
100.65579414367676
16.188859939575195
45.783042907714844
200.58846473693848
542.3107147216797
541.8417453765869
1048.8104820251465
123.0764389038086
24.6732234954834
378.4801959991455
171.54860496520996
73.95219802856445
150.42686462402344
53.034305572509766
297.85728454589844
28.64670753479004
71.9001293182373
123.36254119873047
144.10948753356934
154.21438217163086
35.32767295837402
55.602312088012695
45.24731636047363
46.80776596069336
283.43987464904785
27.396678924560547
113.20686340332031
20.13850212097168
51.177024841308594
81.3298225402832
292.4389839172363
13.841629028320312
73.82631301879883
597.2404479980469
162.83702850341797
41.083335876464844
71.75540924072266
73.06599617004395
18.514394760131836
100.50702095031738
18.390893936157227
326.26891136169434
186.8751049041748
38.04779052734375
24.083852767944336
147.7806568145752
110.55898666381836
88.26875686645508
27.533769607543945
42.19317436218262
336.32779121398926
102.31375694274902
128.68571281433105
20.891904830932617
125.98180770874023
74.00870323181152
14.553546905517578
598.4165668487549
25.68650245666504
28.432846069335938
57.425498962402344
45.14908790588379
110.20159721374512
104.00676727294922
30.751705169677734
132.76386260986328
24.263620376586914
20.75362205505371
74.64241981506348
110.88824272155762
51.244258880615234
42.53268241882324
207.70859718322754
139.87112045288086
62.528371810913086
136.96861267089844
25.374889373779297
128.18145751953125
147.8555202484131
91.32647514343262
110.0931167602539
1087.4440670013428
138.95392417907715
151.37434005737305
34.604549407958984
232.39612579345703
75.5465030670166
418.0746078491211
14.103174209594727
52.48713493347168
90.3310775756836
28.090238571166992
47.60599136352539
239.81046676635742
89.83325958251953
21.192073822021484
53.81655693054199
47.32537269592285
110.86034774780273
176.27477645874023
108.37507247924805
34.26361083984375
25.94161033630371
157.6395034790039
1051.2113571166992
96.56167030334473
163.9559268951416
19.471168518066406
116.84918403625488
171.18167877197266
28.84221076965332
1061.5754127502441
143.85199546813965
139.12391662597656
133.81075859069824
76.16066932678223
15.488386154174805
25.186777114868164
43.853759765625
21.643638610839844
47.20878601074219
173.08568954467773
27.89020538330078
57.22808837890625
18.96190643310547
19.19722557067871
151.50165557861328
14.594793319702148
314.20373916625977
243.07513236999512
67.92664527893066
32.89175033569336
42.48452186584473
269.89126205444336
530.7762622833252
158.2784652709961
256.3128471374512
19.393444061279297
143.5067653656006
23.571014404296875
280.6556224822998
25.982379913330078
58.890342712402344
41.745901107788086
104.5689582824707
47.55520820617676
16.034841537475586
52.86002159118652
156.4927101135254
145.890474319458
165.58575630187988
254.32395935058594
19.968032836914062
376.37925148010254
29.29067611694336
30.291080474853516
342.47636795043945
214.2953872680664
234.39788818359375
37.49442100524902
74.78976249694824
119.55952644348145
338.2151126861572
20.09105682373047
16.007184982299805
19.390583038330078
308.0263137817383
67.13986396789551
70.05143165588379
31.434059143066406
170.48382759094238
222.96500205993652
102.83279418945312
524.1248607635498
48.631906509399414
141.9217586517334
252.9468536376953
139.7092342376709
145.3857421875
199.94354248046875
69.43559646606445
72.24297523498535
108.39247703552246
64.44954872131348
111.39678955078125
30.729055404663086
55.07826805114746
16.80135726928711
182.8010082244873
167.08683967590332
58.20655822753906
39.32452201843262
20.491600036621094
100.95763206481934
239.13192749023438
147.9966640472412
56.07151985168457
25.458812713623047
118.17002296447754
133.2836151123047
120.40209770202637
141.42632484436035
354.5355796813965
36.57865524291992
95.09420394897461
35.74180603027344
126.35183334350586
113.71159553527832
293.11299324035645
240.54908752441406
108.05034637451172
39.92486000061035
133.98361206054688
218.00851821899414
132.20453262329102
52.21700668334961
276.3814926147461
173.18391799926758
227.2660732269287
44.80099678039551
162.60361671447754
45.06540298461914
292.0646667480469
32.73272514343262
186.80548667907715
226.2558937072754
74.20158386230469
62.09707260131836
89.62011337280273
350.5444526672363
31.82387351989746
127.65789031982422
18.59140396118164
71.80619239807129
138.56887817382812
134.3381404876709
232.24115371704102
267.3649787902832
258.5883140563965
39.65878486633301
226.82619094848633
17.957448959350586
77.33941078186035
125.71263313293457
42.59514808654785
154.3905735015869
14.739990234375
89.75744247436523
14.667034149169922
63.62438201904297
17.024517059326172
35.63261032104492
267.28057861328125
56.38718605041504
46.15211486816406
138.99588584899902
69.54574584960938
87.57591247558594
23.533344268798828
226.36723518371582
17.423629760742188
141.10159873962402
105.61347007751465
192.16275215148926
155.92288970947266
32.088279724121094
36.77988052368164
135.12539863586426
42.7858829498291
98.36697578430176
34.14440155029297
246.60730361938477
30.727148056030273
180.44495582580566
123.23260307312012
94.4681167602539
94.59662437438965
106.39214515686035
141.007661819458
97.94759750366211
101.26423835754395
297.70588874816895
155.98487854003906
375.49710273742676
150.2382755279541
24.863004684448242
172.8227138519287
16.840219497680664
90.36111831665039
86.28416061401367
16.14212989807129
116.62173271179199
173.13122749328613
90.69323539733887
106.14895820617676
22.708654403686523
24.249792098999023
374.9406337738037
167.51551628112793
59.06414985656738
306.9765567779541
66.21837615966797
92.89240837097168
29.592275619506836
135.08105278015137
203.6287784576416
173.32911491394043
73.16231727600098
90.3472900390625
47.54304885864258
72.38030433654785
173.66290092468262
87.56446838378906
70.82891464233398
32.87696838378906
85.63709259033203
36.41200065612793
62.12782859802246
93.73307228088379
66.03384017944336
114.65191841125488
90.34204483032227
27.761220932006836
46.68164253234863
106.93669319152832
62.009572982788086
19.939422607421875
357.1462631225586
84.79094505310059
218.11628341674805
208.90402793884277
216.10045433044434
349.72596168518066
35.09950637817383
51.9258975982666
84.73753929138184
35.486459732055664
59.7381591796875
144.9875831604004
22.81641960144043
55.97424507141113
282.5899124145508
51.978111267089844
26.872873306274414
75.42943954467773
69.5338249206543
44.30246353149414
146.15631103515625
310.56857109069824
182.55972862243652
34.36446189880371
135.48040390014648
60.608625411987305
124.55964088439941
25.085926055908203
138.18120956420898
64.0254020690918
215.61861038208008
62.41273880004883
178.00545692443848
170.43781280517578
84.02848243713379
136.3687515258789
226.3803482055664
117.74563789367676
23.42700958251953
40.547847747802734
51.22232437133789
235.76974868774414
37.19067573547363
18.695354461669922
268.07570457458496
425.23884773254395
32.64665603637695
599.6875762939453
145.5690860748291
302.1543025970459
29.947519302368164
333.526611328125
57.75642395019531
66.04504585266113
141.9064998626709
263.031005859375
98.93035888671875
136.78812980651855
28.53846549987793
22.071361541748047
74.10669326782227
138.0295753479004
44.61073875427246
60.2564811706543
18.548965454101562
19.614219665527344
105.86428642272949
60.96625328063965
43.75505447387695
48.666954040527344
129.64892387390137
315.00244140625
55.826663970947266
55.947303771972656
104.2931079864502
51.40519142150879
172.06645011901855
27.983427047729492
80.89923858642578
32.93800354003906
360.89444160461426
21.581172943115234
300.93860626220703
18.366336822509766
74.48911666870117
295.83072662353516
119.97628211975098
288.85746002197266
120.49031257629395
28.15699577331543
121.85263633728027
114.66455459594727
73.31180572509766
27.20475196838379
76.18951797485352
63.23981285095215
107.38444328308105
142.48132705688477
124.54938888549805
162.83798217773438
269.9732780456543
50.68707466125488
184.1280460357666
77.24452018737793
40.90714454650879
110.80265045166016
186.02371215820312
22.755146026611328
72.70526885986328
24.79863166809082
91.80951118469238
83.16540718078613
28.135299682617188
15.106678009033203
20.629167556762695
96.43888473510742
204.87070083618164
22.371292114257812
502.7332305908203
110.40282249450684
57.581186294555664
137.31145858764648
73.25196266174316
45.52650451660156
291.36204719543457
159.55471992492676
62.22271919250488
33.88214111328125
15.72108268737793
112.49589920043945
89.30468559265137
98.03915023803711
84.08069610595703
99.88522529602051
104.55751419067383
132.98606872558594
83.1761360168457
44.21496391296387
156.71753883361816
29.5259952545166
148.8182544708252
568.7878131866455
21.63982391357422
286.71765327453613
408.54740142822266
33.554792404174805
305.0506114959717
223.90103340148926
17.90308952331543
28.440475463867188
420.36938667297363
60.25433540344238
62.439680099487305
66.96534156799316
124.16195869445801
29.70743179321289
226.09257698059082
50.65345764160156
176.95188522338867
91.92228317260742
84.25188064575195
204.29110527038574
47.76644706726074
67.11626052856445
55.959463119506836
37.85896301269531
220.58820724487305
377.8715133666992
58.64691734313965
174.2086410522461
75.22130012512207
393.91279220581055
78.01938056945801
630.1510334014893
108.74009132385254
202.1658420562744
18.363237380981445
71.78735733032227
107.99813270568848
18.558979034423828
114.85028266906738
13.834953308105469
109.3745231628418
83.44030380249023
582.3071002960205
43.314456939697266
1048.5773086547852
93.71638298034668
105.48210144042969
21.883726119995117
169.1875457763672
63.34042549133301
57.932138442993164
137.94493675231934
51.0563850402832
103.95050048828125
44.298648834228516
223.616361618042
52.09851264953613
55.81188201904297
25.054931640625
166.51511192321777
324.1429328918457
18.479347229003906
112.68472671508789
183.71343612670898
109.66968536376953
147.6418972015381
34.623146057128906
401.2458324432373
16.083955764770508
53.73263359069824
377.08258628845215
95.88956832885742
33.606529235839844
46.210527420043945
91.2015438079834
27.463912963867188
32.88531303405762
30.32398223876953
92.89908409118652
107.99193382263184
23.619890213012695
183.77971649169922
89.51377868652344
40.76862335205078
160.3708267211914
77.31366157531738
19.91724967956543
501.12414360046387
202.8977870941162
65.21391868591309
23.987293243408203
213.84334564208984
407.0477485656738
27.33302116394043
27.706146240234375
16.80731773376465
18.2340145111084
50.588130950927734
321.64502143859863
135.99348068237305
20.695209503173828
105.34811019897461
85.35218238830566
655.9982299804688
82.32402801513672
221.95816040039062
119.2173957824707
123.9631175994873
117.09380149841309
39.15548324584961
33.28418731689453
222.69368171691895
81.78830146789551
480.75103759765625
70.03116607666016
70.3425407409668
51.210641860961914
179.92043495178223
127.82073020935059
47.815799713134766
16.85047149658203
65.27447700500488
184.89885330200195
67.64674186706543
97.95403480529785
142.81868934631348
20.889997482299805
41.5501594543457
229.57944869995117
33.528804779052734
37.58955001831055
130.15270233154297
265.17200469970703
25.53105354309082
16.84117317199707
220.0462818145752
1148.8149166107178
50.156593322753906
34.72137451171875
35.52746772766113
32.997846603393555
455.1715850830078
34.76285934448242
15.038013458251953
85.43539047241211
325.70528984069824
30.852794647216797
297.1940040588379
1071.7065334320068
29.64496612548828
1084.2971801757812
77.88848876953125
42.54317283630371
13.915777206420898
40.44461250305176
145.85614204406738
145.79081535339355
102.64325141906738
68.878173828125
36.574363708496094
176.96237564086914
145.36309242248535
76.48086547851562
243.03841590881348
123.4579086303711
137.1288299560547
331.251859664917
25.019407272338867
27.05240249633789
22.1102237701416
49.86834526062012
277.4481773376465
24.596452713012695
1043.4238910675049
47.70326614379883
14.841318130493164
38.25521469116211
78.83429527282715
87.83531188964844
104.39920425415039
103.82461547851562
21.13962173461914
18.418312072753906
79.07581329345703
40.045738220214844
267.43006706237793
153.03683280944824
179.85272407531738
266.47329330444336
21.28148078918457
18.465518951416016
69.0908432006836
121.8719482421875
44.87252235412598
108.3672046661377
21.62027359008789
22.968053817749023
27.352571487426758
24.19877052307129
162.7199649810791
17.422199249267578
214.599609375
16.643762588500977
183.82930755615234
21.871089935302734
82.47089385986328
82.99446105957031
188.49992752075195
78.79900932312012
23.598909378051758
22.757768630981445
211.3327980041504
14.9993896484375
17.15230941772461
143.98503303527832
29.906749725341797
21.625757217407227
190.16456604003906
14.854907989501953
14.632940292358398
21.654605865478516
1022.2673416137695
297.73569107055664
51.06472969055176
65.83929061889648
15.123128890991211
565.1416778564453
237.41459846496582
62.79802322387695
90.60811996459961
361.97495460510254
37.14895248413086
148.16737174987793
290.5869483947754
68.27712059020996
111.30976676940918
94.29097175598145
125.54025650024414
123.91829490661621
304.3406009674072
72.64494895935059
94.25663948059082
22.256851196289062
203.63855361938477
205.85298538208008
100.56233406066895
50.032615661621094
40.30323028564453
121.15669250488281
46.610355377197266
29.435157775878906
198.51255416870117
231.97317123413086
149.9917507171631
75.48236846923828
45.49264907836914
187.2110366821289
39.356231689453125
270.53356170654297
59.06558036804199
20.018339157104492
79.86950874328613
30.416250228881836
19.381284713745117
50.4453182220459
44.759273529052734
25.766372680664062
405.414342880249
79.8037052154541
20.63441276550293
41.108131408691406
34.03735160827637
39.699554443359375
466.7346477508545
69.27776336669922
82.47852325439453
119.22430992126465
67.20924377441406
101.81188583374023
438.4028911590576
269.6113586425781
20.127534866333008
25.62856674194336
98.18291664123535
82.37314224243164
23.619651794433594
35.01081466674805
60.22286415100098
48.5539436340332
24.786710739135742
50.826311111450195
175.15134811401367
232.82623291015625
150.04706382751465
300.6880283355713
13.275146484375
45.433998107910156
21.946191787719727
22.81022071838379
19.085168838500977
12.913942337036133
217.9269790649414
143.7702178955078
164.87884521484375
149.57904815673828
96.37832641601562
264.9350166320801
175.82416534423828
451.662540435791
64.1477108001709
20.6143856048584
95.63255310058594
174.6809482574463
16.78752899169922
315.9167766571045
73.0133056640625
62.44206428527832
203.28712463378906
26.032447814941406
51.74422264099121
178.50494384765625
114.65597152709961
1026.3996124267578
248.34823608398438
41.14866256713867
58.164119720458984
32.76562690734863
85.27708053588867
130.0942897796631
39.82877731323242
211.55977249145508
66.2078857421875
28.83625030517578
115.38553237915039
36.087989807128906
16.77393913269043
87.41426467895508
25.915861129760742
17.452478408813477
20.841598510742188
43.91145706176758
412.45365142822266
207.1075439453125
146.17276191711426
318.8586235046387
317.1350955963135
186.15961074829102
23.82969856262207
169.46840286254883
30.949115753173828
263.9579772949219
101.4096736907959
173.7511157989502
32.90891647338867
299.75104331970215
14.442920684814453
21.369457244873047
521.4638710021973
150.0072479248047
108.48283767700195
19.870996475219727
27.78005599975586
28.452157974243164
122.96462059020996
421.6275215148926
245.63908576965332
155.1227569580078
308.42065811157227
439.06211853027344
36.7426872253418
67.49248504638672
542.6826477050781
19.61827278137207
14.305353164672852
35.03227233886719
18.69344711303711
45.17245292663574
17.229318618774414
84.52677726745605
91.02272987365723
116.44840240478516
47.095298767089844
287.51206398010254
28.034210205078125
458.1484794616699
60.6386661529541
118.8971996307373
81.82024955749512
41.01872444152832
63.65823745727539
97.84698486328125
23.5903263092041
173.98333549499512
54.78668212890625
144.85669136047363
42.920827865600586
18.12458038330078
88.69147300720215
102.2038459777832
82.03506469726562
109.32660102844238
1021.4450359344482
43.90215873718262
200.8533477783203
44.12198066711426
47.456979751586914
290.607213973999
94.78449821472168
25.346755981445312
100.92854499816895
40.06147384643555
22.70817756652832
98.40059280395508
73.34041595458984
20.30801773071289
177.97112464904785
67.69800186157227
107.8331470489502
17.66061782836914
174.818754196167
80.6424617767334
16.813278198242188
65.59252738952637
102.0054817199707
16.982078552246094
160.42280197143555
28.292179107666016
263.5946273803711
220.78776359558105
57.8150749206543
52.89793014526367
102.73623466491699
59.50927734375
147.55749702453613
156.53467178344727
53.002357482910156
19.97661590576172
70.15848159790039
245.3317642211914
63.0183219909668
125.93507766723633
92.09752082824707
28.12790870666504
44.58761215209961
197.02649116516113
63.43388557434082
76.69210433959961
32.15980529785156
376.6055107116699
278.7313461303711
20.719528198242188
138.38601112365723
110.36491394042969
108.30950736999512
497.4081516265869
22.930145263671875
180.27782440185547
157.75394439697266
81.3302993774414
18.85986328125
130.22422790527344
79.18405532836914
38.92040252685547
133.99577140808105
74.96237754821777
283.2827568054199
202.09860801696777
16.62898063659668
518.1550979614258
188.80081176757812
21.06451988220215
129.7152042388916
28.178691864013672
129.11176681518555
22.06563949584961
190.66095352172852
97.55253791809082
104.54869270324707
89.71023559570312
478.5768985748291
167.42658615112305
16.727685928344727
45.05777359008789
125.68259239196777
36.309003829956055
19.56343650817871
28.583288192749023
51.270484924316406
62.337636947631836
139.10484313964844
147.53055572509766
45.48501968383789
142.69089698791504
81.84051513671875
242.76280403137207
89.40887451171875
173.31528663635254
36.89694404602051
251.97792053222656
49.53956604003906
236.24086380004883
41.74375534057617
175.1840114593506
55.20987510681152
56.02717399597168
27.04024314880371
76.96533203125
177.61921882629395
230.4091453552246
205.48105239868164
31.60381317138672
24.63221549987793
25.265216827392578
202.14557647705078
119.20738220214844
46.341657638549805
207.0610523223877
357.7866554260254
31.920194625854492
459.34057235717773
25.056123733520508
67.33989715576172
20.445585250854492
93.0178165435791
360.2602481842041
232.54060745239258
59.82542037963867
44.85797882080078
194.02766227722168
73.98223876953125
267.3318386077881
236.96064949035645
340.2838706970215
212.89563179016113
20.778656005859375
685.8124732971191
129.92525100708008
17.61913299560547
15.278339385986328
110.89968681335449
397.8078365325928
156.1293601989746
136.99841499328613
24.953603744506836
386.31439208984375
344.10977363586426
135.72025299072266
105.09467124938965
87.58807182312012
85.75701713562012
50.42552947998047
205.95026016235352
22.271156311035156
94.86913681030273
20.734310150146484
23.580312728881836
36.283016204833984
103.85823249816895
43.39909553527832
34.50512886047363
156.82435035705566
156.24499320983887
57.49654769897461
360.9199523925781
22.141695022583008
221.76074981689453
189.94522094726562
18.079280853271484
132.21096992492676
33.60867500305176
93.58811378479004
37.549734115600586
40.12179374694824
240.13566970825195
198.84610176086426
108.59203338623047
94.82121467590332
19.782543182373047
147.4153995513916
32.53960609436035
53.35378646850586
245.6045150756836
43.80369186401367
257.4310302734375
248.98838996887207
100.74162483215332
38.38944435119629
21.878719329833984
19.899845123291016
412.14632987976074
209.79595184326172
77.61240005493164
20.71690559387207
92.04459190368652
111.57727241516113
19.31142807006836
38.09976577758789
213.4096622467041
12.356758117675781
22.474288940429688
62.58511543273926
67.54088401794434
49.99279975891113
91.73130989074707
305.39679527282715
43.23744773864746
15.453577041625977
108.9634895324707
34.23810005187988
46.71072959899902
159.55877304077148
17.77052879333496
81.0251235961914
20.488977432250977
181.87594413757324
208.05978775024414
44.486045837402344
28.179407119750977
45.989990234375
54.79311943054199
137.38584518432617
14.782428741455078
127.09426879882812
14.979362487792969
49.191951751708984
95.58248519897461
73.0593204498291
60.35757064819336
159.1181755065918
308.49289894104004
18.86773109436035
175.02951622009277
87.4321460723877
99.69258308410645
62.87789344787598
63.5981559753418
100.81744194030762
24.514198303222656
120.84770202636719
290.2090549468994
125.04363059997559
52.846670150756836
43.58959197998047
405.4548740386963
107.4819564819336
352.5667190551758
40.827035903930664
203.20773124694824
127.40874290466309
67.25430488586426
16.756534576416016
114.20893669128418
97.12791442871094
21.67487144470215
63.78602981567383
1041.879415512085
150.30336380004883
89.74075317382812
266.7262554168701
409.2996120452881
105.72576522827148
23.876190185546875
237.15472221374512
34.364938735961914
57.95168876647949
150.42448043823242
36.99445724487305
105.3609848022461
113.15250396728516
58.495521545410156
85.9062671661377
46.170949935913086
188.91096115112305
21.399736404418945
48.92539978027344
105.46231269836426
120.01991271972656
229.30240631103516
85.57319641113281
109.78960990905762
475.0792980194092
487.12921142578125
167.27209091186523
49.3619441986084
52.223920822143555
22.98569679260254
57.700157165527344
138.90910148620605
23.64182472229004
16.121864318847656
264.33324813842773
82.60464668273926
16.039609909057617
148.10633659362793
23.102521896362305
152.03571319580078
179.5365810394287
275.2494812011719
23.261070251464844
22.077322006225586
61.600446701049805
31.18610382080078
55.33194541931152
247.30205535888672
21.494388580322266
20.550251007080078
26.87811851501465
170.5155372619629
113.84749412536621
69.88668441772461
231.6882610321045
19.154787063598633
241.79625511169434
221.91929817199707
105.3781509399414
145.14827728271484
144.7122097015381
63.99965286254883
21.45528793334961
77.0413875579834
285.11619567871094
196.81549072265625
196.98810577392578
52.80804634094238
438.9042854309082
352.5104522705078
22.25637435913086
270.8265781402588
281.5828323364258
20.76554298400879
162.07456588745117
71.08616828918457
308.8243007659912
68.3746337890625
104.04157638549805
418.593168258667
63.97414207458496
208.43076705932617
114.52436447143555
209.60092544555664
73.76503944396973
70.6641674041748
336.9641304016113
62.310218811035156
71.33316993713379
23.91648292541504
20.986080169677734
482.29146003723145
141.10922813415527
119.95100975036621
324.18203353881836
26.819705963134766
39.46709632873535
1053.3185005187988
117.30837821960449
195.2383518218994
121.93059921264648
274.8990058898926
122.68185615539551
234.40289497375488
159.94668006896973
29.47545051574707
30.60173988342285
73.35948944091797
58.85744094848633
139.84155654907227
57.20973014831543
92.32640266418457
41.90206527709961
22.551536560058594
230.62467575073242
325.37007331848145
140.28048515319824
85.81757545471191
244.77577209472656
134.11641120910645
44.56901550292969
120.00107765197754
15.655279159545898
168.69640350341797
235.7783317565918
202.7115821838379
493.15857887268066
167.54841804504395
162.6119613647461
74.55968856811523
38.08856010437012
156.76474571228027
15.148162841796875
379.9419403076172
122.7712631225586
526.6203880310059
268.80431175231934
18.246173858642578
74.33748245239258
15.774965286254883
37.674665451049805
67.56329536437988
39.43181037902832
54.35347557067871
19.50860023498535
108.20794105529785
98.15311431884766
149.4162082672119
421.8759536743164
212.7704620361328
136.86037063598633
18.268823623657227
16.57390594482422
257.63797760009766
18.996000289916992
164.20793533325195
23.679256439208984
153.03540229797363
153.3029079437256
51.12767219543457
175.73285102844238
114.62831497192383
192.4576759338379
107.58137702941895
416.9912338256836
49.44205284118652
269.9015140533447
54.67987060546875
95.31950950622559
87.11433410644531
86.12251281738281
218.70851516723633
96.7416763305664
24.91450309753418
118.86882781982422
24.63984489440918
27.928590774536133
17.418622970581055
185.25004386901855
91.68171882629395
31.605005264282227
95.13282775878906
71.16484642028809
145.62368392944336
129.08506393432617
126.44147872924805
41.43261909484863
244.28868293762207
182.20877647399902
220.01028060913086
34.45172309875488
34.13820266723633
380.3718090057373
82.38530158996582
23.724794387817383
71.01798057556152
55.30142784118652
21.695852279663086
42.52767562866211
58.609962463378906
313.0607604980469
130.76138496398926
173.87723922729492
67.79766082763672
476.8033027648926
20.398616790771484
232.92112350463867
97.88656234741211
19.213438034057617
87.22209930419922
142.46654510498047
128.4346580505371
96.90737724304199
227.66351699829102
34.583091735839844
20.345449447631836
78.97162437438965
64.79358673095703
63.47489356994629
115.57602882385254
74.17178153991699
20.35212516784668
522.0668315887451
187.87622451782227
91.0942554473877
24.544239044189453
179.25167083740234
33.91528129577637
85.3261947631836
23.612260818481445
18.524169921875
269.72198486328125
28.154611587524414
20.112991333007812
14.650106430053711
20.74408531188965
146.4371681213379
31.701087951660156
47.943830490112305
13.821840286254883
98.26946258544922
