7.448775768280029297e-01
8.373332023620605469e-01
3.817296028137207031e-01
2.418580770492553711e+00
4.701268672943115234e-01
3.421595573425292969e+00
7.822275161743164062e-01
1.109318017959594727e+00
3.287208080291748047e+00
6.799137592315673828e-01
8.691532611846923828e-01
1.207355260848999023e+00
3.663563728332519531e-01
1.765756368637084961e+00
5.366692543029785156e-01
5.711946487426757812e-01
1.217156648635864258e+00
2.317000865936279297e+00
1.971330642700195312e-01
6.868712902069091797e-01
4.574222564697265625e-01
7.222626209259033203e-01
4.768690347671508789e+00
4.931435585021972656e-01
4.143944263458251953e+00
7.952346801757812500e-01
5.274097919464111328e-01
2.318502187728881836e+00
1.954161882400512695e+00
1.909216165542602539e+00
4.255972146987915039e+00
1.894412994384765625e+00
9.011414051055908203e-01
2.704227924346923828e+00
8.922462463378906250e-01
3.629602909088134766e+00
5.893623828887939453e-01
7.446546554565429688e-01
4.355356693267822266e-01
4.337964057922363281e-01
2.827308654785156250e+00
2.638589143753051758e+00
1.038249015808105469e+00
4.476215839385986328e-01
2.489031076431274414e+00
5.356998443603515625e-01
9.042787551879882812e-01
6.362423896789550781e-01
1.715229749679565430e+00
4.541225433349609375e-01
9.417917728424072266e-01
5.966434478759765625e-01
2.097136974334716797e-01
1.940728902816772461e+00
2.631629467010498047e+00
7.105062007904052734e-01
1.707472801208496094e+00
2.705028772354125977e+00
1.656629085540771484e+00
3.967632532119750977e+00
3.083112239837646484e-01
1.661653280258178711e+00
3.435544967651367188e-01
2.717055082321166992e+00
3.501214981079101562e-01
1.904574155807495117e+00
1.047227859497070312e+00
1.038657903671264648e+00
3.422887325286865234e-01
3.132469654083251953e-01
6.807940006256103516e-01
1.411100149154663086e+00
2.024960041046142578e+00
1.451781034469604492e+00
1.261303186416625977e+00
7.010986804962158203e-01
5.338013172149658203e-01
8.282139301300048828e-01
2.835977792739868164e+00
2.444505453109741211e+00
6.544723510742187500e-01
5.334813594818115234e-01
7.593111991882324219e-01
4.068446159362792969e-01
4.216806888580322266e-01
3.080289363861083984e-01
3.296999931335449219e-01
5.902960300445556641e-01
1.555114984512329102e+00
2.755056142807006836e+00
1.582911729812622070e+00
9.299376010894775391e-01
1.965618133544921875e-01
2.201292991638183594e+00
5.087153911590576172e-01
4.244527101516723633e+00
1.677331686019897461e+00
3.238715171813964844e+00
5.313119888305664062e-01
7.696876525878906250e-01
2.368751049041748047e+00
7.752227783203125000e-01
1.666614055633544922e+00
3.178767442703247070e+00
7.629103660583496094e-01
1.667798519134521484e+00
4.997522830963134766e-01
2.041692256927490234e+00
4.877176284790039062e-01
2.273952245712280273e+00
1.435588836669921875e+00
2.771236181259155273e+00
4.814686775207519531e-01
1.808667182922363281e+00
7.491629123687744141e-01
7.140848636627197266e-01
1.595562696456909180e+00
4.299654960632324219e-01
1.139267921447753906e+00
6.038253307342529297e-01
8.555498123168945312e-01
9.250710010528564453e-01
9.530332088470458984e-01
2.173530578613281250e+00
1.893304824829101562e+00
1.958178520202636719e+00
2.152807712554931641e-01
7.004766464233398438e-01
6.803867816925048828e-01
6.976408958435058594e-01
4.787485599517822266e-01
4.405152797698974609e-01
2.066924571990966797e+00
2.438962459564208984e-01
6.527493000030517578e-01
5.320632457733154297e-01
6.111528873443603516e-01
3.025857448577880859e+00
2.110832214355468750e+00
3.975818157196044922e-01
6.931028366088867188e-01
5.603005886077880859e-01
2.826993703842163086e+00
5.151445865631103516e-01
5.027272701263427734e-01
8.207876682281494141e-01
7.578539848327636719e-01
9.271025657653808594e-01
9.212381839752197266e-01
8.147006034851074219e-01
1.370033502578735352e+00
7.243535518646240234e-01
2.091903924942016602e+00
3.207839727401733398e+00
5.576145648956298828e-01
4.911260604858398438e-01
2.461570739746093750e+00
1.141676902770996094e-01
4.313847303390502930e+00
1.336417198181152344e-01
6.765565872192382812e-01
6.598544120788574219e-01
5.044009685516357422e-01
7.669713497161865234e-01
1.956205606460571289e+00
6.373937129974365234e-01
5.869948863983154297e-01
1.949621200561523438e+00
3.782970905303955078e-01
1.310016393661499023e+00
7.175073623657226562e-01
4.825954437255859375e-01
4.780554771423339844e-01
1.241516351699829102e+00
1.884297370910644531e+00
2.507797956466674805e+00
3.802332878112792969e-01
3.084132671356201172e-01
5.715267658233642578e-01
6.457278728485107422e-01
1.594853162765502930e+00
1.399908065795898438e+00
6.159682273864746094e-01
7.171020507812500000e-01
5.426669120788574219e-01
1.205323696136474609e+00
5.289423465728759766e-01
5.708131790161132812e-01
4.118878841400146484e+00
4.359807968139648438e-01
3.568468093872070312e+00
4.800810813903808594e-01
1.797677755355834961e+00
2.075816154479980469e+00
2.842402458190917969e-01
1.462912797927856445e+00
7.570667266845703125e-01
1.994616031646728516e+00
2.673364877700805664e+00
1.074964761734008789e+00
