6.625456809997558594e-01
8.369941711425781250e-01
3.895590305328369141e-01
2.376920223236083984e+00
5.105834007263183594e-01
3.253917932510375977e+00
7.420516014099121094e-01
1.186585664749145508e+00
3.245066642761230469e+00
6.525206565856933594e-01
8.215484619140625000e-01
1.088739633560180664e+00
3.504636287689208984e-01
1.692021369934082031e+00
5.964522361755371094e-01
4.965796470642089844e-01
1.034498214721679688e+00
2.039925336837768555e+00
1.970837116241455078e-01
6.064467430114746094e-01
4.409964084625244141e-01
6.924536228179931641e-01
4.539601325988769531e+00
4.439747333526611328e-01
3.786677360534667969e+00
8.603014945983886719e-01
5.620386600494384766e-01
2.424755096435546875e+00
1.968899726867675781e+00
1.904507160186767578e+00
4.230078220367431641e+00
1.770739078521728516e+00
8.891193866729736328e-01
2.747091293334960938e+00
8.136625289916992188e-01
3.977539062500000000e+00
5.137732028961181641e-01
8.604674339294433594e-01
5.509192943572998047e-01
4.916205406188964844e-01
3.029823541641235352e+00
2.588685989379882812e+00
1.139100790023803711e+00
4.538276195526123047e-01
2.655149459838867188e+00
5.976665019989013672e-01
1.090721368789672852e+00
7.488663196563720703e-01
1.898721694946289062e+00
5.040659904479980469e-01
1.047923564910888672e+00
6.962525844573974609e-01
2.455761432647705078e-01
2.296213150024414062e+00
3.071131944656372070e+00
8.415637016296386719e-01
1.927365303039550781e+00
2.955541610717773438e+00
1.798920392990112305e+00
4.458247423171997070e+00
3.827948570251464844e-01
1.892943859100341797e+00
3.792192935943603516e-01
2.753763675689697266e+00
3.957023620605468750e-01
2.339013099670410156e+00
1.188472747802734375e+00
1.191846370697021484e+00
4.438295364379882812e-01
3.797976970672607422e-01
7.959797382354736328e-01
1.692081928253173828e+00
2.267129898071289062e+00
1.577492237091064453e+00
1.550944328308105469e+00
7.985579967498779297e-01
6.210343837738037109e-01
9.221942424774169922e-01
3.215313434600830078e+00
2.790452957153320312e+00
7.199954986572265625e-01
5.757374763488769531e-01
1.021803617477416992e+00
4.740433692932128906e-01
5.090351104736328125e-01
3.714828491210937500e-01
3.880202770233154297e-01
7.328922748565673828e-01
1.803689956665039062e+00
3.000752925872802734e+00
1.672204732894897461e+00
9.285266399383544922e-01
1.721835136413574219e-01
2.329356431961059570e+00
6.088659763336181641e-01
4.924177408218383789e+00
1.960865497589111328e+00
3.473018646240234375e+00
5.412182807922363281e-01
7.697222232818603516e-01
2.455404043197631836e+00
9.094669818878173828e-01
1.941662788391113281e+00
3.349282979965209961e+00
8.988795280456542969e-01
1.934180021286010742e+00
5.925908088684082031e-01
2.370036363601684570e+00
5.320160388946533203e-01
2.623229026794433594e+00
1.446916818618774414e+00
3.066723585128784180e+00
5.339975357055664062e-01
2.017745971679687500e+00
7.537856101989746094e-01
9.505987167358398438e-01
1.822934150695800781e+00
5.432715415954589844e-01
1.266977310180664062e+00
7.137284278869628906e-01
1.011954784393310547e+00
1.008462429046630859e+00
1.139037370681762695e+00
2.625578641891479492e+00
2.291460990905761719e+00
2.420185089111328125e+00
2.482285499572753906e-01
7.940008640289306641e-01
8.158075809478759766e-01
8.532478809356689453e-01
5.296461582183837891e-01
4.591622352600097656e-01
2.425964593887329102e+00
2.669658660888671875e-01
7.472829818725585938e-01
6.937832832336425781e-01
7.321727275848388672e-01
3.450206518173217773e+00
2.417057752609252930e+00
5.203742980957031250e-01
8.963482379913330078e-01
7.385661602020263672e-01
3.240236043930053711e+00
5.480265617370605469e-01
5.598511695861816406e-01
8.893606662750244141e-01
7.965455055236816406e-01
1.154802083969116211e+00
1.062471151351928711e+00
8.551290035247802734e-01
1.463602781295776367e+00
7.505974769592285156e-01
2.484167575836181641e+00
3.878168582916259766e+00
7.169048786163330078e-01
5.257616043090820312e-01
2.461006402969360352e+00
1.361613273620605469e-01
4.957479238510131836e+00
1.490302085876464844e-01
8.545627593994140625e-01
8.153831958770751953e-01
6.152238845825195312e-01
8.325562477111816406e-01
2.191010713577270508e+00
7.971527576446533203e-01
6.880953311920166016e-01
2.230863094329833984e+00
4.698028564453125000e-01
1.535403490066528320e+00
8.071074485778808594e-01
4.910874366760253906e-01
5.446243286132812500e-01
1.352228403091430664e+00
2.125161170959472656e+00
2.523918867111206055e+00
4.042251110076904297e-01
3.262369632720947266e-01
8.384683132171630859e-01
8.771095275878906250e-01
1.585932254791259766e+00
1.502607583999633789e+00
6.948943138122558594e-01
7.387900352478027344e-01
7.083392143249511719e-01
1.338702440261840820e+00
6.079418659210205078e-01
6.057467460632324219e-01
4.396035671234130859e+00
4.528853893280029297e-01
3.516433715820312500e+00
5.450918674468994141e-01
1.973802566528320312e+00
2.283200502395629883e+00
3.179709911346435547e-01
1.413061618804931641e+00
8.775033950805664062e-01
2.159101486206054688e+00
3.009029626846313477e+00
1.167211055755615234e+00
