1.053174352645874023e+01
8.461233615875244141e+00
1.658554792404174805e+00
2.671086525917053223e+01
1.238189458847045898e+00
1.011997556686401367e+01
1.012265682220458984e+00
2.598964953422546387e+01
3.984941005706787109e+00
7.092733383178710938e-01
1.038362026214599609e+00
1.245175361633300781e+00
4.744677543640136719e-01
1.789557933807373047e+00
6.491329669952392578e-01
6.280679702758789062e-01
1.219330310821533203e+00
2.404717683792114258e+00
2.365074157714843750e-01
6.777501106262207031e-01
4.713637828826904297e-01
8.151006698608398438e-01
6.939875841140747070e+00
9.063224792480468750e-01
5.061479568481445312e+00
1.475051879882812500e+00
8.269481658935546875e-01
3.569620847702026367e+00
2.246089458465576172e+00
2.345385551452636719e+00
4.833761453628540039e+00
2.086539030075073242e+00
9.442014694213867188e-01
3.511502027511596680e+00
1.030988454818725586e+00
3.870747804641723633e+00
8.536798954010009766e-01
9.189784526824951172e-01
5.982289314270019531e-01
4.827876091003417969e-01
3.492275238037109375e+00
3.080305337905883789e+00
1.327424049377441406e+00
6.772353649139404297e-01
3.169054269790649414e+00
6.556670665740966797e-01
1.143427133560180664e+00
1.009349346160888672e+00
2.129360675811767578e+00
5.216917991638183594e-01
9.868555068969726562e-01
7.419519424438476562e-01
2.730505466461181641e-01
3.076322078704833984e+00
3.180862903594970703e+00
1.081622838973999023e+00
2.276382207870483398e+00
3.240891933441162109e+00
2.063300371170043945e+00
4.560261249542236328e+00
4.608495235443115234e-01
2.033781766891479492e+00
4.868724346160888672e-01
3.381006479263305664e+00
6.147236824035644531e-01
2.540169239044189453e+00
1.579747438430786133e+00
1.207143545150756836e+00
5.398821830749511719e-01
3.910360336303710938e-01
9.329860210418701172e-01
2.033003568649291992e+00
2.607068777084350586e+00
1.800301313400268555e+00
1.758862257003784180e+00
1.119391679763793945e+00
7.167203426361083984e-01
9.781212806701660156e-01
3.922281980514526367e+00
3.904286384582519531e+00
7.175631523132324219e-01
8.126747608184814453e-01
1.198062658309936523e+00
4.953172206878662109e-01
5.859353542327880859e-01
3.796014785766601562e-01
5.199368000030517578e-01
8.847639560699462891e-01
1.945818901062011719e+00
3.744881868362426758e+00
1.904169797897338867e+00
1.037635326385498047e+00
2.778472900390625000e-01
2.420960664749145508e+00
7.467205524444580078e-01
4.965565204620361328e+00
2.300657987594604492e+00
3.505571603775024414e+00
5.786998271942138672e-01
9.585459232330322266e-01
3.191409826278686523e+00
9.822838306427001953e-01
2.116582393646240234e+00
3.860858917236328125e+00
9.666492938995361328e-01
2.231372594833374023e+00
5.885562896728515625e-01
2.603354692459106445e+00
6.329386234283447266e-01
2.753910779953002930e+00
1.469639778137207031e+00
3.406793832778930664e+00
5.620641708374023438e-01
2.180656671524047852e+00
8.317008018493652344e-01
9.649353027343750000e-01
2.084208726882934570e+00
5.144000053405761719e-01
1.605048179626464844e+00
7.038409709930419922e-01
1.084474802017211914e+00
1.176841735839843750e+00
1.136279344558715820e+00
2.796797752380371094e+00
2.733009099960327148e+00
2.960631608963012695e+00
3.148717880249023438e-01
7.757873535156250000e-01
1.222109317779541016e+00
1.167224645614624023e+00
5.372271537780761719e-01
6.792249679565429688e-01
2.766631126403808594e+00
4.759666919708251953e-01
8.598160743713378906e-01
8.079717159271240234e-01
7.797751426696777344e-01
3.625280857086181641e+00
2.829037904739379883e+00
4.934232234954833984e-01
9.397280216217041016e-01
1.045473575592041016e+00
3.573460102081298828e+00
6.997184753417968750e-01
8.963723182678222656e-01
9.974355697631835938e-01
7.602345943450927734e-01
1.139626741409301758e+00
1.286912202835083008e+00
1.187280654907226562e+00
1.608769655227661133e+00
9.018893241882324219e-01
2.824008464813232422e+00
4.099493741989135742e+00
6.495602130889892578e-01
6.167190074920654297e-01
3.038068771362304688e+00
1.303555965423583984e-01
4.803316593170166016e+00
1.386370658874511719e-01
8.988521099090576172e-01
9.564089775085449219e-01
6.511654853820800781e-01
8.276331424713134766e-01
2.671730518341064453e+00
7.740278244018554688e-01
7.579965591430664062e-01
2.748158693313598633e+00
6.720237731933593750e-01
1.471913576126098633e+00
8.987109661102294922e-01
5.592660903930664062e-01
5.456275939941406250e-01
1.556047677993774414e+00
2.237673521041870117e+00
2.872539758682250977e+00
6.623096466064453125e-01
3.493382930755615234e-01
7.871944904327392578e-01
1.166763067245483398e+00
1.870611190795898438e+00
1.601186275482177734e+00
8.271751403808593750e-01
8.225266933441162109e-01
6.547696590423583984e-01
1.638337850570678711e+00
7.371985912322998047e-01
6.255609989166259766e-01
5.123970746994018555e+00
5.135483741760253906e-01
4.132852554321289062e+00
5.252721309661865234e-01
2.071957826614379883e+00
2.762274980545043945e+00
4.237761497497558594e-01
1.582823276519775391e+00
8.878719806671142578e-01
2.473143577575683594e+00
2.873064279556274414e+00
1.401641845703125000e+00
