1.752426862716674805e+00
8.095273971557617188e-01
1.219191789627075195e+00
2.226697683334350586e+00
1.398929357528686523e+00
3.443590402603149414e+00
6.213778257369995117e+00
1.021573781967163086e+00
1.840515136718750000e+00
7.188670635223388672e-01
2.566219568252563477e+00
1.031258344650268555e+00
7.459280490875244141e-01
2.291446685791015625e+00
6.718744516372680664e+00
5.391891002655029297e-01
8.811874389648437500e-01
1.941003322601318359e+00
1.759459972381591797e-01
5.383675098419189453e-01
5.159492492675781250e-01
3.538331031799316406e+00
4.237242698669433594e+00
5.014545917510986328e-01
3.838169813156127930e+00
6.590461254119873047e+00
5.157125949859619141e+00
2.388771533966064453e+00
9.721395969390869141e-01
6.457957506179809570e+00
4.221582412719726562e+00
3.939328193664550781e-01
8.495466709136962891e-01
2.560608625411987305e+00
7.922081947326660156e-01
8.505825996398925781e-01
5.056924104690551758e+00
7.961595058441162109e-01
2.582292556762695312e-01
1.199144363403320312e+00
2.860505819320678711e+00
1.369927167892456055e+00
9.907059669494628906e-01
2.153451919555664062e+00
2.468311071395874023e+00
3.646033763885498047e+00
3.004274368286132812e-01
4.286235809326171875e+00
2.261596679687500000e+00
3.962497711181640625e-01
1.892296791076660156e+00
6.228413581848144531e-01
2.240180969238281250e-01
1.960175037384033203e+00
7.981374263763427734e-01
3.356465578079223633e+00
2.172318458557128906e+00
2.518618822097778320e+00
1.275378227233886719e+00
4.049178838729858398e+00
7.090675830841064453e-01
1.430813312530517578e+00
1.787004470825195312e-01
2.864268779754638672e+00
2.358576059341430664e+00
8.628654479980468750e-01
1.057241916656494141e+00
9.463934898376464844e-01
1.757922410964965820e+00
3.254945278167724609e-01
6.891157627105712891e-01
1.549244165420532227e+00
2.059371232986450195e+00
2.114501237869262695e+00
1.389282226562500000e+00
3.594016551971435547e+00
4.001063585281372070e+00
8.605020046234130859e-01
1.757636308670043945e+00
1.323828458786010742e+00
1.392302513122558594e-01
3.389487266540527344e-01
6.556695222854614258e+00
6.233301162719726562e-01
1.318700313568115234e+00
7.060732841491699219e-01
6.296031475067138672e-01
4.329307079315185547e-01
2.911168813705444336e+00
1.510283708572387695e+00
2.158387660980224609e+00
9.039411544799804688e-01
1.245596408843994141e+00
2.053212404251098633e+00
5.299439430236816406e-01
4.360778093338012695e+00
5.075598001480102539e+00
3.173300743103027344e+00
7.972619533538818359e-01
4.146919727325439453e+00
2.194485187530517578e+00
4.055679321289062500e+00
8.051073551177978516e-01
3.299735784530639648e+00
7.414128780364990234e-01
9.187111854553222656e-01
3.757257461547851562e-01
1.975957155227661133e+00
1.758598089218139648e+00
2.291175365447998047e+00
2.479074954986572266e+00
1.480632543563842773e+00
3.503198623657226562e-01
1.049990415573120117e+00
8.624911308288574219e-01
7.448186874389648438e-01
5.595130920410156250e-01
1.260438442230224609e+00
1.130826711654663086e+00
2.019999265670776367e+00
6.408326625823974609e-01
1.026251077651977539e+00
9.550998210906982422e-01
1.065969705581665039e+00
8.964278697967529297e-01
2.150660514831542969e+00
2.309794425964355469e-01
3.394048213958740234e-01
7.009191513061523438e-01
7.100777626037597656e-01
4.775485992431640625e-01
2.097562074661254883e+00
2.030911922454833984e+00
2.341692447662353516e-01
6.707315444946289062e-01
4.224450588226318359e-01
2.482087135314941406e+00
3.109787225723266602e+00
1.096200466156005859e+00
1.579246520996093750e-01
2.282581806182861328e+00
4.156154155731201172e+00
3.060286760330200195e+00
6.407222270965576172e+00
9.762649536132812500e-01
8.631417751312255859e-01
9.476957321166992188e-01
1.024610996246337891e+00
1.003560781478881836e+00
8.257901668548583984e-01
1.116139411926269531e+00
7.408666610717773438e-01
1.078689813613891602e+00
3.409915685653686523e+00
6.453130245208740234e-01
3.635910034179687500e+00
2.380932092666625977e+00
1.202051639556884766e-01
2.870151996612548828e-01
1.253871917724609375e-01
6.817793846130371094e-01
6.996834278106689453e-01
2.856707572937011719e-01
5.624604225158691406e-01
1.869335412979125977e+00
6.342661380767822266e-01
8.451864719390869141e-01
8.502275943756103516e-01
2.155548334121704102e+00
1.248978853225708008e+00
6.751837730407714844e-01
8.309359550476074219e-01
5.759084224700927734e-01
1.198178291320800781e+00
5.245609998703002930e+00
2.487167596817016602e+00
1.769108772277832031e-01
1.639690399169921875e-01
5.391878604888916016e+00
7.577538490295410156e-01
3.719544410705566406e-01
1.488814830780029297e+00
7.426488399505615234e-01
7.665154933929443359e-01
1.391251802444458008e+00
1.255774259567260742e+00
2.656891107559204102e+00
3.143720626831054688e-01
4.123274564743041992e+00
3.990998268127441406e-01
3.677294731140136719e+00
3.408374786376953125e+00
2.413235187530517578e+00
1.194436788558959961e+00
2.461845874786376953e-01
1.440063476562500000e+00
9.407558441162109375e-01
9.073173999786376953e-01
3.349359989166259766e+00
1.030305385589599609e+00
