2.364961655988171429e+00
4.290404006376702384e+00
1.840743787524099284e+00
1.869186508222995480e+00
2.031766507338945260e+00
3.130472149484663458e+00
2.871188800924419304e+00
2.366122437074002249e+01
6.416565964913913511e+00
1.504507772802311738e+00
1.310179033842935548e+00
4.436536366732562797e+00
1.671186172824199900e+00
1.024956018580793549e+00
2.549848540039699074e+00
4.756461332028449007e+00
5.921106000122401625e+00
2.334525093896802517e+00
2.612261931187569441e+00
5.607988201402777761e+00
1.184649049147937783e+00
5.530151451190386425e+00
1.307607581788649664e+00
6.605654171752959769e+00
2.442257226678423265e+00
2.374494250464573852e+00
1.331866807059676638e+00
4.702497843413687484e+00
2.199482657769882277e+00
1.745991646654175966e+01
1.172894159546050830e+01
5.714894025617310191e+00
1.424534786974609002e+00
3.464921477001747352e+00
4.903978561474970910e+00
2.511202944115332514e+00
1.511536588322149210e+00
1.834766844827241838e+00
3.679702859083057387e+00
2.411697561972530934e+00
2.238875483239119557e+00
2.838957569199975772e+00
5.279615825860148881e+00
2.539939587468714954e+00
7.576786308067743114e+00
4.904421753994588684e+00
3.553469466461876447e+00
2.248382290417715534e+00
4.586249988077714335e+00
3.560251818189128503e+00
1.130200157406394679e+00
2.826387314413756346e+00
3.500067022492074020e+00
1.863988279332886133e+00
1.407110252065683520e+00
5.184968584882911458e+00
1.680576704424022294e+00
1.751869442695376700e+00
6.644628398655036960e+00
4.227602555414685881e+00
1.906944280589876417e+00
1.221057730075494119e+00
7.428045893972376135e+00
1.565068507611365289e+00
2.493410703028398601e+01
4.404521186943369138e+00
4.103513933302878058e+00
8.660255063575926116e+00
1.669347046544927826e+00
1.723920963248107174e+00
1.038259948887169415e+01
2.297567615418912190e+00
1.090951140144544196e+00
3.125479939398563278e+00
1.064312507241906181e+00
2.745644051622995629e+00
1.664054814158195894e+00
1.324593616492049986e+00
5.392516539903470019e+00
2.906058778354990935e+00
1.307311749239761456e+00
4.543821329130058650e+00
2.629788231408284993e+00
5.870532897087104907e+00
2.188841379596178527e+00
2.462072145894081743e+00
3.056800658569776896e+00
1.492090710546855492e+00
2.639420751291615908e+00
6.032491893140250028e+00
2.178931714781585427e+01
1.417754049850747489e+00
8.540631767050086864e+00
1.442720960025477117e+00
3.677322336839451644e+00
7.631224219895591077e+00
1.486526992742934761e+00
1.568350850017056874e+00
1.328275958492388886e+00
1.708555008497888661e+00
1.011865343662927463e+00
3.726018721121787447e+00
5.654432688317121425e+00
1.769425666828941424e+00
1.542611895799616661e+00
2.388984763796283328e+00
2.789479090167566344e+00
4.843398641961890405e+00
1.558878379806777570e+00
9.416636618562186811e+00
3.758375033949757693e+00
3.866524258626971466e+00
1.522939760270216603e+00
2.050984380641779570e+00
5.882406805524380999e+00
6.426490025605972711e+00
7.407376718413417827e+00
7.077650214640258675e+00
5.062973067061184551e+00
3.641157502386886069e+00
2.997276621437070077e+00
1.076799393649799708e+00
2.002870189378365584e+00
8.576581701698021476e+00
5.679132513901921087e+00
4.823112899195947101e+00
2.543868158798617163e+00
2.421111389858514595e+00
4.840038177400522557e+00
5.376517275068834145e+00
2.376099292367618077e+00
3.848502679866408815e+00
2.626889666939532297e+00
1.267296004548758237e+00
2.726397143478558771e+00
1.160154366823975103e+00
3.694073678635544589e+00
1.922098336819113795e+00
3.031211906218144847e+00
1.066656029757243607e+00
8.014707167895526396e+00
1.338566893472697750e+01
1.190577868393179362e+00
6.024240125753862252e+00
6.370096653033970213e+00
1.348509088469207917e+00
1.417108634786151011e+00
1.197400788619723100e+00
3.204955432034946927e+00
1.438435257880952944e+00
3.008847258767842980e+00
2.614786737773054259e+00
7.214725938874130939e+00
1.845922493714188262e+00
1.987286672032831492e+00
1.184569453234774805e+00
1.821936188547063962e+00
1.903513532466231339e+00
3.030933424126396325e+00
3.410832345892286011e+00
5.486431642648748408e+01
1.920496863677755517e+00
2.667708532664513132e+00
7.678443797808814253e+00
3.392978160734017923e+00
2.194956740705547027e+00
3.212627483642365167e+00
4.285210749279271703e+00
2.610557920022608336e+00
5.792007471884218717e+00
1.260394478262070850e+00
1.570888243411263652e+00
1.058576469145965815e+00
2.685726586336837585e+00
2.444348113595902650e+00
1.337620980912670454e+01
1.159882428534321219e+00
4.362661044700470114e+00
1.558906566112954550e+01
3.527763472361421737e+00
1.079701246625012212e+00
2.904320014781316406e+00
4.539810397711162793e+00
1.739277786017263461e+00
2.483699997039054974e+00
1.458592063479105638e+00
1.737491066203478818e+00
1.248184212734955389e+00
2.243857686555634334e+00
5.088378958749218306e+00
7.738123684238795263e+00
1.086068596879612880e+00
2.114705267612952078e+00
5.170789557501106692e+00
1.237011621539397588e+00
1.780185149893718455e+00
1.523112390088754431e+00
1.300428376355358129e+00
3.494286954297088688e+00
2.171936983734990889e+00
2.817461290367232696e+00
4.657332310087619831e+00
9.323941133902209799e+00
3.185052082091448966e+00
2.700449743303374284e+00
1.560343789754292443e+00
1.305720633093751415e+00
1.534574431620627344e+01
1.608200494005413539e+00
2.728171942081544454e+00
1.314247083246282921e+00
2.171800296589224022e+00
4.038598892451632949e+00
1.308654399512967581e+00
2.259704570830255665e+00
2.642124783459891546e+00
1.380790146986484723e+00
1.982900694063581604e+00
1.200136879565889636e+01
3.387634932904845186e+00
2.939810050173497658e+01
1.268530985708476244e+01
2.282458562474210861e+00
2.604127698670445579e+00
1.413942062606069694e+00
1.133141355611537282e+00
4.669216522655396773e+00
1.251745856342323382e+00
1.023641571810824269e+00
8.381409431244046360e+00
4.218046913790133523e+00
4.872423092157775137e+00
1.658995515786706232e+00
1.340726040416830633e+00
4.754604437987578258e+00
1.170003461532867606e+00
3.267117215130090102e+01
6.292945249043343736e+00
1.459557877000961179e+00
1.887604760168395845e+00
1.556036933898867547e+00
2.742601373575549228e+00
3.171190117737888503e+00
1.714364563660425445e+00
1.418651544920596841e+01
2.210868216344009873e+00
1.134937404479251954e+00
6.793156758729113065e+00
2.791172765088242524e+00
4.662692150683654724e+00
2.340885878613753412e+00
2.759186440635229776e+00
1.165918272127551170e+00
2.362985765282638706e+00
3.938675950161041772e+00
3.049098260302763208e+00
4.883025699449458301e+00
1.223251571570489205e+01
1.071676695353184661e+00
1.029488731214679653e+00
1.024609199161944595e+00
1.512366325197082695e+00
3.747265512718921610e+00
1.575818270023314316e+00
2.892319970688277397e+00
2.580927221049612363e+00
1.091565055904990977e+00
3.866601060837223880e+00
1.178551921385501355e+00
1.504850161676806630e+00
4.388692617242578642e+00
8.876404435432826645e+00
1.481371416698204824e+00
3.201378326816434861e+00
3.702708943255814678e+00
2.336197680229355811e+00
3.047773129607575182e+00
1.992220796122604609e+00
4.035944802560546663e+00
3.331781007300322450e+00
3.891518284439857034e+00
1.532605111437012280e+00
1.700200252176523597e+00
1.950977491553864018e+00
1.167834562801219667e+00
1.086703344281290784e+00
1.834746367295064573e+00
2.686586851436596479e+00
2.382545410558668753e+00
5.320142996036170580e+00
3.817053832621484677e+00
1.461187692183735898e+01
2.638528894472361941e+00
7.669286274370816336e+00
4.412917374978526652e+00
5.540455841145547566e+00
3.679571081714031688e+00
4.444605933645255469e+00
3.645376863718114535e+00
3.863916478175485558e+00
2.381469115379223123e+00
2.379091228767078015e+00
1.637763640848097779e+00
2.152037449071460884e+00
9.820284477765104825e+00
1.163602797300393910e+01
3.070263895601409221e+00
4.498367914752322783e+00
2.780448977724923498e+00
1.215278651009413791e+00
3.838369977949436240e+00
1.844682811478166373e+00
3.776208087887535036e+00
5.104873860818600839e+00
1.797081429076759829e+00
6.899019135108161116e+00
1.111525404084509283e+00
1.095632196207259934e+00
1.591786854379862115e+00
1.940341735663886791e+00
3.337181747138716403e+00
8.829304770851662099e+00
1.118782546924947496e+00
2.879282285570108346e+00
1.648268549388768989e+00
2.331867655360980507e+00
1.484527172029292297e+00
1.266275963393694859e+00
2.123987402328711749e+00
2.309752914195411844e+00
5.530025605242181896e+00
8.189952823863729137e+00
2.362517096431039576e+00
4.953083389643650136e+00
6.197376065485635799e+00
4.271062120323549038e+00
1.913252615625580910e+00
1.708629747478625616e+00
3.238529385943520467e+00
4.732604636031323864e+00
1.275716865604334727e+00
4.183897809130373346e+00
3.758551139071585112e+00
1.759374191038653334e+00
1.862700017605395386e+00
3.363378870778046981e+00
6.958280253388096526e+00
1.159570875221510811e+00
3.703162593134637692e+00
4.757612650632975004e+00
2.756094925811737539e+00
3.401147033655928187e+00
3.485917292171866411e+00
5.487528749951880336e+00
1.663636703220470192e+00
1.585321168062786334e+01
5.838305595716202667e+00
1.966767188413973910e+00
1.906734353326018150e+00
2.731460028689614017e+00
4.938844190245956334e+00
2.785976133855952774e+00
7.866857318791668163e+00
4.110730520176679725e+00
1.784810339312340233e+00
2.022549552374690141e+00
1.911026742165162329e+00
3.007500824189471178e+00
3.577610941760686725e+00
5.874978381456374521e+00
2.145418675434893618e+00
7.012364617325583360e+00
4.486399574127266199e+00
6.031777276710103664e+00
2.709341129868905185e+00
1.007118563859883853e+00
1.184495228026899216e+00
1.223132276614939329e+01
5.606227601029964092e+00
4.430504396353136087e+00
3.083280814277746806e+00
1.465601491409612045e+00
1.256364583734390861e+00
1.718846917916408534e+00
1.959488280693760132e+00
2.118881776253273674e+00
5.798589419831942315e+00
1.142107780199069333e+00
1.805052776560445826e+00
2.568536665575426525e+01
5.945590232063050706e+00
2.777819476407350496e+00
2.192669556343340709e+00
4.686818760261272310e+00
3.072064497471804323e+00
1.213151183433014424e+00
3.085798798432832335e+00
1.107807279096586939e+00
4.229271307754894238e+00
1.312316632311468556e+00
2.983474344091014530e+00
6.030312847587374847e+00
6.646582446381676057e+00
4.559947243730846367e+00
1.321066268966411661e+00
4.714297024443204975e+00
1.692098224153095298e+00
2.459832881706656149e+00
2.270966311605489452e+00
1.107479228982733765e+00
1.003161834449282752e+00
2.245475587440320275e+00
1.733677042114706746e+00
1.112732375918042749e+00
3.696962995416012809e+00
1.801425247992470835e+00
1.891245555654417654e+00
1.407194645973139036e+00
1.915034068209723772e+00
1.187976539538400322e+00
2.591243525064991893e+00
1.281391695380839302e+00
1.266844830216827367e+00
1.100089325794296746e+00
3.109237962264026933e+00
6.386088582692438287e+00
2.226276292424101744e+00
2.245946925605565969e+00
4.242770136876575116e+00
2.730131411873775171e+00
4.763108228764897589e+00
1.957797039948458329e+00
4.348890746839574106e+00
1.022446864400295752e+00
4.726059016122535539e+00
2.611720352227362874e+00
1.631412051110331829e+00
2.095894809500639333e+00
1.750270275237788997e+00
2.234381107768657060e+00
3.795270831768483344e+00
2.376267053153758191e+00
1.021948462402546776e+00
1.821967074351242388e+00
3.834818036746705072e+00
1.440149016298657658e+00
3.069612344602176801e+00
1.499484580822023716e+01
2.590838874280364301e+00
4.827264063054383492e+00
8.390215960387997995e+00
1.673898768373714985e+00
1.690661726057679459e+01
1.398301839193194729e+00
5.299737019652330794e+00
1.748477367694604823e+01
1.768570254991567170e+00
4.611029358323438743e+00
3.315297437918801826e+00
1.225752345019126999e+00
3.476640361000601143e+00
1.829793219249620906e+00
1.495915343501138306e+00
1.970852347198137844e+00
3.295997282391226690e+00
1.610206482702186692e+00
2.384441891431953398e+00
1.524180003710035702e+00
3.097633283601848753e+00
1.555943010661647197e+00
2.468445700613535632e+00
1.337448369687864735e+00
2.922123575878172730e+00
9.666363354438662014e+00
3.272865698133851975e+00
1.575713379732578634e+00
4.546492741003700822e+00
1.265213206131418078e+00
6.032173467722420135e+00
2.088197400925923652e+00
3.454116752699120774e+00
5.820580558140240335e+00
1.435572010324060788e+00
9.335793805355956820e+00
3.357538472605930746e+00
1.227112322525527821e+00
1.089788865992354916e+00
1.112447546838001067e+00
2.522126305914595967e+00
1.711538196365635089e+00
3.323025183451091102e+00
1.276259055096442774e+00
1.702318339772087574e+00
2.200196920261318301e+00
1.049761366172771604e+00
7.459793046148315732e+00
1.838173020664035207e+00
8.148812659728935870e+00
1.064083338843068205e+01
3.024951107817710483e+00
7.879809289299104513e+00
3.250577878148015909e+00
1.953415287764185937e+00
1.685198359866531659e+00
1.813423216728051068e+00
3.211584982414945610e+00
1.380186312669512860e+00
2.928334681888018487e+00
2.025972882474547099e+00
1.303514224649062303e+00
3.136301792931909915e+00
8.975222875844695025e+00
6.074404170243054679e+00
5.910335817267565517e+00
1.011884370202564831e+00
2.107445868105666253e+00
2.893830265737421303e+00
6.965653222215797413e+00
1.328128961359170024e+00
2.096818249905278986e+00
1.151370580346820827e+00
3.290496692631233344e+00
4.687539125418926922e+00
2.650225662896346979e+00
1.296208140837042722e+00
3.267689972007320698e+00
1.954879496931264171e+00
9.455785066658501492e+00
7.722100123242475966e+00
1.101136757455363657e+00
2.751906697010428005e+00
6.307779308906177995e+00
2.703044871605011501e+00
1.567472363591372098e+00
1.330134878655880426e+00
2.682900086382249860e+00
1.233361709581362708e+00
2.636308906600634661e+00
2.151246609119187525e+00
2.011655048904807952e+00
2.260845187445844395e+00
1.180181818181818221e+00
2.735382379235760553e+00
3.304177575520476307e+00
1.514075716493604951e+00
1.494532202187730086e+00
7.836112565610573455e+00
2.866903278446636616e+00
2.335883389229507223e+00
1.767275168304745181e+00
2.111792487624963410e+00
2.734575484097082398e+00
1.660152882732186308e+00
4.800226160042526224e+00
1.149891605416029083e+00
2.053946039612958518e+00
6.164473469275588258e+00
1.418752618725104275e+00
1.087284933762881378e+00
2.239877271008516857e+00
1.998719309872285965e+00
3.757560046330127967e+00
1.007684198024078270e+00
2.246945882511293568e+00
4.199628581763227508e+00
2.926301322271330552e+00
1.332926450359619208e+00
1.931654056387752227e+00
7.667170980584007367e+00
1.043498843888301719e+00
3.193312649913081724e+00
3.079687958813210447e+00
3.663217441542844899e+00
1.921036093803104139e+00
3.779184956580361021e+00
3.147651265335404069e+00
7.802490458831172759e+00
1.438136035590882100e+00
5.146706752827118869e+00
1.654760983744659741e+00
1.034059554941554770e+00
2.331167295092543412e+01
3.341672303011345768e+00
1.660383021564251882e+00
9.998032086908301252e+00
1.416020917124584422e+01
1.009158867537039761e+00
2.411791242771155641e+00
1.199093733980545640e+00
2.913629509205483359e+00
3.564170589887328155e+00
2.143856273735020856e+00
2.025521700695880778e+00
5.926116248940988207e+00
3.063740674853115298e+00
1.700489448092010303e+00
1.895996811379255131e+00
3.754622415912392430e+00
5.218140352433690232e+00
2.961502362261303922e+00
1.042806154230936144e+00
2.066267866693152655e+00
2.537531014134107643e+00
1.167912741178646963e+00
2.281071027405980889e+00
4.085175326237028059e+00
1.793793159039593910e+00
1.343058171745152407e+00
2.817927961033108719e+00
2.366652621972298309e+00
1.141417085434281109e+00
2.372468115043082637e+00
2.007264934008593293e+00
1.678548578859565765e+01
1.018944091547826725e+00
4.246569596939650637e+00
2.288593215296295558e+00
2.124187405140454121e+00
2.427943057555161932e+00
5.088166170754353068e+00
1.214804836737772398e+00
6.099166025993044471e+00
3.299917417169305978e+00
4.751164068217460290e+00
1.009180365058280904e+00
3.147233112519060239e+00
4.348835269359268452e+00
1.462091956923408453e+01
2.043005695218912177e+00
2.541651330478849946e+00
1.144889992723541816e+01
8.324133841278413826e+00
2.290976014877886602e+00
1.511464189343392883e+00
1.770343190138756073e+00
2.843639687970567653e+00
2.638043224830775912e+00
7.245197974869288515e+00
3.466779079914928730e+00
5.547315000136467944e+00
1.922265636948599088e+00
1.345632414488414419e+00
6.005784236815225441e+00
4.703488226146944839e+00
9.222845024229261668e+00
1.355502734831280032e+00
1.445036411902637985e+00
2.107404950722081338e+00
2.258623612697125083e+00
1.682995201405231400e+00
1.014386306770019397e+00
2.135806868310842432e+00
1.092041780602631640e+01
3.528875665671433293e+00
5.599702659550707118e+00
1.462739424297927915e+00
1.635563591022443974e+00
2.974993089404475821e+00
4.154621483259113290e+00
2.283814795531419861e+00
9.857457147476974768e+00
1.336258519485311602e+00
4.774627599867856453e+00
1.443348943571556520e+00
1.354410582027923082e+00
3.314083429797761937e+00
1.428327479752285134e+00
1.670210021892933216e+00
2.450788577101412180e+00
2.207086628427294084e+00
2.113640817864882671e+00
3.176575754127947793e+00
1.178801067136778080e+01
3.926625695750072254e+00
3.117624918832010650e+00
3.157927596494937372e+00
2.760341292380193767e+00
1.811508388289926996e+00
4.125742642646320846e+00
3.383081111060671109e+00
2.601782035555253447e+00
1.747784509930468300e+00
5.764930206534696566e+00
1.020754172033748075e+00
2.201760336188782752e+00
4.629606573462977437e+00
2.246943053400756174e+00
4.850520590407686683e+00
5.106714200558550409e+00
3.536289003338704884e+00
3.927148696780810688e+00
2.956178750590017668e+00
4.024096527948780810e+00
4.191157994802384934e+00
2.108483162184204396e+00
4.444537578247004461e+00
5.800446875982958161e+00
1.827936471892410264e+00
1.434202138760210188e+00
4.697413932709758377e+00
2.455803541091676756e+00
1.747492899984620873e+00
3.234628392561277099e+00
1.414450183915484160e+00
1.106273436500831320e+00
2.927394938445746053e+00
1.249441922729678467e+00
1.461836605220554475e+00
3.233165723486373100e+00
1.325704577182404087e+00
1.606671952302995088e+00
1.898356650306903814e+00
1.394088258342264020e+00
1.700785763836525355e+00
8.653175019859256523e+00
3.395685155837295355e+00
2.070270189101191960e+01
5.117621839143051687e+00
1.555438723678519430e+00
6.672846916498673231e+00
4.975275250583042208e+00
4.430532196492620756e+00
2.436537883844890562e+00
1.325458102695823870e+00
1.241435137131278399e+00
2.009025091097596860e+00
1.555236941098020909e+00
2.517305712072657631e+00
6.845666459957246985e+00
1.737564481723851140e+00
2.303657780048057546e+00
6.797183571227055410e+00
1.576092758809093386e+00
2.485138521938813128e+00
1.517110434707557687e+01
1.385644745659408317e+00
1.183966786165454588e+00
1.181948739050846520e+00
9.829157447861236463e+00
1.236980897598973339e+00
1.043209892362890745e+00
7.466195541516805534e+00
3.227741570561693418e+00
8.342325675498649673e+00
1.424120167093963385e+00
8.425381039385110071e+00
2.543315936613022021e+00
4.038141301728348509e+00
6.144645435920270238e+00
1.346001214525727629e+00
1.367110269471850215e+00
2.332039043591584981e+00
1.739093075285565781e+00
2.944044928634025116e+00
3.939350460956534405e+00
1.003046223536247838e+00
2.048599753519974698e+00
2.281820048085016595e+00
1.245720559087032386e+00
2.750872532832452144e+00
1.304482914773108737e+00
1.438155025845010648e+00
4.714680820760931645e+00
3.308109605972576972e+00
1.610910167948667038e+00
1.036401209835433157e+00
1.872925098274368816e+00
1.269089438619363852e+00
1.845776715827634584e+00
1.170185523265004690e+00
1.223422480663415080e+00
1.719885007578159097e+00
1.469057195319680265e+00
1.562645690364463213e+00
3.285937318284691600e+00
1.700182860912302640e+00
2.252180843337317828e+00
1.909981254599669276e+00
5.332020912670238033e+00
1.392566887594863134e+00
3.308785115666881715e+00
1.767939002277563620e+00
9.930653763218399988e+00
2.489962867889297993e+00
1.242513892585843216e+00
4.198030135479283942e+00
1.152262673192527842e+00
2.512656446454174297e+00
2.122600038881038653e+00
9.344623705094445398e+00
1.441288529348462522e+00
5.482807447754407093e+00
1.402271998652306229e+00
1.818999190427571078e+00
1.140987236311527209e+00
4.815036492326875361e+00
4.525862193731847505e+00
1.423942692690948864e+00
2.440381165333334490e+00
1.077650597462387339e+00
1.467778726424556091e+00
2.032437439878031604e+00
6.624990925833600386e+00
9.097434679297949245e+00
1.829998227723199200e+00
1.905619603801671724e+00
1.005074511234546009e+01
1.097712635179984186e+00
2.735523136859674764e+01
1.767329823847056280e+00
1.568071813631342737e+00
4.847124909869788389e+00
4.063705852416943820e+00
1.698730291948797211e+00
1.780955043805922955e+00
1.265437328488002500e+00
1.082719991196487319e+00
1.330251639429856469e+00
3.895442540310944057e+00
1.289035090142251594e+00
1.872011471406667127e+00
4.509269830696641890e+00
1.401936323076792412e+01
6.895044930516920800e+00
1.284885679133925596e+00
3.055383155050928945e+00
1.403488468647803300e+00
3.022308184790008401e+00
1.511234157358330554e+00
2.040052813133757414e+00
5.364901400745872628e+00
2.191911822686924971e+00
2.634551643619288175e+00
1.902944120036365483e+00
3.626290384287087054e+00
3.889803110550809517e+00
3.862085798064883502e+00
2.771859558606961205e+00
9.556619158539108483e+00
2.174179513020193522e+00
4.468808761519528439e+00
3.038490938420617127e+00
2.350685244054285139e+00
1.346821443998006629e+00
2.584289673290957712e+00
2.497930919879850276e+00
3.119934226149791545e+00
1.136850231147476187e+00
2.790992598828604176e+00
2.834105878119509647e+00
6.298842863717198703e+00
3.118284254756685581e+00
5.818113533442021534e+00
2.682763295817364479e+01
1.137888948671542000e+00
2.642867971472198096e+00
2.216451446562460070e+00
1.744758673628369783e+00
7.263551247922850784e+00
1.315162436548223290e+00
2.504311112865317046e+00
1.638536412010067522e+01
2.645771559574057630e+00
1.154357119286925970e+00
4.735636267728460247e+00
1.194773487633523201e+00
9.007472072981242306e+00
6.565907420553640961e+00
1.135914639144778748e+00
2.174558962689257413e+00
1.940062704065746102e+00
1.249268965216109750e+00
5.888219584962262942e+00
7.847403335606384367e+00
1.984311862893876510e+00
1.344952274837094119e+00
1.420139385341201876e+00
2.226190225347563612e+00
2.074663292386766500e+00
9.498009575162830842e+00
2.693062920761457590e+00
4.414768775605272921e+00
2.191933367454032222e+00
2.303416620657670943e+00
1.034954555537644261e+00
1.738518168364546312e+00
2.809512372916599610e+00
1.157415254057746035e+00
5.899593423492604849e+00
2.837075876346735637e+00
3.559160322165954238e+00
2.429499125220382805e+00
1.533306594868938166e+00
1.222698476561457914e+00
1.242131813874466806e+00
1.282193314073462709e+00
3.151699324104659805e+00
9.847041913246576073e+00
3.572191534012427727e+00
5.137012267490642436e+00
1.206164099911392507e+00
4.696983984747125085e+00
2.214415800075805407e+00
2.265936156241644905e+00
1.104586703498458888e+00
1.044259064551485316e+00
1.685589143271521761e+00
2.139606760466826074e+00
3.353037350257436433e+00
1.892666144683442742e+00
1.620041130005652974e+00
1.207166471687873166e+00
1.453290236462622120e+00
2.067666808159775549e+00
2.433146871995759408e+00
1.657146149698623061e+00
2.866055325994385505e+00
1.934537381712130522e+00
1.030233996035771682e+01
1.171000508637447313e+00
2.199689008012061020e+00
1.444946006098668079e+00
5.505332386733486238e+00
1.532491062484696132e+00
3.263664910028795774e+00
1.174162212473136346e+00
1.670735466833454863e+00
7.841279230446732917e+00
3.719934470201403887e+00
1.038108509784583511e+01
2.736510016020155422e+00
3.490465828872369780e+00
2.623341632366040344e+00
2.129785058145090115e+00
1.404426021332111363e+00
1.432775661501340725e+00
3.855586140440235177e+00
3.539526039086594356e+00
1.516474902630081889e+00
2.007559417005814417e+00
2.353905630393581916e+00
3.651204220522289656e+00
9.490577404060346112e+00
1.903781441833261034e+00
1.812653618761716157e+00
3.212613628278508493e+00
1.101586874628678103e+00
3.261084263509724579e+00
2.031781374102945570e+00
3.211314984418488283e+00
3.955253971891564024e+00
2.736088669237452642e+00
1.407778138904504539e+00
1.927950252682684606e+01
2.642973436300911860e+00
1.253882828902587399e+00
2.112596457722877741e+00
1.920337031433974051e+00
3.062834177236608113e+00
2.280974371447156201e+00
1.126016963577234353e+00
5.092210044819890591e+00
1.332247525726541149e+00
2.584669406862974750e+00
1.112246891743433608e+01
1.890949208352445510e+00
2.329376264746775504e+00
2.076122322033139511e+00
1.416565932664661354e+00
1.726840626992495187e+00
1.511479603834542607e+00
2.264857826921319539e+00
6.092913266683336992e+00
2.157691075725897800e+00
1.108032746484350017e+00
3.454482556824180595e+00
2.613430243635570083e+00
3.708828602665909635e+00
2.416730371078847917e+00
2.393364013708598748e+00
1.962179852931758228e+00
2.994055331009062737e+00
1.716940932257214891e+00
1.186933393063056341e+00
1.931133937472866213e+00
8.613833194985373254e+00
3.180907459768444134e+00
7.630882970728936066e+00
1.786860067068406499e+00
2.946942838546652066e+00
1.568532525510204056e+00
1.893284492279409204e+00
1.727702485760863160e+00
4.395549133676658116e+00
4.479404791522506812e+00
5.261674027849045920e+00
2.350706668962599721e+00
2.181504976732694168e+00
1.914494509369447650e+00
1.432893289328932873e+01
4.143814214713945177e+00
2.045316326859467182e+00
1.392382966577413006e+00
1.580898872631517849e+00
6.144528516025733467e+00
2.552995715330755644e+00
3.749621387869096267e+00
2.155684321274931037e+01
1.458444436363262486e+00
6.042486585018837175e+00
2.044675126876571714e+00
1.598213031383010518e+00
2.649244803975384865e+00
5.156711726208324187e+00
3.477842575843713036e+00
3.084430713457352535e+00
7.196414961729879600e+00
1.707636290949776203e+00
1.870052079012618718e+00
1.520452219949323780e+00
6.490928813530256747e+00
6.514195147446150358e+00
3.114714596276841441e+00
6.605157927558948927e+00
3.460878555091360109e+00
3.441282390105500077e+00
9.356653499916033567e+00
1.300616613575866332e+01
2.931911436381655633e+00
1.231951133234325013e+01
1.460601232438883512e+00
2.120963314934102950e+00
1.884891829246549078e+00
1.208223833345106302e+00
1.160683647416059339e+00
1.607588395166219986e+00
2.469618304643048656e+00
2.823711089697934717e+00
4.444887712665406276e+00
1.035306369367687829e+00
1.017995040426259834e+01
1.626804615146788091e+00
6.926656090343517924e+00
1.094334673870662300e+00
2.165064290075720432e+00
2.592171161737653939e+00
2.629371736151186578e+00
3.456408781764662486e+00
3.081460701747898767e+00
1.189881909796794979e+00
3.736885313593079960e+00
5.582580144500379760e+00
4.790287039038807038e+00
1.766291604074836208e+00
3.777415555594387353e+00
2.002252034053168206e+00
2.784851408711164211e+00
1.942752551918338622e+00
2.203073907354900829e+00
6.436548842896022471e+00
1.235794619267653882e+00
2.119686492495830965e+00
1.273438325664505877e+00
1.267023237228328991e+00
3.236084884226809066e+00
3.213745291279380023e+00
8.245434620760159206e+00
6.129402754214950733e+00
2.091990790724719496e+00
6.588899063821543223e+00
1.761152550669792038e+00
1.297137391005751761e+00
1.990972653228107347e+00
3.100678911226354639e+00
6.958676815088296053e+00
8.312707787128168491e+00
3.364318648575439052e+00
1.214094907536762413e+00
3.838123865906507604e+01
1.039928976529098659e+00
1.133290937059971082e+00
1.146378232701504851e+00
7.781104654235943663e+00
3.571543400650779354e+00
4.033782646277064288e+00
4.722699648830952057e+00
1.142611030861370391e+00
4.392743504007066591e+00
4.153581351331280480e+00
9.831680032923749479e+00
3.357913301922543337e+00
1.428530039538642660e+00
1.510833290296121678e+00
1.994651177223915495e+00
3.017930042741934216e+00
2.028806239236980336e+00
1.269608658057160833e+00
1.437336236939285472e+00
2.221697388301316689e+00
2.055125136079004822e+00
1.448591823555525515e+00
3.823816951571086697e+00
1.805262570873890304e+00
8.299490601192356820e+00
4.207015215296975974e+00
2.951309949128975152e+00
2.545552504485167677e+00
1.521002250369983821e+00
4.275194265265371385e+00
4.353077356525617780e+00
3.226714095491725498e+00
2.491533105481213983e+00
2.353753671689410520e+00
1.035598360644291560e+00
1.411675147045334366e+00
1.996062873497069123e+00
4.698448020626363686e+00
1.354040038827612946e+01
1.564122634643970944e+00
1.935775710011211626e+00
1.874351655493639246e+00
1.556211725541508439e+00
1.681606155209571130e+00
1.865305606789230630e+00
3.097687573187680510e+00
1.103062478184891448e+00
3.415491460905428323e+00
3.036392713610953198e+00
1.347215417466704146e+00
1.042006357740723255e+00
1.635879324805185275e+00
1.539118322630894875e+00
1.076151595398498140e+00
7.064273579044153983e+00
1.224406483229690146e+00
2.360262786409705438e+00
5.741745803329651565e+00
3.855851733108040857e+00
3.361741763627524637e+00
1.280665212320519331e+00
5.917467963631035666e+00
3.619056895204521229e+00
1.237167140871237248e+00
1.447123989051309900e+00
1.596590751839399802e+00
2.613702015036654558e+00
2.239041051738255295e+00
4.287533589433096815e+00
1.425008709470292789e+00
1.290884778221217388e+00
3.194598778600592048e+00
2.414910455889466956e+00
1.212216524327681677e+00
1.902258968459798583e+00
1.417806941178510138e+00
1.427325804888697203e+00
2.973039395492361958e+00
1.547131620346929193e+00
1.439758875525286141e+00
1.149730022793066686e+00
2.147454943595011212e+00
1.910840868350068167e+00
3.128176890090964779e+00
2.060352657741453264e+00
1.797449143920234915e+00
1.437633055691654338e+00
2.488328203289562168e+00
6.615288094535849872e+00
1.954723732809398040e+00
1.091810472987002179e+00
5.573811136241668684e+00
3.566162178730021282e+00
2.878348110190184883e+00
1.280460689510980243e+00
2.007501342188709348e+00
1.747094596762776675e+00
6.689314492277357971e+00
2.773537055753196867e+01
1.748718323812509023e+00
2.174649379302788343e+00
1.538938805189045578e+00
5.060908571662357858e+00
4.479220779220779214e+00
4.127413516609393263e+00
6.852660630659493712e+00
2.102422061193358616e+01
2.957061292132266761e+00
3.828717945814687162e+00
4.290379380480811022e+00
2.472630323681636710e+00
3.814072549889135466e+00
6.173690993356148127e+00
2.297709853184956241e+00
4.724291245063699130e+00
2.557151992165509924e+00
1.984356947612881950e+00
3.149773482419949033e+01
2.858638528037929394e+00
4.351683846385826726e+00
1.428892534045291374e+00
4.633575352020135263e+00
2.083488144421093757e+00
2.385823731349841825e+00
1.608986089359742078e+00
1.076333726119507395e+00
8.446974704705617398e+00
5.844734121624405532e+00
8.983052929043640944e+00
2.644554987696313830e+01
1.040952944428550797e+00
2.783556193208990948e+00
2.419425103194350779e+00
4.991400719188004764e+00
3.220443710665771508e+00
3.141157637336615238e+00
2.063789276057102828e+00
1.964261250823507998e+00
3.733138749846561133e+00
1.030789854186602295e+00
1.806841790467776265e+00
1.860681264292203041e+00
1.137311302617604047e+00
4.854819340642563930e+00
7.881500895826856201e+00
1.042280251260655488e+00
1.431242069550466400e+00
1.202428882736710447e+00
6.420770324813256380e+00
4.217070119088798030e+00
2.075401234641493620e+00
7.072874535501621374e+00
2.417300607583256600e+00
2.621677855629235943e+00
1.589929870795379729e+00
2.231262229234103334e+00
4.642919428049893327e+00
1.475585161172257020e+00
1.457767718287828362e+00
2.163419210159809314e+00
5.143777862338178686e+00
2.242187926368890416e+00
6.510672219300063013e+00
1.844945859294658597e+00
1.252061783603186873e+00
4.534689456604463764e+00
2.695398082315332289e+00
1.730448323066392957e+00
1.812487320385448575e+00
2.874884559056099853e+00
3.575173659220288513e+00
4.052181181302089819e+00
1.418646454458373452e+00
3.179407939550725093e+00
1.176714024570970185e+00
2.324456574602781878e+00
3.431039301529159591e+00
1.463833661537625730e+00
2.030263459917560631e+00
2.987995304538432428e+00
1.029344982740648895e+00
1.481995804048893417e+00
2.464245204017405211e+00
1.491268757581008408e+00
2.584345642911928476e+00
3.855650138334943744e+00
1.249096835643983550e+00
3.463271717080347312e+00
1.467625752719575738e+00
3.079836210993737389e+00
2.129917815722667473e+00
4.506937886401734872e+00
2.746019277356837485e+00
3.221160536903193705e+00
4.698494854027738477e+00
2.477390769517762603e+00
3.666869895926284872e+00
1.056319408011475947e+00
1.157954874509749876e+00
1.516893823757333060e+00
3.002802332019672171e+00
3.079580767558657950e+00
8.363612757488596117e+00
2.316051559251559144e+00
2.254260282882991184e+00
1.058365616861462755e+01
3.363083713020246002e+00
2.965916851706839275e+00
1.441463858499159700e+00
1.862086123673608595e+00
3.500119438626451807e+00
5.976437526850951976e+00
4.137943704923550570e+00
2.366637161147279844e+00
1.676789724884560240e+00
2.052855410457529839e+00
1.712232272493662721e+00
1.092319657797395704e+00
1.214725104392246235e+00
2.235643198467478943e+00
7.648368767665102652e+00
1.136870999936832716e+00
3.501936061757652929e+00
2.583605346578010664e+00
2.849297925461891090e+00
2.332125094565610013e+00
1.051391767108258213e+00
1.611201953669148867e+00
2.609808743134863107e+00
2.596663907947502459e+00
1.239808023300794204e+00
1.784688494468543496e+01
1.759964784162628026e+00
1.143031381058162710e+00
1.391606557715542758e+00
3.144233740693917589e+00
2.683079476229936589e+00
2.766644954004827017e+00
1.319296912809858169e+00
1.695472403595064037e+01
6.539916647014772266e+00
4.351412558296125610e+00
1.230563377330819108e+00
4.139943900242256447e+00
1.175697970805475778e+00
3.477788359866825996e+00
1.257903851610687074e+00
1.094854213848942548e+00
3.091909945505096236e+00
1.039165301917692519e+00
1.154659688874831058e+00
1.010638270653857340e+01
1.786214796805801530e+00
2.086201430588504380e+00
1.052299371286120833e+00
1.288719887973474254e+00
1.598326397240139363e+00
2.264557296430879330e+00
3.761988194406134411e+00
5.515656765873846012e+00
1.767325731865126759e+00
6.486407818508714840e+00
1.290992447715366076e+01
9.580754363001709351e+00
1.059572070295623369e+01
3.842795273950023294e+00
2.793325907094386995e+00
3.094632726642776888e+00
5.878173984783206407e+00
5.110400602371838907e+00
1.066325313036554867e+00
4.873117527275844907e+00
1.058310762019910811e+00
4.697791549468438355e+00
1.729300856492339333e+00
2.108171162945131627e+00
2.110437254334506463e+00
2.540891971051189469e+00
3.788245972296196307e+00
1.296139897229342974e+00
1.869916353474522897e+00
1.546986120777891571e+01
3.551212434852148547e+00
2.199568079777403540e+00
5.194633590387813804e+00
6.769883408940375880e+00
2.820371511579284007e+00
1.348431899450074356e+00
1.374034646105704915e+00
2.914280500305067800e+00
3.709596084710658381e+00
1.550927967858155121e+00
3.705387306383595813e+00
4.983919553773953126e+00
2.186206153210568104e+00
2.249967111463270442e+00
5.993327194259704171e+00
1.038058319534175045e+00
5.204988301519628990e+00
3.182630371305314121e+00
6.985113535581535693e+00
1.725499008664652933e+01
1.331973287635044967e+00
3.758493415171194840e+00
1.810933607682999158e+00
4.356648138021779637e+00
1.915288350221531655e+00
4.359759345252694374e+00
8.074589250581121647e+00
2.912968865991862888e+00
3.019275759231230705e+00
1.096165684256774853e+00
4.045118224115701544e+00
1.373905147952979355e+00
1.275076304176914554e+01
3.298804183287435521e+00
3.366990894522758460e+00
1.378417061540011979e+00
2.735456058909618449e+01
2.052499832840984251e+00
2.026555210234388671e+00
1.161435371797070015e+00
1.414662990743450255e+00
1.400382713690726311e+00
2.467121287963724097e+00
1.530942133276609995e+00
1.090346652471678945e+00
7.273464624233073827e+00
1.211185799755396086e+00
1.639253599299919761e+00
1.177254860888875987e+00
2.867288574460737482e+00
3.436958327649457967e+00
7.061162820869243184e+00
1.141823785053370122e+00
1.253133553655505494e+00
4.304669192738640682e+00
3.360303523035230278e+00
2.376531351327495489e+00
4.136092111488239631e+00
2.654812575555003828e+00
2.809029957412246592e+00
1.236344294638929586e+00
1.904904748658851510e+00
6.509658184283789950e+00
3.224655546423274455e+00
1.173183155923419374e+00
2.042181079425779977e+00
2.571088896538673563e+00
2.420300427238643248e+00
2.740734156509943897e+00
1.300711434295901414e+00
2.422718046661423763e+00
3.046337504773221294e+00
1.247375201743838424e+00
1.844624444918725681e+00
6.335283520283486958e+00
1.172602193892677169e+00
5.411684131405826825e+00
3.499193132190473232e+00
1.847031816131502469e+00
5.854831583583754551e+00
8.687649193379288093e+00
2.226973312178834430e+00
1.219956169623758413e+01
2.001917440205367882e+00
3.842875970347770398e+00
6.655516600563466945e+00
4.638167161646160608e+00
2.932959113731162137e+00
2.687549331425352239e+00
4.772255110888981910e+00
1.505285977010638820e+00
1.923386025331290217e+00
4.033903278156442340e+00
5.181623776925632363e+00
3.775271860555772019e+00
2.044082774725220375e+00
5.054180858859739445e+00
6.969683748578723304e+00
7.014482516749046326e+00
1.933605992844364962e+00
5.819786499619619136e+00
1.752226685163623010e+00
1.343699409225524999e+00
4.766655365225192398e+00
5.336533926726535704e+00
1.656466243556873330e+00
2.035348394768133229e+00
2.273210849692791857e+00
7.014320193516337731e+00
3.573323487448293090e+00
2.039306670415407474e+00
2.279072460947004775e+00
5.369678047769509632e+00
1.463710986502142264e+00
1.100462275829100944e+00
1.566570481119558655e+00
6.478984277300645189e+00
3.128387612084305935e+00
2.716835409876579899e+00
4.176137162435229477e+00
8.830555035189021851e+00
2.851637291198233282e+00
2.749185528826410430e+00
4.960529524310271832e+00
2.091394402157848997e+00
1.514156216085715823e+00
1.353694550446932654e+00
2.730385650864068037e+00
1.497076515676376118e+00
4.433358784123885954e+00
4.928198257456489983e+00
2.231300672430355458e+00
1.415853333403035208e+00
8.240111242470110398e+00
6.297031985595425319e+00
3.128001197437910275e+00
1.430261665481307398e+00
1.740667021405021719e+00
1.231464277017484044e+01
2.331688621344362389e+00
3.016834543455133577e+00
2.947468214333194947e+00
1.794050582352068490e+00
1.305715466226946120e+01
2.307767507384685501e+00
2.568498587253929877e+00
1.489906813712917888e+00
3.548170663679032000e+00
7.641789340514673512e+00
3.454826693426994666e+00
4.444531443755535882e+00
2.313402977825090634e+00
4.600209338734126518e+00
1.299776971914115231e+00
1.071773155237624842e+00
3.031924954299411556e+00
7.530246942712125247e+00
1.530734835874493438e+00
3.560049333711369446e+00
7.833569758020219709e+00
1.523147718727015709e+00
2.402486360299719959e+00
1.652639751161717241e+00
1.978335504070131590e+00
1.769618144354001998e+00
9.688160681713261724e+00
1.289624819284912904e+00
6.870444516916626831e+00
5.346597558894802482e+00
1.034759866856871113e+01
2.100588697777095781e+00
1.853894734022965451e+00
3.602272162373967745e+00
5.471020823296995239e+00
1.147516405217491320e+00
2.353178460765430025e+00
1.042680923544427873e+00
8.167126758084107152e+00
3.363763508422626280e+00
1.504267808367648840e+00
1.028959190408810676e+00
1.719003025419176156e+00
4.139977401214641084e+00
8.260264788674726688e+00
1.141681239814357207e+00
2.423057266867468140e+00
1.574811547708518056e+00
1.411508195529711074e+00
2.147317595899615572e+00
3.383361071180240209e+00
1.266726920534026135e+00
2.733686889295465328e+00
5.258103010396824040e+00
3.381105339438597035e+00
1.890028155093244067e+00
2.189062456038145310e+00
1.702392922382606866e+00
2.050400436514076663e+00
1.023485895779392330e+01
2.365640197078286100e+00
2.021607323257278654e+00
2.393321389494786899e+00
1.237540401476724616e+00
1.078624347199826472e+00
5.617286217646713986e+00
1.775847386148141860e+00
5.436924953234814950e+00
2.169546019064036990e+00
1.943172744434123356e+00
2.279358791287678265e+00
1.167153671180017449e+00
1.895211670931336911e+00
1.984116064362098308e+00
1.510693459683560391e+00
3.390531819358565624e+00
1.013575870034460591e+00
1.067926375858933241e+00
1.018737572394795565e+00
1.569328454722846988e+00
8.748472085322388736e+00
1.868610669179611605e+00
1.092913285921568889e+00
1.045595512548021855e+00
1.041924944590085778e+00
4.160488356316663250e+00
3.179502646461969562e+00
1.047366374800374533e+00
6.485988749691519395e+00
5.839777817582705310e+00
4.132800936550749427e+00
3.406024236328231591e+00
2.112887181385227020e+00
1.726007782907043264e+00
1.479607181925541415e+00
1.789668096370186978e+00
1.907007024344421930e+00
1.914415559158336277e+00
1.003216501470231137e+01
1.212698514382046122e+00
9.329500376347484192e+00
1.225016793966701156e+00
3.333675697163163143e+00
1.554495000265875948e+00
1.606290948254595952e+00
1.978012220950897015e+00
1.338370588072198997e+00
5.938282773859141273e+00
1.730797780301561284e+00
7.423882660141993384e+00
3.326488617718196039e+00
1.309420406854566954e+00
7.176166156902497484e+00
1.745142000866018339e+00
6.394437071978186005e+00
2.412285052803368135e+00
1.400380569487300608e+00
1.518465695296255413e+00
2.436530267173521391e+00
3.153438651331169407e+00
2.266039563479432584e+00
1.801221460299265109e+00
2.650189554230460320e+00
1.171037276359958668e+01
4.536121420967134554e+00
5.153124506559939810e+00
4.188139204243478630e+00
5.342095538618419681e+00
3.210156178995958065e+00
2.979284945190374234e+00
1.683639792828047765e+00
1.041882495478569304e+01
1.397087607695395750e+00
3.526608663642937014e+00
1.494462211116856176e+00
1.944817730592671712e+00
1.871697387473514107e+00
4.792894348467386934e+00
6.103206078026702563e+00
1.275763162591468936e+00
3.035524411092515695e+00
2.072063135429838887e+00
5.536766615808774716e+00
3.519536854271967385e+00
1.414065134738513363e+00
4.130605019663001087e+00
1.238367152692673168e+00
8.884364900629877937e+00
2.808585324782996828e+00
4.513930244185118568e+00
2.382152797361419161e+00
1.241756638792576029e+00
1.580522762465159436e+00
3.571969221180813392e+00
7.397017890962181319e+00
1.644665000051785508e+00
1.261468779487846970e+00
2.716880085271229817e+00
4.719630997099773850e+00
2.328105304599373593e+00
2.652174159051687408e+00
1.477798181256287702e+00
1.682389991051052913e+00
3.166983226900246695e+00
1.336727125313166731e+00
1.119656058507484842e+00
1.560267031821056305e+00
1.685684721150209286e+00
1.370336431249767895e+00
4.237825026263589479e+00
6.077388613358805536e+00
1.081617962640727626e+00
1.064960778316657253e+00
6.921941599197214856e+00
5.308753570268448740e+00
2.817929342872137699e+00
1.648818509730968218e+00
1.584122072859663000e+00
2.728132610623829724e+00
3.908714656374336016e+00
1.783527943344570987e+00
4.322365366007890231e+00
6.025660412520583264e+00
1.310301598592035877e+00
1.422375038397119207e+00
1.360432092829438666e+00
2.536129662642732985e+00
1.448728475383058267e+00
1.379206198965204466e+00
1.251026034510263951e+00
2.580538159429761613e+00
2.156878561121791549e+00
6.464216372293323687e+00
2.969382637813814174e+00
1.442759570604710495e+00
1.780128792981289898e+00
1.735689143380940935e+00
1.065884631912331626e+00
2.847916120963438047e+00
1.766888201000757164e+01
4.294223029278772863e+00
1.885770868708962489e+00
1.682166225104704438e+01
2.053562960871740284e+00
3.375887560117180719e+00
2.772321132309191860e+00
1.207006120989193798e+00
3.051130843367060752e+00
3.802682078518048403e+00
1.531847270821472096e+00
2.167966378222959012e+00
4.082619696360525907e+00
2.321607723296826631e+00
1.426667827078219153e+00
1.473951354295354621e+00
1.676479609174773344e+00
2.332473664952722014e+00
1.460946866367958341e+00
3.825808985692088715e+00
5.293396361673258887e+00
2.839843349420552610e+00
1.730347754978095676e+00
3.937647744880787837e+00
2.936395024142871790e+00
1.480349155249211401e+00
4.956309214617551362e+00
1.766575828658847547e+00
1.139162946504870932e+00
1.311035898773964758e+00
1.096772269804594524e+00
1.023281901869560606e+01
2.963798948065066607e+00
1.214412977302084196e+00
1.475663014001486806e+00
1.252483926510794987e+00
1.147099080624764955e+00
2.830081568494887012e+00
4.450547762504924343e+00
1.117564593917208748e+00
8.170202008252926973e+00
5.314039245830930902e+00
2.340196936819348039e+00
1.033820628583011381e+00
1.315523416235443444e+00
3.186705707617229155e+00
2.268483042022640284e+00
2.349822565327211787e+00
5.175179546780646511e+00
1.054745855484601647e+00
1.287001071590179180e+00
3.359741203826206224e+00
1.061411272821692675e+00
3.545991053542920213e+00
2.645387507267560334e+00
6.051201441322529462e+00
7.889099744618667920e+00
7.913937205272354447e+00
1.449151867123526394e+00
3.890414049155803689e+00
1.710603553184441239e+00
6.289415423560257068e+00
3.016727674113132363e+00
5.421366283493910032e+00
1.490743522561863266e+00
3.584335855504027446e+00
1.744394437106944196e+00
3.324346316211636232e+00
1.567304206859506444e+00
2.032950708980418852e+00
3.319407380361099058e+00
8.246844922438345549e+00
2.030871902561948605e+00
2.369590011333101209e+00
1.039593907541389051e+01
7.312992621425871143e+00
2.665087437527692504e+00
2.875807822735911845e+00
1.185890528188876747e+00
1.705574425574425623e+00
5.671297154696240739e+00
1.519681564620660064e+00
1.732930165180916404e+01
1.070689004830342572e+00
9.658724426267390584e+00
1.374931959800559822e+00
2.306376766730479311e+00
1.090378624563534293e+00
1.492104674452239044e+00
5.734320417152939164e+00
4.483502624163929084e+00
1.419393141747651965e+00
1.076226674651981963e+00
1.887016115868853205e+00
1.795955755592539393e+00
1.407970502070916341e+00
1.098805537518505959e+00
1.381169360098855714e+00
3.538728316795879181e+00
2.367722831348946677e+00
2.060871649975248410e+00
6.074069406320032449e+00
1.467726084352460436e+00
1.437060608427287889e+00
1.124258663280618631e+00
1.193412974255939396e+00
1.135242149117635435e+00
1.931464316539527548e+00
3.293646438743557781e+00
2.623077883665954513e+00
1.459928605509071220e+00
1.605742352242352178e+00
2.104575897056605971e+00
2.335164098627336315e+00
1.383739711666206684e+00
7.891365824585183653e+00
1.247904148172650940e+00
2.195615197458303136e+00
2.019567349362249242e+00
1.182005583099877377e+01
1.816577134694391971e+00
6.435839128477065074e+00
1.226791983186120261e+00
3.744819173054086292e+00
3.709363882891891340e+00
2.264553124269912843e+00
1.301172767175203582e+00
1.787964171615867182e+00
1.611402478890414880e+00
1.074088184106785748e+00
3.158034388780647905e+00
1.824320293902644829e+00
2.251371242854750765e+00
4.160173036868986429e+00
1.227405112832560485e+00
1.441498468213357143e+00
2.142914908130707285e+00
2.976020618435594844e+00
3.635139378167013824e+00
3.076085557699606010e+00
3.462317838495462929e+00
2.982106716403076341e+00
7.352542119455883984e+00
1.119447890273507085e+01
3.070953898454805042e+00
1.258709368286973884e+00
1.759243811982803329e+00
5.401372031504132920e+00
1.307223395316392534e+00
2.333452747316011600e+00
2.235887780754659104e+00
1.279848744328625276e+00
1.535621618965651081e+00
1.430294945058649958e+00
1.565795812680860877e+00
2.683483585716371689e+00
4.533178079331315224e+00
2.302709513867227553e+00
7.755495859752596033e+00
1.045786399752347551e+00
1.220990549944595216e+00
2.879938865801767278e+00
7.690653620812473612e+00
1.297475316086775354e+00
1.883235957529047155e+00
2.929558285574699994e+00
3.491777853561188749e+00
2.005696079507293561e+00
5.507829610117004115e+00
1.161791586808616161e+00
1.156679338994953454e+00
3.999083106069773130e+00
5.539147368035458818e+00
3.669724155939227295e+00
4.425953997493252245e+00
2.986878826749916005e+00
5.292315954273790091e+00
2.482084700231495855e+00
2.063850741890988161e+00
1.568542560541246189e+00
1.933709693060949641e+00
3.392694785691450221e+00
1.135944663390156872e+00
1.008536135035770442e+00
2.802135045318813411e+00
1.100974463329658981e+00
1.082170713704615705e+00
1.703874179303325853e+00
2.222147205489288790e+00
1.536717492010995612e+00
3.133165195576371964e+00
1.625682569592655780e+00
1.317755018371688180e+00
3.132184995949206296e+01
2.110586519145779771e+00
1.171371364598198905e+00
4.846020803216648964e+00
2.148912145580432309e+00
1.147041079967536792e+00
2.740782819017795635e+00
1.080049518397561492e+01
2.677821000159218645e+00
1.274618248604608928e+00
1.635279939381245606e+00
1.333666774189547377e+00
2.194274376924019609e+00
3.623816521357208664e+00
1.127682819731012476e+00
1.499699703740119183e+00
2.954650121812813168e+00
1.045458982430840011e+00
1.628898963106883535e+00
2.621385470938851991e+00
3.531041279492432849e+00
3.267751571031900060e+00
1.020092625399173336e+00
2.786560813188721841e+00
6.938257325972056577e+00
2.127289322616319200e+00
1.495828601898668175e+00
2.938829414242349447e+00
3.136296271290788251e+00
4.325454758484539752e+00
3.512101129333956351e+00
1.488361468441678159e+00
1.112054562005043490e+00
1.592348266915291966e+00
1.699289128607147203e+00
4.694784945353111638e+00
3.181256881154110427e+00
3.192646121647520818e+00
1.104200054607070047e+00
1.354005515687944916e+00
2.226259002363712547e+00
8.743445806653403096e+00
1.066989276648650620e+00
5.184368838877952967e+00
3.143775342209875312e+00
5.543361226057768931e+00
3.642090020221577351e+00
3.818447745155340911e+00
6.402526745215920911e+00
5.780892293062742660e+00
1.042492352546451562e+00
2.400955199939302176e+00
4.482629959954928189e+00
2.410841539563669755e+00
1.371102764627575965e+00
2.540044414032206710e+00
1.897209724484361093e+00
1.506983053394359784e+00
8.366121250431934442e+00
1.604399530523406892e+00
3.237358651723966574e+01
2.250688780834050551e+00
5.247933072537327881e+00
2.173661774967525773e+00
3.551320097152919075e+00
1.968172820098456066e+00
2.819819495823696176e+00
6.887374041632524424e+00
4.296679834319736990e+00
1.123753603028795567e+00
1.541566835529158741e+00
4.199362683855553335e+00
3.169687025576545913e+00
7.409676380468625645e+00
1.436936761634830084e+00
1.918101851948323944e+00
1.198696653831273107e+00
1.545994084795891510e+00
5.344763153259409982e+00
1.060524161577199198e+00
1.861293244134390346e+00
1.346685928283415379e+00
1.231257574405027588e+00
1.471606839657884302e+00
1.609082369773534138e+00
6.388523718854203004e+00
5.534129161264210062e+00
1.059377208634937340e+01
2.530097527973323768e+00
1.138510458192390384e+00
1.946031057092846295e+00
1.700556205959665057e+00
1.143104005383940081e+00
5.862456080530583868e+00
1.511772519228776757e+00
1.513123259634585382e+00
1.149854296695584921e+00
5.698513854675466561e+00
1.442156194833287719e+00
1.408228939288033610e+00
3.460969270872767733e+00
2.921210664409648938e+00
9.523897938215085901e+00
3.640686439231686666e+00
7.860511445406507036e+00
2.265092215760958982e+00
1.865920242047316879e+00
3.435035550387305570e+00
