1.645541191101074219e-02
1.315999031066894531e-02
8.136034011840820312e-03
7.249832153320312500e-03
1.519799232482910156e-02
9.909391403198242188e-03
3.818106651306152344e-02
7.351636886596679688e-03
1.233839988708496094e-02
6.250619888305664062e-03
2.071452140808105469e-02
8.543729782104492188e-03
1.165254116058349609e-01
5.113577842712402344e-02
8.198499679565429688e-03
7.502079010009765625e-03
7.766008377075195312e-03
1.737809181213378906e-02
7.077932357788085938e-03
7.544517517089843750e-03
2.815914154052734375e-02
5.299329757690429688e-03
2.008652687072753906e-02
9.812831878662109375e-03
5.409955978393554688e-03
6.688356399536132812e-03
1.314814090728759766e-01
6.024599075317382812e-03
8.976459503173828125e-03
6.623029708862304688e-03
7.455370426177978516e-01
2.877712249755859375e-02
2.397441864013671875e-02
8.100032806396484375e-03
1.022005081176757812e-02
3.957891464233398438e-02
6.076812744140625000e-03
2.273416519165039062e-02
1.591134071350097656e-02
5.305767059326171875e-03
2.897095680236816406e-02
5.134344100952148438e-03
4.766702651977539062e-03
4.664897918701171875e-03
4.552841186523437500e-03
1.868104934692382812e-02
1.404476165771484375e-02
4.283666610717773438e-03
5.233526229858398438e-03
6.177663803100585938e-03
7.167077064514160156e-02
7.773423194885253906e-02
5.027770996093750000e-03
9.692907333374023438e-03
5.376815795898437500e-03
1.041507720947265625e-02
8.865833282470703125e-03
5.810499191284179688e-03
5.442857742309570312e-03
1.151466369628906250e-02
9.681701660156250000e-03
1.284098625183105469e-02
4.339694976806640625e-03
5.500555038452148438e-03
1.317813396453857422e-01
9.204626083374023438e-03
4.278182983398437500e-03
1.036787033081054688e-02
9.461879730224609375e-03
1.483750343322753906e-02
2.545380592346191406e-02
1.756548881530761719e-02
1.367402076721191406e-02
9.077787399291992188e-03
9.976863861083984375e-03
7.683515548706054688e-03
5.389451980590820312e-03
6.849288940429687500e-03
7.953405380249023438e-03
4.620313644409179688e-03
6.902694702148437500e-03
5.085945129394531250e-03
1.085584163665771484e-01
9.421586990356445312e-03
6.709098815917968750e-03
3.277754783630371094e-02
6.781101226806640625e-03
6.684780120849609375e-03
4.883527755737304688e-02
5.784034729003906250e-03
5.335807800292968750e-03
9.416103363037109375e-03
8.810997009277343750e-03
3.850793838500976562e-02
6.687641143798828125e-03
5.592336654663085938e-01
5.111694335937500000e-03
4.705905914306640625e-03
5.718469619750976562e-03
5.858421325683593750e-03
6.285190582275390625e-03
2.306723594665527344e-02
6.903171539306640625e-03
3.698372840881347656e-02
2.099494934082031250e-01
5.356001853942871094e-02
3.238081932067871094e-02
4.039287567138671875e-03
2.093219757080078125e-02
1.293635368347167969e-02
6.324529647827148438e-03
5.604505538940429688e-03
5.247354507446289062e-03
8.166074752807617188e-03
6.395816802978515625e-03
7.276535034179687500e-03
5.913257598876953125e-03
8.085012435913085938e-03
4.245281219482421875e-03
4.046201705932617188e-03
8.006811141967773438e-03
9.017944335937500000e-03
5.614995956420898438e-03
9.487390518188476562e-03
1.203632354736328125e-02
8.177042007446289062e-03
5.894899368286132812e-03
6.929397583007812500e-03
6.944417953491210938e-03
4.639387130737304688e-03
4.089117050170898438e-03
4.623174667358398438e-03
6.603240966796875000e-03
1.268243789672851562e-02
5.901813507080078125e-03
7.318735122680664062e-03
6.369590759277343750e-03
6.316351890563964844e-02
2.001643180847167969e-02
7.747411727905273438e-03
4.725694656372070312e-02
7.151532173156738281e-01
6.616830825805664062e-03
9.830474853515625000e-03
1.511454582214355469e-02
2.125096321105957031e-02
5.318641662597656250e-03
5.362272262573242188e-03
4.770755767822265625e-03
3.110027313232421875e-02
8.930206298828125000e-03
4.444122314453125000e-03
6.942272186279296875e-03
1.832818984985351562e-02
1.459741592407226562e-02
5.301475524902343750e-03
6.381750106811523438e-03
6.483316421508789062e-03
1.121401786804199219e-02
8.556604385375976562e-03
9.357213973999023438e-03
4.966259002685546875e-03
2.489066123962402344e-02
2.240920066833496094e-02
4.882097244262695312e-03
1.013588905334472656e-02
4.655361175537109375e-03
6.222009658813476562e-03
6.426095962524414062e-03
6.462574005126953125e-03
6.589174270629882812e-03
1.222801208496093750e-02
3.537845611572265625e-02
1.108789443969726562e-02
2.045583724975585938e-02
1.288261413574218750e-01
2.493453025817871094e-02
5.814552307128906250e-03
7.735967636108398438e-03
5.063772201538085938e-03
8.426904678344726562e-03
7.022953033447265625e-02
1.021766662597656250e-02
8.145332336425781250e-03
7.712364196777343750e-03
1.768040657043457031e-02
2.576124668121337891e-01
1.328063011169433594e-02
5.229949951171875000e-03
5.070424079895019531e-02
9.035825729370117188e-03
7.972717285156250000e-03
8.587121963500976562e-03
6.041049957275390625e-03
4.887104034423828125e-03
7.094144821166992188e-03
4.841804504394531250e-03
6.799221038818359375e-03
1.007413864135742188e-02
4.749059677124023438e-03
