2.176880836486816406e-02
1.628804206848144531e-02
8.296251296997070312e-03
6.825685501098632812e-03
1.446676254272460938e-02
1.206493377685546875e-02
5.220055580139160156e-02
7.583856582641601562e-03
1.254677772521972656e-02
6.453037261962890625e-03
2.100682258605957031e-02
8.696317672729492188e-03
1.139326095581054688e-01
4.582524299621582031e-02
8.845329284667968750e-03
7.968902587890625000e-03
7.342815399169921875e-03
1.722908020019531250e-02
7.284641265869140625e-03
7.326126098632812500e-03
3.824424743652343750e-02
5.323886871337890625e-03
2.796530723571777344e-02
1.297235488891601562e-02
6.149768829345703125e-03
8.973121643066406250e-03
1.635327339172363281e-01
8.007287979125976562e-03
1.076960563659667969e-02
8.354425430297851562e-03
7.505168914794921875e-01
2.858400344848632812e-02
2.143168449401855469e-02
7.845163345336914062e-03
1.016926765441894531e-02
4.312658309936523438e-02
7.000207901000976562e-03
2.396869659423828125e-02
3.094577789306640625e-02
5.574464797973632812e-03
3.070330619812011719e-02
5.075454711914062500e-03
5.446434020996093750e-03
8.291006088256835938e-03
4.693269729614257812e-03
1.766633987426757812e-02
1.415109634399414062e-02
4.225015640258789062e-03
5.590915679931640625e-03
6.242275238037109375e-03
7.123517990112304688e-02
4.926776885986328125e-02
5.313873291015625000e-03
8.858442306518554688e-03
5.388736724853515625e-03
1.044774055480957031e-02
9.313821792602539062e-03
6.655216217041015625e-03
5.795478820800781250e-03
1.207399368286132812e-02
1.032114028930664062e-02
1.290512084960937500e-02
4.891395568847656250e-03
5.387306213378906250e-03
1.376240253448486328e-01
1.003074645996093750e-02
4.349231719970703125e-03
6.436109542846679688e-03
4.853725433349609375e-03
9.168863296508789062e-03
1.574659347534179688e-02
9.892940521240234375e-03
6.782531738281250000e-03
4.658699035644531250e-03
5.118131637573242188e-03
4.629611968994140625e-03
5.402803421020507812e-03
7.497310638427734375e-03
8.056640625000000000e-03
4.377365112304687500e-03
6.464481353759765625e-03
4.898309707641601562e-03
1.123940944671630859e-01
1.042580604553222656e-02
7.464408874511718750e-03
3.303742408752441406e-02
6.922960281372070312e-03
6.456613540649414062e-03
5.093908309936523438e-02
5.850076675415039062e-03
5.635738372802734375e-03
1.059365272521972656e-02
8.772850036621093750e-03
2.914786338806152344e-02
6.672859191894531250e-03
4.078176021575927734e-01
5.980730056762695312e-03
5.624055862426757812e-03
7.119417190551757812e-03
7.034778594970703125e-03
7.438421249389648438e-03
2.675819396972656250e-02
7.982492446899414062e-03
4.113435745239257812e-02
2.443938255310058594e-01
5.680394172668457031e-02
4.097008705139160156e-02
5.678176879882812500e-03
2.812123298645019531e-02
1.561379432678222656e-02
7.259845733642578125e-03
7.167577743530273438e-03
6.010293960571289062e-03
1.081085205078125000e-02
8.859634399414062500e-03
9.172677993774414062e-03
7.421016693115234375e-03
1.122260093688964844e-02
6.304264068603515625e-03
5.390167236328125000e-03
1.099109649658203125e-02
1.129221916198730469e-02
7.071971893310546875e-03
1.286411285400390625e-02
1.636576652526855469e-02
1.061296463012695312e-02
7.812500000000000000e-03
8.225917816162109375e-03
9.669542312622070312e-03
5.806207656860351562e-03
5.484819412231445312e-03
5.874872207641601562e-03
1.300024986267089844e-02
1.616358757019042969e-02
8.449316024780273438e-03
8.968591690063476562e-03
7.347106933593750000e-03
7.720994949340820312e-02
2.579498291015625000e-02
8.435249328613281250e-03
5.014419555664062500e-02
4.081637859344482422e-01
6.400823593139648438e-03
5.507469177246093750e-03
6.520271301269531250e-03
2.071833610534667969e-02
5.093812942504882812e-03
6.086111068725585938e-03
5.240678787231445312e-03
3.106355667114257812e-02
9.608268737792968750e-03
4.641771316528320312e-03
7.103443145751953125e-03
1.769161224365234375e-02
1.375722885131835938e-02
5.021333694458007812e-03
6.162643432617187500e-03
4.587650299072265625e-03
1.068067550659179688e-02
8.842945098876953125e-03
8.623123168945312500e-03
5.058526992797851562e-03
2.416181564331054688e-02
2.154040336608886719e-02
4.633903503417968750e-03
8.499383926391601562e-03
4.408359527587890625e-03
5.334854125976562500e-03
6.055593490600585938e-03
5.905628204345703125e-03
1.170110702514648438e-02
1.103115081787109375e-02
3.481149673461914062e-02
4.948616027832031250e-03
1.017427444458007812e-02
7.123494148254394531e-02
1.153564453125000000e-02
5.094528198242187500e-03
6.045818328857421875e-03
4.137039184570312500e-03
6.542921066284179688e-03
5.248546600341796875e-02
7.946014404296875000e-03
6.584167480468750000e-03
5.753040313720703125e-03
1.383519172668457031e-02
1.654071807861328125e-01
1.186132431030273438e-02
4.701375961303710938e-03
4.566907882690429688e-02
8.965253829956054688e-03
7.734775543212890625e-03
8.194684982299804688e-03
5.803823471069335938e-03
4.834651947021484375e-03
6.690740585327148438e-03
5.164146423339843750e-03
6.857633590698242188e-03
9.597778320312500000e-03
4.634380340576171875e-03
