1.459074020385742188e-02
1.344132423400878906e-02
8.235931396484375000e-03
7.198572158813476562e-03
1.407599449157714844e-02
9.128808975219726562e-03
4.822468757629394531e-02
1.176977157592773438e-02
1.584935188293457031e-02
1.024961471557617188e-02
3.249740600585937500e-02
8.199214935302734375e-03
1.391062736511230469e-01
8.377003669738769531e-02
1.092052459716796875e-02
9.304523468017578125e-03
8.876323699951171875e-03
2.166438102722167969e-02
9.108781814575195312e-03
9.756565093994140625e-03
3.220987319946289062e-02
5.388975143432617188e-03
2.035403251647949219e-02
1.131558418273925781e-02
4.883289337158203125e-03
8.066415786743164062e-03
1.334805488586425781e-01
6.205558776855468750e-03
8.755922317504882812e-03
6.609439849853515625e-03
9.499444961547851562e-01
3.556537628173828125e-02
2.652263641357421875e-02
1.017928123474121094e-02
1.292419433593750000e-02
5.057454109191894531e-02
1.482081413269042969e-02
4.144740104675292969e-02
3.797078132629394531e-02
1.388788223266601562e-02
4.565930366516113281e-02
6.490945816040039062e-03
1.169872283935546875e-02
1.768541336059570312e-02
7.504463195800781250e-03
2.382683753967285156e-02
1.856970787048339844e-02
5.465030670166015625e-03
6.942749023437500000e-03
8.485794067382812500e-03
7.733225822448730469e-02
8.913660049438476562e-02
7.961750030517578125e-03
1.736187934875488281e-02
1.113939285278320312e-02
2.367973327636718750e-02
1.468420028686523438e-02
7.427930831909179688e-03
7.045507431030273438e-03
1.464438438415527344e-02
1.233196258544921875e-02
1.710772514343261719e-02
5.947113037109375000e-03
7.133960723876953125e-03
1.740090847015380859e-01
2.073407173156738281e-02
1.074051856994628906e-02
1.209807395935058594e-02
1.022720336914062500e-02
1.854228973388671875e-02
3.030133247375488281e-02
1.921010017395019531e-02
1.204442977905273438e-02
5.504131317138671875e-03
1.138210296630859375e-02
1.138138771057128906e-02
8.261442184448242188e-03
9.150028228759765625e-03
1.104760169982910156e-02
5.849123001098632812e-03
8.437156677246093750e-03
5.994081497192382812e-03
1.388499736785888672e-01
1.761627197265625000e-02
7.324457168579101562e-03
5.578088760375976562e-02
1.184678077697753906e-02
1.310086250305175781e-02
6.749296188354492188e-02
8.227348327636718750e-03
1.103353500366210938e-02
1.923155784606933594e-02
9.668111801147460938e-03
3.249573707580566406e-02
8.131504058837890625e-03
2.756125926971435547e-01
5.767583847045898438e-03
8.702039718627929688e-03
7.073879241943359375e-03
9.242773056030273438e-03
1.236081123352050781e-02
4.110097885131835938e-02
6.566524505615234375e-03
4.950594902038574219e-02
2.033247947692871094e-01
4.532861709594726562e-02
3.487300872802734375e-02
4.742622375488281250e-03
2.202653884887695312e-02
1.281261444091796875e-02
5.783557891845703125e-03
5.684137344360351562e-03
4.769325256347656250e-03
8.585214614868164062e-03
6.778717041015625000e-03
7.067680358886718750e-03
5.584239959716796875e-03
8.460044860839843750e-03
4.267930984497070312e-03
4.233837127685546875e-03
8.587598800659179688e-03
9.395599365234375000e-03
5.792379379272460938e-03
1.063847541809082031e-02
1.319551467895507812e-02
8.301496505737304688e-03
6.642341613769531250e-03
6.784439086914062500e-03
6.977558135986328125e-03
4.713535308837890625e-03
4.415988922119140625e-03
4.718542098999023438e-03
6.435155868530273438e-03
1.345157623291015625e-02
6.122827529907226562e-03
7.025480270385742188e-03
5.664825439453125000e-03
6.257176399230957031e-02
2.427268028259277344e-02
8.723020553588867188e-03
5.063343048095703125e-02
4.165074825286865234e-01
5.686521530151367188e-03
5.460739135742187500e-03
3.899621963500976562e-02
2.247095108032226562e-02
5.925655364990234375e-03
5.390167236328125000e-03
5.369424819946289062e-03
3.244066238403320312e-02
8.057117462158203125e-03
4.832029342651367188e-03
7.504224777221679688e-03
1.839065551757812500e-02
1.381015777587890625e-02
5.486011505126953125e-03
5.858659744262695312e-03
6.193637847900390625e-03
1.059412956237792969e-02
8.500576019287109375e-03
8.999824523925781250e-03
4.692792892456054688e-03
2.513360977172851562e-02
2.214241027832031250e-02
4.147052764892578125e-03
8.988142013549804688e-03
4.493236541748046875e-03
5.473136901855468750e-03
6.183862686157226562e-03
6.030797958374023438e-03
1.091337203979492188e-02
1.195240020751953125e-02
3.763437271118164062e-02
4.555463790893554688e-03
1.018261909484863281e-02
7.253718376159667969e-02
1.181602478027343750e-02
5.071640014648437500e-03
6.674051284790039062e-03
4.232406616210937500e-03
7.325410842895507812e-03
6.013488769531250000e-02
1.016974449157714844e-02
6.792783737182617188e-03
6.559848785400390625e-03
1.724815368652343750e-02
1.732256412506103516e-01
1.330280303955078125e-02
7.232427597045898438e-03
6.418800354003906250e-02
1.071858406066894531e-02
8.075475692749023438e-03
8.765697479248046875e-03
5.924701690673828125e-03
4.668474197387695312e-03
7.344722747802734375e-03
5.154132843017578125e-03
7.236719131469726562e-03
1.218724250793457031e-02
5.903959274291992188e-03
