1.490950584411621094e-02
1.280856132507324219e-02
7.850408554077148438e-03
6.820201873779296875e-03
1.397895812988281250e-02
9.460449218750000000e-03
3.830265998840332031e-02
7.447957992553710938e-03
1.437163352966308594e-02
6.714344024658203125e-03
3.112435340881347656e-02
8.514165878295898438e-03
1.180663108825683594e-01
5.599617958068847656e-02
1.083850860595703125e-02
9.241580963134765625e-03
8.848667144775390625e-03
1.896858215332031250e-02
8.263349533081054688e-03
8.782863616943359375e-03
3.185439109802246094e-02
5.549430847167968750e-03
2.019739151000976562e-02
1.129317283630371094e-02
5.030632019042968750e-03
7.421493530273437500e-03
1.418194770812988281e-01
8.275747299194335938e-03
1.069879531860351562e-02
7.508277893066406250e-03
7.232592105865478516e-01
3.050279617309570312e-02
2.416586875915527344e-02
9.524106979370117188e-03
1.141166687011718750e-02
4.267883300781250000e-02
7.923841476440429688e-03
2.446031570434570312e-02
1.750922203063964844e-02
6.157398223876953125e-03
3.436708450317382812e-02
5.118846893310546875e-03
5.343198776245117188e-03
1.712369918823242188e-02
5.457639694213867188e-03
2.109575271606445312e-02
1.453399658203125000e-02
4.473209381103515625e-03
6.033897399902343750e-03
7.763862609863281250e-03
1.060781478881835938e-01
5.044603347778320312e-02
5.376100540161132812e-03
9.325981140136718750e-03
5.286455154418945312e-03
1.080083847045898438e-02
8.742094039916992188e-03
6.509065628051757812e-03
5.796909332275390625e-03
1.297569274902343750e-02
1.034927368164062500e-02
1.306319236755371094e-02
4.831790924072265625e-03
5.491971969604492188e-03
1.330564022064208984e-01
9.476661682128906250e-03
4.447460174560546875e-03
5.835056304931640625e-03
4.726648330688476562e-03
9.467601776123046875e-03
1.440429687500000000e-02
9.524822235107421875e-03
7.116556167602539062e-03
4.934787750244140625e-03
4.815340042114257812e-03
5.003452301025390625e-03
5.553007125854492188e-03
7.102012634277343750e-03
8.966445922851562500e-03
4.605531692504882812e-03
7.124900817871093750e-03
4.760503768920898438e-03
1.114890575408935547e-01
1.100587844848632812e-02
7.688045501708984375e-03
3.557991981506347656e-02
7.527112960815429688e-03
6.650447845458984375e-03
5.093884468078613281e-02
6.179094314575195312e-03
6.049156188964843750e-03
1.046133041381835938e-02
1.019191741943359375e-02
2.965831756591796875e-02
6.908655166625976562e-03
4.185461997985839844e-01
5.162239074707031250e-03
5.201816558837890625e-03
6.038904190063476562e-03
6.503820419311523438e-03
6.886005401611328125e-03
2.514314651489257812e-02
7.556200027465820312e-03
4.019236564636230469e-02
1.994755268096923828e-01
4.482316970825195312e-02
3.362560272216796875e-02
4.808425903320312500e-03
2.202606201171875000e-02
1.344227790832519531e-02
6.048917770385742188e-03
6.155967712402343750e-03
4.881620407104492188e-03
8.977890014648437500e-03
7.401704788208007812e-03
7.668972015380859375e-03
5.634784698486328125e-03
9.043931961059570312e-03
4.610061645507812500e-03
4.264831542968750000e-03
9.101390838623046875e-03
9.477853775024414062e-03
5.740165710449218750e-03
1.066780090332031250e-02
1.329731941223144531e-02
9.516954421997070312e-03
6.205081939697265625e-03
6.277799606323242188e-03
7.204294204711914062e-03
4.127502441406250000e-03
4.878044128417968750e-03
4.435777664184570312e-03
7.646799087524414062e-03
1.330375671386718750e-02
6.631374359130859375e-03
7.452964782714843750e-03
6.167888641357421875e-03
6.767106056213378906e-02
2.028226852416992188e-02
8.107423782348632812e-03
4.918432235717773438e-02
6.699450016021728516e-01
5.238771438598632812e-03
5.342721939086914062e-03
8.139133453369140625e-03
1.977729797363281250e-02
5.485296249389648438e-03
5.672216415405273438e-03
5.165338516235351562e-03
3.068470954895019531e-02
9.087324142456054688e-03
4.785299301147460938e-03
7.240295410156250000e-03
1.768040657043457031e-02
1.274776458740234375e-02
4.826307296752929688e-03
6.302595138549804688e-03
5.789518356323242188e-03
1.009011268615722656e-02
7.865905761718750000e-03
8.738517761230468750e-03
4.699945449829101562e-03
2.350282669067382812e-02
1.991438865661621094e-02
4.472255706787109375e-03
8.520603179931640625e-03
4.514694213867187500e-03
5.453586578369140625e-03
6.676197052001953125e-03
6.227731704711914062e-03
1.100826263427734375e-02
1.123189926147460938e-02
3.497147560119628906e-02
4.452705383300781250e-03
1.036643981933593750e-02
6.914424896240234375e-02
1.125311851501464844e-02
4.833221435546875000e-03
6.297826766967773438e-03
4.165649414062500000e-03
7.023572921752929688e-03
5.509591102600097656e-02
7.787227630615234375e-03
6.480455398559570312e-03
5.985260009765625000e-03
1.259732246398925781e-02
1.630296707153320312e-01
1.073908805847167969e-02
4.798412322998046875e-03
4.605984687805175781e-02
8.300542831420898438e-03
7.591485977172851562e-03
8.707284927368164062e-03
5.752801895141601562e-03
4.518270492553710938e-03
7.055759429931640625e-03
4.912853240966796875e-03
6.521940231323242188e-03
8.403539657592773438e-03
4.829645156860351562e-03
