1.456141471862792969e-02
1.268029212951660156e-02
7.648229598999023438e-03
6.790876388549804688e-03
1.364040374755859375e-02
9.188413619995117188e-03
3.729748725891113281e-02
1.026535034179687500e-02
1.937627792358398438e-02
1.035380363464355469e-02
3.752088546752929688e-02
1.125001907348632812e-02
1.155934333801269531e-01
5.864858627319335938e-02
1.732134819030761719e-02
1.482987403869628906e-02
1.362943649291992188e-02
3.234362602233886719e-02
1.226806640625000000e-02
9.617328643798828125e-03
2.803277969360351562e-02
5.557537078857421875e-03
1.974272727966308594e-02
1.189804077148437500e-02
4.884004592895507812e-03
7.279157638549804688e-03
1.370556354522705078e-01
7.066965103149414062e-03
9.497642517089843750e-03
7.264852523803710938e-03
8.604075908660888672e-01
3.380846977233886719e-02
3.207015991210937500e-02
1.475715637207031250e-02
1.214504241943359375e-02
4.046869277954101562e-02
6.068706512451171875e-03
2.128815650939941406e-02
1.875615119934082031e-02
5.311012268066406250e-03
5.442810058593750000e-02
9.267807006835937500e-03
1.001596450805664062e-02
3.056311607360839844e-02
8.740663528442382812e-03
2.691149711608886719e-02
1.491832733154296875e-02
4.417657852172851562e-03
5.754232406616210938e-03
6.706476211547851562e-03
6.404733657836914062e-02
6.498146057128906250e-02
9.470462799072265625e-03
8.377313613891601562e-03
4.747629165649414062e-03
1.413130760192871094e-02
1.177883148193359375e-02
7.645845413208007812e-03
6.873607635498046875e-03
1.367950439453125000e-02
1.387381553649902344e-02
2.006626129150390625e-02
5.685806274414062500e-03
8.619546890258789062e-03
1.597447395324707031e-01
1.088786125183105469e-02
5.295991897583007812e-03
1.169252395629882812e-02
9.353876113891601562e-03
1.947999000549316406e-02
2.241230010986328125e-02
1.563811302185058594e-02
1.193499565124511719e-02
1.044440269470214844e-02
9.006738662719726562e-03
8.273839950561523438e-03
6.684064865112304688e-03
1.276564598083496094e-02
9.927034378051757812e-03
9.360313415527343750e-03
7.866859436035156250e-03
5.710363388061523438e-03
1.334676742553710938e-01
1.195859909057617188e-02
1.207017898559570312e-02
6.357383728027343750e-02
9.366750717163085938e-03
1.241803169250488281e-02
9.830284118652343750e-02
1.342511177062988281e-02
1.198506355285644531e-02
1.145386695861816406e-02
1.123738288879394531e-02
3.651762008666992188e-02
8.116006851196289062e-03
5.073342323303222656e-01
4.550695419311523438e-03
7.887601852416992188e-03
8.824110031127929688e-03
9.537458419799804688e-03
6.669998168945312500e-03
3.573727607727050781e-02
1.306223869323730469e-02
4.963874816894531250e-02
2.349770069122314453e-01
6.635451316833496094e-02
4.780316352844238281e-02
7.974863052368164062e-03
3.050279617309570312e-02
1.815390586853027344e-02
1.057648658752441406e-02
1.088595390319824219e-02
6.089448928833007812e-03
7.780313491821289062e-03
6.455183029174804688e-03
7.193565368652343750e-03
6.491899490356445312e-03
9.579420089721679688e-03
4.339218139648437500e-03
5.695104598999023438e-03
9.182691574096679688e-03
9.609222412109375000e-03
5.946874618530273438e-03
9.239912033081054688e-03
1.154637336730957031e-02
8.175134658813476562e-03
5.885839462280273438e-03
7.566452026367187500e-03
7.675170898437500000e-03
4.684925079345703125e-03
4.566192626953125000e-03
4.972457885742187500e-03
6.997108459472656250e-03
1.602149009704589844e-02
1.496720314025878906e-02
1.339483261108398438e-02
1.362466812133789062e-02
1.232488155364990234e-01
4.424238204956054688e-02
1.471710205078125000e-02
7.145833969116210938e-02
8.346917629241943359e-01
5.154609680175781250e-03
5.358219146728515625e-03
1.089477539062500000e-02
3.905940055847167969e-02
1.336622238159179688e-02
7.277727127075195312e-03
9.418964385986328125e-03
6.169986724853515625e-02
2.038097381591796875e-02
8.440256118774414062e-03
1.637244224548339844e-02
2.539682388305664062e-02
1.492881774902343750e-02
6.267070770263671875e-03
7.153272628784179688e-03
7.165431976318359375e-03
1.266551017761230469e-02
1.079154014587402344e-02
1.033115386962890625e-02
5.079984664916992188e-03
2.904772758483886719e-02
2.546858787536621094e-02
5.769014358520507812e-03
1.145267486572265625e-02
5.283594131469726562e-03
6.567955017089843750e-03
7.604122161865234375e-03
7.421970367431640625e-03
1.836919784545898438e-02
2.090573310852050781e-02
5.931496620178222656e-02
5.721807479858398438e-03
1.681208610534667969e-02
1.101183891296386719e-01
1.129102706909179688e-02
4.660367965698242188e-03
6.121635437011718750e-03
3.899812698364257812e-03
7.642030715942382812e-03
5.609107017517089844e-02
7.537126541137695312e-03
6.312608718872070312e-03
8.929252624511718750e-03
1.813197135925292969e-02
3.348064422607421875e-02
1.967954635620117188e-02
7.115364074707031250e-03
8.602499961853027344e-02
1.335024833679199219e-02
8.742094039916992188e-03
1.511859893798828125e-02
5.559444427490234375e-03
5.932092666625976562e-03
8.482694625854492188e-03
7.991075515747070312e-03
1.342654228210449219e-02
1.701641082763671875e-02
9.932041168212890625e-03
