9.313631057739257812e-02
7.328677177429199219e-02
6.343197822570800781e-02
1.219761371612548828e-01
2.260000705718994141e-01
9.121918678283691406e-02
2.580671310424804688e-01
4.904093742370605469e-01
4.124689102172851562e-02
6.857109069824218750e-02
4.915921950340270996e+01
6.918454170227050781e-02
1.920120716094970703e-01
1.028189659118652344e-01
3.058609962463378906e-01
3.930666446685791016e-01
4.271984100341796875e-02
9.272837638854980469e-02
5.820178985595703125e-02
9.026694297790527344e-02
1.402492523193359375e-01
1.996250152587890625e-01
5.540490007400512695e+01
8.556182384490966797e+00
1.226952075958251953e-01
2.566887855529785156e+00
1.025633811950683594e-01
4.828333854675292969e-02
5.365061759948730469e-02
1.059007644653320312e-01
1.086871623992919922e-01
8.192767429351806641e+01
1.614260673522949219e-01
1.895387172698974609e-01
9.077978134155273438e-02
5.129337310791015625e-02
4.468359947204589844e-01
7.631487846374511719e-01
8.711981773376464844e-02
1.887993812561035156e-01
3.317911624908447266e-01
2.008988857269287109e-01
6.842017173767089844e-02
8.193016052246093750e-02
5.922040700912475586e+00
2.671656608581542969e-01
5.553841590881347656e-02
4.724025726318359375e-02
7.476782798767089844e-02
1.595594882965087891e-01
5.111074447631835938e-02
4.267454147338867188e-02
6.044697761535644531e-02
2.664854526519775391e-01
2.677488327026367188e-01
8.798146247863769531e-02
4.332256317138671875e-02
5.277538299560546875e-02
1.112051010131835938e-01
6.204605102539062500e-02
1.387150287628173828e-01
4.408979415893554688e-02
1.309814453125000000e-01
7.949042320251464844e-02
1.116766929626464844e-01
5.026793479919433594e-02
2.725826382637023926e+01
6.092000007629394531e-02
5.020070075988769531e-02
5.361288785934448242e+02
4.325683116912841797e-01
1.020081043243408203e-01
2.640881538391113281e-01
8.379936218261718750e-02
4.325842857360839844e-02
9.751653671264648438e-02
2.408259391784667969e+00
1.094665527343750000e-01
4.218721389770507812e-02
3.200125694274902344e-02
5.164551734924316406e-02
8.730006217956542969e-02
9.562420845031738281e-02
8.779215812683105469e-02
1.945142269134521484e+00
1.324207782745361328e-01
5.873126983642578125e-01
1.094730615615844727e+00
4.980659484863281250e-02
6.806206703186035156e-02
7.407617568969726562e-02
7.486557960510253906e-02
1.018519401550292969e-01
7.290863990783691406e-02
5.638670921325683594e-02
4.403233528137207031e-02
6.842613220214843750e-02
8.690190315246582031e-02
4.035139083862304688e-02
9.146547317504882812e-02
1.382856369018554688e-01
3.001363277435302734e-01
1.113340854644775391e-01
1.087553501129150391e-01
1.326715946197509766e-01
5.376505851745605469e-02
7.522678375244140625e-02
1.994140148162841797e-01
1.563599109649658203e-01
5.728602409362792969e-02
4.432425498962402344e-01
1.006157398223876953e-01
8.365106582641601562e-02
4.516506195068359375e-02
1.204483509063720703e-01
2.841005325317382812e-01
5.472588539123535156e-02
8.365654945373535156e-02
6.415698528289794922e-01
1.254980564117431641e-01
9.306931495666503906e-02
4.150819778442382812e-02
4.395556449890136719e-02
4.940438270568847656e-02
1.196196079254150391e-01
2.903132200241088867e+00
9.099650382995605469e-02
4.165673255920410156e-02
8.646583557128906250e-02
4.780817031860351562e-02
6.575131416320800781e-02
5.367159843444824219e-02
3.714776039123535156e-02
7.715629577636718750e+00
5.230140686035156250e-02
2.505953311920166016e-01
7.570838928222656250e-02
1.869139671325683594e-01
1.373755931854248047e-01
6.966304779052734375e-02
2.625520229339599609e-01
5.780243873596191406e-02
7.782268524169921875e-02
3.728716373443603516e-01
2.304489612579345703e-01
1.156585216522216797e-01
9.929275512695312500e-02
5.132532119750976562e-02
6.547951698303222656e-02
6.124448776245117188e-02
2.690997123718261719e-01
1.906190991401672363e+01
6.268620491027832031e-02
5.264782905578613281e-02
6.256222724914550781e-02
5.620169639587402344e-02
6.110382080078125000e-02
6.391668319702148438e-02
1.341776847839355469e-01
3.082942962646484375e-02
8.136224746704101562e-02
9.673714637756347656e-02
8.199248242378234863e+01
9.956126928329467773e+00
3.977488503456115723e+02
2.669980525970458984e-01
4.888582229614257812e-02
1.159672737121582031e-01
2.811839580535888672e-01
3.908658027648925781e-02
5.116844177246093750e-02
2.938317060470581055e+00
5.430197715759277344e-02
8.617234230041503906e-02
4.535746574401855469e-02
4.130105972290039062e-01
1.684536933898925781e-01
1.983857154846191406e-01
5.578160285949707031e-02
6.794571876525878906e-02
6.808900833129882812e-02
1.551637649536132812e-01
6.311058998107910156e-02
5.754923820495605469e-02
7.156729698181152344e-02
1.272263627052307129e+02
1.513499164581298828e+01
7.533025741577148438e-02
5.609297752380371094e-02
1.918170452117919922e-01
1.561031341552734375e-01
5.041217803955078125e-02
1.693925857543945312e-01
4.634451866149902344e-02
8.270812034606933594e-02
1.058712005615234375e-01
3.788568973541259766e-01
6.434512138366699219e-02
8.800101280212402344e-02
8.458397388458251953e-01
