1.056363582611083984e-01
7.403254508972167969e-02
6.062006950378417969e-02
1.313204765319824219e-01
2.209742069244384766e-01
8.774042129516601562e-02
2.557137012481689453e-01
4.785721302032470703e-01
4.363727569580078125e-02
6.749057769775390625e-02
4.413369464874267578e+01
7.489109039306640625e-02
1.726100444793701172e-01
9.161186218261718750e-02
2.653141021728515625e-01
3.890671730041503906e-01
5.039238929748535156e-02
7.695198059082031250e-02
6.856966018676757812e-02
8.369040489196777344e-02
1.187283992767333984e-01
1.745140552520751953e-01
5.232607650756835938e+01
8.104759216308593750e+00
1.212470531463623047e-01
2.420041799545288086e+00
1.054503917694091797e-01
5.487871170043945312e-02
4.821968078613281250e-02
1.003417968750000000e-01
1.288206577301025391e-01
8.420632076263427734e+01
8.662176132202148438e-02
1.258137226104736328e-01
1.007058620452880859e-01
5.710911750793457031e-02
4.649798870086669922e-01
7.223379611968994141e-01
9.405231475830078125e-02
1.857526302337646484e-01
3.094282150268554688e-01
1.754021644592285156e-01
7.239508628845214844e-02
7.505702972412109375e-02
5.429192781448364258e+00
2.526521682739257812e-01
6.015491485595703125e-02
5.726170539855957031e-02
1.001143455505371094e-01
1.673610210418701172e-01
6.267356872558593750e-02
4.424977302551269531e-02
4.622960090637207031e-02
2.935950756072998047e-01
2.516846656799316406e-01
8.039355278015136719e-02
4.999327659606933594e-02
6.024646759033203125e-02
1.391696929931640625e-01
6.936073303222656250e-02
1.404335498809814453e-01
5.071973800659179688e-02
1.252481937408447266e-01
8.401536941528320312e-02
1.243660449981689453e-01
6.090259552001953125e-02
2.435388326644897461e+01
6.200528144836425781e-02
6.286883354187011719e-02
5.422697398662567139e+02
1.135122776031494141e-01
1.128301620483398438e-01
2.555537223815917969e-01
8.429789543151855469e-02
4.843163490295410156e-02
1.025054454803466797e-01
1.953815698623657227e+00
1.013712882995605469e-01
4.956984519958496094e-02
3.262710571289062500e-02
6.711578369140625000e-02
6.565570831298828125e-02
9.820985794067382812e-02
6.487846374511718750e-02
1.870119094848632812e+00
1.200146675109863281e-01
3.786993026733398438e-01
9.481327533721923828e-01
6.155920028686523438e-02
6.832003593444824219e-02
8.347821235656738281e-02
7.424092292785644531e-02
1.120176315307617188e-01
7.078766822814941406e-02
6.495904922485351562e-02
4.193997383117675781e-02
7.612419128417968750e-02
7.449650764465332031e-02
4.489398002624511719e-02
9.134745597839355469e-02
1.672806739807128906e-01
1.216952800750732422e-01
1.039662361145019531e-01
1.026735305786132812e-01
1.330385208129882812e-01
6.212925910949707031e-02
7.796692848205566406e-02
1.600425243377685547e-01
1.513180732727050781e-01
4.099011421203613281e-02
4.384002685546875000e-01
9.683203697204589844e-02
8.450794219970703125e-02
4.963421821594238281e-02
1.080741882324218750e-01
2.519276142120361328e-01
5.727148056030273438e-02
8.867335319519042969e-02
4.627292156219482422e-01
1.380860805511474609e-01
9.220552444458007812e-02
3.840446472167968750e-02
4.396462440490722656e-02
6.069779396057128906e-02
1.259951591491699219e-01
2.297644615173339844e+00
9.199452400207519531e-02
4.981565475463867188e-02
9.064316749572753906e-02
5.790877342224121094e-02
6.950616836547851562e-02
6.035566329956054688e-02
4.740095138549804688e-02
7.073233127593994141e+00
4.019236564636230469e-02
5.543231964111328125e-02
5.515980720520019531e-02
1.806206703186035156e-01
1.124343872070312500e-01
6.678104400634765625e-02
2.347216606140136719e-01
8.807134628295898438e-02
8.307337760925292969e-02
2.323598861694335938e-01
1.730670928955078125e-01
1.003382205963134766e-01
9.610033035278320312e-02
5.599927902221679688e-02
7.514262199401855469e-02
1.090333461761474609e-01
2.454724311828613281e-01
8.745508670806884766e+00
6.346797943115234375e-02
4.547357559204101562e-02
5.283999443054199219e-02
6.384825706481933594e-02
7.059931755065917969e-02
6.737613677978515625e-02
1.255748271942138672e-01
3.420114517211914062e-02
9.838318824768066406e-02
9.591698646545410156e-02
7.990045118331909180e+01
9.787101507186889648e+00
3.949493799209594727e+02
6.059765815734863281e-02
4.449391365051269531e-02
1.221590042114257812e-01
1.017765998840332031e-01
4.297089576721191406e-02
4.791355133056640625e-02
2.685287952423095703e+00
5.240941047668457031e-02
8.089780807495117188e-02
5.120754241943359375e-02
3.895699977874755859e-01
1.529617309570312500e-01
2.113597393035888672e-01
5.033659934997558594e-02
7.461118698120117188e-02
6.159210205078125000e-02
1.446549892425537109e-01
5.889797210693359375e-02
6.755924224853515625e-02
6.971240043640136719e-02
1.275284483432769775e+02
1.358283472061157227e+01
4.557156562805175781e-02
8.094477653503417969e-02
1.467661857604980469e-01
1.482219696044921875e-01
4.935455322265625000e-02
1.260635852813720703e-01
4.621624946594238281e-02
7.198691368103027344e-02
9.131240844726562500e-02
6.842708587646484375e-02
6.722354888916015625e-02
8.103895187377929688e-02
1.027945756912231445e+00
