1.105970144271850586e+00
1.026091575622558594e-01
6.570720672607421875e-02
3.224592208862304688e-01
1.480605602264404297e-01
8.983635902404785156e-02
2.526636123657226562e-01
4.894633293151855469e-01
4.532361030578613281e-02
6.741738319396972656e-02
4.851509022712707520e+01
7.723140716552734375e-02
1.438210010528564453e-01
7.350420951843261719e-02
2.180778980255126953e-01
1.672482490539550781e-01
4.517722129821777344e-02
8.597469329833984375e-02
7.011842727661132812e-02
8.370161056518554688e-02
8.778214454650878906e-02
1.659531593322753906e-01
4.481021928787231445e+01
7.330574035644531250e+00
1.150984764099121094e-01
2.320379734039306641e+00
9.786009788513183594e-02
4.647064208984375000e-02
5.008888244628906250e-02
1.109111309051513672e-01
1.184124946594238281e-01
7.560229778289794922e+01
7.483553886413574219e-02
5.566024780273437500e-02
8.695387840270996094e-02
4.794287681579589844e-02
4.157135486602783203e-01
6.523652076721191406e-01
4.337501525878906250e-02
1.687104701995849609e-01
2.420222759246826172e-01
1.693799495697021484e-01
8.633208274841308594e-02
6.444859504699707031e-02
4.837122917175292969e+00
2.560570240020751953e-01
6.080937385559082031e-02
3.015375137329101562e-02
7.193088531494140625e-02
1.490454673767089844e-01
5.239748954772949219e-02
4.024243354797363281e-02
4.340505599975585938e-02
2.355279922485351562e-01
2.002198696136474609e-01
7.826733589172363281e-02
4.161047935485839844e-02
5.560517311096191406e-02
5.010647773742675781e-01
9.235000610351562500e-02
1.172463893890380859e-01
4.864668846130371094e-02
5.374407768249511719e-02
8.306980133056640625e-02
1.001365184783935547e-01
5.794811248779296875e-02
2.358188295364379883e+01
6.458640098571777344e-02
5.103492736816406250e-02
4.675905983448028564e+02
5.580544471740722656e-02
4.436206817626953125e-02
2.689950466156005859e-01
9.071016311645507812e-02
3.751659393310546875e-02
1.005215644836425781e-01
1.801503896713256836e+00
1.113977432250976562e-01
4.186177253723144531e-02
3.202104568481445312e-02
5.188417434692382812e-02
6.130290031433105469e-02
8.645009994506835938e-02
5.975317955017089844e-02
9.666473865509033203e-01
1.306743621826171875e-01
2.988030910491943359e-01
2.149283885955810547e+00
5.511236190795898438e-02
8.033061027526855469e-02
7.692766189575195312e-02
8.901286125183105469e-02
1.015431880950927734e-01
6.680369377136230469e-02
2.624869346618652344e-02
4.916834831237792969e-02
6.165790557861328125e-02
9.603786468505859375e-02
4.070472717285156250e-02
9.471583366394042969e-02
1.293957233428955078e-01
1.257479190826416016e-01
1.340889930725097656e-01
9.996509552001953125e-02
1.268079280853271484e-01
4.407429695129394531e-02
6.785273551940917969e-02
1.367030143737792969e-01
1.560831069946289062e-01
4.106020927429199219e-02
3.872799873352050781e-01
1.053020954132080078e-01
6.409621238708496094e-02
4.986071586608886719e-02
7.024693489074707031e-02
2.400999069213867188e-01
4.709100723266601562e-02
1.012632846832275391e-01
4.500715732574462891e-01
1.210765838623046875e-01
2.675058841705322266e-01
4.335999488830566406e-02
4.298710823059082031e-02
5.542778968811035156e-02
1.319491863250732422e-01
2.382868528366088867e+00
1.110992431640625000e-01
4.654049873352050781e-02
9.328436851501464844e-02
3.647875785827636719e-02
7.483148574829101562e-02
5.572056770324707031e-02
3.504157066345214844e-02
6.701168775558471680e+00
4.488730430603027344e-02
6.134557723999023438e-02
2.162575721740722656e-02
1.833024024963378906e-01
1.119599342346191406e-01
6.152749061584472656e-02
2.433967590332031250e-01
5.459046363830566406e-02
7.584333419799804688e-02
2.375569343566894531e-01
1.692419052124023438e-01
9.247756004333496094e-02
1.678032875061035156e-01
5.981731414794921875e-02
6.263375282287597656e-02
7.765269279479980469e-02
2.494795322418212891e-01
1.005029654502868652e+01
6.288743019104003906e-02
4.062533378601074219e-02
7.748365402221679688e-02
5.020618438720703125e-02
6.433844566345214844e-02
5.627226829528808594e-02
1.769633293151855469e-01
2.256822586059570312e-02
2.299714088439941406e-01
8.861851692199707031e-02
6.888704848289489746e+01
3.395411109924316406e+01
3.545364043712615967e+02
6.154370307922363281e-02
5.894804000854492188e-02
1.269831657409667969e-01
1.083071231842041016e-01
5.166530609130859375e-02
3.099560737609863281e-02
2.352400779724121094e+00
6.219935417175292969e-02
7.235169410705566406e-02
4.042530059814453125e-02
3.378498554229736328e-01
1.119105815887451172e-01
1.810083389282226562e-01
5.894851684570312500e-02
2.128701210021972656e-01
5.798077583312988281e-02
1.452951431274414062e-01
3.998732566833496094e-02
4.033899307250976562e-02
6.792521476745605469e-02
1.178481795787811279e+02
2.342865061759948730e+01
5.336284637451171875e-02
6.023812294006347656e-02
1.538138389587402344e-01
1.368427276611328125e-01
5.039072036743164062e-02
1.083831787109375000e-01
4.291892051696777344e-02
7.951879501342773438e-02
8.593010902404785156e-02
6.191778182983398438e-02
5.822420120239257812e-02
8.240461349487304688e-02
2.981061935424804688e-01
