0.45983242988586426
0.3005836009979248
0.3170022964477539
1.4422383308410645
0.09994912147521973
1.4622211456298828
0.05205488204956055
0.39910054206848145
29.053486585617065
0.0691983699798584
0.0236966609954834
0.07200336456298828
0.051132917404174805
0.02326226234436035
0.07594156265258789
1.445312738418579
0.06959080696105957
0.02618861198425293
0.04864192008972168
0.37066078186035156
0.3978261947631836
0.024643898010253906
0.040102243423461914
0.04055356979370117
0.42348217964172363
0.0441737174987793
0.023091793060302734
0.5587151050567627
0.07025337219238281
0.04963946342468262
0.07476091384887695
28.608410120010376
29.85497522354126
0.3130359649658203
0.08995890617370605
0.05457735061645508
0.022060394287109375
0.021482467651367188
0.023126840591430664
0.020955801010131836
1.5533151626586914
0.048105716705322266
1.1114108562469482
26.420939207077026
18.53750491142273
0.06885647773742676
0.03262042999267578
19.65267539024353
0.4758775234222412
19.330447912216187
0.5346548557281494
0.07342863082885742
0.04855489730834961
0.006403684616088867
0.0754702091217041
1.666677713394165
18.392085790634155
1.4388935565948486
0.024476289749145508
1.5398263931274414
0.021572113037109375
1.4351158142089844
0.47312211990356445
1.0764195919036865
0.025200843811035156
0.07166695594787598
0.07184624671936035
0.3572542667388916
6.282677412033081
0.02598428726196289
0.0749354362487793
0.023814678192138672
0.04047703742980957
0.5507123470306396
0.355212926864624
1.7430782318115234
19.20073437690735
0.3593316078186035
0.4794163703918457
0.03948378562927246
0.02388906478881836
30.96086621284485
0.03847813606262207
0.2921309471130371
0.32882094383239746
3.0866823196411133
0.02236175537109375
20.74320101737976
0.022142648696899414
0.03418469429016113
0.05109739303588867
0.035123348236083984
0.1408534049987793
0.006873607635498047
0.3476533889770508
0.02576136589050293
1.4763143062591553
0.1679840087890625
0.05252432823181152
0.10297369956970215
0.022670269012451172
0.08684992790222168
0.2159593105316162
0.023276567459106445
0.05072426795959473
0.022759437561035156
0.022515296936035156
0.049695491790771484
29.21310782432556
1.4722919464111328
1.4717960357666016
1.7390844821929932
1.475616693496704
0.27147698402404785
1.146681308746338
0.4050776958465576
0.03719758987426758
0.47112393379211426
0.08825063705444336
0.3585519790649414
1.0853960514068604
0.4898543357849121
1.8023414611816406
11.183948755264282
1.5503065586090088
0.5158870220184326
0.014071464538574219
1.565657615661621
19.98532724380493
0.07954835891723633
0.009211540222167969
0.022290945053100586
0.07538104057312012
0.02274608612060547
6.344399690628052
0.04493522644042969
0.022131919860839844
0.1263718605041504
5.861250877380371
0.08019685745239258
0.03596997261047363
1.8877325057983398
31.0900456905365
0.0669400691986084
0.32770729064941406
0.02195882797241211
0.07935261726379395
0.031961679458618164
0.02380061149597168
18.944745302200317
0.16774630546569824
0.0228729248046875
0.08461332321166992
19.554814100265503
0.039746761322021484
0.018370389938354492
0.47798991203308105
0.05108475685119629
0.5611133575439453
0.13568782806396484
0.06368088722229004
0.09331893920898438
0.2261810302734375
0.023652076721191406
0.07239603996276855
0.5701503753662109
0.02085089683532715
0.4258742332458496
1.1745283603668213
0.021724939346313477
1.5282270908355713
1.1114215850830078
0.07528257369995117
18.498002290725708
0.3298919200897217
0.1412346363067627
0.04998040199279785
0.05933260917663574
0.22993135452270508
0.020359277725219727
0.07013154029846191
0.022486209869384766
0.3157992362976074
0.023505687713623047
0.037546396255493164
3.0630264282226562
28.754178285598755
25.71585750579834
28.53577160835266
0.129288911819458
1.0978927612304688
0.028626203536987305
0.39789748191833496
0.020964384078979492
0.05655670166015625
0.1224515438079834
1.5570228099822998
0.39874839782714844
0.07413053512573242
0.03591561317443848
