5.487656593322753906e-02
1.778054237365722656e-02
1.465320587158203125e-03
2.115797996520996094e-02
2.475142478942871094e-02
4.360222816467285156e-02
5.575966835021972656e-02
1.946926116943359375e-02
2.289748191833496094e-02
4.962015151977539062e-02
2.439856529235839844e-02
6.355500221252441406e-02
1.938533782958984375e-02
6.122803688049316406e-02
2.823758125305175781e-02
4.819560050964355469e-02
1.296138763427734375e-02
6.896829605102539062e-02
6.246447563171386719e-02
4.385685920715332031e-02
1.397991180419921875e-02
1.091108322143554688e-01
1.418113708496093750e-03
8.298254013061523438e-02
1.248612880706787109e+00
2.297258377075195312e-02
2.064204216003417969e-02
2.129220962524414062e-02
8.735775947570800781e-02
2.314424514770507812e-02
1.910710334777832031e-02
2.083802223205566406e-02
1.275622844696044922e-01
1.167678833007812500e-02
2.610421180725097656e-02
4.266476631164550781e-02
8.682441711425781250e-02
2.485322952270507812e-02
3.150701522827148438e-02
2.228522300720214844e-02
7.533764839172363281e-02
9.098267555236816406e-02
4.315376281738281250e-02
1.668405532836914062e-02
5.574321746826171875e-02
2.826762199401855469e-02
4.782319068908691406e-02
7.477235794067382812e-02
2.113080024719238281e-02
3.845858573913574219e-02
3.586101531982421875e-02
7.715582847595214844e-02
2.932357788085937500e-02
3.933665752410888672e-01
2.164816856384277344e-02
2.023530006408691406e-02
4.474115371704101562e-02
2.012515068054199219e-02
1.786684989929199219e-02
4.507589340209960938e-02
2.020382881164550781e-02
7.980823516845703125e-02
5.110931396484375000e-02
3.257703781127929688e-02
1.514768600463867188e-02
9.750270843505859375e-02
1.203203201293945312e-02
2.574062347412109375e-02
2.096915245056152344e-02
5.462765693664550781e-02
2.157187461853027344e-02
4.054784774780273438e-02
6.684541702270507812e-02
1.914119720458984375e-02
5.965662002563476562e-02
2.841615676879882812e-02
2.132534980773925781e-02
3.781199455261230469e-02
7.001137733459472656e-02
3.502249717712402344e-02
3.562116622924804688e-02
4.037356376647949219e-02
3.866839408874511719e-02
6.409430503845214844e-02
2.230119705200195312e-02
2.125740051269531250e-02
3.934836387634277344e-02
4.988765716552734375e-02
5.461907386779785156e-02
3.916049003601074219e-02
1.089954376220703125e-02
3.290367126464843750e-02
5.271601676940917969e-02
6.102347373962402344e-02
4.041528701782226562e-02
6.325125694274902344e-02
8.344364166259765625e-02
8.375334739685058594e-02
2.873182296752929688e-02
2.628040313720703125e-02
3.588628768920898438e-02
4.371213912963867188e-02
3.789830207824707031e-02
4.141092300415039062e-02
4.744744300842285156e-02
3.852677345275878906e-02
6.634092330932617188e-02
3.977704048156738281e-02
4.699587821960449219e-02
3.667402267456054688e-02
3.617978096008300781e-02
3.446221351623535156e-02
2.241516113281250000e-02
1.222515106201171875e-02
3.582119941711425781e-02
1.351213455200195312e-02
2.326059341430664062e-02
7.409358024597167969e-02
3.131580352783203125e-02
9.607791900634765625e-03
1.298260688781738281e-02
1.685404777526855469e-02
2.905631065368652344e-02
5.233454704284667969e-02
1.699662208557128906e-02
3.055381774902343750e-02
1.898431777954101562e-02
1.732516288757324219e-02
4.459404945373535156e-02
4.908561706542968750e-02
1.943325996398925781e-02
4.339742660522460938e-02
9.007668495178222656e-02
3.638720512390136719e-02
3.962517499923706055e+00
4.308056831359863281e-02
3.573942184448242188e-02
1.541352272033691406e-02
4.984164237976074219e-02
2.210712432861328125e-02
3.774905204772949219e-02
2.177381515502929688e-02
5.952692031860351562e-02
6.853580474853515625e-02
1.395535469055175781e-02
1.607894897460937500e-02
5.351352691650390625e-02
2.081632614135742188e-02
4.526860713958740234e-01
4.054021835327148438e-02
5.989313125610351562e-02
5.765914916992187500e-02
6.311893463134765625e-02
3.455471992492675781e-02
2.634906768798828125e-02
3.248786926269531250e-02
2.942061424255371094e-02
3.498530387878417969e-02
5.455780029296875000e-02
2.661085128784179688e-02
5.285024642944335938e-03
1.719903945922851562e-02
3.037285804748535156e-02
2.336812019348144531e-02
6.962513923645019531e-02
1.761269569396972656e-02
3.950452804565429688e-02
1.965880393981933594e-02
6.497859954833984375e-03
1.677846908569335938e-02
1.778650283813476562e-02
1.496434211730957031e-02
2.581095695495605469e-02
3.620362281799316406e-02
5.290508270263671875e-03
1.616406440734863281e-02
1.199276447296142578e-01
3.211808204650878906e-02
3.259181976318359375e-03
4.881691932678222656e-02
1.058840751647949219e-02
1.920723915100097656e-02
2.604699134826660156e-02
2.433490753173828125e-02
1.872801780700683594e-02
1.304411888122558594e-02
2.049660682678222656e-02
7.905960083007812500e-03
3.165483474731445312e-02
4.389286041259765625e-03
2.137589454650878906e-01
1.883769035339355469e-02
5.206775665283203125e-02
4.478192329406738281e-02
5.707979202270507812e-02
6.069588661193847656e-02
2.002763748168945312e-02
2.780508995056152344e-02
4.983949661254882812e-02
2.322220802307128906e-02
