9.252431250000000000e+05
2.135761093750000000e+05
9.845520000000000000e+05
7.158558750000000000e+05
6.765580500000000000e+06
9.483787500000000000e+05
5.467903125000000000e+05
2.618517000000000000e+06
2.640350750000000000e+06
4.709458496093750000e+03
7.859226562500000000e+04
1.785518437500000000e+05
1.674149375000000000e+06
3.038378750000000000e+06
2.319546562500000000e+05
1.571944687500000000e+05
6.378098750000000000e+05
1.166982250000000000e+06
8.426939453125000000e+03
6.569237500000000000e+05
3.001312890625000000e+04
1.779431093750000000e+05
5.030481500000000000e+06
7.673870000000000000e+05
1.767642187500000000e+05
4.333293437500000000e+05
7.969570000000000000e+05
1.162106015625000000e+05
1.548757125000000000e+06
6.280660937500000000e+04
3.133194062500000000e+05
2.420142968750000000e+05
1.706576375000000000e+06
1.229399875000000000e+06
3.233960000000000000e+05
2.052186875000000000e+05
5.621977500000000000e+05
7.279386250000000000e+05
1.415989125000000000e+06
3.982008437500000000e+05
3.360613125000000000e+05
6.854248750000000000e+05
6.298310625000000000e+05
2.896166210937500000e+04
2.897152148437500000e+04
8.828578125000000000e+04
1.076024125000000000e+06
2.134421250000000000e+06
2.323010937500000000e+05
6.823458125000000000e+05
9.177024375000000000e+05
3.745698500000000000e+06
1.136907000000000000e+06
2.870846679687500000e+04
7.223805625000000000e+05
4.005802500000000000e+05
6.954084375000000000e+04
1.976471500000000000e+06
1.790224531250000000e+05
1.076380859375000000e+04
8.905701875000000000e+05
1.780277875000000000e+06
2.340482812500000000e+05
4.066824250000000000e+06
1.560802875000000000e+06
1.521943906250000000e+05
1.941313875000000000e+06
2.960295625000000000e+05
3.339836328125000000e+04
2.555717968750000000e+05
1.563672500000000000e+06
3.598617812500000000e+05
3.413428125000000000e+05
9.661122500000000000e+05
3.853051250000000000e+05
5.648849375000000000e+05
1.252985500000000000e+06
8.183881250000000000e+05
1.587224625000000000e+06
1.011818750000000000e+06
4.284315500000000000e+06
6.765580500000000000e+06
7.749835937500000000e+03
1.942867187500000000e+05
1.136461132812500000e+04
1.126012792968750000e+04
5.220898750000000000e+05
7.714508593750000000e+04
9.797925781250000000e+04
2.155698046875000000e+04
3.962229296875000000e+04
1.085220875000000000e+06
1.235841750000000000e+06
1.417433105468750000e+04
2.135637000000000000e+06
1.343271386718750000e+04
1.550941699218750000e+04
4.761592500000000000e+06
9.689170898437500000e+03
6.529164062500000000e+04
1.757090234375000000e+04
5.668594140625000000e+04
8.139111250000000000e+05
1.079110250000000000e+06
7.426740625000000000e+05
8.103236250000000000e+05
9.566686875000000000e+05
3.966959375000000000e+04
4.284241015625000000e+04
6.890563281250000000e+04
6.459728125000000000e+05
6.999555000000000000e+06
1.079110250000000000e+06
1.180436500000000000e+06
1.764119218750000000e+05
1.799347000000000000e+06
2.499240250000000000e+06
6.469901250000000000e+05
6.984691500000000000e+06
1.185218250000000000e+06
2.504427250000000000e+06
2.135637000000000000e+06
3.408561250000000000e+05
4.440084062500000000e+05
8.461368125000000000e+05
9.403013750000000000e+05
4.892303125000000000e+05
1.386300000000000000e+05
6.488902500000000000e+05
9.784583125000000000e+05
4.898255312500000000e+05
4.566241562500000000e+05
9.964312500000000000e+05
8.835879000000000000e+06
1.810482656250000000e+05
5.038478437500000000e+05
2.915217812500000000e+05
1.085220875000000000e+06
4.348450195312500000e+03
5.230199609375000000e+04
9.961452343750000000e+04
1.085220875000000000e+06
1.714818437500000000e+05
1.348552343750000000e+04
9.793927343750000000e+04
1.235841750000000000e+06
6.174546875000000000e+05
2.601441562500000000e+05
9.177024375000000000e+05
7.810238125000000000e+05
9.552798437500000000e+04
2.501441000000000000e+06
7.171377500000000000e+05
1.855268750000000000e+05
4.607948437500000000e+05
8.064581875000000000e+05
1.235841750000000000e+06
5.727243750000000000e+05
1.520316250000000000e+05
4.984986250000000000e+05
1.602440125000000000e+06
6.174546875000000000e+05
1.473608789062500000e+04
3.297461250000000000e+05
1.513196562500000000e+05
5.306600000000000000e+04
4.951039062500000000e+05
1.990056718750000000e+05
5.031418750000000000e+04
1.778141875000000000e+05
1.944067968750000000e+05
3.282750000000000000e+06
2.541016875000000000e+05
3.441141562500000000e+05
5.336503750000000000e+05
3.615960000000000000e+06
1.603868250000000000e+06
1.703339000000000000e+06
3.613974500000000000e+06
9.157353125000000000e+05
1.076024125000000000e+06
4.967412500000000000e+05
1.924467578125000000e+04
6.984945500000000000e+06
4.703594062500000000e+05
3.395857812500000000e+04
5.707293125000000000e+05
5.691171484375000000e+04
2.210478437500000000e+05
9.048353750000000000e+05
5.012593125000000000e+05
3.316810937500000000e+04
6.138877500000000000e+05
5.460712500000000000e+04
2.140667343750000000e+05
6.489056875000000000e+05
1.401857812500000000e+05
2.093944375000000000e+05
2.529083437500000000e+05
7.408497500000000000e+05
8.202821875000000000e+04
2.276824218750000000e+05
2.697541562500000000e+05
2.754315937500000000e+05
3.210354062500000000e+05
6.765580500000000000e+06
5.972807500000000000e+05
9.115782812500000000e+04
6.683253125000000000e+05
9.177024375000000000e+05
5.178896250000000000e+05
1.079110250000000000e+06
9.153171250000000000e+05
1.125762875000000000e+06
8.370044531250000000e+04
1.061525488281250000e+04
1.987594843750000000e+05
3.615960000000000000e+06
1.569373375000000000e+06
1.946491750000000000e+06
3.754113000000000000e+06
4.054293500000000000e+06
3.715109687500000000e+05
8.176930000000000000e+05
1.528609875000000000e+06
1.085220875000000000e+06
2.135637000000000000e+06
1.415989125000000000e+06
1.596954199218750000e+04
1.235841750000000000e+06
3.745698500000000000e+06
4.678011328125000000e+04
2.640350750000000000e+06
8.006932128906250000e+03
2.022687656250000000e+05
4.761592500000000000e+06
1.270294375000000000e+06
1.152958906250000000e+05
4.097451000000000000e+06
2.537118750000000000e+04
2.502623906250000000e+05
6.057719500000000000e+06
1.614638125000000000e+05
1.937533375000000000e+06
2.747175312500000000e+05
4.268862500000000000e+06
5.314584375000000000e+05
5.317488750000000000e+05
8.761630000000000000e+05
1.645889625000000000e+06
1.701512500000000000e+06
2.640350750000000000e+06
2.135637000000000000e+06
7.699725000000000000e+05
1.415989125000000000e+06
8.831738750000000000e+05
1.603868250000000000e+06
4.097451000000000000e+06
2.636129000000000000e+06
2.132071750000000000e+06
1.408867625000000000e+06
4.092421000000000000e+06
1.136907000000000000e+06
1.222166125000000000e+06
3.962775000000000000e+05
1.274396875000000000e+06
4.600118500000000000e+06
6.472714843750000000e+04
9.239137500000000000e+04
1.082613593750000000e+05
4.054293500000000000e+06
4.830286875000000000e+05
7.523578125000000000e+05
1.393062125000000000e+06
2.360166250000000000e+06
1.829088125000000000e+06
8.430036250000000000e+05
1.790851000000000000e+06
1.306395000000000000e+06
7.556547500000000000e+05
6.829682500000000000e+05
5.277813750000000000e+05
1.707302375000000000e+06
8.652743750000000000e+05
5.537590625000000000e+04
4.875242812500000000e+05
5.885051562500000000e+04
1.613468281250000000e+05
2.767726500000000000e+06
1.602042187500000000e+05
2.663450937500000000e+05
1.152474140625000000e+05
4.775068750000000000e+05
3.745698500000000000e+06
1.085220875000000000e+06
3.029271875000000000e+05
1.415989125000000000e+06
6.188205625000000000e+05
4.903448437500000000e+05
1.270294375000000000e+06
1.998328375000000000e+06
7.930743125000000000e+05
9.273793125000000000e+05
7.898739375000000000e+05
1.956707875000000000e+06
5.840916250000000000e+05
1.598620468750000000e+05
7.461818750000000000e+05
7.742543125000000000e+05
2.647789062500000000e+05
4.608643125000000000e+05
5.847938750000000000e+05
7.498056250000000000e+05
9.403013750000000000e+05
1.665453710937500000e+04
1.042989937500000000e+06
9.891692187500000000e+04
1.215801953125000000e+04
1.029744187500000000e+06
1.087902343750000000e+05
8.441926757812500000e+03
1.518374687500000000e+05
1.486656718750000000e+05
1.261333800000000000e+07
3.731604000000000000e+06
4.450746250000000000e+05
2.875195937500000000e+05
6.712003125000000000e+05
6.815797500000000000e+05
1.235573000000000000e+06
1.006916600000000000e+07
2.065781000000000000e+06
2.448841250000000000e+05
8.747245625000000000e+05
6.298310625000000000e+05
6.765580500000000000e+06
1.180096015625000000e+05
1.885307625000000000e+06
5.070784375000000000e+04
1.071975000000000000e+05
2.377885500000000000e+06
1.710405312500000000e+05
6.031870000000000000e+05
4.495204062500000000e+05
4.839204062500000000e+05
1.077484375000000000e+06
4.563084765625000000e+04
3.561301562500000000e+05
5.208610312500000000e+05
3.615960000000000000e+06
1.315504000000000000e+06
1.085220875000000000e+06
1.537809277343750000e+04
1.306395000000000000e+06
6.765580500000000000e+06
1.150259453125000000e+05
7.160797500000000000e+06
2.238617812500000000e+05
5.834666015625000000e+04
2.861840000000000000e+06
2.182782250000000000e+06
5.152259687500000000e+05
3.905801000000000000e+06
1.722605781250000000e+05
6.379830468750000000e+04
4.042714250000000000e+06
1.893308437500000000e+05
6.943793125000000000e+05
7.657516250000000000e+05
2.506362750000000000e+06
9.478868750000000000e+05
5.372237500000000000e+05
4.599650625000000000e+05
7.567689375000000000e+05
1.216973000000000000e+06
3.753780000000000000e+06
1.810473625000000000e+06
1.326261750000000000e+06
2.134028500000000000e+06
3.769898750000000000e+05
3.745698500000000000e+06
7.043812500000000000e+05
6.765580500000000000e+06
1.125596500000000000e+06
7.267893125000000000e+05
7.398090625000000000e+05
2.943290000000000000e+05
2.947828500000000000e+06
5.611019000000000000e+06
5.295156875000000000e+05
2.135637000000000000e+06
6.550519375000000000e+05
1.137870250000000000e+06
1.637399375000000000e+06
1.085220875000000000e+06
9.577560000000000000e+05
2.724151562500000000e+05
7.912694375000000000e+05
3.798281875000000000e+05
4.522108125000000000e+05
4.532137187500000000e+05
2.549162500000000000e+05
3.798281875000000000e+05
3.278668750000000000e+05
3.501507187500000000e+05
1.518790312500000000e+05
1.024084625000000000e+06
5.659527000000000000e+06
1.252786000000000000e+06
3.236509277343750000e+03
4.054293500000000000e+06
2.135637000000000000e+06
2.507014404296875000e+03
3.615960000000000000e+06
1.715025000000000000e+04
4.142365722656250000e+03
4.652155000000000000e+06
5.439891000000000000e+06
5.131424609375000000e+04
2.357630750000000000e+06
1.085552890625000000e+05
1.163463671875000000e+04
9.971427000000000000e+06
3.119054492187500000e+04
4.303085937500000000e+03
1.651915156250000000e+05
7.980116500000000000e+06
2.286688281250000000e+05
1.147878125000000000e+05
1.777053593750000000e+05
2.392417343750000000e+05
5.127340000000000000e+05
8.867623750000000000e+05
7.130173750000000000e+05
7.379225000000000000e+04
1.118926500000000000e+06
1.154402500000000000e+05
3.161574062500000000e+05
1.390837375000000000e+06
1.050253906250000000e+05
2.373235625000000000e+05
3.294770625000000000e+05
2.782359062500000000e+05
9.177024375000000000e+05
1.076024125000000000e+06
1.442612031250000000e+05
1.124080273437500000e+04
6.765580500000000000e+06
7.343871875000000000e+05
2.306616601562500000e+04
1.803580500000000000e+06
8.241832812500000000e+04
2.244822265625000000e+03
9.004760625000000000e+05
8.903316250000000000e+05
8.844953125000000000e+04
1.845499000000000000e+06
6.521335937500000000e+04
4.444102050781250000e+03
2.269509000000000000e+06
1.495955312500000000e+05
1.858762304687500000e+04
5.206377343750000000e+04
2.308599500000000000e+06
1.173182500000000000e+05
5.225842578125000000e+04
1.377078906250000000e+05
9.381412500000000000e+04
2.425064062500000000e+05
1.861481875000000000e+06
1.095855000000000000e+06
1.581836000000000000e+06
2.069503875000000000e+06
1.126670375000000000e+06
1.125762875000000000e+06
4.116328125000000000e+04
4.917644500000000000e+06
6.557801562500000000e+04
2.959661914062500000e+04
1.505048750000000000e+06
8.258190625000000000e+04
9.344480468750000000e+04
2.945384687500000000e+05
2.483001406250000000e+05
7.742543125000000000e+05
6.765580500000000000e+06
1.269295234375000000e+05
1.956707875000000000e+06
1.945546289062500000e+04
3.954235625000000000e+05
2.365743500000000000e+06
2.861115000000000000e+05
1.101838750000000000e+06
1.833582343750000000e+05
9.403758125000000000e+05
1.085220875000000000e+06
1.552687187500000000e+05
4.039465937500000000e+05
2.257580781250000000e+05
9.177024375000000000e+05
3.535363750000000000e+05
1.165753593750000000e+05
1.691657343750000000e+05
2.135637000000000000e+06
1.589060375000000000e+06
7.649458125000000000e+05
2.110373750000000000e+06
3.600897750000000000e+06
2.459230156250000000e+05
8.494825625000000000e+05
2.440291000000000000e+06
9.566686875000000000e+05
3.005130625000000000e+05
1.484692750000000000e+06
7.270395625000000000e+05
4.081355750000000000e+06
7.224376000000000000e+06
8.247298125000000000e+05
1.085220875000000000e+06
3.353925781250000000e+04
1.434824218750000000e+05
2.169996500000000000e+06
1.014071562500000000e+06
5.508576250000000000e+05
1.825840156250000000e+05
5.046875312500000000e+05
1.136907000000000000e+06
1.085220875000000000e+06
2.002343437500000000e+05
9.403013750000000000e+05
6.462611328125000000e+04
5.912552500000000000e+05
3.932044750000000000e+06
4.090450937500000000e+05
3.246589687500000000e+05
1.495290468750000000e+05
1.088415250000000000e+06
1.235841750000000000e+06
4.054293500000000000e+06
2.135637000000000000e+06
1.272528222656250000e+04
6.765580500000000000e+06
1.085220875000000000e+06
9.854714843750000000e+04
3.615960000000000000e+06
4.554632421875000000e+04
9.783854492187500000e+03
4.083333500000000000e+06
4.761592500000000000e+06
1.150779453125000000e+05
9.971427000000000000e+06
1.699890312500000000e+05
2.714016796875000000e+04
2.182782250000000000e+06
5.928225625000000000e+05
1.124796093750000000e+05
9.476748437500000000e+04
7.317137500000000000e+06
6.107571875000000000e+05
4.601607187500000000e+05
7.530002500000000000e+05
3.552383750000000000e+05
1.687068875000000000e+06
9.177024375000000000e+05
1.465253281250000000e+05
1.674626406250000000e+05
1.585466093750000000e+05
2.208769250000000000e+06
4.175609687500000000e+05
2.328191796875000000e+04
9.784583125000000000e+05
8.528090820312500000e+03
3.067684375000000000e+04
1.303622125000000000e+06
5.875719531250000000e+04
4.638650000000000000e+04
6.159750390625000000e+04
2.024117500000000000e+05
2.332945000000000000e+06
2.488363281250000000e+03
1.949062109375000000e+04
5.932137109375000000e+04
1.136907000000000000e+06
4.005802500000000000e+05
1.308434875000000000e+06
7.085003906250000000e+04
9.177024375000000000e+05
6.765580500000000000e+06
1.417948281250000000e+05
1.076024125000000000e+06
3.917946093750000000e+04
3.403289375000000000e+05
1.780277875000000000e+06
5.597102500000000000e+06
1.736081718750000000e+05
3.690701750000000000e+06
5.365939453125000000e+04
2.901562812500000000e+05
9.004760625000000000e+05
1.012269609375000000e+05
4.200464375000000000e+05
1.094747578125000000e+05
2.815494750000000000e+06
1.494308437500000000e+05
7.381155000000000000e+05
3.281399687500000000e+05
1.345158125000000000e+05
4.111998125000000000e+05
2.098885000000000000e+06
4.763445500000000000e+06
8.675508125000000000e+05
3.798281875000000000e+05
3.692278750000000000e+05
6.487751250000000000e+05
4.793111000000000000e+06
1.762235625000000000e+06
4.375449500000000000e+06
3.016440625000000000e+05
4.318877500000000000e+06
4.924334375000000000e+05
3.009633125000000000e+05
7.283323750000000000e+05
4.011120000000000000e+05
3.753780000000000000e+06
1.222673250000000000e+06
2.125660312500000000e+05
1.085220875000000000e+06
2.959849687500000000e+05
2.006837968750000000e+05
1.063921250000000000e+06
2.779309062500000000e+05
3.671603437500000000e+05
5.709950000000000000e+05
2.473632500000000000e+05
2.135637000000000000e+06
2.914083437500000000e+05
4.046074062500000000e+05
7.539278750000000000e+05
7.343871875000000000e+05
7.268135742187500000e+03
2.504048437500000000e+04
6.897394531250000000e+04
2.714460312500000000e+05
2.537755273437500000e+04
6.508958203125000000e+04
2.623769726562500000e+04
2.714460312500000000e+05
1.685442968750000000e+05
1.423920312500000000e+05
9.962402343750000000e+04
1.235841750000000000e+06
1.223537625000000000e+06
7.421635625000000000e+05
1.137978750000000000e+06
2.958537187500000000e+05
1.415989125000000000e+06
4.164601250000000000e+05
5.334550000000000000e+05
1.365161406250000000e+05
5.018844687500000000e+05
1.346371625000000000e+06
1.477802031250000000e+05
9.677416875000000000e+05
3.509233125000000000e+05
7.160551875000000000e+05
7.316866250000000000e+05
1.163019250000000000e+06
7.522645625000000000e+05
1.127188500000000000e+06
1.235841750000000000e+06
3.798281875000000000e+05
5.058632500000000000e+05
6.298310625000000000e+05
5.949323125000000000e+05
4.620397500000000000e+05
8.840663125000000000e+05
6.789244375000000000e+05
1.487274750000000000e+06
9.746427500000000000e+05
1.347143500000000000e+06
1.195087125000000000e+06
1.558855750000000000e+06
1.007526062500000000e+06
3.477742500000000000e+05
6.047023750000000000e+05
9.797291250000000000e+05
1.254628500000000000e+06
1.419228500000000000e+06
1.040655062500000000e+06
1.021821250000000000e+06
1.105540500000000000e+06
6.666607500000000000e+05
2.180271679687500000e+04
3.235917187500000000e+04
1.399190468750000000e+05
2.778776250000000000e+06
1.261860500000000000e+06
1.780632031250000000e+04
3.497225625000000000e+05
6.735326562500000000e+04
2.287107343750000000e+05
1.165258500000000000e+06
1.549160937500000000e+05
3.641954062500000000e+05
1.585112343750000000e+05
4.716764375000000000e+05
1.305605375000000000e+06
9.441788750000000000e+05
5.207219687500000000e+05
1.145749625000000000e+06
7.160797500000000000e+06
1.306395000000000000e+06
1.332366000000000000e+06
5.818765625000000000e+05
6.765580500000000000e+06
9.177024375000000000e+05
7.043241250000000000e+05
1.076024125000000000e+06
7.046601250000000000e+05
2.700985937500000000e+05
4.042714250000000000e+06
2.114005250000000000e+06
1.548749750000000000e+06
1.746250500000000000e+06
6.211881250000000000e+05
1.064219625000000000e+06
9.004760625000000000e+05
1.347507125000000000e+06
4.370571562500000000e+05
6.803425000000000000e+05
1.160183250000000000e+06
8.832732500000000000e+05
1.984445750000000000e+06
1.329912000000000000e+06
3.272967500000000000e+05
8.081889375000000000e+05
1.085220875000000000e+06
3.154528000000000000e+06
3.449895312500000000e+05
8.940154000000000000e+06
9.723385000000000000e+05
6.551981250000000000e+05
1.940771625000000000e+06
1.560198750000000000e+06
2.885048750000000000e+05
2.736950250000000000e+06
5.556033750000000000e+05
9.177024375000000000e+05
1.235841750000000000e+06
6.765580500000000000e+06
1.213640039062500000e+04
6.174546875000000000e+05
1.076024125000000000e+06
1.626143750000000000e+04
4.054293500000000000e+06
3.897626953125000000e+04
7.276523437500000000e+04
2.501441000000000000e+06
9.004760625000000000e+05
2.546524609375000000e+04
4.083333500000000000e+06
6.956625000000000000e+04
7.965532031250000000e+04
4.104572750000000000e+06
1.764787109375000000e+04
1.132877578125000000e+05
1.864788906250000000e+05
2.816096250000000000e+06
8.787016406250000000e+04
1.124924765625000000e+05
2.323682187500000000e+05
2.639829375000000000e+05
2.486347343750000000e+05
3.615960000000000000e+06
8.547182500000000000e+05
1.085220875000000000e+06
1.791251708984375000e+03
1.803580500000000000e+06
6.765580500000000000e+06
4.449420898437500000e+03
7.343871875000000000e+05
1.721154785156250000e+03
3.115048583984375000e+03
7.230883500000000000e+06
2.182782250000000000e+06
3.196212695312500000e+04
2.733963500000000000e+06
1.593099853515625000e+03
5.651151367187500000e+03
2.269509000000000000e+06
8.755527343750000000e+03
1.225241406250000000e+04
6.134557128906250000e+03
6.700522500000000000e+06
7.174601562500000000e+04
5.781777734375000000e+04
1.117641503906250000e+04
1.654553515625000000e+04
1.528821875000000000e+05
1.275934062500000000e+05
6.593583750000000000e+05
5.157455937500000000e+05
6.174817500000000000e+05
1.780228906250000000e+05
9.690595625000000000e+05
5.602922500000000000e+05
1.269482968750000000e+05
6.551068750000000000e+05
6.139228750000000000e+05
5.570337500000000000e+05
4.812015625000000000e+05
9.566686875000000000e+05
2.528470625000000000e+05
3.513666562500000000e+05
9.228347500000000000e+05
4.911802187500000000e+05
5.600416875000000000e+05
7.151980625000000000e+05
6.337275000000000000e+05
6.071820000000000000e+05
1.017258250000000000e+06
1.102254875000000000e+06
1.273869500000000000e+06
1.619542875000000000e+06
9.228638125000000000e+05
1.811432125000000000e+06
1.742693750000000000e+05
1.354555273437500000e+04
2.098885000000000000e+06
6.819678125000000000e+05
5.003979296875000000e+04
4.929392500000000000e+06
7.364884375000000000e+05
3.881072187500000000e+05
3.190957500000000000e+06
1.134491750000000000e+06
3.445991875000000000e+05
4.635216000000000000e+06
3.469612812500000000e+05
2.028771289062500000e+04
3.464051875000000000e+05
4.966368000000000000e+06
1.983060875000000000e+06
2.870144375000000000e+05
2.274629250000000000e+06
7.076859375000000000e+05
4.638126000000000000e+06
2.120847000000000000e+06
1.100378828125000000e+05
2.650095625000000000e+05
5.260748125000000000e+05
8.652743750000000000e+05
6.469037500000000000e+05
2.458191250000000000e+05
8.608001875000000000e+05
6.624297500000000000e+05
1.498850875000000000e+06
6.187339453125000000e+04
1.182115125000000000e+06
2.160802734375000000e+04
5.616107421875000000e+04
6.486638125000000000e+05
6.003896484375000000e+04
1.415627031250000000e+05
6.790828125000000000e+04
5.630775390625000000e+04
2.135637000000000000e+06
2.640350750000000000e+06
1.685971875000000000e+05
1.415989125000000000e+06
2.222518593750000000e+05
1.793751875000000000e+05
4.097451000000000000e+06
5.557173750000000000e+05
6.331820000000000000e+05
2.912355625000000000e+05
1.646552250000000000e+06
9.784583125000000000e+05
3.769898750000000000e+05
2.164307031250000000e+05
1.885307625000000000e+06
3.921153515625000000e+04
6.901291250000000000e+05
1.498043625000000000e+06
2.212129843750000000e+05
8.081742500000000000e+05
8.367608125000000000e+05
2.098152500000000000e+06
1.415989125000000000e+06
1.603868250000000000e+06
8.831738750000000000e+05
1.408867625000000000e+06
3.254963125000000000e+05
3.379487109375000000e+04
5.407056250000000000e+04
4.491028515625000000e+04
2.958537187500000000e+05
8.349266875000000000e+05
9.549975000000000000e+04
1.536823906250000000e+05
1.203328375000000000e+06
5.791478125000000000e+05
1.237370125000000000e+06
1.391799250000000000e+06
5.701891250000000000e+05
1.271850859375000000e+05
9.000373750000000000e+05
4.445719375000000000e+05
5.945358125000000000e+05
1.288744628906250000e+04
3.577501953125000000e+04
5.624506640625000000e+04
1.976471500000000000e+06
1.435320937500000000e+05
2.475607968750000000e+05
7.168176875000000000e+05
1.308434875000000000e+06
9.403013750000000000e+05
1.078183984375000000e+04
3.615960000000000000e+06
1.049337734375000000e+05
1.722151953125000000e+04
6.436458500000000000e+06
1.264764140625000000e+05
2.238714453125000000e+04
2.558607500000000000e+05
5.195423750000000000e+05
9.403013750000000000e+05
1.976471500000000000e+06
1.665317187500000000e+04
1.415989125000000000e+06
7.788598632812500000e+03
1.006931640625000000e+05
5.872917000000000000e+06
1.522562988281250000e+04
2.110900937500000000e+05
1.783321562500000000e+05
5.187986875000000000e+05
1.085220875000000000e+06
8.804198125000000000e+05
5.639413125000000000e+05
2.355184531250000000e+05
1.073171125000000000e+06
5.632286250000000000e+05
4.683746562500000000e+05
3.323602500000000000e+05
9.403013750000000000e+05
3.615960000000000000e+06
1.722151953125000000e+04
1.308434875000000000e+06
1.078183984375000000e+04
1.049337734375000000e+05
8.527260000000000000e+05
6.471660000000000000e+05
5.647249375000000000e+05
2.505003000000000000e+06
2.383792500000000000e+05
2.928774375000000000e+05
6.436458500000000000e+06
2.238714453125000000e+04
2.558607500000000000e+05
1.264764140625000000e+05
1.549212125000000000e+06
3.972601250000000000e+05
6.147225625000000000e+05
1.018557062500000000e+06
5.195423750000000000e+05
8.177445000000000000e+05
1.415989125000000000e+06
1.064941894531250000e+04
1.142137656250000000e+05
1.017306875000000000e+05
1.778073750000000000e+06
3.688927812500000000e+05
4.954166250000000000e+05
7.314068750000000000e+05
5.552341875000000000e+05
8.269507500000000000e+05
4.393414062500000000e+05
2.135637000000000000e+06
5.196781250000000000e+05
7.132499375000000000e+05
2.431769750000000000e+06
4.193952187500000000e+05
5.312394375000000000e+05
8.767288125000000000e+05
1.897866875000000000e+06
2.058763437500000000e+05
7.325494500000000000e+06
1.076825625000000000e+05
4.284315500000000000e+06
1.219608984375000000e+05
1.487365820312500000e+04
4.846002187500000000e+05
9.607296093750000000e+04
7.264295625000000000e+05
1.026925625000000000e+06
1.948381562500000000e+05
3.745698500000000000e+06
3.157613085937500000e+04
1.160458046875000000e+05
1.077762875000000000e+06
1.861481875000000000e+06
7.206094375000000000e+05
4.255831250000000000e+05
5.141206250000000000e+05
7.439294000000000000e+06
4.284315500000000000e+06
9.177024375000000000e+05
2.286592773437500000e+04
2.818272812500000000e+05
1.369775875000000000e+06
9.035445312500000000e+04
6.802030625000000000e+05
1.273544433593750000e+04
5.844394531250000000e+03
3.285144375000000000e+05
9.325160000000000000e+05
1.464482187500000000e+05
9.122844375000000000e+05
3.564651953125000000e+04
3.270435742187500000e+04
4.824030937500000000e+05
5.892902734375000000e+04
1.209653906250000000e+05
1.863835937500000000e+04
2.336539843750000000e+05
2.648351953125000000e+04
1.488898593750000000e+05
4.931286718750000000e+04
7.813549218750000000e+04
5.052633203125000000e+04
9.177094375000000000e+05
2.412678750000000000e+05
3.442983125000000000e+05
1.674157031250000000e+05
2.958525937500000000e+05
4.035269062500000000e+05
7.882827343750000000e+04
9.842046250000000000e+05
1.573406875000000000e+05
2.450252187500000000e+05
6.445298750000000000e+05
6.995091406250000000e+04
1.817726562500000000e+05
3.408080312500000000e+05
2.880965625000000000e+05
9.784639375000000000e+05
9.865433593750000000e+03
6.051049218750000000e+04
7.332139843750000000e+04
2.228272343750000000e+05
7.267611718750000000e+04
1.227480625000000000e+05
6.329776953125000000e+04
1.838910750000000000e+06
1.241514218750000000e+05
6.985925000000000000e+04
3.545594375000000000e+05
1.138412875000000000e+06
7.633325000000000000e+04
2.946287695312500000e+04
1.959498593750000000e+05
7.742536250000000000e+05
3.340737500000000000e+05
1.378144750000000000e+06
1.667331375000000000e+06
1.235840500000000000e+06
4.429443125000000000e+05
1.318893250000000000e+06
1.424220750000000000e+06
1.531285000000000000e+05
7.742536250000000000e+05
7.441469726562500000e+03
9.177094375000000000e+05
8.650660937500000000e+04
1.125275625000000000e+05
9.508483750000000000e+05
2.347008007812500000e+04
7.287704687500000000e+04
3.299096875000000000e+05
2.509863593750000000e+05
1.885336375000000000e+06
3.798256562500000000e+05
1.660634375000000000e+05
4.054289250000000000e+06
4.662185937500000000e+05
1.788995625000000000e+05
4.024964500000000000e+06
5.351462500000000000e+05
7.196468750000000000e+04
1.147621875000000000e+06
1.348517625000000000e+06
3.741888750000000000e+06
9.425021875000000000e+04
1.158934082031250000e+04
7.187391875000000000e+05
2.640368500000000000e+06
3.745698500000000000e+06
2.875187812500000000e+05
7.167377500000000000e+05
1.235840500000000000e+06
5.110041500000000000e+06
5.520773125000000000e+05
9.200190000000000000e+06
8.670164375000000000e+05
6.863897500000000000e+05
6.057696500000000000e+06
7.336632000000000000e+06
2.150481000000000000e+06
1.095956375000000000e+06
3.128206500000000000e+06
2.320068750000000000e+05
4.742192000000000000e+06
9.785693750000000000e+05
3.668310500000000000e+06
6.992603500000000000e+06
7.444190500000000000e+06
5.180405000000000000e+06
6.338079500000000000e+06
8.840881250000000000e+05
3.595870000000000000e+06
6.259729500000000000e+06
9.784639375000000000e+05
7.496662500000000000e+05
5.163268437500000000e+05
1.384479750000000000e+06
9.566779375000000000e+05
1.085216625000000000e+06
9.101267500000000000e+05
7.742536250000000000e+05
2.647779062500000000e+05
4.608673437500000000e+05
2.859777750000000000e+06
6.249136250000000000e+05
6.540001875000000000e+05
5.847905625000000000e+05
2.156722500000000000e+06
6.174552500000000000e+05
7.699740625000000000e+05
5.178896250000000000e+05
6.164879375000000000e+05
1.285662875000000000e+06
1.098878375000000000e+06
1.838962500000000000e+04
2.135655250000000000e+06
5.764174316406250000e+03
1.281747656250000000e+04
4.868926000000000000e+06
1.078574843750000000e+05
5.351435546875000000e+04
1.222367773437500000e+04
3.475534062500000000e+05
6.174552500000000000e+05
4.939263437500000000e+05
2.008679843750000000e+05
5.162480312500000000e+05
1.544801406250000000e+05
1.333455781250000000e+05
1.165632000000000000e+06
2.019407343750000000e+05
1.946153125000000000e+05
1.804611406250000000e+05
6.036848125000000000e+05
8.940069000000000000e+06
4.540595000000000000e+05
4.763445500000000000e+06
1.700305750000000000e+06
9.395726875000000000e+05
1.235840500000000000e+06
6.444161250000000000e+05
6.502976875000000000e+05
2.355144062500000000e+05
3.214821250000000000e+05
4.189395000000000000e+05
4.430096500000000000e+06
1.347180750000000000e+06
2.163615750000000000e+06
1.682457500000000000e+05
2.441066000000000000e+06
7.229030000000000000e+05
2.663270312500000000e+05
5.283408750000000000e+05
3.651792812500000000e+05
7.792010000000000000e+05
1.081777656250000000e+05
1.646685625000000000e+06
8.083909375000000000e+05
2.852103125000000000e+05
3.854305000000000000e+05
6.298359375000000000e+05
1.742713593750000000e+05
4.908764453125000000e+04
7.742536250000000000e+05
1.515949687500000000e+05
5.520753125000000000e+04
1.239480750000000000e+06
2.287641718750000000e+05
4.648902343750000000e+04
3.461403437500000000e+05
3.390086250000000000e+05
3.154537250000000000e+06
1.085216625000000000e+06
1.415994500000000000e+06
1.054821500000000000e+06
8.940069000000000000e+06
3.254966562500000000e+05
1.032700437500000000e+06
3.745698500000000000e+06
9.881933125000000000e+05
1.138125250000000000e+06
1.940784500000000000e+06
9.285200000000000000e+05
2.975519500000000000e+06
1.270296750000000000e+06
1.179417125000000000e+06
1.778290750000000000e+06
9.509300625000000000e+05
5.460093500000000000e+06
6.461250000000000000e+05
1.107215000000000000e+06
4.281530625000000000e+05
2.703844250000000000e+06
1.076146250000000000e+06
6.580768750000000000e+05
7.169729375000000000e+05
5.225775312500000000e+05
1.469660125000000000e+06
9.317231250000000000e+05
1.950292812500000000e+05
1.673003375000000000e+06
9.784639375000000000e+05
1.258884296875000000e+05
1.763882031250000000e+05
3.321910625000000000e+05
3.798256562500000000e+05
6.298359375000000000e+05
2.896166210937500000e+04
1.235840500000000000e+06
8.501574218750000000e+03
2.897163085937500000e+04
1.558852875000000000e+06
1.213695703125000000e+04
8.828519531250000000e+04
1.185804531250000000e+05
1.766452500000000000e+05
2.098888750000000000e+06
1.653175937500000000e+05
8.034175000000000000e+05
1.563676250000000000e+05
1.675334250000000000e+06
2.539825250000000000e+06
1.880388281250000000e+05
3.851258750000000000e+05
8.369644531250000000e+04
1.672900937500000000e+05
4.402228500000000000e+06
1.407476375000000000e+06
9.854039375000000000e+05
1.340309375000000000e+06
7.066427343750000000e+04
3.080537812500000000e+05
2.103303250000000000e+06
2.283271562500000000e+05
8.428323125000000000e+05
2.144415000000000000e+05
6.485561500000000000e+06
1.557815375000000000e+06
6.924470625000000000e+05
7.474282500000000000e+05
1.008739437500000000e+06
3.505026250000000000e+06
1.976447000000000000e+06
3.769916875000000000e+05
4.358172500000000000e+05
1.308443500000000000e+06
2.966951562500000000e+05
1.619513375000000000e+06
4.522938500000000000e+06
1.182294250000000000e+06
1.573778250000000000e+06
1.627206250000000000e+06
3.983204750000000000e+06
3.742045750000000000e+06
4.404060937500000000e+05
1.415994500000000000e+06
6.143111875000000000e+05
8.656587000000000000e+06
1.128083125000000000e+06
9.077143125000000000e+05
5.319179500000000000e+06
8.406416875000000000e+05
5.241053437500000000e+05
5.914717500000000000e+05
1.277007625000000000e+06
3.458265312500000000e+05
1.022518250000000000e+06
3.430319062500000000e+05
8.631421250000000000e+05
2.175272000000000000e+06
2.460725500000000000e+06
5.145012500000000000e+05
1.855777750000000000e+06
3.825215000000000000e+05
2.195884062500000000e+05
3.485551875000000000e+05
4.809381562500000000e+05
1.424499125000000000e+06
2.482558906250000000e+05
7.868320625000000000e+05
7.670300000000000000e+05
3.749007187500000000e+05
5.332419375000000000e+05
6.298359375000000000e+05
3.798256562500000000e+05
1.000937031250000000e+05
1.235840500000000000e+06
4.760781875000000000e+05
2.025685625000000000e+05
1.558852875000000000e+06
6.833806250000000000e+05
1.229047890625000000e+05
5.953710625000000000e+05
1.303422000000000000e+06
1.308443500000000000e+06
1.137018750000000000e+06
7.681258125000000000e+05
9.301474218750000000e+04
6.769950500000000000e+06
5.512560000000000000e+05
5.589212500000000000e+05
1.926643875000000000e+06
4.421749062500000000e+05
4.254962500000000000e+05
5.599201000000000000e+06
3.325125500000000000e+06
4.607711250000000000e+05
1.303229250000000000e+06
9.243154375000000000e+05
5.182206562500000000e+05
5.662910625000000000e+05
1.311814500000000000e+06
3.974663437500000000e+05
1.104634125000000000e+06
1.869362750000000000e+06
3.519882000000000000e+06
2.217536500000000000e+06
8.517531250000000000e+05
5.440133125000000000e+05
2.114350250000000000e+06
2.963526250000000000e+06
1.737869062500000000e+05
6.031110625000000000e+05
1.752045500000000000e+06
1.176024000000000000e+06
3.504447187500000000e+05
1.305606625000000000e+06
7.344864062500000000e+04
6.765542000000000000e+06
1.235840500000000000e+06
4.678287890625000000e+04
4.054289250000000000e+06
1.157981718750000000e+05
8.008008300781250000e+03
3.556746250000000000e+05
3.130943250000000000e+06
1.299107265625000000e+05
1.549928750000000000e+06
4.887607421875000000e+04
1.770760312500000000e+05
4.083314000000000000e+06
8.144523125000000000e+05
1.614627500000000000e+05
2.451222187500000000e+05
1.302281375000000000e+06
8.145245312500000000e+04
4.256042187500000000e+05
2.834794062500000000e+05
8.199881250000000000e+05
3.260238437500000000e+05
1.434712250000000000e+06
1.245454843750000000e+05
6.406498828125000000e+04
7.790413750000000000e+05
2.640368500000000000e+06
3.798256562500000000e+05
8.817431875000000000e+05
2.030991562500000000e+05
9.784639375000000000e+05
4.797272500000000000e+06
1.818749531250000000e+05
7.795155000000000000e+05
9.883742187500000000e+04
5.831654375000000000e+05
1.468941375000000000e+06
7.743362000000000000e+06
5.042347812500000000e+05
1.974743750000000000e+06
1.226106953125000000e+05
5.382771875000000000e+05
1.791546125000000000e+06
1.809564375000000000e+05
7.436620000000000000e+05
1.052260500000000000e+06
5.921344500000000000e+06
4.789585625000000000e+05
1.862460125000000000e+06
1.482504000000000000e+06
1.382255500000000000e+06
4.215653500000000000e+06
4.854763125000000000e+05
3.465413125000000000e+05
1.146390429687500000e+04
6.835865625000000000e+05
3.942606250000000000e+04
3.550321250000000000e+05
3.820420312500000000e+05
3.747400000000000000e+04
1.699336093750000000e+05
2.691484687500000000e+05
2.005263281250000000e+05
1.305615250000000000e+06
3.504467187500000000e+05
7.358032500000000000e+05
4.054289250000000000e+06
2.386376250000000000e+05
8.373427500000000000e+05
1.549942125000000000e+06
9.383924375000000000e+05
3.090690000000000000e+05
9.056191875000000000e+05
8.863709375000000000e+05
1.531285000000000000e+05
4.649912812500000000e+05
6.474320625000000000e+05
1.969073281250000000e+05
7.223833125000000000e+05
6.917242187500000000e+04
7.602876562500000000e+04
2.077183437500000000e+05
3.798256562500000000e+05
2.923497851562500000e+04
2.614181054687500000e+04
3.642101562500000000e+04
3.615953000000000000e+06
4.054289250000000000e+06
1.003053671875000000e+05
2.135655250000000000e+06
1.466237500000000000e+04
6.895945312500000000e+03
9.971485000000000000e+06
1.982540312500000000e+05
2.233661718750000000e+05
2.379914453125000000e+04
7.742668750000000000e+05
1.085216625000000000e+06
2.609095117187500000e+04
2.127418750000000000e+04
7.653611718750000000e+04
4.291018437500000000e+05
1.075931750000000000e+06
9.606072500000000000e+05
5.890259375000000000e+05
1.897842187500000000e+05
5.701879375000000000e+05
2.958525937500000000e+05
8.626777343750000000e+04
9.395726875000000000e+05
9.416384375000000000e+05
7.457650000000000000e+05
1.085216625000000000e+06
3.546828750000000000e+05
8.474903125000000000e+05
2.898139062500000000e+05
3.400499687500000000e+05
1.605855781250000000e+05
1.513285500000000000e+06
3.327024375000000000e+05
1.653574843750000000e+05
1.185844625000000000e+06
9.450481250000000000e+05
9.070133750000000000e+05
5.433025000000000000e+05
3.488009375000000000e+05
2.423748281250000000e+05
2.745265937500000000e+05
9.849238125000000000e+05
1.090659625000000000e+06
2.581645156250000000e+05
4.854763125000000000e+05
1.764117500000000000e+05
1.603866625000000000e+06
4.877716562500000000e+05
7.343906875000000000e+05
8.334747500000000000e+05
3.377281875000000000e+05
7.308985625000000000e+05
2.640368500000000000e+06
6.378951171875000000e+03
9.277908593750000000e+04
1.885936093750000000e+05
1.125141375000000000e+06
5.283716250000000000e+05
2.985195625000000000e+05
5.059462812500000000e+05
1.235840500000000000e+06
7.649508750000000000e+05
1.073020625000000000e+06
1.226781000000000000e+06
1.167091375000000000e+06
8.785360000000000000e+05
5.101406250000000000e+05
5.118887187500000000e+05
7.750381875000000000e+05
7.766126875000000000e+05
5.769278750000000000e+05
9.636250000000000000e+05
9.042866875000000000e+05
2.334051875000000000e+05
3.402682812500000000e+05
9.177094375000000000e+05
8.835913000000000000e+06
1.079115375000000000e+06
1.070917750000000000e+06
5.178896250000000000e+05
1.692951750000000000e+06
1.520305750000000000e+06
9.153161875000000000e+05
8.777275000000000000e+06
1.068745500000000000e+06
1.518410375000000000e+06
1.085216625000000000e+06
6.765542000000000000e+06
5.770523125000000000e+05
3.615953000000000000e+06
1.375881562500000000e+05
7.345986875000000000e+05
2.182778000000000000e+06
1.783323125000000000e+05
1.867244375000000000e+06
8.721223750000000000e+05
7.606923125000000000e+05
7.498113750000000000e+05
2.148066562500000000e+05
2.446318125000000000e+05
2.418200156250000000e+05
4.281453125000000000e+05
5.946963125000000000e+05
4.036054687500000000e+04
2.319557500000000000e+05
7.804850781250000000e+04
1.743528281250000000e+05
4.753749687500000000e+05
1.225848828125000000e+05
1.907320937500000000e+05
1.134301562500000000e+05
1.930094687500000000e+05
2.135655250000000000e+06
2.499332500000000000e+05
2.585841562500000000e+05
5.077840625000000000e+05
7.742536250000000000e+05
7.453383750000000000e+05
1.756283125000000000e+05
3.359882500000000000e+05
1.031372687500000000e+06
4.035269062500000000e+05
2.227343906250000000e+05
7.868320625000000000e+05
8.492209375000000000e+05
2.897934375000000000e+05
7.672677500000000000e+05
1.517961625000000000e+06
2.958294687500000000e+05
6.630883125000000000e+05
6.572138750000000000e+05
8.547133750000000000e+05
5.169722812500000000e+05
9.955098437500000000e+04
9.919171875000000000e+04
6.784214000000000000e+06
5.116463500000000000e+06
1.963970750000000000e+06
1.235840500000000000e+06
4.894795312500000000e+05
1.717125625000000000e+05
5.106840500000000000e+06
2.462061250000000000e+06
2.349458500000000000e+06
4.612714687500000000e+05
2.804788250000000000e+06
7.343906875000000000e+05
1.653175937500000000e+05
7.740966406250000000e+04
6.298359375000000000e+05
8.709874218750000000e+04
1.287065234375000000e+05
1.205124625000000000e+06
6.294233750000000000e+05
7.062343750000000000e+04
1.819480000000000000e+05
5.982487500000000000e+05
3.615953000000000000e+06
1.085216625000000000e+06
1.156201660156250000e+04
6.765542000000000000e+06
4.194867968750000000e+04
9.559732421875000000e+03
2.182778000000000000e+06
1.266550390625000000e+05
2.387238867187500000e+04
1.114587656250000000e+05
2.645461875000000000e+05
1.507775500000000000e+06
1.062038625000000000e+06
3.299417812500000000e+05
1.204169750000000000e+06
3.798256562500000000e+05
7.699740625000000000e+05
4.619097500000000000e+05
3.782586250000000000e+05
3.615953000000000000e+06
3.454495250000000000e+06
2.143115625000000000e+04
1.053430250000000000e+06
7.711919921875000000e+03
1.048829101562500000e+04
1.940655000000000000e+06
4.024113281250000000e+04
2.766294531250000000e+04
1.277170410156250000e+04
8.619178125000000000e+04
1.976447000000000000e+06
2.081951250000000000e+05
9.376519531250000000e+04
6.870440000000000000e+05
4.763445500000000000e+06
7.649508750000000000e+05
1.251614500000000000e+06
4.709225000000000000e+06
6.802082500000000000e+05
2.327179531250000000e+05
4.009208125000000000e+05
3.545648437500000000e+05
3.504447187500000000e+05
6.765542000000000000e+06
1.044672812500000000e+05
1.176024000000000000e+06
7.705743750000000000e+04
2.870841210937500000e+04
3.556746250000000000e+05
4.417547265625000000e+04
7.717589375000000000e+05
1.376165000000000000e+05
7.819453125000000000e+04
8.940069000000000000e+06
3.555837812500000000e+05
3.997136250000000000e+05
1.159455500000000000e+06
2.135655250000000000e+06
1.235840500000000000e+06
1.398201855468750000e+04
1.085216625000000000e+06
8.849407226562500000e+03
1.180965156250000000e+05
4.761556000000000000e+06
1.855664648437500000e+04
2.537011718750000000e+05
7.057557031250000000e+04
3.174574687500000000e+05
1.415994500000000000e+06
1.085216625000000000e+06
3.615953000000000000e+06
1.707014453125000000e+04
3.745698500000000000e+06
3.769916875000000000e+05
1.790239843750000000e+05
6.765542000000000000e+06
2.870841210937500000e+04
1.044672812500000000e+05
1.270296750000000000e+06
1.094086000000000000e+06
1.634646875000000000e+05
2.182778000000000000e+06
7.585132031250000000e+04
2.552675312500000000e+05
7.398104375000000000e+05
1.560788000000000000e+06
1.655248906250000000e+05
7.717589375000000000e+05
4.263817812500000000e+05
4.402842812500000000e+05
4.296587500000000000e+05
4.537478125000000000e+05
3.703825000000000000e+05
3.613384375000000000e+05
8.865752000000000000e+06
7.326075625000000000e+05
3.880750000000000000e+05
1.431503125000000000e+06
9.200190000000000000e+06
5.110041500000000000e+06
6.276575000000000000e+05
3.110920000000000000e+05
1.235840500000000000e+06
1.761202250000000000e+06
1.964667031250000000e+05
1.594811375000000000e+06
8.250413281250000000e+04
6.020870000000000000e+05
4.742192000000000000e+06
8.944932500000000000e+05
9.868380625000000000e+05
5.026041000000000000e+06
7.333408750000000000e+05
8.493043125000000000e+05
2.959749750000000000e+06
5.259710000000000000e+05
1.157785875000000000e+06
1.012233687500000000e+06
2.861843250000000000e+06
2.422420750000000000e+06
1.632937875000000000e+06
2.480744250000000000e+06
1.301229750000000000e+06
2.322941500000000000e+06
2.372110000000000000e+06
1.916685125000000000e+06
4.113017812500000000e+05
2.351106000000000000e+06
9.784639375000000000e+05
1.298998281250000000e+05
2.308879101562500000e+04
1.545906718750000000e+05
6.174552500000000000e+05
9.789549375000000000e+05
2.787806562500000000e+05
5.110041500000000000e+06
1.603171718750000000e+05
8.168614375000000000e+05
4.773422500000000000e+06
4.794379687500000000e+05
5.069730937500000000e+05
1.619423875000000000e+06
1.622396500000000000e+06
2.135655250000000000e+06
8.477376250000000000e+05
1.587220000000000000e+06
2.122506250000000000e+06
6.298359375000000000e+05
1.079115375000000000e+06
4.619097500000000000e+05
6.278365000000000000e+05
7.316545625000000000e+05
2.714480937500000000e+05
1.244124707031250000e+04
6.769912500000000000e+05
1.068247070312500000e+04
4.269358886718750000e+03
1.825294625000000000e+06
5.963346093750000000e+04
2.990221191406250000e+03
1.590142285156250000e+04
5.131532421875000000e+04
3.798256562500000000e+05
9.784639375000000000e+05
2.143275000000000000e+04
2.640368500000000000e+06
5.764174316406250000e+03
1.371167187500000000e+05
1.468941375000000000e+06
7.988822265625000000e+03
1.409007031250000000e+05
2.229413906250000000e+05
2.300477187500000000e+05
1.222674375000000000e+06
2.413701250000000000e+06
1.614792187500000000e+05
8.855006875000000000e+05
1.083161875000000000e+05
6.508760000000000000e+05
1.594023625000000000e+06
2.303032343750000000e+05
8.325738750000000000e+05
8.957345625000000000e+05
1.295227625000000000e+06
6.174552500000000000e+05
7.699740625000000000e+05
5.178896250000000000e+05
6.164879375000000000e+05
3.910195625000000000e+05
4.308999500000000000e+06
1.943616625000000000e+06
1.415994500000000000e+06
8.766143125000000000e+05
1.585475875000000000e+06
1.065335500000000000e+06
3.861704062500000000e+05
4.250492500000000000e+06
1.398363750000000000e+06
1.057645125000000000e+06
2.135655250000000000e+06
6.540250625000000000e+05
1.155630375000000000e+06
1.516652125000000000e+06
1.085216625000000000e+06
4.642437812500000000e+05
8.945777500000000000e+05
8.196214375000000000e+05
9.403075625000000000e+05
2.415843250000000000e+06
1.976447000000000000e+06
6.709488281250000000e+03
2.879794750000000000e+06
1.415994500000000000e+06
9.442922851562500000e+03
4.921123750000000000e+05
2.041937656250000000e+05
5.660507031250000000e+04
5.567810500000000000e+06
5.872900000000000000e+06
1.614655175781250000e+04
3.358185750000000000e+06
1.959207500000000000e+05
1.361419531250000000e+05
8.738182500000000000e+05
4.332302187500000000e+05
9.452711718750000000e+04
1.209049531250000000e+05
4.112232750000000000e+06
6.079949375000000000e+05
5.038718437500000000e+05
5.279374375000000000e+05
1.901349687500000000e+05
6.904845625000000000e+05
5.510383750000000000e+05
4.094795000000000000e+05
7.279533125000000000e+05
6.849151875000000000e+05
6.459740625000000000e+05
1.309828437500000000e+05
8.291255625000000000e+05
4.931680312500000000e+05
