8.513188362121582031e-02
7.197713851928710938e-02
7.283711433410644531e-02
6.805896759033203125e-02
7.692623138427734375e-02
6.664729118347167969e-02
6.196165084838867188e-02
7.993268966674804688e-02
7.423567771911621094e-02
9.968709945678710938e-02
7.389330863952636719e-02
6.981635093688964844e-02
6.848835945129394531e-02
6.707262992858886719e-02
7.107615470886230469e-02
7.566571235656738281e-02
5.999326705932617188e-02
6.257462501525878906e-02
7.875919342041015625e-02
9.996390342712402344e-02
8.329534530639648438e-02
6.712818145751953125e-02
6.361031532287597656e-02
7.297205924987792969e-02
7.243776321411132812e-02
7.161951065063476562e-02
6.988906860351562500e-02
1.073763370513916016e-01
8.275771141052246094e-02
6.520652770996093750e-02
8.321499824523925781e-02
6.619143486022949219e-02
8.156204223632812500e-02
6.457924842834472656e-02
7.441258430480957031e-02
8.061480522155761719e-02
6.811237335205078125e-02
7.442927360534667969e-02
7.292389869689941406e-02
7.903337478637695312e-02
7.282757759094238281e-02
7.160830497741699219e-02
7.195353507995605469e-02
7.314801216125488281e-02
7.247042655944824219e-02
7.293820381164550781e-02
7.190585136413574219e-02
6.927514076232910156e-02
6.287026405334472656e-02
1.798486709594726562e-01
6.131148338317871094e-02
7.396101951599121094e-02
7.138395309448242188e-02
6.967115402221679688e-02
6.492686271667480469e-02
7.615756988525390625e-02
6.600594520568847656e-02
8.027887344360351562e-02
8.718347549438476562e-02
9.339284896850585938e-02
7.576036453247070312e-02
8.835005760192871094e-02
7.964968681335449219e-02
7.978940010070800781e-02
6.592154502868652344e-02
7.162785530090332031e-02
8.841323852539062500e-02
6.933712959289550781e-02
7.563543319702148438e-02
7.615661621093750000e-02
7.286620140075683594e-02
7.051229476928710938e-02
7.221364974975585938e-02
8.893537521362304688e-02
7.212758064270019531e-02
7.317662239074707031e-02
1.115341186523437500e-01
8.636760711669921875e-02
9.895730018615722656e-02
8.310055732727050781e-02
6.239819526672363281e-02
7.323694229125976562e-02
6.620383262634277344e-02
6.359481811523437500e-02
6.659817695617675781e-02
6.831312179565429688e-02
6.697750091552734375e-02
7.822418212890625000e-02
6.263470649719238281e-02
1.338675022125244141e-01
7.826757431030273438e-02
7.715177536010742188e-02
6.958150863647460938e-02
9.218454360961914062e-02
6.814265251159667969e-02
6.942248344421386719e-02
7.053852081298828125e-02
6.880474090576171875e-02
8.215022087097167969e-02
6.406474113464355469e-02
7.573032379150390625e-02
6.791830062866210938e-02
7.564997673034667969e-02
6.829357147216796875e-02
7.832121849060058594e-02
8.927726745605468750e-02
1.141967773437500000e-01
7.951283454895019531e-02
7.511308193206787109e-01
7.314491271972656250e-02
8.378505706787109375e-02
6.768226623535156250e-02
6.493997573852539062e-02
7.761502265930175781e-02
6.746244430541992188e-02
6.305289268493652344e-02
6.630110740661621094e-02
7.694888114929199219e-02
5.270838737487792969e-02
6.105303764343261719e-02
6.613397598266601562e-02
6.122255325317382812e-02
1.934471130371093750e-01
7.336258888244628906e-02
6.570386886596679688e-02
7.194638252258300781e-02
6.798434257507324219e-02
6.605911254882812500e-02
7.880902290344238281e-02
7.734632492065429688e-02
6.518864631652832031e-02
8.391118049621582031e-02
6.708455085754394531e-02
9.426784515380859375e-02
6.147074699401855469e-02
7.131218910217285156e-02
6.553316116333007812e-02
8.128619194030761719e-02
6.514024734497070312e-02
7.414150238037109375e-02
7.924513816833496094e-01
6.437802314758300781e-02
6.044197082519531250e-02
6.288886070251464844e-02
7.037997245788574219e-02
6.927537918090820312e-02
1.823210716247558594e-01
6.891393661499023438e-02
8.733773231506347656e-02
6.211829185485839844e-02
6.509780883789062500e-02
9.997034072875976562e-02
6.261873245239257812e-02
6.447386741638183594e-02
4.486966133117675781e-02
6.097698211669921875e-02
6.452941894531250000e-02
6.927680969238281250e-02
6.216239929199218750e-02
6.924510002136230469e-02
9.655690193176269531e-02
6.189203262329101562e-02
6.408190727233886719e-02
8.896636962890625000e-02
6.473731994628906250e-02
7.343935966491699219e-02
6.424570083618164062e-02
6.770300865173339844e-02
6.716442108154296875e-02
6.379580497741699219e-02
6.598949432373046875e-02
7.273149490356445312e-02
7.664871215820312500e-02
7.090258598327636719e-02
6.698441505432128906e-02
6.107282638549804688e-02
9.987401962280273438e-02
1.064693927764892578e-01
6.732082366943359375e-02
6.902885437011718750e-02
7.478284835815429688e-02
7.572555541992187500e-02
6.412839889526367188e-02
7.607412338256835938e-02
6.981801986694335938e-02
7.797551155090332031e-02
7.448387145996093750e-02
6.798458099365234375e-02
8.902287483215332031e-02
7.022666931152343750e-02
8.940768241882324219e-02
7.435274124145507812e-02
6.035733222961425781e-02
7.117629051208496094e-02
6.500601768493652344e-02
6.461787223815917969e-02
1.097922325134277344e-01
8.227872848510742188e-02
7.096028327941894531e-02
8.237338066101074219e-02
