1.357607051567066625e+00
1.628667667020538889e+00
1.675109023434652400e+00
1.039436375064966667e+00
1.102823231418929906e+00
1.426420862969652870e+00
1.061701891468950221e+00
1.320962213190984169e+00
1.198439076482017640e+00
1.763894855648754367e+00
1.109689395813620250e+00
1.333573513706003411e+00
1.191896247830196653e+00
1.989960098227298690e+00
1.074013582274170320e+00
1.191151996653254885e+00
1.281520576760581065e+00
1.011589936689870406e+00
1.358788963230874058e+00
1.488737341817769844e+00
1.377410977655936231e+00
1.216786915294020277e+00
1.644118849203862753e+00
1.538180530347039943e+00
1.519073927729447382e+00
1.556019215162240288e+00
1.377382689316164699e+00
1.183468567975395569e+00
1.522800594434328358e+00
1.503252269975017041e+00
1.821730736020207075e+00
1.287732458925646473e+00
2.161516935435699338e+00
1.545593995112592323e+00
1.142677495229538209e+00
1.493638728934277626e+00
1.546346151347379516e+00
1.037481499226076798e+00
2.810954602035669936e+00
1.036330605758667200e+00
1.544248410248228343e+00
1.310046513899947751e+00
1.499931771067538833e+00
1.217232995149853281e+00
1.236495658081945503e+00
1.610482142238467640e+00
1.473213910990284203e+00
1.171884669363840503e+00
1.326775640777432042e+00
1.522264558564347281e+00
1.378138991482094511e+00
1.684440917474669730e+00
1.070983606663255649e+00
1.323473914016710218e+00
1.520682380138916434e+00
1.577288440773008116e+00
1.159013913973353072e+00
1.069503014840457622e+00
1.388085296936179436e+00
1.131446651316761365e+00
1.216267974790247397e+00
1.412811296425356300e+00
1.468000352160158339e+00
1.261182548377055346e+00
1.388932827812063397e+00
1.052210601669778978e+00
1.266350868954274400e+00
1.100584319835872238e+00
1.787310257583459849e+00
1.326003323762566577e+00
1.289530651042177567e+00
1.804257520939573034e+00
1.976510690771207779e+00
1.099557914206371390e+00
1.670518175840463249e+00
1.381934547866560559e+00
1.272454489300832492e+00
1.322453310271310079e+00
1.084959244430258485e+00
2.060392623611921881e+00
1.701652916083391753e+00
1.765326250932408358e+00
1.181628144842337136e+00
1.177976225176818659e+00
1.353785674511256421e+00
1.007560220818628949e+00
1.020058269325676559e+00
1.210283540557954840e+00
1.219690995742627182e+00
1.110101923049021666e+00
1.281176725795954541e+00
1.003029206482597635e+00
1.248651433910653807e+00
1.135932818583935244e+00
1.177123256675783880e+00
1.411609511895683733e+00
1.338488000531388389e+00
1.205070438878891315e+00
1.516717733948208080e+00
1.072615229066042009e+00
1.098425684819466897e+00
1.093067292393126166e+00
1.081833916231767390e+00
1.229427355240108710e+00
1.562567778264859042e+00
1.657774637048144983e+00
1.220145726167836786e+00
1.207717592399710993e+00
1.979760989278162908e+00
1.082869007818776375e+00
1.459777085543483954e+00
1.776153773976641981e+00
1.138016471598130241e+00
1.010684159341994404e+00
1.466939434424210820e+00
1.395819653642646152e+00
1.256738287327214376e+00
1.187069107910411647e+00
1.017601254905372565e+00
1.041061693746010208e+00
1.272845918377665475e+00
1.527510990308091454e+00
1.121415828356151057e+00
1.667256484514873405e+00
1.380530162910709846e+00
1.380305120917634021e+00
3.422407849140870706e+00
1.150119768296251177e+00
1.291170168548170905e+00
1.540435532665137330e+00
1.242479426349013760e+00
1.273872638986591088e+00
1.994483777045320538e+00
1.552753772866766191e+00
1.019258459127994954e+00
1.015062387111788977e+00
1.452204491419893939e+00
1.013825673900226709e+00
1.719068865518696976e+00
1.175638448441922446e+00
1.666289886732366554e+00
1.557191188419465799e+00
1.011947533922366915e+00
1.130812220581974836e+00
1.687300709395759712e+00
1.151750414821512969e+00
1.172908415452656783e+00
1.157356372863047822e+00
1.519262558240869421e+00
1.298048017223324635e+00
1.697806068862983464e+00
1.433869207457869388e+00
1.352129438000100548e+00
1.257161330137031907e+00
1.458488646251983045e+00
1.320052055431323090e+00
1.258900116552762016e+00
1.662120053843099576e+00
1.113066287741756533e+00
1.448756365756097564e+00
1.059134700818919805e+00
1.036279455985545495e+00
1.035324104693167380e+00
1.325305881110587114e+00
1.926765587637418120e+00
1.271780559472967198e+00
1.085733593021787513e+00
1.852588390798770135e+00
1.293890831478925918e+00
1.200789112421161375e+00
1.308219900514254519e+00
1.313096516360458876e+00
1.715787506170073140e+00
1.703080350161361389e+00
1.578552967139165375e+00
1.131129936222892374e+00
1.832977126499397258e+00
1.352352378781220166e+00
2.297492564833144790e+00
1.449576195091544895e+00
1.031346544337732318e+00
1.336821880027579956e+00
1.501072971727677841e+00
1.467302042026393583e+00
2.333037496615333328e+00
1.833092011605924387e+00
1.276121495849664278e+00
1.050595220957883269e+00
1.102048973915913388e+00
1.201383776287666016e+00
1.133631810138485907e+00
1.426578866879278484e+00
1.159749062670795361e+00
1.490069372675006720e+00
1.508152986330307144e+00
1.727881866315101433e+00
1.131230935097871537e+00
1.968957193587186350e+00
1.056773568699143073e+00
1.598006736923784477e+00
1.294839202759554775e+00
1.754245942173314310e+00
1.462728719616237960e+00
1.088656976176486157e+00
1.724443942023532017e+00
1.097465165984784941e+00
1.582765873693053660e+00
1.101200890446820901e+00
1.355660920322326435e+00
1.276930709434300537e+00
1.224082328512739792e+00
1.889396244404267566e+00
1.326418159062592306e+00
1.534688615464844696e+00
1.032046813472143887e+00
1.454036103363239185e+00
1.345827353458882047e+00
1.273891851858768964e+00
1.135078516260949799e+00
2.802972944785556919e+00
1.752577522677081889e+00
1.256853171923583146e+00
2.375134603878736872e+00
1.363568731547325275e+00
1.335016117794818769e+00
1.173903114496933187e+00
1.155507019664878232e+00
1.501569849892792519e+00
1.009063064400132825e+00
1.149195860178612527e+00
1.318446800627217641e+00
1.021245738615907284e+00
1.188854940546646199e+00
1.591276921821890733e+00
1.103445476120180846e+00
1.174370706711873158e+00
1.330993147236122498e+00
1.295918559006880688e+00
1.643540971564301012e+00
1.486316285943302562e+00
1.129457391666990551e+00
1.437462134866230645e+00
1.880814997264543154e+00
1.762516192434663731e+00
3.049198488472937729e+00
1.156075271037235508e+00
1.489050875424021259e+00
1.970694245445314019e+00
1.247774770879853223e+00
1.380881328946491626e+00
1.064611977484868577e+00
1.210270585556830980e+00
1.632371413262605930e+00
1.394804902323962592e+00
1.994725662631373186e+00
1.004957073532791734e+00
1.539875190192260712e+00
1.380293938350427130e+00
1.315582025203359873e+00
1.326109654403419880e+00
2.593610510840047567e+00
1.489061349678046264e+00
1.227608049516219157e+00
1.163481238851379107e+00
1.213645361847051962e+00
1.555397835591056266e+00
1.129587745483350281e+00
1.412397137004013592e+00
2.014605962902895175e+00
1.049139935234459919e+00
1.806851120040504188e+00
1.589669966422968983e+00
1.820537237741468806e+00
1.400886320936564067e+00
1.158979053200669629e+00
1.534541965101613892e+00
1.173987914350234751e+00
1.025544534466846569e+00
1.197906319859847413e+00
1.096869012194923609e+00
1.341961763231547478e+00
1.017665538869205299e+00
1.071885031665938071e+00
1.086380021493702275e+00
1.715085212859378760e+00
1.332139011302591713e+00
1.483108049630287750e+00
1.756445269469220749e+00
1.585452931744563809e+00
2.578067547007427240e+00
1.112663170112692335e+00
2.145585061186497278e+00
1.947180670376207789e+00
1.509470722570628753e+00
1.425813834540864411e+00
1.671116134155224309e+00
1.031956733651084424e+00
1.390646739763010453e+00
1.029761775510896760e+00
1.032731184184751072e+00
1.488614540518965468e+00
1.512332620041469733e+00
2.890205293989153379e+00
1.508998994455807319e+00
1.035239419270401973e+00
1.371919656791150022e+00
1.121455754637952884e+00
1.333149844893164460e+00
1.693887932723774581e+00
1.023930012245575449e+00
1.876343567147442659e+00
1.012702197234508494e+00
1.606999257319915664e+00
1.376282445724182235e+00
1.381110766584217275e+00
1.435456605539192632e+00
1.498505102536818345e+00
1.216163913661886697e+00
2.125774532346315748e+00
1.170669571854471069e+00
1.179729514274464819e+00
1.049913653547907888e+00
1.242631125373207412e+00
1.079085060680068819e+00
1.160667625434063543e+00
1.218488975318250178e+00
2.711833289460156671e+00
1.163807782677662050e+00
1.072294528682556480e+00
2.042066958484590078e+00
1.728155577475454230e+00
1.162025236931284233e+00
1.043362705432399506e+00
1.250228762928954795e+00
1.123949553367882936e+00
1.403352664949157447e+00
1.062304039126728883e+00
1.199674268262445054e+00
1.152872830210558197e+00
1.410456170618780591e+00
1.043448220370044144e+00
1.416544965078939455e+00
1.013296717614122988e+00
1.922070307407551359e+00
1.475090296222493436e+00
1.337533828167357441e+00
2.554390314877567736e+00
1.275605674762942732e+00
1.300695332328474452e+00
1.227679514298448682e+00
1.049497247030503289e+00
1.434289314210759114e+00
1.281542543320276284e+00
1.078828898535669101e+00
1.626274813230745631e+00
1.248472699665466257e+00
1.948282483325761705e+00
1.324318287455554577e+00
1.174209481420267931e+00
1.678971758818931015e+00
1.808371765349687799e+00
1.624796117113833205e+00
1.423970215101688863e+00
1.606548792028331896e+00
1.189641571965887712e+00
1.386205692259756539e+00
1.794824762954275066e+00
1.136834646736866405e+00
1.223599651533089805e+00
1.568890823160738579e+00
1.426019794504887361e+00
1.131491961159107440e+00
1.347352491025024079e+00
1.675510109225284205e+00
1.188123786172375684e+00
1.166475196416244087e+00
1.109148390411690999e+00
2.232210369479857626e+00
1.185096196608109720e+00
1.292993523254623467e+00
2.069697692737174410e+00
1.122074515974740283e+00
1.416357478104520506e+00
1.245159734157121001e+00
1.074272341465098535e+00
1.895132071183568634e+00
1.020333957942952230e+00
1.103183226722775467e+00
1.314256538770820049e+00
1.910277557773805812e+00
1.365652524614202168e+00
1.514726573814021426e+00
1.296677542978463604e+00
1.019418336394675162e+00
1.022936381084565971e+00
1.183892210827802272e+00
1.626543170807600358e+00
1.208406400330940711e+00
1.035453241186835793e+00
1.221531557324105899e+00
1.405267478409315762e+00
1.095850366572568291e+00
1.037136083358987326e+00
1.517507459682180704e+00
1.173258255212850543e+00
2.162462750770399733e+00
1.634499058977592290e+00
1.166982398485034489e+00
1.382840763297704889e+00
1.601682725906401261e+00
1.138187834867017356e+00
1.395233354190369424e+00
1.862214517388151025e+00
1.545906211388902163e+00
1.207312163747658262e+00
1.131252088424655300e+00
1.072779488836099970e+00
1.715837318022532365e+00
1.450455930019834749e+00
1.370903511281124976e+00
1.264782690702225931e+00
1.322812598668036133e+00
1.797180232110994869e+00
1.136376938665882408e+00
1.562402031342458919e+00
1.187216341380852302e+00
1.593778511536687814e+00
1.432028186059153718e+00
1.079915179097382216e+00
1.284321591617719527e+00
1.086107879776198715e+00
1.691505691128477151e+00
1.388038979816023977e+00
1.072146393581416612e+00
2.071592799233868742e+00
1.156208924026629781e+00
1.757497921597141133e+00
1.185995792744966693e+00
1.753206263670009868e+00
1.255492985443318998e+00
1.458493556094342614e+00
1.005942512430173741e+00
1.426363018276868955e+00
1.688324676304599148e+00
3.920647622194640913e+00
1.074408690427734570e+00
1.270765617529888702e+00
2.945867932408880119e+00
1.069116439404815599e+00
1.547564605085209877e+00
1.929805233532877695e+00
1.701780584040061051e+00
1.684714549637227332e+00
1.365789100067628103e+00
1.327456497998537710e+00
1.353184724028382968e+00
1.075736657199417357e+00
1.055897500521249865e+00
2.342162894704346687e+00
1.220814650127874712e+00
1.324025398892792138e+00
1.383779996153852387e+00
1.103920862787994617e+00
1.555675206634789864e+00
1.946071833749601243e+00
1.146566399899448419e+00
1.251968740512093836e+00
1.406930952192632533e+00
1.433625943718437767e+00
2.092388216542357071e+00
1.427417927799806918e+00
1.035003988344083581e+00
1.146631347677689483e+00
1.320896042196761488e+00
1.152968989310879655e+00
1.135891367338874858e+00
1.114191404149782239e+00
1.251752648090413311e+00
1.038171297917587665e+00
1.087922503228198057e+00
2.255015648895822622e+00
1.262292171246870431e+00
1.356071790816415934e+00
1.689691932695969179e+00
1.324404153879686907e+00
1.585273931655683644e+00
1.398034469657039480e+00
1.229722431192289855e+00
1.108924353966111775e+00
1.251157383335699036e+00
1.228688217523383752e+00
1.619925231754418604e+00
1.256602725762856476e+00
1.007330337637539985e+00
1.129775736213595838e+00
1.030153027876512306e+00
1.085860586002973527e+00
1.324717109240571178e+00
1.187748600457208648e+00
1.593972192109346153e+00
1.168533760318920312e+00
1.165874650795429845e+00
1.145884626223738767e+00
1.413444798528724178e+00
1.036950516709351122e+00
1.092365748411084247e+00
1.127732644043659471e+00
1.012144373084820748e+00
2.000292234099530830e+00
1.281668850214599198e+00
1.048208064435058873e+00
1.049337168366772932e+00
1.131114138967067362e+00
1.406140961164058067e+00
1.315477242658226187e+00
1.186553727564908733e+00
1.156412054801297939e+00
1.551297434863823987e+00
1.077690336902541901e+00
1.005384955324163609e+00
2.079429992634682201e+00
1.236432740226449001e+00
1.185891988666655905e+00
1.057709011395784771e+00
1.326589198121389312e+00
1.295786634374004320e+00
1.198107242330454403e+00
1.060418461544930135e+00
1.216323544352592823e+00
1.203704650148347044e+00
1.401226190626665424e+00
1.642767705107015308e+00
1.472476148519349604e+00
1.810498765221160822e+00
1.400691430788874925e+00
1.286563958482603409e+00
1.341055813958411891e+00
1.281716205898389083e+00
1.333512339839549643e+00
1.162121786958199454e+00
1.018511378810157408e+00
1.282721812636319347e+00
1.484225525717003169e+00
1.161058452881362335e+00
1.130660080414110258e+00
1.183801831308060937e+00
1.189796488618704684e+00
1.207806503602151915e+00
1.905698469866583311e+00
1.284550504407985239e+00
1.221345002173753080e+00
1.039658320381049883e+00
1.131530832273713205e+00
1.308591193183570978e+00
1.062785998530735521e+00
1.370808088667487601e+00
1.149880934532314436e+00
1.066495976657045652e+00
1.490322765104508340e+00
1.175665186527457218e+00
1.002526920835631552e+00
1.006415003060565416e+00
1.140542476941435401e+00
1.523316139225420196e+00
1.048760416510973625e+00
1.123705951577139706e+00
1.335090901823967391e+00
1.420566869937937016e+00
1.251446567559677314e+00
1.175089459965349192e+00
1.457937533736763935e+00
1.163468650856259279e+00
1.587930508429074905e+00
2.333250838515103176e+00
1.004373488605795783e+00
1.379591856334933198e+00
1.313546589220332406e+00
1.007709162527398394e+00
1.050150415056818387e+00
1.262272846828314199e+00
1.045547070779367926e+00
1.384835265288842931e+00
1.178178888896227905e+00
1.000647386407829353e+00
1.361154121956715368e+00
1.215267193899218334e+00
1.227571919670541023e+00
1.065101653619551225e+00
1.579196982985343389e+00
1.494460398386069366e+00
1.317388876431465183e+00
1.267528731927532570e+00
1.032824059189766164e+00
1.403305596594031091e+00
1.365611814854988726e+00
1.338687338376528313e+00
1.432628948344677022e+00
1.038622453828611736e+00
1.393168514568195349e+00
1.132412185413629535e+00
1.209346954512946937e+00
1.391331943311139963e+00
1.107237811068144673e+00
1.110992074160983112e+00
1.300300416449182039e+00
1.983980735386929872e+00
1.154127560532544727e+00
1.408366137276475749e+00
1.031441587552590189e+00
1.305977407418635883e+00
1.112799445841738732e+00
2.011156433819913048e+00
1.197970208190862973e+00
1.434720484601294199e+00
1.130782845737066111e+00
1.079793136127539244e+00
1.064921173727295889e+00
1.288353190573636287e+00
1.110930816860598025e+00
1.199353002917535438e+00
1.201009492887007424e+00
1.014619057870406627e+00
1.272742580071941632e+00
1.141965835958679065e+00
1.262299877245236068e+00
1.038808420588964943e+00
1.357280133820796042e+00
2.267636301449875713e+00
1.202166507321376754e+00
1.031244876983087977e+00
1.007501754197574595e+00
1.081345949343695878e+00
1.276248820454344512e+00
1.228562367112216558e+00
1.046151474462908570e+00
1.910871445370206478e+00
1.187871126960792223e+00
1.133932324132145064e+00
1.167801499546070154e+00
1.115860234735178924e+00
1.168857678499513719e+00
1.431958876111766532e+00
1.076161830916422479e+00
1.010528262847117054e+00
1.022898266614142404e+00
1.052386329326568282e+00
1.186124168910810628e+00
1.201317053425565051e+00
1.998607838597457054e+00
1.204318373447387458e+00
1.186257887616144702e+00
1.068966770677024947e+00
1.448590193429450945e+00
1.036408012295472858e+00
1.162704745027166364e+00
1.261773575184950147e+00
1.326700743443411490e+00
1.057539798675179998e+00
1.059705068873558531e+00
1.691905704619706574e+00
1.054239245048745888e+00
1.010473665872498206e+00
1.271552084029350382e+00
1.643583448625661525e+00
2.102490145216243000e+00
1.556911498750185086e+00
1.054004849807141042e+00
1.359121136128710328e+00
1.490321160832326575e+00
1.020408600363211349e+00
2.249653710064078105e+00
1.285369611747829932e+00
1.010545648374703065e+00
1.374379582432836200e+00
1.236001768122855005e+00
1.369031971980956275e+00
1.572356756636987152e+00
1.322835278425606331e+00
1.396298449970942102e+00
2.179121890230065528e+00
1.089328755161941276e+00
1.299941678981554549e+00
1.266292174926345382e+00
1.128674723257041324e+00
1.043580054027038351e+00
1.330556855725839593e+00
1.156951358913426597e+00
1.607850565818142341e+00
1.193904020041787195e+00
1.403088924250996739e+00
1.775569304771615453e+00
1.048097724994789148e+00
1.036012567443682197e+00
1.322872307333362141e+00
1.006996878966824216e+00
1.351294183356197998e+00
1.211309502900885127e+00
1.866194097499234594e+00
1.916117868820639725e+00
1.407330163659656463e+00
1.065780436144033949e+00
1.005244376848331234e+00
1.451223737608541065e+00
1.341843134635632095e+00
2.213983385818474314e+00
1.336594633022927248e+00
1.227323452773582790e+00
1.176939013112787702e+00
1.263615681729449491e+00
1.119080895645203189e+00
1.053792066145261108e+00
1.024670876851766055e+00
1.054516976739440448e+00
1.170109582019503547e+00
1.472055195010302908e+00
1.128350677645813871e+00
1.221160077680401246e+00
1.077215194363530415e+00
1.026029465453276002e+00
1.331675090216116075e+00
1.314219031587149145e+00
1.219003906537725390e+00
1.183098436893987859e+00
1.712467912083930788e+00
1.186044360467446435e+00
1.191392246505133201e+00
1.174183136158956975e+00
1.057812414531549283e+00
1.063518096605625907e+00
1.410851622451595233e+00
1.069087480725000150e+00
1.076671592628107188e+00
1.465692156102414989e+00
1.073481563097256730e+00
1.337694057100576206e+00
1.991319687178141340e+00
1.091360635188721062e+00
1.367760227370462989e+00
1.016287668195216876e+00
1.034031710058484155e+00
1.083005750244483423e+00
1.079465113572963375e+00
1.548190315086126034e+00
1.216800355473494077e+00
1.098345224582630175e+00
1.031793889257265562e+00
1.156896155528363002e+00
2.639369168668699750e+00
1.508348127627549218e+00
1.143693248973540522e+00
1.386541291033499324e+00
1.129305086549562853e+00
1.169702153231752417e+00
1.200933798505802841e+00
1.034247930842385088e+00
1.937756370186528354e+00
1.307006241742378894e+00
1.621559254669488137e+00
1.065864944291206040e+00
1.620140414269517715e+00
1.042425572238766751e+00
1.242331487458515404e+00
1.573940967756474851e+00
1.158429059609243916e+00
1.048319839084410177e+00
1.089105633804314355e+00
1.291709140080934848e+00
1.148843823221913141e+00
1.053650764398816220e+00
1.079612001525741105e+00
1.579019017193636465e+00
1.481200497845186925e+00
1.252113432467033771e+00
1.057907590031527123e+00
1.033503855324882759e+00
1.099914844905977018e+00
1.170921888013015444e+00
1.515356211969787870e+00
1.004469483077536029e+00
1.943233381066325816e+00
1.178321024417366525e+00
1.321804684011384179e+00
1.305857080830150618e+00
1.215802588423105846e+00
1.349897042559631943e+00
1.133855767070197196e+00
1.430007809938216745e+00
1.324023185431326688e+00
1.204812844100021652e+00
1.059896074022059098e+00
1.236391724735711906e+00
1.281111118492584966e+00
1.090129398810496308e+00
1.082999623787380461e+00
1.398758908640090226e+00
1.246015694209744895e+00
2.198747261552579602e+00
1.096851524662272981e+00
1.239884897447975698e+00
1.227963767335120027e+00
1.289578251679265319e+00
1.014733200074981800e+00
2.775299508469679655e+00
1.137435548012301734e+00
1.423582963191010409e+00
1.359348772450921228e+00
1.709066889204164275e+00
1.371384461607612293e+00
1.738601428640343283e+00
1.717515658252410038e+00
1.214288978176450540e+00
1.169418572934344702e+00
2.477486921126815123e+00
1.043755452702907149e+00
1.263235564984213077e+00
1.320905241361998828e+00
1.326598725260501821e+00
1.069457766395319975e+00
1.142884868007626675e+00
1.117812774938937492e+00
1.363632590798741218e+00
2.032152001514750062e+00
1.112162173356679107e+00
1.148804821451909985e+00
2.367425093268325398e+00
1.557215257808739706e+00
1.037699850412447944e+00
1.681205680930914381e+00
1.598980752332450406e+00
1.654593531529375827e+00
1.146223459041794790e+00
1.277727480194528420e+00
1.420838272570663641e+00
1.151547642563078400e+00
1.216525102318281260e+00
1.043097423698890802e+00
1.436202878629960544e+00
1.176436479178228245e+00
1.495768518500107502e+00
1.000679254660481909e+00
1.136169652900316018e+00
1.965056323977945496e+00
1.304969285648110766e+00
1.227825527159949193e+00
1.261329134913842909e+00
1.343431179543869591e+00
1.501906443389143586e+00
2.043394552714591139e+00
1.194161775710944617e+00
1.072066200777786582e+00
1.183160214036569569e+00
1.037901725638534112e+00
1.282617799580322737e+00
1.367459647126977318e+00
1.138238619538501695e+00
1.156089827247703816e+00
1.375003904062220839e+00
1.215455529737751839e+00
1.391695473800669713e+00
1.069837740053786623e+00
1.220039841468986141e+00
1.127676103662208273e+00
1.008246599575739921e+00
1.415365660041055795e+00
1.135992678273176182e+00
1.203846943321503771e+00
1.498058272288042891e+00
1.430232516041504365e+00
1.110959367009923815e+00
1.157937140889629513e+00
1.081217424696012452e+00
1.316483841184302728e+00
1.979454533330044841e+00
1.389392546630007885e+00
1.279361166746862066e+00
1.175753347206659249e+00
1.250226650487336277e+00
1.008280925962168117e+00
1.107108535718220210e+00
1.427985259526525885e+00
1.633189320979262726e+00
1.165468373499106702e+00
1.234194699659112437e+00
1.570378696085042769e+00
1.117137108371605958e+00
1.133114370247900071e+00
1.298949584915555455e+00
1.183373640166972329e+00
1.074572774214721305e+00
1.239701150944451324e+00
1.507650004120434595e+00
1.238483420767744425e+00
1.407455373805189369e+00
1.259546495038486480e+00
1.012178204010462101e+00
1.263021628261720597e+00
1.118692066708512067e+00
1.231216347752887019e+00
1.039305593282793705e+00
1.444211189657258032e+00
1.205783423959374323e+00
1.229302086846852049e+00
1.546399734499018574e+00
1.224447709516353511e+00
1.096335541670537594e+00
1.060585317327643162e+00
1.257637330560312572e+00
1.899541515020194860e+00
1.623071736157721601e+00
1.065507058554634012e+00
1.820385885497143752e+00
1.003297170137654515e+00
1.084038242526139451e+00
1.065104198910338695e+00
1.290371461197980407e+00
1.022836185965774636e+00
1.094728743246076386e+00
1.027069098628277555e+00
1.252495075878825137e+00
1.057887535644552734e+00
1.097501386086828346e+00
1.414904977154399335e+00
1.369356831622720039e+00
1.132842356820806584e+00
1.019934486193973866e+00
1.031034487766787633e+00
1.481182644101186385e+00
1.230144456882306336e+00
1.001836443713283398e+00
1.046561208612875271e+00
1.198664292773750528e+00
1.371363149919674562e+00
1.097127965262678861e+00
1.429609071281379373e+00
1.167709217727892268e+00
1.047888287362437554e+00
1.078246089909152161e+00
1.091417442270659954e+00
1.402371503225056770e+00
1.270683308966227720e+00
1.144020051312784947e+00
1.194261454851575754e+00
1.333468908509358508e+00
2.743081968568658269e+00
1.303393430543466014e+00
1.340806258866557688e+00
1.365616945723181264e+00
1.290989756222814533e+00
1.229324350168793156e+00
1.135849557382493602e+00
1.099954240584454901e+00
1.269109460240544607e+00
1.052030374237902910e+00
1.000243192133717374e+00
1.094348151937270863e+00
1.034003452808060386e+00
1.069514457657344986e+00
1.212168757466587810e+00
1.236258570350913022e+00
1.088706611245528144e+00
1.234113905301480019e+00
1.205233129028062899e+00
1.152317549402950059e+00
1.204673066245960600e+00
1.424652398833448075e+00
1.579326416394947419e+00
1.085125597484951410e+00
1.111573566822655179e+00
1.345884862460027032e+00
1.308605373164403618e+00
2.054224433696638652e+00
2.691429438171789812e+00
1.014191643180438529e+00
1.051852714332859984e+00
1.343911139467407923e+00
1.017962962595618803e+00
1.250846026462372196e+00
1.191988664246145913e+00
1.225950837387521197e+00
1.416150261473807959e+00
1.144989259210324350e+00
1.356764345752783152e+00
1.077193008878992497e+00
1.588881145036187714e+00
1.028094420726760605e+00
1.251123023534368883e+00
1.100874737139983850e+00
1.108269524792209637e+00
1.028298564686978889e+00
1.175056295109965232e+00
1.323154477773988091e+00
1.177658302697771164e+00
1.307788206226115024e+00
1.007193004030022321e+00
1.292711963962840160e+00
1.053486798857353746e+00
2.201866024847202397e+00
1.240218989193300647e+00
1.472023813779932855e+00
1.090737005805245241e+00
1.121083455893500336e+00
1.448634352124935187e+00
1.301673897207888730e+00
1.602852334374836207e+00
1.088908596460409939e+00
1.215131276852150055e+00
1.391442871266862058e+00
1.059581151986260128e+00
1.187863144140013816e+00
1.044567667829672475e+00
1.191110636017238544e+00
1.000004853532141302e+00
1.367974173138398974e+00
1.029181523132088882e+00
1.232540002188090567e+00
1.213736866365997535e+00
1.078041316982847331e+00
1.374822277120457237e+00
1.036984469947071830e+00
1.067780691268719329e+00
1.105348003120212086e+00
1.237973616508624586e+00
1.093782141084606474e+00
1.227928744461804555e+00
1.122247279791346308e+00
1.196806667944460889e+00
1.375128893691856424e+00
1.318274197360907563e+00
1.076683248169878704e+00
1.178576615935770011e+00
1.606355380699806767e+00
1.120519884454748372e+00
1.229145417956474029e+00
1.595221023753663481e+00
1.039913206439602167e+00
1.489035674825227362e+00
1.390276520650706837e+00
1.091657749674293854e+00
1.008252101841538906e+00
1.271556255509958655e+00
1.139858851059349698e+00
1.216757800741990359e+00
1.120946782881659720e+00
1.411861790669053152e+00
1.130669941069743833e+00
1.050663124587128960e+00
1.131149206132692875e+00
1.471965993353342661e+00
1.220470521919072349e+00
1.492798520965617382e+00
1.029120923712034230e+00
1.314504742059187770e+00
1.151949796676140281e+00
1.220811189607856617e+00
1.192554167059822534e+00
1.422317546219594275e+00
1.912448499360793752e+00
1.044161050753704245e+00
1.032987686837437691e+00
1.476337747575544146e+00
1.345019982743177023e+00
1.478691179613133455e+00
1.066685573241169305e+00
1.066371167517247143e+00
1.298958161805582323e+00
1.133502153480071772e+00
1.047631072664644281e+00
1.143064620704560275e+00
1.169274720892071739e+00
1.127830498755204358e+00
1.274431546210189392e+00
1.061301446316658570e+00
1.106203617722007149e+00
1.405790536272684355e+00
1.332338483027717624e+00
1.948207738000715450e+00
1.346776591380633326e+00
1.147255884238515211e+00
1.444860865338307043e+00
1.105485188120653550e+00
1.227691759438619856e+00
1.122003852528619339e+00
1.210436691851025648e+00
1.361002070701484268e+00
1.086170418881809097e+00
1.005859369767014400e+00
1.272471389939412889e+00
1.014629700948648461e+00
1.596488865283888003e+00
1.105599043305098617e+00
1.007065782647401431e+00
1.475372805710456703e+00
1.223187912696394264e+00
1.036940018347659587e+00
1.258803859336236508e+00
1.204437460178129360e+00
1.271525200641397513e+00
1.008735700351079290e+00
1.106748588472333150e+00
1.457513585508674492e+00
1.379053889724629167e+00
1.396631226335009579e+00
1.113232527338822386e+00
1.233823841293105961e+00
1.663969249959164287e+00
1.250592822120827563e+00
1.318719617100366781e+00
1.134944524750864048e+00
1.317541806240057234e+00
1.026904619956004794e+00
1.311112687490350259e+00
1.062361375346023706e+00
1.109400707518521045e+00
1.088863409631092960e+00
1.823309455280195612e+00
1.965344737817801946e+00
1.098809502656049819e+00
1.647534481452074262e+00
1.255614150843577859e+00
1.051953176003860513e+00
1.106486638034008596e+00
1.315996783688782923e+00
1.392838118183217455e+00
1.117725969184854007e+00
1.178247045881749333e+00
1.035000967063936406e+00
1.375620240273898842e+00
1.201698396666805557e+00
1.267382526001241239e+00
1.013157319792736377e+00
1.023246416749856946e+00
1.150848123720044969e+00
1.292953804951200825e+00
1.115019159527333770e+00
1.085241415083066707e+00
1.068144015238333688e+00
1.300180705786619040e+00
1.297049569790678758e+00
2.153310096424059239e+00
1.417140416527672642e+00
1.192080696820232877e+00
1.207966163149314376e+00
1.406255524421275549e+00
1.165559066492984908e+00
1.285694494738116811e+00
1.458987439573086853e+00
1.124008387438486967e+00
1.179487675105855615e+00
1.220755131207463817e+00
1.205391192109140919e+00
1.116273757193208871e+00
1.137048840137496963e+00
1.432888789113471173e+00
1.453900652598156151e+00
1.820613913433061448e+00
1.038450335632878474e+00
1.040019138025811474e+00
1.130777986671780866e+00
1.827958357368609343e+00
1.201937253427911134e+00
1.090167982095126220e+00
1.057469689590184503e+00
1.257455665456906457e+00
1.139726927040513038e+00
1.013301377203811082e+00
1.237648946884853274e+00
1.170890189347771448e+00
1.005184575043110984e+00
1.063497756340774814e+00
1.250663955685185735e+00
1.090624308371399565e+00
1.087053197649589409e+00
1.427972891481968709e+00
1.212019017080045336e+00
1.767211806909554372e+00
1.009901722842397431e+00
1.163924769426785799e+00
1.070579688387575112e+00
1.048555629361296537e+00
1.026756599808268389e+00
1.219610215001681430e+00
1.116798654977770644e+00
1.007892806184184975e+00
1.403974101487380111e+00
1.226639104969181160e+00
1.021921924715233798e+00
1.432146752183140803e+00
1.877198444293007862e+00
1.339642523337991165e+00
1.005059762823150793e+00
1.147668827213519371e+00
1.468624094633160126e+00
1.590392871781602269e+00
1.241147489668742665e+00
1.387911294461256384e+00
1.018358681021844792e+00
1.095473368835826911e+00
1.115521371119941652e+00
1.039722718208457186e+00
1.295914224696102623e+00
1.229391919715783654e+00
1.299184983534185100e+00
1.001381494432650454e+00
1.029142623140198332e+00
1.129092112878988363e+00
1.028514573099847951e+00
1.005215782980442007e+00
1.117128240301566100e+00
1.145029331398863537e+00
1.227947007908573029e+00
1.061311350076389992e+00
1.143086772523831840e+00
1.318381631329589299e+00
1.531429056222545881e+00
1.244419076012920788e+00
1.166131631594598206e+00
1.970985644813006088e+00
1.035652427725163305e+00
1.395941076014309390e+00
1.165402834166069379e+00
1.075022254319081050e+00
1.077125541280893106e+00
1.357869583009579495e+00
1.180905384118354107e+00
1.272832793486143421e+00
1.306008500627127145e+00
1.264851786935341282e+00
1.303066717860251744e+00
1.169729786533150628e+00
1.245682737145772156e+00
1.845523490242719555e+00
1.173628167198574657e+00
1.014550046469855138e+00
1.015952333176354916e+00
1.574046581801582745e+00
1.458704198689401155e+00
1.077879329975357958e+00
1.613046558560762955e+00
1.008793362679018646e+00
1.280553264358818222e+00
1.226826465154374990e+00
1.501376238068097280e+00
1.618482849339708540e+00
1.086486543709668462e+00
1.298065676673409774e+00
1.249968462732746755e+00
1.868779191588814559e+00
1.289095331853082227e+00
1.585449945642653402e+00
1.197978539912071039e+00
1.378913120874678988e+00
1.344865286344960387e+00
1.131374499266585509e+00
2.320421754910471979e+00
1.079960706309163632e+00
1.072923455769531964e+00
1.127514138497460072e+00
1.166134519317717499e+00
1.081513514372743456e+00
1.047574298084842814e+00
1.008093669688238103e+00
1.059020851367685312e+00
1.262492896016031763e+00
1.174076385849107007e+00
1.550684718306233112e+00
1.387618983738008849e+00
1.317062154013521891e+00
1.162056425399223381e+00
1.023220279705563840e+00
1.466585442280650353e+00
1.005092762606623724e+00
3.130474934038991908e+00
1.540893672168245798e+00
1.111339512528155327e+00
1.223100837578450673e+00
1.140892672083970050e+00
1.061364816289828594e+00
1.197110611751635911e+00
1.240697536097957299e+00
1.190883581995002771e+00
1.452295091268528404e+00
1.007827845901889452e+00
1.086874006464821907e+00
1.649501884128501183e+00
1.250859474726305987e+00
1.265320864968848102e+00
1.174820437257929839e+00
1.031528558818420649e+00
1.059725702622169585e+00
1.053106660397162164e+00
1.123053621354457299e+00
1.523968284836585196e+00
1.234322890297268938e+00
1.091252501963575705e+00
1.111581899645737614e+00
1.399299792613807103e+00
1.349905289388768637e+00
1.009605539886961445e+00
1.162099391275367433e+00
1.052838369570155086e+00
1.072703081899964994e+00
1.172594985482940944e+00
1.063052662348253907e+00
1.094195637477091365e+00
1.275652846119655903e+00
1.061265966009982575e+00
1.379201773974678691e+00
1.049639212480529382e+00
1.159319141091019301e+00
1.011927949359266110e+00
1.221706367910007085e+00
1.270661221959608733e+00
1.030148917968566780e+00
1.467617333195438745e+00
1.428746284060748328e+00
2.088149592203619509e+00
1.116390327786342951e+00
1.352290340706880478e+00
1.327145965034217001e+00
1.271165769691958713e+00
1.185770568537504621e+00
1.012901961254076166e+00
1.737251039012670528e+00
1.473108801022384950e+00
1.148268832916453430e+00
1.122862985901818877e+00
1.176489871039226198e+00
1.009735211609136707e+00
1.003843317017263814e+00
1.112230376025285183e+00
1.082422836704984404e+00
1.126875630931006400e+00
1.165212905055563519e+00
1.022819025452107899e+00
1.088159218428720099e+00
1.003826434873645645e+00
1.374321434048760615e+00
1.075622584455594444e+00
1.118631825727694817e+00
1.399310655282186566e+00
1.286423391357755630e+00
1.452145811537876030e+00
1.131320030966586510e+00
1.386974041889446951e+00
1.059365193392482363e+00
1.467403942880438850e+00
1.074840695936449597e+00
1.120511883822479016e+00
1.222867691782825839e+00
1.511497437648903208e+00
1.372663104585648997e+00
1.184238367034023520e+00
1.359234691300444053e+00
1.219250540988994658e+00
1.011574957964032739e+00
1.147289309112542455e+00
1.189891675802589255e+00
1.160397582024984775e+00
1.354792131459847671e+00
1.209061748144520942e+00
1.001714624343440940e+00
1.268900223356796308e+00
1.287013404214382151e+00
1.111507878069715849e+00
1.069001972072478157e+00
1.135468489119507929e+00
1.050969953931985890e+00
1.011337732078602336e+00
1.065143909236753839e+00
1.390420846765163532e+00
1.042601818662925117e+00
1.101430779695138362e+00
1.002457449258705058e+00
1.066339617357045855e+00
1.590690943706909222e+00
1.485201235614252990e+00
1.164321951743779948e+00
1.204391414572803853e+00
1.259706096017800148e+00
1.089383487850426047e+00
1.169869547155908407e+00
1.968273190939301198e+00
1.235499501757015173e+00
1.190033433390389916e+00
1.211549687391661800e+00
2.117655835801843356e+00
1.252997744153857340e+00
1.394780017255725202e+00
1.036069028028312911e+00
1.008153137405932931e+00
1.595789726352557336e+00
1.499089923374434807e+00
1.180613583875811168e+00
1.138482051414270391e+00
1.972066257514486276e+00
1.178068956085512431e+00
1.238473157862764129e+00
1.436160285412238613e+00
2.466370256481513312e+00
1.072228957804405303e+00
1.018054470014802426e+00
2.577511731242636106e+00
1.298472719720484836e+00
1.132690335272141802e+00
1.193705298732516740e+00
1.198903502968222456e+00
1.050932344018564724e+00
1.204468682805266866e+00
1.091535316864485461e+00
1.217846730117757348e+00
1.091625401506075121e+00
1.091038584948222034e+00
1.625465915845175413e+00
1.033906089519128324e+00
1.255660555679705359e+00
1.024393999383685916e+00
1.647411254352256771e+00
1.067504657873769025e+00
1.312842551277933589e+00
1.339739678940618628e+00
1.201616857414974149e+00
1.210777859800325595e+00
1.157586193742173641e+00
1.113368737809521170e+00
1.031115021375467178e+00
1.177202979236225078e+00
1.438790534737210303e+00
1.084338794894339042e+00
1.069968107731381401e+00
1.336058603516323329e+00
1.027141941203840059e+00
1.095743432806629336e+00
1.247967161596924335e+00
1.033280009930220178e+00
1.143599930574370038e+00
1.018457682060629033e+00
1.146325287796554404e+00
1.127913289399632202e+00
1.177179101145424234e+00
1.019764127037198431e+00
1.531944257639287432e+00
1.127761369851487228e+00
1.173860126326572439e+00
1.399088194448663947e+00
1.762430262580427565e+00
1.274379073716488842e+00
1.444024748896608923e+00
1.085892828319351411e+00
1.514759233609010769e+00
1.317786139712378013e+00
1.128708145993627010e+00
1.163249246977549722e+00
1.134115655927689037e+00
1.395174604065573476e+00
1.771299115862598805e+00
1.793815799230753516e+00
1.005601267087525841e+00
1.661316619496523428e+00
1.569896728657721896e+00
2.329273526279632911e+00
1.236320242848095274e+00
1.357370143199688961e+00
1.474829750676414752e+00
1.131785344862480391e+00
1.225236161611941155e+00
1.282739433654203287e+00
1.136626794721916411e+00
1.032954516218396179e+00
1.289773145269154542e+00
1.006653315842282792e+00
1.386643643183754548e+00
1.206098042926471159e+00
1.248960549526735964e+00
1.031897112192324384e+00
1.085194968802852600e+00
1.052032133423037141e+00
1.196765084846997729e+00
1.105956170322363707e+00
1.149720308205258723e+00
1.344093022343134880e+00
1.152320222495018198e+00
1.127378239372648361e+00
1.113930764114802185e+00
1.328480679112541640e+00
1.340873160523684327e+00
1.181600272705270793e+00
1.113002636976685888e+00
1.273591595073150007e+00
1.367478928434325836e+00
1.202826881775407308e+00
1.596135323630099689e+00
1.252188649540636023e+00
1.021207070921684501e+00
1.187933303670647422e+00
1.099002394083248513e+00
1.009733861266073784e+00
1.024912176164925359e+00
1.239114446556890625e+00
1.115829199584435383e+00
1.308869712659390894e+00
1.329044709741097785e+00
1.035152850672596880e+00
1.882035304832021749e+00
1.028652802173994019e+00
1.274133762668823611e+00
1.816571366935652021e+00
1.172644449572246117e+00
1.127587949259864386e+00
1.048138128570603733e+00
1.115520191137668871e+00
1.011017383701334094e+00
1.121260010471945678e+00
1.172922879414392439e+00
1.239510599898015597e+00
1.630776940551982301e+00
1.130555044063134895e+00
1.003786409848473449e+00
1.037024693468648895e+00
1.111684609386080824e+00
1.014575623448852992e+00
1.497343383632210534e+00
1.100153662268459342e+00
1.086252127777590726e+00
1.435460271534890087e+00
1.036128920056760050e+00
1.188943618197449092e+00
1.365945378867316151e+00
1.085479916422839697e+00
1.115788722028365321e+00
1.070739143197464882e+00
1.206907946387025587e+00
1.088364157293016277e+00
1.360221256248930422e+00
1.207213203738736640e+00
1.347615347273530606e+00
2.268175918567105320e+00
1.201349880825320460e+00
1.287909434522883867e+00
1.321812716383482522e+00
1.156997443055518993e+00
1.065468871105502258e+00
1.489068234218233311e+00
1.196993773309184661e+00
1.473161445970487815e+00
1.093546233044697891e+00
1.073718604464954485e+00
1.517152774581288943e+00
1.060151475235839635e+00
2.131600268403933462e+00
1.028179175728769490e+00
1.111770852233304074e+00
1.584135766100871923e+00
1.435245166807459283e+00
1.201434756097979895e+00
1.063092180713954393e+00
1.572128901661629996e+00
1.208586780756968571e+00
1.193222626426827082e+00
1.008445068866035133e+00
1.894645678258817689e+00
1.153438138284283987e+00
1.547786482632710570e+00
1.428917958762362161e+00
1.871217734009812617e+00
1.359239267603867596e+00
1.244039104130264972e+00
1.191145473377667408e+00
1.098976865042428752e+00
1.222934377889950852e+00
1.189882016426670130e+00
1.050766729110019559e+00
1.433197935678262036e+00
1.133381444615754852e+00
1.068134473023089059e+00
1.643749976268328528e+00
1.352047399669507488e+00
1.142967315218886837e+00
2.114090305375494250e+00
1.120151559301588939e+00
1.320658222344568644e+00
1.175901244315473049e+00
1.084897332897297728e+00
1.094515530438258999e+00
1.067923098720984010e+00
1.180097183582542675e+00
1.274971030800409633e+00
2.016647948822334779e+00
1.332501810418367905e+00
1.227167945927884807e+00
1.146942232687269136e+00
1.150654439433620224e+00
1.745091247972633486e+00
1.216261107162078137e+00
1.298828446910598400e+00
1.285933706349796202e+00
1.206444272514779259e+00
1.028006562746395236e+00
1.038482106529197146e+00
1.043860124816722079e+00
1.122760932539211609e+00
1.071979907370174345e+00
1.532743436099959444e+00
1.142330236421154721e+00
1.290422414045529598e+00
1.471219161276941634e+00
1.301853896033560831e+00
1.355958534732998100e+00
1.658283989390903823e+00
1.171129127925008673e+00
1.215077599875713732e+00
1.107417977839876944e+00
1.235541807427094962e+00
1.202891181329735160e+00
1.216690173234821426e+00
1.320452742885577235e+00
1.069569633645693463e+00
1.078477480195784599e+00
1.266503368907245353e+00
1.276605894956562404e+00
1.900051290139972870e+00
1.282652084193751429e+00
1.135938897628621547e+00
1.044470721779938271e+00
1.199706838602927261e+00
1.173312400853076864e+00
1.133199635380438552e+00
1.229242933102698165e+00
1.424005570233639606e+00
1.435168141865623692e+00
1.194088324428277836e+00
1.389084124662391062e+00
1.118322577910766613e+00
1.146685976423791775e+00
1.208152605119167555e+00
1.329678861491464748e+00
1.078138308983460636e+00
1.039108126417063183e+00
1.784357803104605678e+00
1.549263783618803902e+00
1.252801234251515572e+00
1.467244312444820231e+00
1.275733295874325046e+00
1.959794595127911654e+00
1.336735382682378459e+00
1.286310133403914424e+00
1.404580657357821449e+00
1.162073060476357389e+00
1.107545349408076918e+00
1.129767214242147100e+00
1.129114220066268048e+00
1.087788566960920411e+00
1.119219833898432714e+00
1.267498642059262881e+00
1.305147859014947453e+00
1.258658385465879270e+00
1.317586840429293193e+00
1.196782659940481608e+00
1.169653184180217353e+00
1.285564636791220572e+00
1.100911179385892336e+00
1.136878717046033938e+00
1.070517358627115723e+00
1.113839900551895079e+00
1.110085536337811929e+00
1.193369772992573408e+00
1.380721778389204735e+00
1.424865806392102252e+00
1.068556685696189890e+00
1.454481488363798203e+00
1.129436560451288374e+00
1.036742432817369108e+00
1.000616242204647621e+00
1.067702615753190143e+00
1.048651393532838316e+00
1.016283211152282595e+00
1.100318898321699823e+00
1.188886118033231298e+00
1.425500713656459917e+00
1.662115498241025113e+00
1.094134526731863843e+00
1.446389598111585961e+00
1.150829766601969562e+00
1.035372693747334649e+00
1.138358560148495124e+00
1.401033593988174397e+00
1.544625450136261513e+00
1.208755313756531669e+00
1.183350280166332924e+00
1.153983811997871589e+00
1.219912997519133846e+00
1.047980273415959118e+00
1.124821775132186064e+00
1.127448933930624841e+00
1.174582649651262134e+00
1.267053545216803689e+00
1.108468973016897063e+00
1.134543210070934283e+00
1.115184095378471074e+00
1.023423550194300313e+00
1.179467138050874553e+00
1.271889023559412468e+00
1.177505506764598087e+00
1.094050167613901614e+00
1.132853664572450736e+00
1.421033692508773649e+00
1.031724627575277387e+00
1.270393875853432553e+00
1.236985904583032481e+00
1.538150101889330656e+00
1.327029579924886127e+00
1.165895351126502444e+00
1.042383016955062525e+00
1.387205458064362906e+00
1.410661931812027703e+00
1.256291318584835226e+00
1.210265875872567509e+00
1.190754553124705017e+00
1.183635558339348526e+00
1.247052773437117512e+00
1.181233904532409840e+00
1.217305039243214759e+00
1.075641743477831813e+00
1.086366403385796930e+00
1.189666223532638067e+00
1.541096423359166634e+00
1.010062397020038194e+00
1.013456727457105799e+00
1.165160031411815122e+00
1.093802671911680457e+00
1.238158511545629725e+00
1.070252644370263795e+00
1.683616150531395794e+00
1.183270009429578273e+00
1.034357881003703294e+00
1.568636466917447514e+00
1.048876450790168446e+00
1.028499753356422186e+00
1.741580218658530743e+00
1.796312669666992212e+00
1.028416752624488506e+00
1.078542711076441174e+00
1.040740888270666353e+00
1.343187503213328915e+00
1.090995093129770277e+00
1.388840164181341708e+00
1.259715117756323721e+00
1.057378582352757945e+00
1.078020724505790451e+00
1.230678123709038729e+00
1.030880509749217744e+00
1.055145378826559233e+00
2.891674582907020064e+00
1.158880728780901537e+00
1.071606505010249677e+00
1.219605842302259324e+00
1.332510813527318039e+00
1.056391436762381675e+00
1.438038141999171904e+00
1.012871495804910982e+00
1.488020443995470732e+00
1.215061970746796005e+00
1.155890835647540804e+00
1.120011440524649959e+00
1.059270810862652956e+00
1.232932803870424143e+00
1.245331737944767925e+00
1.199001582667574617e+00
1.061791526105957173e+00
1.065783390753346938e+00
1.134874887615748618e+00
1.139104794302373769e+00
1.181211455627447560e+00
1.441041474556300717e+00
1.038586597611249163e+00
1.940931169762150077e+00
1.210986133639211371e+00
1.244132393059598662e+00
1.268697595673475176e+00
1.124624373035711722e+00
1.013342623149068533e+00
1.033993305266587059e+00
1.033130268399384377e+00
1.188400734755709065e+00
1.116252077817582178e+00
1.108965570736008210e+00
1.155751191908826803e+00
1.381582357607206379e+00
1.183105531975186420e+00
1.229569701206677745e+00
1.007147615782760131e+00
1.033333907771141424e+00
1.230343094840696816e+00
1.232566421237842880e+00
1.101673127880937297e+00
1.368419037658630044e+00
1.063952559283666055e+00
1.013045494073609110e+00
1.072077400711390016e+00
1.499938627002111335e+00
1.057753113352230656e+00
1.149747413968170928e+00
1.320499116774234372e+00
1.435287691467001414e+00
1.240861199734203613e+00
1.666580553547267529e+00
1.544001068554032852e+00
1.014889364741274669e+00
2.474735590036214905e+00
1.306527245417930860e+00
1.185568756124492973e+00
1.494204023258479896e+00
1.435086791231144243e+00
1.275355248336426550e+00
1.050965859627095433e+00
1.088402861986934589e+00
1.298619995425028151e+00
1.624835448602047094e+00
1.108789171487501113e+00
1.486604654295836214e+00
1.067941796427927859e+00
1.037499674831360075e+00
1.286078310278757630e+00
1.194792518907505707e+00
1.053198182762740354e+00
1.137577414802605213e+00
1.829276023719125233e+00
1.354683570906409562e+00
1.435775817959871858e+00
1.192766812357648920e+00
1.296023662369768736e+00
1.165050183276703066e+00
1.034599281189300779e+00
1.863495213704172926e+00
1.292245624005954108e+00
1.084720983804789096e+00
1.147623497019234051e+00
1.089687675468009376e+00
2.031239641249379169e+00
1.659167731630066589e+00
1.038593250029966608e+00
1.074256462592859451e+00
1.362226785425101117e+00
1.062209818177817233e+00
1.131694454140192097e+00
1.385708711833968376e+00
1.676275478649686068e+00
1.220459560708634816e+00
1.068326825787965006e+00
1.162468572694415947e+00
1.106607756360582506e+00
1.436961222922774173e+00
1.728602323585678890e+00
1.032370345510539966e+00
1.103616482658268172e+00
1.043379811752750408e+00
1.230378154130736368e+00
1.131986395525416356e+00
1.094386840603087885e+00
1.133722607785957015e+00
1.029215933908534941e+00
1.356984001656218464e+00
1.286244497628033168e+00
1.111867797536239655e+00
1.460152570241041836e+00
1.161732199023523648e+00
1.327578639452061893e+00
1.138681686465453424e+00
1.200571687141484434e+00
1.705665245625809456e+00
1.172075752937588256e+00
1.342600216688212278e+00
1.072089214393209700e+00
1.281936109565395165e+00
1.035087450588229485e+00
1.304159971456173350e+00
1.068688303133664252e+00
1.539432611768453807e+00
1.109848639151705063e+00
1.196689756121481540e+00
1.433121197940361968e+00
1.135144591059571662e+00
1.184900799516793057e+00
1.479058953129657406e+00
1.525010561877344184e+00
1.541038800808363973e+00
1.001133123103260081e+00
1.237317309385050468e+00
1.049390466201092664e+00
1.035932802779658601e+00
1.063041241505767509e+00
1.528287366414558202e+00
1.121851829296419911e+00
1.062474771334584345e+00
1.320027503239071143e+00
1.004057357208458567e+00
1.021408113496720116e+00
1.810086553937779286e+00
1.113139379188703204e+00
1.120577822353918673e+00
1.178360681700723278e+00
1.057637054770424134e+00
2.290209260971202365e+00
1.158514708520357539e+00
1.076790002344374164e+00
1.118329350953587875e+00
1.045518619038826147e+00
1.655405558690495660e+00
1.547465075506389010e+00
1.218607977599269976e+00
1.026545866750313118e+00
1.267227045030927313e+00
1.034242795756716626e+00
1.161475710549336515e+00
1.100593615233972145e+00
1.646394391219257791e+00
1.406174091357712097e+00
1.075735184992436366e+00
1.065732919827169889e+00
1.062448031794409165e+00
1.023436583419441437e+00
2.454744260647830689e+00
1.007047888020501381e+00
1.308040751002134128e+00
1.152375135653270100e+00
1.058471785005873800e+00
1.042884373357994887e+00
1.349130717490228726e+00
1.036891781163984838e+00
1.431955316719952576e+00
1.025063672109855828e+00
1.127494250851027280e+00
1.035724010775979309e+00
1.202569330875376208e+00
1.105825666559108855e+00
1.011774477647683135e+00
1.181651763855241510e+00
1.223134161602370540e+00
1.327096684767715917e+00
1.200043378313250475e+00
1.176685438536815509e+00
1.316786457601623050e+00
1.349846637404999772e+00
1.077467040947045263e+00
1.092561767787824545e+00
1.203573474548301547e+00
1.158886344478851305e+00
1.039864867616577593e+00
1.005563504963598032e+00
