33.96749496459961
126.15633010864258
102.8287410736084
87.30340003967285
69.15497779846191
294.3594455718994
28.48029136657715
122.88713455200195
39.66045379638672
21.52419090270996
51.22184753417969
60.17255783081055
64.92018699645996
38.89727592468262
12.843847274780273
24.245738983154297
116.44864082336426
72.71933555603027
73.22311401367188
109.6048355102539
264.8603916168213
91.66860580444336
1045.3040599822998
321.19131088256836
116.37139320373535
131.19125366210938
106.32848739624023
122.81560897827148
511.77048683166504
37.6131534576416
34.41929817199707
105.1638126373291
74.6619701385498
39.55388069152832
28.167724609375
162.03975677490234
45.53675651550293
47.6834774017334
133.87036323547363
129.46414947509766
19.39558982849121
680.908203125
94.09475326538086
149.52683448791504
21.660804748535156
57.471513748168945
99.58839416503906
76.17712020874023
52.46305465698242
233.05773735046387
62.15953826904297
260.7998847961426
28.93543243408203
230.96346855163574
164.31760787963867
130.41067123413086
18.48626136779785
423.88343811035156
27.620553970336914
109.2841625213623
96.65775299072266
36.450862884521484
221.33207321166992
70.37115097045898
403.92017364501953
192.97552108764648
270.6890106201172
520.2651023864746
23.08940887451172
88.30761909484863
633.4331035614014
58.675289154052734
20.658493041992188
275.68936347961426
75.40130615234375
628.1790733337402
391.86549186706543
219.12622451782227
40.1608943939209
135.3781223297119
164.09993171691895
122.11823463439941
24.83534812927246
111.96208000183105
178.10821533203125
12.522697448730469
21.69013023376465
39.74485397338867
198.94146919250488
67.86441802978516
51.89800262451172
290.38119316101074
58.64882469177246
70.62745094299316
311.33198738098145
91.48335456848145
29.723644256591797
434.2339038848877
50.53567886352539
1041.4247512817383
119.781494140625
168.72668266296387
105.64637184143066
42.04130172729492
148.06032180786133
442.1970844268799
165.999174118042
14.255523681640625
257.8139305114746
38.99812698364258
47.965288162231445
84.11002159118652
112.70785331726074
116.37187004089355
18.237829208374023
84.46192741394043
27.582168579101562
48.93326759338379
265.9494876861572
15.247344970703125
130.4326057434082
45.55463790893555
34.6684455871582
1078.5486698150635
33.20121765136719
42.163848876953125
19.321441650390625
236.25421524047852
127.88224220275879
196.00915908813477
330.4424285888672
52.767276763916016
17.489194869995117
186.11502647399902
136.41953468322754
33.55145454406738
90.06738662719727
19.09780502319336
15.220165252685547
525.1789093017578
44.46601867675781
24.5511531829834
227.51188278198242
193.10402870178223
18.410921096801758
29.514312744140625
37.14799880981445
276.58748626708984
208.79721641540527
119.55952644348145
58.18510055541992
21.740436553955078
72.22414016723633
114.27974700927734
192.19613075256348
197.46851921081543
136.04998588562012
186.85364723205566
363.3890151977539
266.27588272094727
39.89148139953613
17.14468002319336
23.58531951904297
89.87116813659668
22.67622947692871
444.3683624267578
97.89681434631348
32.56535530090332
26.842594146728516
119.7822093963623
37.66202926635742
26.214122772216797
75.17004013061523
40.50254821777344
138.61942291259766
286.30900382995605
68.00031661987305
159.23643112182617
22.150039672851562
303.8744926452637
75.03414154052734
26.78394317626953
21.842479705810547
30.176639556884766
139.1315460205078
26.72719955444336
117.95401573181152
37.13726997375488
359.62772369384766
88.45901489257812
20.99466323852539
76.55000686645508
47.45936393737793
25.81477165222168
148.6678123474121
136.42525672912598
22.925376892089844
261.7642879486084
17.770051956176758
277.39691734313965
320.8637237548828
24.3380069732666
93.84274482727051
29.47258949279785
169.6944236755371
824.7072696685791
17.125368118286133
75.2263069152832
44.17777061462402
41.60308837890625
480.121374130249
96.23908996582031
164.6254062652588
256.3788890838623
229.7673225402832
26.536941528320312
69.76914405822754
61.087846755981445
111.49406433105469
63.59243392944336
151.2467861175537
39.59321975708008
325.8085250854492
70.2352523803711
325.64640045166016
39.910078048706055
63.564300537109375
119.43411827087402
194.07296180725098
96.06671333312988
15.004634857177734
245.0082302093506
34.79456901550293
42.63782501220703
156.85606002807617
115.20862579345703
75.23965835571289
308.52413177490234
69.54145431518555
268.6185836791992
19.054174423217773
595.5996513366699
70.6186294555664
29.142379760742188
174.99661445617676
32.758474349975586
26.92103385925293
48.400163650512695
409.55400466918945
150.71654319763184
471.3902473449707
24.554014205932617
371.5553283691406
347.25475311279297
15.378713607788086
443.9404010772705
192.23546981811523
151.4589786529541
88.71603012084961
33.42747688293457
27.100086212158203
106.7197322845459
21.708250045776367
49.00956153869629
25.80094337463379
73.32324981689453
40.9855842590332
100.74090957641602
67.77334213256836
103.41930389404297
128.97586822509766
28.304100036621094
21.26002311706543
43.95103454589844
447.38030433654785
112.46418952941895
72.92819023132324
23.122310638427734
110.87942123413086
297.804594039917
281.60738945007324
150.62427520751953
34.42668914794922
242.9802417755127
114.03942108154297
32.559871673583984
272.674560546875
45.975446701049805
62.00408935546875
346.92931175231934
303.0083179473877
18.787622451782227
96.91476821899414
119.72260475158691
323.11129570007324
90.57116508483887
307.0366382598877
43.378353118896484
231.9643497467041
346.0845947265625
165.96651077270508
25.209903717041016
86.7621898651123
60.4856014251709
173.0363368988037
56.882619857788086
64.47052955627441
16.111373901367188
31.444311141967773
65.29474258422852
112.52117156982422
179.72135543823242
66.98131561279297
177.5059700012207
141.72625541687012
322.3111629486084
182.6796531677246
67.9783821105957
85.35122871398926
25.457382202148438
629.8391819000244
217.12827682495117
15.593767166137695
104.17032241821289
83.10699462890625
63.77768516540527
73.66585731506348
19.759178161621094
380.2042007446289
121.3834285736084
89.40935134887695
74.01061058044434
209.69724655151367
79.94294166564941
169.2025661468506
347.46861457824707
66.51473045349121
97.32723236083984
36.604881286621094
288.50531578063965
474.66373443603516
146.8050479888916
55.77230453491211
113.9688491821289
296.0827350616455
24.4748592376709
176.66983604431152
63.042640686035156
183.66599082946777
45.15790939331055
26.144027709960938
17.59505271911621
105.15499114990234
106.4918041229248
68.46046447753906
317.0149326324463
110.67938804626465
19.24586296081543
231.21070861816406
96.74978256225586
28.75065803527832
33.79702568054199
118.97397041320801
287.39476203918457
334.1233730316162
54.99839782714844
193.83549690246582
46.41413688659668
55.212974548339844
182.19256401062012
21.999597549438477
271.8091011047363
118.39056015014648
107.79905319213867
252.11811065673828
37.72568702697754
83.93573760986328
123.04258346557617
34.91783142089844
154.37555313110352
212.6750946044922
45.6695556640625
186.20014190673828
28.478622436523438
88.81425857543945
347.6705551147461
25.572538375854492
37.389278411865234
429.7943115234375
51.02705955505371
50.864458084106445
72.73030281066895
32.54508972167969
288.710355758667
73.85826110839844
292.73223876953125
31.005859375
109.1609001159668
283.1897735595703
174.27372932434082
53.4060001373291
155.35211563110352
172.50466346740723
15.230178833007812
63.02475929260254
280.38978576660156
38.97285461425781
148.87046813964844
22.623538970947266
28.46980094909668
67.66152381896973
287.45412826538086
64.8355484008789
208.04476737976074
49.54099655151367
44.76189613342285
17.06552505493164
140.2726173400879
383.725643157959
37.76979446411133
135.0405216217041
191.69235229492188
61.647653579711914
344.6950912475586
43.37000846862793
58.115243911743164
84.2282772064209
31.150102615356445
193.56393814086914
201.1868953704834
23.647785186767578
252.63667106628418
15.563249588012695
42.9074764251709
553.6355972290039
158.4007740020752
47.15704917907715
18.397092819213867
29.85835075378418
46.805381774902344
31.189680099487305
30.451536178588867
190.92202186584473
119.53139305114746
43.53785514831543
103.24287414550781
22.526025772094727
95.62349319458008
65.47236442565918
15.107393264770508
56.41746520996094
591.0663604736328
283.9508056640625
72.37696647644043
80.7337760925293
191.40625
35.00556945800781
69.69022750854492
82.27062225341797
19.515037536621094
97.22208976745605
175.54092407226562
127.0744800567627
170.28069496154785
11.735916137695312
209.16223526000977
123.48341941833496
19.392967224121094
62.03413009643555
19.85025405883789
129.7903060913086
18.21589469909668
31.015396118164062
193.87125968933105
96.73571586608887
27.327537536621094
30.127525329589844
30.31325340270996
19.70052719116211
170.95398902893066
17.348051071166992
96.65608406066895
122.52974510192871
47.257423400878906
203.54986190795898
204.75339889526367
266.9942378997803
129.75668907165527
39.44993019104004
101.18627548217773
26.71194076538086
88.96136283874512
27.776479721069336
92.22912788391113
41.3670539855957
48.08187484741211
121.21343612670898
32.35769271850586
38.439273834228516
70.59073448181152
30.996084213256836
148.7414836883545
12.566566467285156
248.931884765625
97.09835052490234
69.91839408874512
43.186187744140625
121.36340141296387
22.413969039916992
180.62257766723633
27.69160270690918
180.38535118103027
397.9935646057129
16.78013801574707
57.373046875
46.392202377319336
20.688533782958984
73.86255264282227
86.56501770019531
117.95949935913086
25.742769241333008
70.49846649169922
28.109073638916016
127.85649299621582
28.666973114013672
76.26461982727051
403.8195610046387
123.34895133972168
19.27328109741211
31.800031661987305
35.845041275024414
70.88804244995117
76.66921615600586
42.102813720703125
44.19851303100586
99.28226470947266
318.8614845275879
96.61293029785156
36.2398624420166
1081.972599029541
20.961999893188477
329.04505729675293
241.0438060760498
27.492523193359375
676.9638061523438
99.07937049865723
22.89104461669922
293.49255561828613
122.73812294006348
31.006813049316406
53.50303649902344
38.51628303527832
154.0968418121338
126.4033317565918
22.210359573364258
64.20159339904785
108.7954044342041
256.1211585998535
158.3869457244873
78.48286628723145
99.54547882080078
72.77154922485352
164.50262069702148
167.19794273376465
148.7114429473877
33.27822685241699
306.23698234558105
48.00677299499512
101.85027122497559
177.10351943969727
24.893522262573242
82.99612998962402
20.017623901367188
21.627187728881836
38.22135925292969
74.0818977355957
235.9449863433838
47.318220138549805
210.33501625061035
22.105932235717773
19.07658576965332
91.84050559997559
163.02895545959473
115.6778335571289
152.61149406433105
145.20549774169922
16.7996883392334
122.41697311401367
197.63827323913574
51.20110511779785
212.14532852172852
51.51557922363281
53.386688232421875
113.50440979003906
351.8104553222656
44.415950775146484
91.79329872131348
62.63923645019531
142.14015007019043
33.07151794433594
50.32706260681152
20.52021026611328
98.4506607055664
13.93890380859375
18.61715316772461
127.95281410217285
111.11044883728027
24.645566940307617
108.9639663696289
377.3314952850342
30.55715560913086
125.0007152557373
125.59628486633301
1076.5202045440674
119.57931518554688
335.8652591705322
114.53056335449219
47.58572578430176
198.1828212738037
62.08539009094238
38.79833221435547
84.25092697143555
129.5642852783203
162.22047805786133
1075.972318649292
22.027254104614258
16.256093978881836
39.62993621826172
72.53646850585938
65.15097618103027
20.01667022705078
277.52184867858887
603.1205654144287
1045.1242923736572
167.9375171661377
179.00848388671875
73.79651069641113
44.91853713989258
32.114267349243164
153.61881256103516
31.37826919555664
65.60969352722168
94.87724304199219
186.16557121276855
121.5052604675293
315.43898582458496
25.59208869934082
185.09960174560547
47.8358268737793
95.68500518798828
145.9977626800537
23.434877395629883
35.123586654663086
21.52276039123535
111.87911033630371
87.22710609436035
46.31948471069336
226.61972045898438
288.4693145751953
218.68610382080078
14.57834243774414
21.424531936645508
98.00434112548828
23.01192283630371
91.97592735290527
27.503013610839844
50.00591278076172
112.24889755249023
36.307334899902344
67.60191917419434
38.13648223876953
20.177841186523438
260.4794502258301
75.76417922973633
17.15254783630371
105.95202445983887
43.245553970336914
17.10200309753418
571.4919567108154
21.405458450317383
30.79390525817871
167.70076751708984
306.0641288757324
63.371896743774414
34.47246551513672
29.5259952545166
17.302513122558594
19.56009864807129
25.20585060119629
121.06704711914062
40.91191291809082
85.9827995300293
36.67140007019043
15.93923568725586
129.2555332183838
143.1584358215332
112.44440078735352
163.4390354156494
85.54530143737793
141.61419868469238
275.25925636291504
25.34794807434082
242.98715591430664
73.08769226074219
326.94363594055176
64.08309936523438
84.57374572753906
53.30014228820801
18.349647521972656
15.625715255737305
1027.5845527648926
81.44807815551758
160.00103950500488
124.03321266174316
13.675451278686523
18.63265037536621
96.85087203979492
49.7896671295166
153.86366844177246
164.03675079345703
164.42012786865234
114.13025856018066
69.7183609008789
23.844242095947266
51.093339920043945
262.91918754577637
120.22733688354492
75.03342628479004
48.72846603393555
38.96951675415039
43.00093650817871
21.115779876708984
306.6112995147705
38.85340690612793
46.0205078125
99.72786903381348
116.09530448913574
25.272369384765625
46.062469482421875
27.050018310546875
60.721397399902344
38.00606727600098
23.288249969482422
23.801088333129883
92.66185760498047
63.89760971069336
81.09545707702637
13.096094131469727
13.91458511352539
230.90076446533203
141.94583892822266
34.593820571899414
148.6794948577881
15.275239944458008
251.5885829925537
80.87468147277832
49.99256134033203
74.1722583770752
40.22645950317383
55.98902702331543
25.82859992980957
140.9475803375244
31.474590301513672
17.225980758666992
241.95003509521484
424.23415184020996
161.5009307861328
236.51385307312012
37.42504119873047
97.8093147277832
84.11836624145508
114.17102813720703
17.13871955871582
313.17734718322754
306.31279945373535
46.8904972076416
60.332536697387695
102.67329216003418
494.77577209472656
22.998332977294922
45.427560806274414
79.76675033569336
48.21324348449707
104.85196113586426
33.98633003234863
43.74885559082031
255.03253936767578
38.7570858001709
341.1104679107666
193.6202049255371
270.4346179962158
63.179731369018555
23.027420043945312
107.65194892883301
64.96596336364746
385.3781223297119
113.3112907409668
15.969991683959961
38.855791091918945
52.414894104003906
61.79380416870117
18.642663955688477
395.7233428955078
24.95598793029785
102.27227210998535
104.00605201721191
92.0865535736084
289.4296646118164
135.89072227478027
25.226116180419922
142.4391269683838
32.63044357299805
186.4340305328369
143.77093315124512
54.14271354675293
127.06351280212402
145.34425735473633
244.52543258666992
308.3677291870117
230.25250434875488
101.07278823852539
83.10961723327637
152.78124809265137
19.273757934570312
221.01211547851562
144.97947692871094
127.87938117980957
33.67805480957031
209.11526679992676
63.275814056396484
150.5732536315918
243.58463287353516
18.994808197021484
318.7291622161865
48.97642135620117
177.3374080657959
155.36808967590332
111.75942420959473
92.85998344421387
134.52982902526855
74.85842704772949
89.53642845153809
63.37237358093262
95.13974189758301
487.28322982788086
328.80330085754395
16.721248626708984
67.64030456542969
102.53453254699707
30.73406219482422
138.92459869384766
15.512228012084961
54.69775199890137
315.8078193664551
45.69387435913086
116.08076095581055
56.97059631347656
106.47964477539062
132.56096839904785
20.897626876831055
76.24101638793945
242.39373207092285
213.81831169128418
62.511444091796875
119.60649490356445
333.29057693481445
25.465011596679688
157.03105926513672
24.432659149169922
458.209753036499
14.337301254272461
88.46664428710938
333.5580825805664
27.04620361328125
44.465065002441406
21.93164825439453
360.75377464294434
21.19302749633789
18.316268920898438
51.666259765625
243.98207664489746
276.75724029541016
307.7249526977539
100.09455680847168
553.2288551330566
40.06814956665039
50.27508735656738
435.9862804412842
92.2098159790039
69.31257247924805
218.14703941345215
44.75855827331543
136.43670082092285
91.04657173156738
315.305233001709
110.35871505737305
276.6237258911133
82.77750015258789
22.102832794189453
26.19647979736328
94.24996376037598
116.25051498413086
21.158456802368164
44.46005821228027
53.19380760192871
485.14533042907715
91.6142463684082
92.6046371459961
34.349679946899414
44.63481903076172
515.6996250152588
47.85513877868652
57.15227127075195
49.19171333312988
21.3623046875
37.427425384521484
25.435924530029297
38.71297836303711
62.56246566772461
327.8043270111084
321.8996524810791
71.31218910217285
19.58608627319336
55.16481399536133
229.14385795593262
18.826007843017578
311.1598491668701
159.5315933227539
164.8705005645752
240.15307426452637
31.24833106994629
29.54697608947754
53.83181571960449
16.762971878051758
377.7012825012207
38.66887092590332
141.6492462158203
119.02880668640137
265.9316062927246
40.95649719238281
323.9026069641113
258.0869197845459
368.97850036621094
21.99697494506836
20.51377296447754
23.015260696411133
56.62178993225098
88.74082565307617
80.40904998779297
1054.4233322143555
164.22700881958008
31.438350677490234
69.69380378723145
12.97616958618164
88.21725845336914
119.54212188720703
133.9702606201172
17.81177520751953
83.2521915435791
90.24667739868164
221.94242477416992
192.78311729431152
24.692535400390625
12.145519256591797
189.0544891357422
39.75081443786621
14.226913452148438
532.534122467041
25.716543197631836
128.69882583618164
33.0815315246582
19.893169403076172
81.26163482666016
13.494491577148438
20.57623863220215
16.849040985107422
73.8832950592041
21.50273323059082
20.15209197998047
406.31771087646484
74.50675964355469
232.8653335571289
264.28866386413574
149.1854190826416
280.3215980529785
72.31020927429199
99.2889404296875
482.70463943481445
212.1422290802002
170.6693172454834
114.48884010314941
274.54137802124023
137.56489753723145
96.60935401916504
464.0038013458252
53.1003475189209
282.3789119720459
63.25721740722656
156.84008598327637
300.2140522003174
106.11152648925781
171.42081260681152
131.2253475189209
137.53342628479004
26.19624137878418
56.68020248413086
27.254581451416016
45.976877212524414
40.41552543640137
45.296669006347656
57.49058723449707
96.11105918884277
41.79239273071289
314.27717208862305
72.04127311706543
104.48193550109863
359.5423698425293
189.50772285461426
33.44130516052246
74.46765899658203
177.92344093322754
399.1830348968506
81.6643238067627
13.166189193725586
15.82956314086914
194.51045989990234
111.74130439758301
74.49960708618164
135.47587394714355
22.12238311767578
71.79427146911621
29.075145721435547
250.03695487976074
80.45721054077148
44.47317123413086
71.9001293182373
17.2879695892334
60.47987937927246
257.2062015533447
130.50079345703125
124.83930587768555
49.39079284667969
115.98443984985352
49.24917221069336
25.388002395629883
203.78470420837402
165.90642929077148
121.22559547424316
208.63103866577148
100.59189796447754
56.11419677734375
27.779579162597656
112.46871948242188
95.83497047424316
39.80660438537598
41.19086265563965
95.79753875732422
74.22900199890137
26.520967483520508
79.47945594787598
57.04092979431152
68.40705871582031
255.4950714111328
93.20807456970215
16.412973403930664
165.0838851928711
177.50024795532227
12.320280075073242
173.04563522338867
84.21564102172852
37.9786491394043
41.919708251953125
129.69446182250977
208.7705135345459
125.67877769470215
275.14028549194336
138.20576667785645
115.91053009033203
65.9036636352539
74.23162460327148
147.78614044189453
37.168025970458984
30.50398826599121
77.13198661804199
56.75506591796875
11.864900588989258
230.18527030944824
14.321565628051758
27.914762496948242
53.36427688598633
368.5762882232666
53.27916145324707
141.56007766723633
466.815710067749
325.4261016845703
34.111976623535156
54.380178451538086
138.6852264404297
85.53671836853027
175.09913444519043
124.83644485473633
234.38477516174316
101.90320014953613
164.99876976013184
268.48483085632324
51.04517936706543
68.2070255279541
17.055273056030273
355.41486740112305
250.63133239746094
34.64865684509277
25.88200569152832
266.5536403656006
63.04621696472168
121.78397178649902
45.64690589904785
114.30931091308594
58.173179626464844
28.056621551513672
177.2024631500244
82.51667022705078
127.9757022857666
33.05530548095703
166.60451889038086
243.21818351745605
31.6312313079834
85.74867248535156
28.462648391723633
251.8637180328369
25.347232818603516
106.31155967712402
47.6529598236084
146.87037467956543
23.312091827392578
155.4722785949707
26.56078338623047
34.515380859375
453.2496929168701
29.45733070373535
66.8797492980957
111.6485595703125
21.7587947845459
93.70207786560059
71.39968872070312
26.0775089263916
116.81032180786133
80.66368103027344
399.38855171203613
336.0774517059326
200.20389556884766
20.890474319458008
90.36731719970703
95.79610824584961
29.705286026000977
83.66703987121582
180.01270294189453
49.31783676147461
64.58210945129395
45.55463790893555
145.0941562652588
26.40080451965332
125.25558471679688
56.27012252807617
18.66912841796875
38.64741325378418
67.6565170288086
232.05184936523438
81.4981460571289
106.51230812072754
109.27820205688477
1029.2532444000244
23.825645446777344
50.80747604370117
174.8330593109131
68.1304931640625
156.65674209594727
138.91911506652832
196.24614715576172
74.63645935058594
177.14476585388184
82.33261108398438
46.66280746459961
42.05012321472168
82.58342742919922
201.279878616333
21.72398567199707
528.9950370788574
224.88069534301758
364.5942211151123
202.6517391204834
21.007537841796875
237.9128932952881
84.36322212219238
378.7837028503418
117.6602840423584
62.787771224975586
174.4685173034668
14.600515365600586
81.9089412689209
279.3598175048828
333.2018852233887
54.35323715209961
36.85903549194336
102.68950462341309
127.35271453857422
594.2835807800293
20.26987075805664
117.74158477783203
180.4652214050293
78.76062393188477
38.53011131286621
36.68642044067383
78.47213745117188
27.381181716918945
42.02985763549805
125.75149536132812
164.16478157043457
88.55843544006348
14.61648941040039
105.84545135498047
260.64229011535645
15.872001647949219
286.4835262298584
59.21602249145508
92.9555892944336
44.913530349731445
235.1553440093994
65.6280517578125
16.068458557128906
229.0043830871582
94.93827819824219
279.7205448150635
80.20901679992676
113.45577239990234
1069.4379806518555
56.00237846374512
26.653766632080078
19.3636417388916
153.1665325164795
52.27804183959961
263.85998725891113
65.43421745300293
126.72781944274902
21.460294723510742
407.5932502746582
181.70166015625
17.6239013671875
21.70538902282715
28.054237365722656
54.15153503417969
147.7508544921875
17.995834350585938
27.666807174682617
61.50031089782715
35.22658348083496
88.71817588806152
236.06252670288086
71.68889045715332
246.8869686126709
17.669200897216797
26.604175567626953
105.7441234588623
184.27681922912598
179.34823036193848
18.17774772644043
31.2347412109375
23.198604583740234
74.09906387329102
408.33163261413574
72.94154167175293
23.90885353088379
369.4474697113037
39.95251655578613
120.9409236907959
113.81697654724121
69.91052627563477
21.303892135620117
32.00101852416992
79.51045036315918
31.797170639038086
1052.7780055999756
64.61286544799805
18.671512603759766
866.746187210083
122.76506423950195
89.52450752258301
60.07647514343262
91.3851261138916
25.432825088500977
31.987667083740234
118.4539794921875
310.192346572876
394.390344619751
58.4254264831543
30.849218368530273
32.80448913574219
61.815500259399414
218.3222770690918
42.8469181060791
34.43193435668945
58.329105377197266
27.942419052124023
218.70708465576172
21.436691284179688
69.88406181335449
67.77215003967285
18.089771270751953
27.78315544128418
33.74075889587402
188.7032985687256
35.642147064208984
59.30781364440918
176.13911628723145
30.266284942626953
156.4948558807373
253.30352783203125
34.80339050292969
34.94882583618164
125.1826286315918
139.86515998840332
149.88303184509277
194.75054740905762
31.5704345703125
193.78900527954102
40.31991958618164
285.3825092315674
147.9792594909668
66.21909141540527
128.81922721862793
210.56032180786133
177.41894721984863
19.848108291625977
39.53289985656738
31.233549118041992
242.12408065795898
42.01555252075195
158.07437896728516
312.166690826416
40.43292999267578
14.41812515258789
205.19328117370605
48.58803749084473
66.03503227233887
33.2179069519043
339.73073959350586
60.152530670166016
66.46585464477539
142.2882080078125
64.29553031921387
242.39206314086914
115.68808555603027
36.513328552246094
17.502546310424805
65.65999984741211
41.290998458862305
37.61768341064453
170.74012756347656
183.49552154541016
21.176815032958984
21.267414093017578
25.1617431640625
1039.5102500915527
30.144691467285156
44.88086700439453
126.9693374633789
151.43895149230957
443.6612129211426
16.733407974243164
14.958858489990234
106.5673828125
28.76758575439453
123.49820137023926
13.66734504699707
128.5381317138672
15.218019485473633
32.39107131958008
18.615007400512695
115.52596092224121
165.92073440551758
30.863046646118164
73.68850708007812
37.76216506958008
28.08380126953125
201.94697380065918
20.560026168823242
19.142866134643555
25.70033073425293
20.24698257446289
373.02494049072266
66.13445281982422
158.0979824066162
40.63892364501953
289.95537757873535
220.00694274902344
953.3088207244873
102.76579856872559
17.027616500854492
122.15089797973633
129.97031211853027
215.28220176696777
134.98735427856445
98.49119186401367
162.6131534576416
47.3785400390625
172.9891300201416
74.78165626525879
1034.6152782440186
44.62575912475586
214.03813362121582
22.149085998535156
130.46526908874512
199.32293891906738
13.49949836730957
149.06883239746094
73.47607612609863
78.69815826416016
43.52450370788574
132.1399211883545
221.1616039276123
241.7919635772705
62.5760555267334
42.87552833557129
32.128334045410156
41.359663009643555
385.44464111328125
438.3351802825928
13.082265853881836
228.2581329345703
18.581151962280273
40.213584899902344
54.14390563964844
53.70783805847168
136.59191131591797
50.61531066894531
150.50911903381348
18.367528915405273
18.33367347717285
31.879663467407227
39.08586502075195
15.557289123535156
24.716854095458984
51.06616020202637
81.62546157836914
63.32993507385254
20.197629928588867
174.5009422302246
14.96577262878418
59.9064826965332
110.49699783325195
24.235963821411133
74.54228401184082
48.04396629333496
32.410383224487305
80.17182350158691
35.01558303833008
90.07906913757324
135.20169258117676
413.16676139831543
365.86570739746094
25.841712951660156
68.5429573059082
360.9921932220459
201.16305351257324
18.27716827392578
258.03613662719727
35.56466102600098
73.38070869445801
111.42945289611816
111.73391342163086
46.6923713684082
67.09623336791992
35.164594650268555
16.574621200561523
188.58766555786133
405.3661823272705
220.00670433044434
1074.2535591125488
13.564348220825195
361.2537384033203
200.059175491333
113.13843727111816
109.06386375427246
45.39012908935547
365.067720413208
38.799285888671875
111.38749122619629
13.213872909545898
75.77991485595703
98.48880767822266
336.254358291626
121.6592788696289
289.7028923034668
60.35804748535156
22.449016571044922
13.972759246826172
202.09670066833496
89.48612213134766
58.10713768005371
188.18259239196777
19.173383712768555
36.5300178527832
102.70380973815918
48.01583290100098
34.371137619018555
18.842458724975586
192.92044639587402
207.05342292785645
50.29582977294922
21.945953369140625
31.661510467529297
237.46895790100098
435.1792335510254
278.3350944519043
23.981571197509766
46.52595520019531
103.63483428955078
141.75033569335938
66.52164459228516
84.52510833740234
407.4289798736572
88.47332000732422
93.13821792602539
14.873981475830078
172.80268669128418
308.5012435913086
58.44831466674805
76.80630683898926
33.312320709228516
123.71659278869629
560.5394840240479
38.11931610107422
259.40775871276855
152.21834182739258
432.6281547546387
122.49279022216797
38.74540328979492
145.22123336791992
449.4354724884033
141.91389083862305
256.1500072479248
122.25723266601562
41.519880294799805
29.58369255065918
276.01027488708496
21.56686782836914
139.56832885742188
134.4614028930664
351.6671657562256
313.35926055908203
92.21673011779785
25.502681732177734
42.868614196777344
46.4634895324707
34.83891487121582
171.248197555542
114.41683769226074
92.95535087585449
402.1179676055908
104.0349006652832
48.26545715332031
55.39369583129883
75.27399063110352
104.77352142333984
44.05021667480469
163.9103889465332
45.78685760498047
47.71161079406738
87.44168281555176
17.572402954101562
14.954090118408203
131.41918182373047
94.30742263793945
37.041425704956055
277.38118171691895
274.54137802124023
160.27307510375977
45.41897773742676
131.85906410217285
24.416208267211914
200.83951950073242
20.62678337097168
246.98257446289062
343.92261505126953
246.30236625671387
196.3660717010498
174.727201461792
363.10791969299316
16.91412925720215
129.44436073303223
145.2176570892334
210.74771881103516
17.663955688476562
18.628358840942383
124.96399879455566
58.76493453979492
88.7603759765625
48.615455627441406
113.42644691467285
90.79146385192871
224.3330478668213
50.22478103637695
107.71608352661133
360.75782775878906
51.97882652282715
21.871089935302734
362.5328540802002
153.75065803527832
27.7864933013916
32.441139221191406
43.10750961303711
199.5692253112793
113.29936981201172
99.40266609191895
101.46331787109375
18.367528915405273
20.06816864013672
20.73049545288086
95.27802467346191
127.14266777038574
14.747381210327148
68.39370727539062
85.05916595458984
218.28317642211914
40.489912033081055
412.5170707702637
84.24973487854004
172.87325859069824
36.70787811279297
441.9243335723877
40.187835693359375
75.38318634033203
59.14163589477539
199.4616985321045
144.30594444274902
94.87175941467285
194.16236877441406
159.04903411865234
227.57339477539062
38.38610649108887
45.06707191467285
203.14764976501465
29.996871948242188
208.24718475341797
95.30115127563477
20.417213439941406
21.36993408203125
112.73932456970215
17.009496688842773
24.853944778442383
89.29729461669922
115.42439460754395
21.70085906982422
540.473222732544
33.652305603027344
18.341064453125
18.02825927734375
42.53578186035156
60.15515327453613
1068.2475566864014
223.57416152954102
131.93488121032715
37.42384910583496
216.11499786376953
146.26336097717285
63.73453140258789
309.8173141479492
39.61038589477539
79.04791831970215
310.837984085083
126.84845924377441
21.953821182250977
205.2292823791504
302.8733730316162
38.89012336730957
493.66211891174316
55.132150650024414
41.15152359008789
36.78607940673828
39.11757469177246
49.27825927734375
28.868913650512695
532.1390628814697
77.27789878845215
25.310277938842773
14.298439025878906
42.940378189086914
401.40748023986816
370.03326416015625
25.885820388793945
94.25854682922363
145.66874504089355
37.52899169921875
41.9924259185791
25.34198760986328
35.086870193481445
79.15663719177246
1038.015365600586
237.76793479919434
15.039920806884766
102.18191146850586
103.00445556640625
77.68392562866211
68.03584098815918
102.7364730834961
246.12879753112793
160.80784797668457
103.28483581542969
125.03814697265625
106.89067840576172
50.4763126373291
356.27126693725586
650.5951881408691
96.42291069030762
68.5882568359375
93.85561943054199
75.09350776672363
14.403104782104492
69.28539276123047
287.51134872436523
275.32076835632324
418.9000129699707
100.3258228302002
54.08120155334473
57.12580680847168
159.88922119140625
360.44764518737793
83.24408531188965
352.04458236694336
190.40417671203613
214.111328125
20.11585235595703
263.34571838378906
90.57426452636719
36.89002990722656
330.4440975189209
344.0229892730713
49.3009090423584
371.5789318084717
154.0231704711914
161.65924072265625
187.5319480895996
214.7533893585205
62.29662895202637
262.44282722473145
23.251056671142578
57.274580001831055
83.53829383850098
68.49312782287598
62.36743927001953
26.730775833129883
60.21738052368164
44.23356056213379
17.287492752075195
16.032695770263672
90.09122848510742
33.460378646850586
38.27309608459473
150.56681632995605
16.501903533935547
22.605419158935547
1061.7785453796387
308.1536293029785
16.707420349121094
54.83388900756836
31.062841415405273
17.549514770507812
62.37626075744629
28.768539428710938
620.9731101989746
452.8970718383789
82.15522766113281
373.6898899078369
44.129371643066406
27.009010314941406
28.126955032348633
36.44990921020508
119.98558044433594
111.84000968933105
66.1771297454834
120.13077735900879
57.71350860595703
120.99432945251465
36.49330139160156
49.57842826843262
25.655508041381836
21.157026290893555
54.52585220336914
156.36134147644043
86.27486228942871
14.589548110961914
75.06299018859863
131.22296333312988
50.19640922546387
323.8673210144043
52.052974700927734
186.6896152496338
17.158031463623047
195.73330879211426
17.086505889892578
124.94850158691406
115.97347259521484
55.30881881713867
82.21054077148438
44.48437690734863
121.91963195800781
21.2399959564209
261.0132694244385
132.92431831359863
363.3589744567871
422.0454692840576
68.92156600952148
143.76401901245117
404.7505855560303
62.19005584716797
230.47184944152832
74.64766502380371
244.15063858032227
149.70707893371582
76.87616348266602
137.42685317993164
129.0113925933838
25.79665184020996
21.289587020874023
19.346952438354492
86.84682846069336
32.268524169921875
21.92997932434082
35.87222099304199
78.85122299194336
25.066614151000977
48.26712608337402
137.50457763671875
162.4443531036377
44.95382308959961
20.496606826782227
38.336992263793945
271.2533473968506
184.59224700927734
571.3846683502197
155.4574966430664
122.65467643737793
392.78149604797363
343.20521354675293
30.753135681152344
276.80516242980957
183.59065055847168
133.05258750915527
150.08544921875
37.933349609375
25.824546813964844
492.10214614868164
30.40933609008789
82.69143104553223
32.31668472290039
51.467180252075195
79.89072799682617
25.04587173461914
110.89468002319336
766.1254405975342
42.42420196533203
36.255836486816406
20.99323272705078
208.8148593902588
66.83897972106934
122.90716171264648
100.06833076477051
33.92767906188965
187.58511543273926
22.70221710205078
402.50086784362793
211.12442016601562
23.494243621826172
49.56483840942383
71.65956497192383
384.90939140319824
220.7486629486084
151.11851692199707
308.98237228393555
49.913644790649414
73.22502136230469
15.520095825195312
258.3189010620117
365.60702323913574
311.5234375
144.15645599365234
30.914306640625
312.654972076416
64.2848014831543
493.2553768157959
250.63014030456543
57.94835090637207
29.659509658813477
62.074899673461914
152.8763771057129
107.51914978027344
36.569833755493164
29.91318702697754
29.469728469848633
215.0261402130127
82.59057998657227
210.14642715454102
29.589414596557617
66.84231758117676
18.2039737701416
235.79931259155273
19.680023193359375
134.33408737182617
20.7674503326416
458.41264724731445
43.73621940612793
295.2587604522705
18.059253692626953
64.37492370605469
55.74917793273926
56.27703666687012
163.06257247924805
324.6290683746338
19.318819046020508
152.0392894744873
230.5281162261963
67.02399253845215
382.74478912353516
37.54401206970215
68.10903549194336
26.097774505615234
85.86335182189941
50.995826721191406
312.8058910369873
58.785200119018555
25.130748748779297
90.08932113647461
144.17314529418945
16.597747802734375
177.25086212158203
97.72181510925293
91.59421920776367
57.471513748168945
23.41938018798828
172.00064659118652
267.35591888427734
197.7837085723877
65.09089469909668
50.36020278930664
128.88765335083008
71.37513160705566
47.66488075256348
16.3421630859375
24.063587188720703
371.3665008544922
184.33499336242676
17.42863655090332
13.491630554199219
254.96339797973633
163.313627243042
83.56118202209473
61.63811683654785
89.42365646362305
74.84626770019531
179.58498001098633
55.57990074157715
75.06251335144043
17.09437370300293
173.1576919555664
158.82301330566406
28.342485427856445
260.5624198913574
151.54576301574707
61.96928024291992
360.6758117675781
24.34086799621582
27.186870574951172
18.837451934814453
95.62540054321289
114.6538257598877
45.233726501464844
137.5589370727539
114.5169734954834
51.534175872802734
105.78083992004395
1094.2206382751465
23.578882217407227
223.2983112335205
222.46289253234863
84.89322662353516
305.24468421936035
152.28605270385742
135.17212867736816
49.7441291809082
146.98195457458496
14.536142349243164
73.08268547058105
170.13168334960938
25.79975128173828
124.03678894042969
75.07848739624023
274.98459815979004
42.41037368774414
27.21691131591797
106.03117942810059
