2.984007358551025391e+00
4.222983860969543457e+01
1.832694053649902344e+00
1.137246918678283691e+01
1.321690797805786133e+00
4.396912813186645508e+00
2.487098455429077148e+01
4.994232892990112305e+00
2.078044652938842773e+00
1.156489038467407227e+01
1.510864808559417725e+02
5.764994239807128906e+01
9.886051654815673828e+00
3.049052047729492188e+01
2.566473484039306641e+00
8.135306835174560547e-01
9.254525661468505859e+00
9.832296371459960938e-01
1.039838533401489258e+02
1.735307776927947998e+02
8.356249332427978516e-01
2.476193428039550781e+00
2.744770050048828125e+00
3.005473613739013672e-01
3.086189031600952148e+00
1.382198572158813477e+00
4.919855117797851562e+00
3.208773136138916016e-01
1.184056606292724609e+02
3.562076568603515625e+00
4.868702888488769531e+00
3.799748420715332031e-01
1.775236392021179199e+01
3.893723487854003906e-01
8.833745479583740234e+00
2.635588598251342773e+01
1.992758274078369141e+00
1.866429567337036133e+00
7.608096599578857422e+00
1.144536018371582031e+00
2.125008106231689453e-01
1.172925066947937012e+01
5.029793739318847656e+00
1.572586297988891602e+00
3.679372787475585938e+00
4.562255072593688965e+01
5.569643974304199219e-01
2.565698146820068359e+00
1.025001285076141357e+02
7.154734134674072266e-01
7.573933768272399902e+01
1.109362125396728516e+00
2.025010349750518799e+02
8.502030372619628906e-01
9.125070571899414062e+00
5.357787609100341797e-01
2.061548233032226562e-01
1.272295451164245605e+01
2.112862825393676758e+00
1.351985454559326172e+00
3.155816078186035156e+00
1.172469854354858398e+00
7.981429100036621094e-01
1.788382935523986816e+01
2.375726461410522461e+00
8.017683506011962891e+00
6.410656452178955078e+00
1.372157573699951172e+00
1.053477048873901367e+00
3.592727422714233398e+00
4.379128217697143555e+00
1.555694365501403809e+01
2.142847132682800293e+01
8.171055316925048828e-01
9.021062850952148438e-01
3.336615085601806641e+00
1.275934934616088867e+00
1.827259063720703125e-01
7.815794944763183594e-01
1.635729551315307617e+00
1.051552772521972656e+00
4.284688949584960938e+01
4.323438882827758789e+00
5.117136693000793457e+01
7.726334571838378906e+00
2.218226432800292969e+00
9.129374027252197266e+00
1.522671747207641602e+01
6.153120994567871094e-01
4.614839553833007812e-01
1.692841529846191406e+00
5.743229389190673828e-01
5.105552673339843750e-01
1.812204384803771973e+01
3.053598165512084961e+01
2.200732946395874023e+00
5.701106309890747070e+00
7.566061019897460938e-01
6.944232392311096191e+01
3.199866056442260742e+00
2.709445476531982422e+00
8.126139640808105469e+00
1.866821169853210449e+01
7.664797306060791016e+00
1.815349316596984863e+01
2.705906391143798828e+00
9.460723400115966797e-01
3.888390064239501953e-01
4.539289474487304688e-01
1.703461170196533203e+00
2.890653610229492188e-01
7.462692260742187500e-01
1.091387176513671875e+01
3.099458694458007812e+00
1.772956848144531250e+00
5.269808053970336914e+00
2.303185629844665527e+01
1.788834857940673828e+01
4.869795322418212891e+00
2.718441486358642578e-01
8.049709796905517578e-01
7.025864124298095703e-01
7.053256034851074219e-01
3.510074615478515625e-01
2.041871547698974609e-01
2.547750473022460938e-01
6.131793975830078125e+00
5.497508049011230469e-01
2.124070072174072266e+01
1.803387165069580078e+00
1.102123570442199707e+01
6.126469135284423828e+00
5.068044519424438477e+01
3.276882171630859375e+00
1.998110294342041016e+00
1.512211847305297852e+01
9.200613498687744141e-01
2.712750434875488281e-01
8.990253448486328125e+00
1.211406946182250977e+00
3.962810516357421875e+00
1.571556305885314941e+01
1.251063752174377441e+01
3.370986700057983398e+00
3.079519271850585938e+00
6.710553884506225586e+00
5.140764713287353516e-01
3.343807220458984375e+00
1.256975889205932617e+01
3.089953589439392090e+01
3.924249172210693359e+00
2.013506889343261719e-01
4.401002883911132812e+00
5.669249534606933594e+00
4.615349769592285156e-01
2.593302726745605469e-01
2.424604225158691406e+01
6.879584074020385742e+00
1.801049709320068359e-01
5.863472223281860352e+00
5.928421020507812500e-01
6.812987327575683594e-01
1.250023126602172852e+00
4.948947167396545410e+01
6.944449901580810547e+00
4.919097423553466797e-01
2.888684272766113281e+00
2.921677203178405762e+02
5.784025430679321289e+00
3.749673366546630859e-01
1.066212177276611328e+00
3.311399459838867188e+00
5.103027105331420898e+00
7.439260244369506836e+01
2.106647968292236328e+00
7.080346107482910156e+00
6.428232431411743164e+00
1.855611801147460938e-01
2.229106116294860840e+01
4.160575866699218750e-01
5.758345937728881836e+01
9.011111259460449219e-01
2.157058715820312500e-01
9.642982482910156250e-01
3.688087463378906250e+00
5.001513957977294922e-01
3.928500199317932129e+01
1.021538662910461426e+01
1.227813959121704102e+01
3.099062442779541016e+00
1.055281753540039062e+02
8.840090513229370117e+00
2.332748651504516602e+00
9.724057817459106445e+01
3.473360538482666016e-01
5.096333837509155273e+01
1.132902622222900391e+00
2.999092817306518555e+00
3.213429450988769531e+00
9.134460377693176270e+01
