2.891556024551391602e+00
3.235570573806762695e+01
1.497623443603515625e+00
8.564900636672973633e+00
1.123217582702636719e+00
3.474551916122436523e+00
2.191941642761230469e+01
4.339114427566528320e+00
1.710425376892089844e+00
1.032158350944519043e+01
1.461615133285522461e+01
4.582971405982971191e+01
8.270133733749389648e+00
2.355284690856933594e+01
2.043286323547363281e+00
6.263272762298583984e-01
7.169980525970458984e+00
7.976744174957275391e-01
8.050441431999206543e+01
3.117693388462066650e+02
2.433578634262084961e+01
3.539176464080810547e+00
9.837974071502685547e+00
2.364256381988525391e-01
3.118782281875610352e+00
1.120681524276733398e+00
4.676446676254272461e+00
3.338458538055419922e-01
1.009491939544677734e+02
3.379571914672851562e+00
7.492898702621459961e+00
2.888214588165283203e-01
1.649706006050109863e+01
3.400011062622070312e-01
7.658316850662231445e+00
2.290130949020385742e+01
1.605208158493041992e+00
1.477092742919921875e+00
6.423767328262329102e+00
1.049506902694702148e+00
3.478929996490478516e-01
9.801700353622436523e+00
4.702186822891235352e+00
1.280828714370727539e+00
2.969248294830322266e+00
3.672276568412780762e+01
3.896448612213134766e-01
2.128462553024291992e+00
9.451105618476867676e+01
5.377919673919677734e-01
6.801960062980651855e+01
9.030580520629882812e-01
1.747269043922424316e+02
7.215626239776611328e-01
7.778663873672485352e+00
4.635727405548095703e-01
1.619498729705810547e-01
1.212020635604858398e+01
1.825997591018676758e+00
1.377662897109985352e+00
2.884600400924682617e+00
1.269594907760620117e+00
8.075850009918212891e-01
1.664291882514953613e+01
2.200963973999023438e+00
7.115865230560302734e+00
5.946234703063964844e+00
1.204416990280151367e+00
8.913097381591796875e-01
3.121903419494628906e+00
3.875971555709838867e+00
1.371790862083435059e+01
1.877431344985961914e+01
7.789535522460937500e-01
7.318167686462402344e-01
2.651745796203613281e+00
1.297703742980957031e+00
1.691610813140869141e-01
7.091026306152343750e-01
1.406996488571166992e+00
1.083515644073486328e+00
4.333665704727172852e+01
4.277235746383666992e+00
4.545716929435729980e+01
6.999069929122924805e+00
2.051882266998291016e+00
7.867624044418334961e+00
1.313954019546508789e+01
6.567020416259765625e-01
3.748080730438232422e-01
1.517095088958740234e+00
5.540564060211181641e-01
4.974057674407958984e-01
1.842793440818786621e+01
2.734559512138366699e+01
1.716816902160644531e+00
5.818209886550903320e+00
5.607740879058837891e-01
6.218978524208068848e+01
2.781910896301269531e+00
2.435497045516967773e+00
7.118228912353515625e+00
1.590639257431030273e+01
6.993021726608276367e+00
1.542992615699768066e+01
2.184807777404785156e+00
9.137256145477294922e-01
2.704319953918457031e-01
2.725024223327636719e-01
1.506919384002685547e+00
2.651486396789550781e-01
6.738457679748535156e-01
1.082700371742248535e+01
2.717304944992065430e+00
1.632276535034179688e+00
4.622544050216674805e+00
1.999939870834350586e+01
1.631810045242309570e+01
4.969951391220092773e+00
2.598931789398193359e-01
6.982676982879638672e-01
5.867693424224853516e-01
5.573451519012451172e-01
4.190587997436523438e-01
2.382507324218750000e-01
3.117606639862060547e-01
6.565857648849487305e+00
5.776534080505371094e-01
1.835577011108398438e+01
1.585168361663818359e+00
9.512796878814697266e+00
5.596334457397460938e+00
2.629661774635314941e+01
3.137143611907958984e+00
2.074110031127929688e+00
1.389973115921020508e+01
1.020807743072509766e+00
2.571616172790527344e-01
8.193833589553833008e+00
1.040090322494506836e+00
3.748204469680786133e+00
1.378100657463073730e+01
1.081536769866943359e+01
2.656478643417358398e+00
2.714493036270141602e+00
5.781588792800903320e+00
4.223659038543701172e-01
2.671612262725830078e+00
1.066252827644348145e+01
2.670164966583251953e+01
3.640556812286376953e+00
2.433559894561767578e-01
4.856265306472778320e+00
5.275413513183593750e+00
4.466919898986816406e-01
2.715263366699218750e-01
2.452215504646301270e+01
7.282116651535034180e+00
2.010793685913085938e-01
5.869486808776855469e+00
4.864335060119628906e-01
5.819003582000732422e-01
1.100760459899902344e+00
4.446469736099243164e+01
5.915909051895141602e+00
3.848574161529541016e-01
2.954396486282348633e+00
5.809548449516296387e+01
5.175129413604736328e+00
3.090088367462158203e-01
1.001678943634033203e+00
3.129137039184570312e+00
4.510644674301147461e+00
6.951326966285705566e+01
1.815460205078125000e+00
6.247138738632202148e+00
5.513171672821044922e+00
2.097792625427246094e-01
2.019241309165954590e+01
3.909971714019775391e-01
5.381339478492736816e+01
9.564650058746337891e-01
2.992680072784423828e-01
1.063688278198242188e+00
2.753059864044189453e+00
4.049677848815917969e-01
3.349512934684753418e+01
8.804860830307006836e+00
1.028498935699462891e+01
2.627031326293945312e+00
9.414410042762756348e+01
8.203475713729858398e+00
2.140769243240356445e+00
8.318400359153747559e+01
2.861857414245605469e-01
4.542210030555725098e+01
1.193122148513793945e+00
3.245284080505371094e+00
3.499893188476562500e+00
7.671485280990600586e+01
