3.181812524795532227e+00
3.675377964973449707e+01
1.665562868118286133e+00
9.709969758987426758e+00
1.366973638534545898e+00
3.994150400161743164e+00
2.361593699455261230e+01
4.951795816421508789e+00
1.992586135864257812e+00
1.178991436958312988e+01
1.666036617755889893e+02
5.237959957122802734e+01
9.383921861648559570e+00
2.611621093750000000e+01
2.433820962905883789e+00
7.968876361846923828e-01
7.959323883056640625e+00
8.880703449249267578e-01
9.163255119323730469e+01
1.629329576492309570e+02
7.159218788146972656e-01
2.273318529129028320e+00
2.306303977966308594e+00
2.802829742431640625e-01
2.786643505096435547e+00
1.281006336212158203e+00
4.434474229812622070e+00
3.478059768676757812e-01
1.031314535140991211e+02
3.479089736938476562e+00
4.655179738998413086e+00
2.827224731445312500e-01
1.750462722778320312e+01
3.641369342803955078e-01
7.933083057403564453e+00
2.392368340492248535e+01
1.825406789779663086e+00
1.574021100997924805e+00
6.649774551391601562e+00
1.052150487899780273e+00
1.998851299285888672e-01
1.055996656417846680e+01
4.750479459762573242e+00
1.101825714111328125e+00
3.000979185104370117e+00
3.874739694595336914e+01
4.268620014190673828e-01
2.414963483810424805e+00
1.022031443119049072e+02
7.202341556549072266e-01
7.288154506683349609e+01
9.287691116333007812e-01
1.889204151630401611e+02
8.276546001434326172e-01
8.844848155975341797e+00
6.366322040557861328e-01
2.134602069854736328e-01
1.290505504608154297e+01
2.270943641662597656e+00
1.408641338348388672e+00
3.395341396331787109e+00
1.253478288650512695e+00
8.353428840637207031e-01
1.742420673370361328e+01
2.286253452301025391e+00
7.431757211685180664e+00
6.190822124481201172e+00
1.303890228271484375e+00
9.543225765228271484e-01
3.416328191757202148e+00
4.111307382583618164e+00
1.465507340431213379e+01
1.997649383544921875e+01
7.701032161712646484e-01
8.230206966400146484e-01
3.057325363159179688e+00
1.257926464080810547e+00
2.126724720001220703e-01
7.790789604187011719e-01
1.631598472595214844e+00
9.079861640930175781e-01
4.659310722351074219e+01
4.633211374282836914e+00
4.778945517539978027e+01
7.214941740036010742e+00
2.115041732788085938e+00
8.386067390441894531e+00
1.373476600646972656e+01
8.044331073760986328e-01
4.429657459259033203e-01
1.630484342575073242e+00
5.708901882171630859e-01
5.742411613464355469e-01
2.009560894966125488e+01
2.967357015609741211e+01
1.841531276702880859e+00
5.508676767349243164e+00
6.917147636413574219e-01
6.419182109832763672e+01
3.076336383819580078e+00
2.722881078720092773e+00
7.748017072677612305e+00
1.670478725433349609e+01
7.431055545806884766e+00
1.706607103347778320e+01
2.391435384750366211e+00
1.015278100967407227e+00
3.085744380950927734e-01
3.393824100494384766e-01
1.583900451660156250e+00
2.975971698760986328e-01
6.800968647003173828e-01
1.211687994003295898e+01
2.841568946838378906e+00
1.683594942092895508e+00
4.597231149673461914e+00
2.171661329269409180e+01
1.688658905029296875e+01
5.066082954406738281e+00
2.777700424194335938e-01
7.789988517761230469e-01
6.693425178527832031e-01
6.572120189666748047e-01
4.721882343292236328e-01
2.514846324920654297e-01
3.083138465881347656e-01
6.458540678024291992e+00
5.724453926086425781e-01
1.944848179817199707e+01
1.572483301162719727e+00
1.022148942947387695e+01
5.702650308609008789e+00
1.581953620910644531e+02
3.517099618911743164e+00
2.317316532135009766e+00
1.585627818107604980e+01
1.074833393096923828e+00
2.830772399902343750e-01
9.649502754211425781e+00
1.297823190689086914e+00
3.883361339569091797e+00
1.519080781936645508e+01
1.156636714935302734e+01
2.996953964233398438e+00
2.854728937149047852e+00
6.117893457412719727e+00
4.586758613586425781e-01
2.882766723632812500e+00
1.142927312850952148e+01
2.784376788139343262e+01
3.821513414382934570e+00
2.493340969085693359e-01
5.035010576248168945e+00
6.170520782470703125e+00
5.619649887084960938e-01
2.847554683685302734e-01
2.571107077598571777e+01
7.323445320129394531e+00
2.536895275115966797e-01
6.025572299957275391e+00
5.231006145477294922e-01
6.021211147308349609e-01
1.171784162521362305e+00
4.652169442176818848e+01
6.172630310058593750e+00
4.147045612335205078e-01
2.739992856979370117e+00
8.191111183166503906e+01
5.580211877822875977e+00
3.755939006805419922e-01
1.176875352859497070e+00
3.171239137649536133e+00
4.778765439987182617e+00
7.344402384757995605e+01
1.780476093292236328e+00
6.439783334732055664e+00
5.586268901824951172e+00
1.688778400421142578e-01
2.102731418609619141e+01
4.117779731750488281e-01
5.733539271354675293e+01
1.082365512847900391e+00
2.625000476837158203e-01
1.161187410354614258e+00
3.033701181411743164e+00
4.361672401428222656e-01
3.441915750503540039e+01
9.233880043029785156e+00
1.111159372329711914e+01
2.968870639801025391e+00
1.022169032096862793e+02
8.647958993911743164e+00
2.332240104675292969e+00
8.515231084823608398e+01
2.842149734497070312e-01
4.516901111602783203e+01
1.247724056243896484e+00
3.173172950744628906e+00
3.385886907577514648e+00
8.189669775962829590e+01
