2.278841018676757812e+00
3.126321911811828613e+01
1.505136489868164062e+00
8.629183769226074219e+00
1.117441177368164062e+00
3.390584707260131836e+00
2.124226808547973633e+01
4.413539409637451172e+00
1.250717639923095703e-01
1.038517856597900391e+01
2.433888704776763916e+02
4.698819637298583984e+01
6.738902568817138672e+00
2.364356255531311035e+01
2.238874197006225586e+00
6.140491962432861328e-01
7.430469036102294922e+00
8.236351013183593750e-01
8.340195918083190918e+01
2.242806427478790283e+02
8.674724102020263672e-01
2.091738462448120117e+00
1.014641761779785156e+00
2.655179500579833984e-01
1.488657236099243164e+00
1.123263359069824219e+00
3.969432592391967773e+00
3.756914138793945312e-01
9.074874830245971680e+01
3.053750276565551758e+00
4.435724496841430664e+00
2.743182182312011719e-01
1.494979834556579590e+01
4.327304363250732422e-01
7.077837228775024414e+00
1.986484193801879883e+01
1.104618549346923828e+00
9.098563194274902344e-01
5.673401117324829102e+00
8.764169216156005859e-01
1.611616611480712891e-01
8.886488914489746094e+00
4.114525794982910156e+00
1.080533742904663086e+00
2.594077110290527344e+00
3.507547020912170410e+01
3.632154464721679688e-01
2.069561481475830078e-01
9.154078841209411621e+01
5.784721374511718750e-01
6.421177864074707031e+01
8.651275634765625000e-01
1.536604990959167480e+02
8.163800239562988281e-01
7.866619586944580078e+00
4.537982940673828125e-01
1.807329654693603516e-01
9.866794824600219727e+00
1.285750865936279297e+00
1.220803022384643555e+00
2.774521112442016602e+00
1.045487403869628906e+00
6.832005977630615234e-01
1.523456788063049316e+01
2.092921972274780273e+00
4.789876699447631836e+00
5.481570720672607422e+00
1.032252550125122070e+00
8.471689224243164062e-01
2.543170213699340820e+00
2.119010210037231445e+00
1.276623106002807617e+01
1.761144542694091797e+01
6.821675300598144531e-01
7.302362918853759766e-01
2.458983898162841797e+00
1.111611604690551758e+00
1.931660175323486328e-01
6.959948539733886719e-01
1.935045719146728516e+00
1.985245943069458008e+00
4.240299248695373535e+01
3.861090660095214844e+00
4.434439110755920410e+01
6.178863525390625000e+00
3.225202560424804688e-01
7.501766920089721680e+00
1.163381052017211914e+01
5.437529087066650391e-01
3.681702613830566406e-01
1.940741539001464844e-01
4.864656925201416016e-01
4.643661975860595703e-01
1.685267519950866699e+01
2.667673134803771973e+01
1.417200088500976562e+00
5.446527719497680664e+00
5.955386161804199219e-01
5.741179752349853516e+01
2.542675971984863281e+00
2.218833446502685547e+00
1.667563676834106445e+00
1.784256267547607422e+01
1.082839512825012207e+01
1.556466889381408691e+01
2.282293081283569336e+00
1.991408824920654297e+00
1.337251663208007812e+00
7.306933403015136719e-01
1.522229433059692383e+00
7.260706424713134766e-01
7.736608028411865234e+00
5.310814857482910156e+00
5.138702392578125000e-01
1.980172395706176758e+00
4.302553176879882812e+00
1.993397068977355957e+01
1.588232350349426270e+01
6.201942920684814453e+00
2.707440853118896484e-01
6.895735263824462891e-01
3.218386173248291016e-01
5.274119377136230469e-01
3.598923683166503906e-01
2.138864994049072266e-01
2.671937942504882812e-01
6.082653284072875977e+00
6.160206794738769531e-01
1.855562686920166016e+01
4.260020256042480469e+00
9.625350475311279297e+00
9.167580127716064453e+00
2.882585566043853760e+02
2.614863204956054688e+01
3.713962793350219727e+00
2.639288330078125000e+01
9.484455585479736328e-01
2.502627372741699219e-01
3.316946268081665039e+00
1.176428079605102539e+00
4.930883884429931641e+00
1.359501242637634277e+01
1.070560717582702637e+01
4.431810140609741211e+00
2.861758947372436523e+00
5.740823507308959961e+00
4.537436962127685547e-01
3.150118827819824219e+00
1.040579414367675781e+01
2.535555601119995117e+01
3.406116247177124023e+00
2.179188728332519531e-01
4.429588556289672852e+00
5.205015897750854492e+00
4.530973434448242188e-01
2.514600753784179688e-01
2.269182229042053223e+01
6.865498542785644531e+00
2.258982658386230469e-01
5.198096513748168945e+00
4.227151870727539062e-01
5.123264789581298828e-01
1.492055892944335938e+00
4.082465744018554688e+01
5.491022109985351562e+00
3.599793910980224609e-01
1.939336061477661133e+00
3.445953059196472168e+01
4.811371803283691406e+00
9.067144393920898438e-01
2.211599111557006836e+00
2.968867540359497070e+00
4.041122913360595703e+00
6.571705102920532227e+01
1.763614654541015625e+00
5.949701547622680664e+00
5.413363933563232422e+00
1.639988422393798828e-01
1.865497326850891113e+01
3.307852745056152344e-01
5.299038481712341309e+01
6.637136936187744141e-01
2.207911014556884766e-01
1.641461849212646484e-01
2.536664724349975586e+00
3.971612453460693359e-01
3.138376545906066895e+01
8.226149559020996094e+00
1.016987228393554688e+01
2.415689706802368164e+00
9.353465294837951660e+01
8.220160722732543945e+00
2.133205652236938477e+00
8.121820974349975586e+01
2.726876735687255859e-01
4.211150145530700684e+01
1.093276739120483398e+00
3.020678043365478516e+00
3.083216667175292969e+00
7.539752197265625000e+01
