460.2828025817871
91.98880195617676
8546.109914779663
4690.7007694244385
106831.67433738708
949.9197006225586
21656.123161315918
2085.73842048645
96.88711166381836
506.93297386169434
358.9661121368408
53.91120910644531
145.34306526184082
37609.946966171265
163.0394458770752
141968.25122833252
122666.76044464111
343.52993965148926
157.0718288421631
1900.1085758209229
4630.293607711792
38861.210346221924
49.58701133728027
614.40110206604
154.83570098876953
1899.3768692016602
6300.004005432129
618.8223361968994
1111.2651824951172
95.32785415649414
1845.2043533325195
18219.26259994507
693.5632228851318
14786.99278831482
296.5881824493408
632.6727867126465
70690.9830570221
143.72992515563965
1663.5453701019287
750.2269744873047
92.84758567810059
604.9926280975342
1789.7603511810303
675.3361225128174
144.44351196289062
648.2839584350586
6952.323436737061
88.1655216217041
8642.013549804688
905.9863090515137
4552.371978759766
70103.59382629395
6710.522651672363
1710.3347778320312
53.293466567993164
1039.1242504119873
6469.510316848755
186.20038032531738
1244.7078227996826
12240.686655044556
56.242942810058594
1299.6878623962402
90.6991958618164
376617.5363063812
275.01392364501953
223.40655326843262
144.7603702545166
1392.991065979004
142.2865390777588
273.7307548522949
232.8815460205078
1169456.0132026672
18749.555826187134
144.2716121673584
144154.7887325287
3067.383050918579
5670.6273555755615
147.9933261871338
238.43669891357422
776.1881351470947
2058.0458641052246
251936.79785728455
874.7766017913818
4951.030731201172
54.59475517272949
4160.309314727783
74.42283630371094
194.1673755645752
28182.236909866333
153.55253219604492
146.96431159973145
129.93359565734863
873.3386993408203
4803.706407546997
143.85223388671875
131.22797012329102
56.078195571899414
298.45213890075684
197.13997840881348
1038.8062000274658
8686.938047409058
2387.345314025879
1195.8494186401367
53502.82692909241
159.27433967590332
674.8883724212646
75955.21545410156
143.8281536102295
696.0604190826416
965.7363891601562
6176.292657852173
1488.2941246032715
2436.044454574585
115.9663200378418
710.8640670776367
120915.40956497192
2804.2869567871094
57.26814270019531
2786.1292362213135
8808.306455612183
58.310508728027344
1349.7498035430908
3648.0019092559814
1502.5115013122559
52.86240577697754
146.49510383605957
637.3066902160645
155.66539764404297
607.8746318817139
189.53752517700195
881.3846111297607
71509.66453552246
152.3573398590088
2520.0345516204834
11989.695310592651
74.59712028503418
2274.0678787231445
29400.75731277466
73.06075096130371
151.10421180725098
91.54033660888672
2823.7948417663574
664.750337600708
3005.897283554077
14967.500925064087
1406.4700603485107
686.0435009002686
333.6973190307617
505.04469871520996
1053.6253452301025
5239.955186843872
4504.13179397583
680.5698871612549
18486.24539375305
1663.4111404418945
9284.152030944824
682.6937198638916
6923.513412475586
728.0452251434326
16102.765798568726
904.5026302337646
94.28191184997559
2132.7109336853027
6616.4984703063965
147.8099822998047
15233.90793800354
145.81775665283203
117.93279647827148
1233.227252960205
927.0684719085693
1157.4182510375977
5151.012659072876
146.88611030578613
2451.042890548706
1381.5157413482666
976.4728546142578
796.8113422393799
53.85756492614746
582.3733806610107
60335.13045310974
81.07638359069824
2238.223075866699
3194.639205932617
13076.012372970581
292.5264835357666
53149.4517326355
1004.0490627288818
12637.706995010376
210.69765090942383
152.84037590026855
13527.90117263794
1205.937385559082
146.86942100524902
983.0629825592041
26282.196521759033
1892.0576572418213
1470.602035522461
145586.6527557373
93511.73305511475
678.7559986114502
