8.297348022460937500e-02
6.214666366577148438e-02
6.216859817504882812e-02
6.508255004882812500e-02
7.424592971801757812e-02
6.557369232177734375e-02
6.062006950378417969e-02
6.778907775878906250e-02
6.571102142333984375e-02
6.863784790039062500e-02
7.087063789367675781e-02
6.139659881591796875e-02
6.030821800231933594e-02
6.543803215026855469e-02
6.410074234008789062e-02
7.018780708312988281e-02
6.766438484191894531e-02
7.226920127868652344e-02
6.757616996765136719e-02
1.155412197113037109e-01
7.472991943359375000e-02
7.875895500183105469e-02
6.574320793151855469e-02
6.487441062927246094e-02
7.016158103942871094e-02
7.065844535827636719e-02
8.064389228820800781e-02
1.186132431030273438e-01
1.706044673919677734e-01
6.874775886535644531e-02
7.639384269714355469e-02
6.490206718444824219e-02
6.860637664794921875e-02
5.788803100585937500e-02
6.308412551879882812e-02
7.030344009399414062e-02
6.685781478881835938e-02
6.733512878417968750e-02
6.817173957824707031e-02
8.914351463317871094e-02
6.482267379760742188e-02
6.250596046447753906e-02
6.811118125915527344e-02
6.160688400268554688e-02
6.799292564392089844e-02
5.942511558532714844e-02
6.144762039184570312e-02
6.684875488281250000e-02
6.013274192810058594e-02
1.452128887176513672e-01
6.326699256896972656e-02
7.296490669250488281e-02
5.893325805664062500e-02
7.596945762634277344e-02
6.501483917236328125e-02
7.479953765869140625e-02
6.759142875671386719e-02
6.775355339050292969e-02
7.116079330444335938e-02
8.196115493774414062e-02
6.920742988586425781e-02
7.431697845458984375e-02
7.450914382934570312e-02
7.694649696350097656e-02
5.895256996154785156e-02
7.893180847167968750e-02
6.303119659423828125e-02
6.944847106933593750e-02
6.314754486083984375e-02
6.680035591125488281e-02
6.297898292541503906e-02
7.227706909179687500e-02
7.326674461364746094e-02
6.745648384094238281e-02
7.518744468688964844e-02
7.288241386413574219e-02
9.219288825988769531e-02
8.730554580688476562e-02
9.610748291015625000e-02
7.136011123657226562e-02
6.258010864257812500e-02
6.154441833496093750e-02
6.405210494995117188e-02
6.911945343017578125e-02
6.117367744445800781e-02
6.140184402465820312e-02
7.451963424682617188e-02
6.728792190551757812e-02
6.909561157226562500e-02
1.279530525207519531e-01
7.870674133300781250e-02
7.346296310424804688e-02
7.273054122924804688e-02
8.501338958740234375e-02
7.801461219787597656e-02
8.320569992065429688e-02
7.493948936462402344e-02
6.251692771911621094e-02
6.560325622558593750e-02
6.589531898498535156e-02
5.761742591857910156e-02
6.578373908996582031e-02
6.293058395385742188e-02
6.197714805603027344e-02
5.797982215881347656e-02
6.231045722961425781e-02
9.710240364074707031e-02
6.404948234558105469e-02
6.556527614593505859e-01
6.809544563293457031e-02
8.294391632080078125e-02
5.914568901062011719e-02
6.757783889770507812e-02
6.496715545654296875e-02
6.600403785705566406e-02
6.146240234375000000e-02
6.221723556518554688e-02
7.771849632263183594e-02
5.307316780090332031e-02
6.794500350952148438e-02
7.466959953308105469e-02
7.124972343444824219e-02
2.068376541137695312e-01
6.869626045227050781e-02
7.286238670349121094e-02
5.833625793457031250e-02
6.980705261230468750e-02
5.638074874877929688e-02
6.542992591857910156e-02
6.688189506530761719e-02
6.051373481750488281e-02
6.975126266479492188e-02
6.041932106018066406e-02
8.289861679077148438e-02
5.765843391418457031e-02
6.415653228759765625e-02
5.698704719543457031e-02
7.037615776062011719e-02
6.943798065185546875e-02
7.316970825195312500e-02
7.880685329437255859e-01
7.172870635986328125e-02
6.576061248779296875e-02
6.513762474060058594e-02
7.142353057861328125e-02
6.515645980834960938e-02
1.558377742767333984e-01
6.310129165649414062e-02
7.936239242553710938e-02
7.511568069458007812e-02
6.759023666381835938e-02
9.626412391662597656e-02
7.004141807556152344e-02
5.980587005615234375e-02
4.381370544433593750e-02
5.808997154235839844e-02
5.717301368713378906e-02
6.406712532043457031e-02
5.995035171508789062e-02
6.322288513183593750e-02
9.249925613403320312e-02
6.650757789611816406e-02
6.723070144653320312e-02
7.719302177429199219e-02
6.186413764953613281e-02
6.392955780029296875e-02
6.354761123657226562e-02
5.872869491577148438e-02
6.888628005981445312e-02
7.468366622924804688e-02
6.270265579223632812e-02
7.045769691467285156e-02
6.981873512268066406e-02
6.037163734436035156e-02
7.144832611083984375e-02
6.141185760498046875e-02
7.760310173034667969e-02
6.367754936218261719e-02
7.082438468933105469e-02
6.184411048889160156e-02
7.534241676330566406e-02
7.452750205993652344e-02
7.195758819580078125e-02
7.491850852966308594e-02
6.815767288208007812e-02
7.084321975708007812e-02
8.401989936828613281e-02
6.611013412475585938e-02
9.527611732482910156e-02
5.865907669067382812e-02
6.333899497985839844e-02
6.288886070251464844e-02
5.802965164184570312e-02
6.024837493896484375e-02
5.775833129882812500e-02
5.924224853515625000e-02
9.384155273437500000e-02
6.833910942077636719e-02
6.674432754516601562e-02
6.686758995056152344e-02
