1.252772808074951172e-01
1.309845447540283203e-01
1.379628181457519531e-01
6.459259986877441406e-02
6.844234466552734375e-02
6.221461296081542969e-02
4.536294937133789062e-02
6.948089599609375000e-02
1.540024280548095703e-01
1.288566589355468750e-01
2.795839309692382812e-02
6.048297882080078125e-02
8.449101448059082031e-02
6.700801849365234375e-02
1.140534877777099609e-01
6.305003166198730469e-02
5.757403373718261719e-02
1.133868694305419922e-01
3.233933448791503906e-02
4.723279476165771484e-01
9.783697128295898438e-02
6.889271736145019531e-02
1.387267112731933594e-01
6.082320213317871094e-02
6.442046165466308594e-02
1.972067356109619141e-01
6.768798828125000000e-02
4.228670597076416016e-01
6.205773353576660156e-02
5.471205711364746094e-02
7.017207145690917969e-02
1.412401199340820312e-01
1.172811985015869141e-01
3.919076919555664062e-02
7.827305793762207031e-02
1.667320728302001953e-01
4.909796714782714844e-01
6.814599037170410156e-02
6.777405738830566406e-02
1.468820571899414062e-01
1.622850894927978516e-01
6.725001335144042969e-02
6.413769721984863281e-02
4.791188240051269531e-02
1.372394561767578125e-01
6.194949150085449219e-02
6.788802146911621094e-02
1.028356552124023438e-01
3.258228302001953125e-02
6.762123107910156250e-02
5.803084373474121094e-02
5.052185058593750000e-02
7.013869285583496094e-02
6.086111068725585938e-02
1.283416748046875000e-01
2.037487030029296875e-01
1.427397727966308594e-01
1.249783039093017578e-01
3.637194633483886719e-02
7.553029060363769531e-02
2.584738731384277344e-01
3.556799888610839844e-02
1.090917587280273438e-01
1.280083656311035156e-01
6.674933433532714844e-02
4.848408699035644531e-02
9.041333198547363281e-02
6.596016883850097656e-02
1.303124427795410156e-01
7.742977142333984375e-02
2.398467063903808594e-02
7.309913635253906250e-02
6.806802749633789062e-02
7.029843330383300781e-02
6.367492675781250000e-02
2.611486911773681641e-01
1.129219532012939453e-01
3.819658756256103516e-01
9.805250167846679688e-02
5.520343780517578125e-02
4.243643283843994141e-01
2.256398200988769531e-01
7.365584373474121094e-02
8.746147155761718750e-02
5.111122131347656250e-02
1.166818141937255859e-01
1.465210914611816406e-01
7.163166999816894531e-02
1.256165504455566406e-01
1.997935771942138672e-01
8.548688888549804688e-02
2.544689178466796875e-02
5.993342399597167969e-02
8.318543434143066406e-02
1.272554397583007812e-01
6.080508232116699219e-02
5.547666549682617188e-02
4.965615272521972656e-02
1.765849590301513672e-01
2.654099464416503906e-02
4.748415946960449219e-02
7.304716110229492188e-02
6.409668922424316406e-02
1.392004489898681641e-01
3.210854530334472656e-02
2.904534339904785156e-02
9.678220748901367188e-02
5.654144287109375000e-02
6.504476070404052734e-01
1.231589317321777344e-01
8.380794525146484375e-02
6.467556953430175781e-02
8.130931854248046875e-02
6.300020217895507812e-02
1.168754100799560547e-01
1.356709003448486328e-01
5.990409851074218750e-02
1.921882629394531250e-01
8.060836791992187500e-02
7.170438766479492188e-02
8.421087265014648438e-02
5.882644653320312500e-02
1.954185962677001953e-01
7.026791572570800781e-02
4.913735389709472656e-02
9.072613716125488281e-02
2.737236022949218750e-02
7.408785820007324219e-02
6.262183189392089844e-02
2.051079273223876953e-01
3.679037094116210938e-02
8.537888526916503906e-02
6.282949447631835938e-02
3.232378959655761719e-01
5.737590789794921875e-02
3.339409828186035156e-02
5.725455284118652344e-02
6.150984764099121094e-02
6.471300125122070312e-02
9.398078918457031250e-02
7.715272903442382812e-02
6.508111953735351562e-02
8.277297019958496094e-02
2.558350563049316406e-02
7.154178619384765625e-02
8.905935287475585938e-02
1.378052234649658203e-01
2.630553245544433594e-01
1.202650070190429688e-01
6.466054916381835938e-02
1.076354980468750000e-01
1.097640991210937500e-01
6.635308265686035156e-02
6.007361412048339844e-02
8.894681930541992188e-02
3.341794013977050781e-02
2.653312683105468750e-02
6.496810913085937500e-02
5.746889114379882812e-02
4.946923255920410156e-02
8.578395843505859375e-02
1.432783603668212891e-01
3.976171016693115234e-01
8.239197731018066406e-02
5.847048759460449219e-02
5.940747261047363281e-02
1.625173091888427734e-01
6.577014923095703125e-02
1.001360416412353516e-01
7.335281372070312500e-02
1.333053112030029297e-01
3.186917304992675781e-01
8.242750167846679688e-02
4.488730430603027344e-02
5.703353881835937500e-02
1.034173965454101562e-01
6.797766685485839844e-02
4.148969650268554688e-01
2.030847072601318359e-01
6.732606887817382812e-02
2.611742019653320312e-01
7.074022293090820312e-02
6.448793411254882812e-02
1.985399723052978516e-01
6.784963607788085938e-02
7.186341285705566406e-02
7.364702224731445312e-02
6.599211692810058594e-02
1.137292385101318359e-01
9.671831130981445312e-02
6.978869438171386719e-02
9.623050689697265625e-02
1.762793064117431641e-01
3.978633880615234375e-02
5.033850669860839844e-02
1.344163417816162109e-01
2.703385353088378906e-01
3.165681362152099609e-01
1.699275970458984375e-01
7.551074028015136719e-02
