46.91004753112793
1046.7026233673096
57.57784843444824
50.338029861450195
40.00067710876465
261.01016998291016
50.72784423828125
412.2281074523926
16.11018180847168
72.48210906982422
27.47511863708496
146.90780639648438
161.18502616882324
14.746904373168945
97.31435775756836
1128.2589435577393
17.2574520111084
42.41061210632324
200.40655136108398
404.36458587646484
70.30510902404785
264.4157409667969
170.74298858642578
317.52753257751465
79.55050468444824
289.75963592529297
119.45772171020508
184.9052906036377
28.565168380737305
442.0130252838135
25.174617767333984
30.317306518554688
71.70343399047852
192.40140914916992
135.34092903137207
34.05904769897461
35.86435317993164
43.984174728393555
118.04056167602539
19.65641975402832
174.64709281921387
16.659975051879883
42.02604293823242
51.105499267578125
93.49632263183594
106.17256164550781
19.351959228515625
54.338932037353516
161.6659164428711
38.93303871154785
13.968706130981445
93.03951263427734
318.4640407562256
64.14437294006348
141.2639617919922
242.661714553833
49.143314361572266
387.73512840270996
14.875650405883789
123.94261360168457
92.93556213378906
14.472484588623047
265.72370529174805
13.027429580688477
20.887136459350586
279.7961235046387
141.59584045410156
195.50395011901855
159.17658805847168
75.03819465637207
172.743558883667
54.02350425720215
50.2011775970459
340.6500816345215
81.88056945800781
138.98158073425293
46.999216079711914
13.698101043701172
24.512290954589844
85.38031578063965
71.41804695129395
20.42675018310547
115.99516868591309
242.91467666625977
239.15839195251465
78.78470420837402
40.85040092468262
233.73961448669434
34.83867645263672
250.06365776062012
53.52950096130371
336.392879486084
121.4747428894043
368.6344623565674
135.52594184875488
29.52861785888672
98.07777404785156
18.788814544677734
110.27765274047852
163.37156295776367
25.354862213134766
46.148061752319336
39.247989654541016
166.93544387817383
109.91954803466797
92.24176406860352
75.20008087158203
172.66559600830078
67.11721420288086
47.61219024658203
101.165771484375
148.23246002197266
382.02548027038574
135.6668472290039
17.56739616394043
170.52435874938965
59.61418151855469
357.302188873291
60.16135215759277
179.1210174560547
97.49174118041992
375.22101402282715
57.80196189880371
138.69762420654297
33.85210037231445
232.47814178466797
120.82719802856445
65.70720672607422
20.592927932739258
17.661094665527344
1030.2677154541016
31.981706619262695
469.9666500091553
55.266380310058594
145.00093460083008
124.91536140441895
17.28534698486328
180.47404289245605
201.92885398864746
52.904605865478516
72.34859466552734
60.1961612701416
186.7070198059082
34.58571434020996
297.2249984741211
181.90693855285645
95.40843963623047
25.637388229370117
88.89651298522949
137.88747787475586
445.2495574951172
52.58941650390625
14.877080917358398
26.57938003540039
33.28871726989746
36.14926338195801
30.921220779418945
74.23663139343262
44.91710662841797
27.665376663208008
25.079011917114258
28.949975967407227
51.79119110107422
59.426069259643555
14.313459396362305
23.998260498046875
26.056289672851562
81.9399356842041
43.863773345947266
125.49638748168945
428.0209541320801
52.756547927856445
242.4142360687256
191.8635368347168
58.78305435180664
86.61699295043945
34.74998474121094
126.87969207763672
279.5989513397217
374.39680099487305
119.97532844543457
37.46676445007324
21.312713623046875
160.9177589416504
105.6826114654541
22.345304489135742
79.2844295501709
25.1467227935791
366.0452365875244
141.08777046203613
59.43179130554199
154.0064811706543
94.01440620422363
59.05270576477051
57.131290435791016
262.1314525604248
150.4223346710205
133.21185111999512
195.09053230285645
183.09664726257324
