2594.5193767547607
212.8002643585205
316.802978515625
243.93320083618164
184.7705841064453
2754.940986633301
446.9597339630127
512.6454830169678
1961.5154266357422
794.327974319458
1976.2964248657227
4323.854446411133
744.8689937591553
2147.472620010376
180.68528175354004
372.4193572998047
235.85891723632812
344.5746898651123
373.23498725891113
1066.7805671691895
315.7191276550293
338.148832321167
687.7729892730713
867.2332763671875
341.6891098022461
763.6857032775879
525.2087116241455
2007.432460784912
348.0088710784912
240.62108993530273
225.90088844299316
2277.355432510376
929.1641712188721
1183.2051277160645
348.7367630004883
292.3562526702881
383.314847946167
144.10042762756348
580.6221961975098
722.900390625
966.0012722015381
349.3335247039795
2577.0370960235596
466.01200103759766
219.44403648376465
1215.0158882141113
908.5395336151123
175.17542839050293
393.32127571105957
272.09997177124023
1924.8566627502441
1002.6366710662842
2477.5986671447754
865.5836582183838
162.32585906982422
925.8525371551514
620.2607154846191
394.93799209594727
1369.483232498169
2698.4996795654297
1575.0622749328613
226.86314582824707
527.1620750427246
326.9617557525635
555.6259155273438
1738.7607097625732
488.24501037597656
329.6802043914795
1048.5265254974365
404.8798084259033
1314.5692348480225
3278.4476280212402
174.45063591003418
481.0454845428467
2255.730152130127
827.063798904419
669.5420742034912
322.587251663208
443.36748123168945
169.67129707336426
1290.0474071502686
153.55849266052246
1771.0638046264648
554.5940399169922
737.3905181884766
694.8881149291992
274.78551864624023
495.4349994659424
2860.9237670898438
295.3450679779053
159.80219841003418
435.3652000427246
889.7325992584229
295.22156715393066
1154.7045707702637
430.3908348083496
286.4391803741455
634.1397762298584
503.9522647857666
286.9894504547119
277.0822048187256
4146.994829177856
986.9585037231445
715.4147624969482
487.1828556060791
781.3611030578613
1235.945224761963
607.5897216796875
592.6635265350342
743.6990737915039
298.48241806030273
425.22311210632324
335.6058597564697
417.16718673706055
610.694408416748
1662.9183292388916
875.6661415100098
907.907247543335
2653.2034873962402
186.43784523010254
1055.3669929504395
6320.9662437438965
1290.306806564331
2186.1166954040527
464.25509452819824
2360.1560592651367
290.2987003326416
618.5669898986816
316.3931369781494
1539.4468307495117
237.8098964691162
794.0051555633545
791.344165802002
495.08142471313477
174.81017112731934
370.41664123535156
298.081636428833
609.8148822784424
585.8473777770996
451.97224617004395
674.3631362915039
1015.4073238372803
410.10379791259766
821.9795227050781
1213.855266571045
2112.107753753662
228.96432876586914
1922.1787452697754
715.7864570617676
404.757022857666
1047.9662418365479
1891.7815685272217
839.7319316864014
665.449857711792
192.98672676086426
815.8833980560303
1238.4059429168701
329.9732208251953
516.1774158477783
901.3223648071289
1235.727071762085
899.4827270507812
171.15306854248047
904.2410850524902
1111.1054420471191
1113.861083984375
308.8400363922119
554.6619892120361
481.6930294036865
467.8487777709961
131.7157745361328
2012.7289295196533
4615.936279296875
1827.0156383514404
252.25234031677246
4118.381977081299
205.9948444366455
1277.9943943023682
188.82322311401367
202.60334014892578
741.61696434021
502.93874740600586
182.06143379211426
529.8888683319092
484.5852851867676
467.91791915893555
1199.1465091705322
1592.8735733032227
225.6321907043457
404.87122535705566
275.0084400177002
541.4049625396729
483.28185081481934
222.4724292755127
956.1915397644043
2755.37109375
342.14305877685547
299.3612289428711
770.5750465393066
1030.677080154419
242.61999130249023
827.3494243621826
3847.97739982605
269.4211006164551
649.1003036499023
449.20897483825684
742.0570850372314
470.6454277038574
441.1134719848633
735.9025478363037
460.76202392578125
321.27952575683594
963.4432792663574
504.9259662628174
278.7289619445801
628.3495426177979
3402.9579162597656
377.3837089538574
383.3961486816406
372.8058338165283
1998.5768795013428
352.5371551513672
498.26931953430176
549.851655960083
745.854377746582
360.59021949768066
451.95603370666504
278.06854248046875
1174.7157573699951
154.57415580749512
517.5418853759766
413.7721061706543
1214.4169807434082
629.9660205841064
920.4413890838623
1926.9545078277588
363.1889820098877
201.0672092437744
1064.2614364624023
227.11181640625
1547.9369163513184
1991.3389682769775
354.4731140136719
492.1846389770508
408.8399410247803
552.9124736785889
323.90809059143066
259.2191696166992
468.07312965393066
241.19043350219727
962.97287940979
1827.5361061096191
2497.5063800811768
453.36055755615234
599.5492935180664
997.093915939331
1876.1637210845947
183.47644805908203
971.083402633667
150.26402473449707
1832.1528434753418
909.6205234527588
466.66741371154785
1180.0930500030518
778.0094146728516
417.57917404174805
1502.1681785583496
1436.718225479126
1455.899953842163
533.2789421081543
1093.3995246887207
748.713493347168
2170.22967338562
1151.883840560913
150.8617401123047
315.396785736084
330.74021339416504
159.1193675994873
682.4369430541992
156.69989585876465
366.03450775146484
1901.7996788024902
1148.05269241333
996.6473579406738
714.6632671356201
513.8092041015625
436.115026473999
381.87408447265625
635.673999786377
557.9264163970947
330.4567337036133
368.7899112701416
1704.8225402832031
296.17977142333984
722.1345901489258
1777.0438194274902
852.6499271392822
1232.2499752044678
729.4261455535889
2114.3510341644287
533.6024761199951
1085.6194496154785
381.29591941833496
872.5504875183105
291.37182235717773
1028.9599895477295
977.7870178222656
387.3457908630371
1268.8863277435303
286.91625595092773
1615.079402923584
301.87129974365234
373.2337951660156
492.22731590270996
710.5131149291992
427.8585910797119
2492.6226139068604
669.5106029510498
987.6022338867188
412.7769470214844
431.14209175109863
163.62667083740234
440.723180770874
309.94296073913574
932.0647716522217
2059.9629878997803
496.9937801361084
1936.2132549285889
1614.0718460083008
476.96781158447266
701.6913890838623
988.7893199920654
403.95259857177734
420.3341007232666
641.4368152618408
460.0939750671387
2391.547441482544
179.35538291931152
2962.0611667633057
1086.2185955047607
1193.5367584228516
285.7167720794678
215.9140110015869
3754.486560821533
432.40928649902344
1757.763385772705
2240.0782108306885
348.8504886627197
1788.4018421173096
1482.6343059539795
587.0883464813232
1098.0405807495117
218.12129020690918
2935.5549812316895
412.1549129486084
260.1339817047119
336.19117736816406
1229.3577194213867
343.60623359680176
490.3223514556885
536.5171432495117
346.47321701049805
382.0762634277344
867.8114414215088
1940.657615661621
459.81884002685547
297.0614433288574
289.64877128601074
339.13230895996094
569.9985027313232
255.28883934020996
149.80769157409668
821.4850425720215
430.71532249450684
972.2084999084473
578.3882141113281
164.59369659423828
845.7777500152588
1785.2447032928467
1182.201623916626
664.5762920379639
1666.308879852295
721.7721939086914
352.069616317749
930.9866428375244
187.19053268432617
498.0037212371826
709.6483707427979
158.67376327514648
275.06136894226074
1078.1750679016113
303.99632453918457
489.62950706481934
1202.6050090789795
1288.917064666748
353.55401039123535
437.5777244567871
148.91409873962402
303.79319190979004
580.4307460784912
218.33205223083496
557.0592880249023
545.2895164489746
394.90723609924316
389.7254467010498
267.4062252044678
2038.7022495269775
586.8558883666992
193.05992126464844
510.3788375854492
182.8455924987793
712.2611999511719
148.39673042297363
613.0189895629883
391.65210723876953
963.9031887054443
874.49049949646
604.8753261566162
290.3876304626465
423.9647388458252
448.467493057251
1000.708818435669
198.2097625732422
167.29450225830078
318.1018829345703
1224.747657775879
1245.7876205444336
392.8370475769043
403.5201072692871
1172.7418899536133
946.6612339019775
478.4815311431885
384.3209743499756
421.1769104003906
509.98830795288086
475.2326011657715
148.70738983154297
430.05895614624023
277.93407440185547
386.57522201538086
469.96045112609863
1691.9822692871094
205.4274082183838
445.5740451812744
186.47289276123047
223.2377529144287
417.0975685119629
2166.2213802337646
377.1519660949707
458.3017826080322
423.1760501861572
221.90070152282715
1086.8158340454102
317.9442882537842
401.68023109436035
1588.0911350250244
1851.1662483215332
397.3557949066162
2163.444757461548
811.0880851745605
307.4491024017334
1221.282958984375
171.98538780212402
259.5236301422119
382.4319839477539
501.72948837280273
286.1618995666504
184.61894989013672
1796.8101501464844
932.9724311828613
242.46549606323242
205.0182819366455
1481.85133934021
337.22829818725586
1847.2809791564941
2300.7137775421143
849.3149280548096
1138.3895874023438
213.24825286865234
792.6111221313477
873.021125793457
2056.818962097168
681.4553737640381
172.76549339294434
871.5870380401611
638.5684013366699
170.41301727294922
159.40451622009277
408.618688583374
983.5934638977051
315.3576850891113
679.5663833618164
307.56354331970215
413.86961936950684
2916.719913482666
630.7055950164795
353.7404537200928
369.62151527404785
889.758825302124
302.565336227417
3291.534662246704
602.6015281677246
403.48219871520996
223.60730171203613
193.81093978881836
329.1354179382324
2372.8115558624268
529.2391777038574
515.8867835998535
173.60687255859375
856.9002151489258
705.2161693572998
632.3575973510742
745.8212375640869
1294.640302658081
377.063512802124
1298.7620830535889
787.259578704834
442.88134574890137
1008.6021423339844
201.95770263671875
732.879638671875
217.14448928833008
506.8676471710205
279.3543338775635
1222.1548557281494
1890.7859325408936
1027.3478031158447
1855.4649353027344
326.9968032836914
313.19713592529297
290.13824462890625
214.19382095336914
1559.0403079986572
1238.8808727264404
2502.3396015167236
3052.385091781616
1619.46439743042
903.8946628570557
763.6287212371826
293.58792304992676
1602.0655632019043
850.1791954040527
1071.774959564209
1203.021764755249
573.0998516082764
538.8648509979248
4474.395751953125
779.3354988098145
1296.6761589050293
1393.7437534332275
2097.24760055542
594.3562984466553
581.4511775970459
656.214714050293
263.1182670593262
366.5468692779541
280.9886932373047
326.74694061279297
671.367883682251
949.3427276611328
425.50110816955566
506.87193870544434
2311.2194538116455
510.94603538513184
700.3936767578125
270.25532722473145
623.7609386444092
399.059534072876
616.5456771850586
756.5100193023682
667.8199768066406
472.26977348327637
776.0403156280518
1033.043622970581
1178.3006191253662
218.45030784606934
206.7890167236328
365.1623725891113
518.690824508667
233.99782180786133
986.1130714416504
819.216251373291
268.8765525817871
345.51215171813965
1527.8782844543457
662.5430583953857
282.395601272583
1251.9919872283936
1064.9590492248535
699.8717784881592
1537.2214317321777
857.7568531036377
620.6042766571045
264.21523094177246
876.5103816986084
365.2768135070801
1451.733112335205
1238.856554031372
345.02649307250977
161.299467086792
140.30003547668457
477.2310256958008
955.4810523986816
592.4806594848633
1243.2949542999268
159.2235565185547
424.27563667297363
237.6861572265625
343.52827072143555
992.6879405975342
599.4126796722412
279.019832611084
2679.58664894104
377.24971771240234
433.20369720458984
1084.3467712402344
940.8304691314697
2868.265151977539
970.2868461608887
308.3076477050781
759.2992782592773
1861.9401454925537
404.9975872039795
295.29333114624023
624.7367858886719
1215.3332233428955
740.9484386444092
739.6206855773926
419.7735786437988
1145.0626850128174
146.3029384613037
1070.9810256958008
749.0434646606445
816.3185119628906
807.8606128692627
1676.2802600860596
932.3165416717529
247.4687099456787
438.1732940673828
1383.5971355438232
223.3433723449707
959.3870639801025
422.7302074432373
1034.8396301269531
1097.1601009368896
682.9836368560791
214.69354629516602
600.1558303833008
316.0269260406494
663.078784942627
545.8438396453857
344.56849098205566
786.2405776977539
2307.4605464935303
1397.0723152160645
619.3230152130127
3107.2185039520264
220.54457664489746
376.6772747039795
152.65941619873047
1421.9372272491455
327.93211936950684
677.6354312896729
913.8190746307373
453.7227153778076
329.7758102416992
341.77350997924805
287.13250160217285
161.86857223510742
694.9739456176758
331.1500549316406
849.0142822265625
273.71668815612793
210.95013618469238
231.66155815124512
1995.795726776123
2152.895212173462
651.5130996704102
215.83104133605957
948.4097957611084
241.3332462310791
818.9709186553955
230.10635375976562
2020.7300186157227
548.9695072174072
231.34088516235352
212.3398780822754
1280.5025577545166
338.17100524902344
920.7401275634766
3995.3689575195312
519.1881656646729
477.63681411743164
1644.2670822143555
296.9634532928467
1672.4615097045898
3381.591796875
238.76285552978516
2630.702018737793
519.5772647857666
1302.2935390472412
1459.5863819122314
545.2442169189453
1542.9344177246094
729.0234565734863
153.16486358642578
191.67065620422363
141.6342258453369
1161.76176071167
600.4776954650879
723.5522270202637
1955.871820449829
899.0147113800049
5122.698068618774
4015.0790214538574
931.4825534820557
1169.3377494812012
581.4785957336426
192.9028034210205
358.7665557861328
1290.513515472412
339.11633491516113
143.97001266479492
789.4048690795898
854.8986911773682
246.8876838684082
247.33376502990723
302.7365207672119
729.3350696563721
376.70016288757324
461.36951446533203
265.89274406433105
903.0969142913818
540.0087833404541
2679.2500019073486
817.3096179962158
376.0976791381836
481.0640811920166
1152.1141529083252
5464.175462722778
248.91185760498047
3188.2617473602295
1226.4084815979004
419.74520683288574
1291.2542819976807
288.50531578063965
1370.4724311828613
682.5690269470215
236.0994815826416
809.3934059143066
924.3364334106445
1818.284034729004
711.4541530609131
1086.1287117004395
1359.2860698699951
318.3562755584717
773.5641002655029
799.9787330627441
490.9090995788574
1069.2286491394043
1112.950325012207
744.4865703582764
428.13706398010254
2058.981418609619
545.3879833221436
333.8925838470459
493.96491050720215
1689.340591430664
546.7584133148193
365.7984733581543
881.7124366760254
1130.6560039520264
2601.8550395965576
742.070198059082
252.8681755065918
901.214599609375
839.76149559021
381.061315536499
414.8099422454834
197.96991348266602
928.7981986999512
203.0034065246582
340.4662609100342
828.3333778381348
215.86918830871582
189.98980522155762
505.6874752044678
2681.2241077423096
1707.3757648468018
576.1744976043701
681.7071437835693
910.2070331573486
455.214262008667
640.681266784668
214.49565887451172
773.1730937957764
1870.814323425293
464.4289016723633
294.59619522094727
815.788745880127
2727.1206378936768
594.0275192260742
226.03726387023926
2016.5290832519531
204.93292808532715
688.6272430419922
1113.5811805725098
220.91913223266602
212.15009689331055
385.0710391998291
301.94616317749023
239.6831512451172
2479.473114013672
263.36026191711426
380.84936141967773
646.9204425811768
179.52394485473633
311.01036071777344
445.85585594177246
489.32814598083496
206.27284049987793
404.2634963989258
1825.7877826690674
1372.4806308746338
614.520788192749
1521.069049835205
1339.8873805999756
930.8202266693115
3791.9137477874756
255.77640533447266
407.7603816986084
619.5099353790283
948.8780498504639
1947.300672531128
408.33139419555664
1238.3160591125488
613.7535572052002
259.868860244751
259.1981887817383
315.63735008239746
532.7069759368896
1450.4425525665283
1479.3651103973389
1229.7062873840332
2570.3952312469482
196.81572914123535
604.1948795318604
402.90093421936035
1230.2908897399902
151.4420509338379
1138.0681991577148
2914.883613586426
1075.7672786712646
539.5374298095703
749.6044635772705
400.89988708496094
708.2839012145996
639.9595737457275
378.44014167785645
332.16071128845215
210.21652221679688
261.49654388427734
506.6068172454834
397.1841335296631
745.2194690704346
569.206953048706
473.3316898345947
529.374361038208
667.8133010864258
391.39580726623535
153.13053131103516
561.7871284484863
504.624605178833
1115.3340339660645
675.3289699554443
276.8971920013428
541.9478416442871
263.8552188873291
233.30092430114746
1275.9246826171875
457.073450088501
373.2130527496338
1856.5199375152588
460.0968360900879
1359.7571849822998
2282.0181846618652
464.40958976745605
1521.7125415802002
483.98399353027344
441.486120223999
2578.7200927734375
243.28112602233887
154.23107147216797
2099.146842956543
190.07563591003418
544.1591739654541
938.0967617034912
1186.7375373840332
569.3268775939941
181.90836906433105
450.042724609375
1805.7513236999512
1887.8576755523682
1472.862720489502
732.5656414031982
2594.3729877471924
1136.1052989959717
1316.068172454834
300.7791042327881
475.6946563720703
334.99789237976074
600.0995635986328
1512.4104022979736
161.32450103759766
827.9571533203125
1065.9992694854736
461.8091583251953
1601.1102199554443
269.43421363830566
1052.0133972167969
312.01791763305664
192.83533096313477
1825.5836963653564
2096.088647842407
361.8922233581543
1046.1480617523193
341.1834239959717
1761.8019580841064
645.8666324615479
1825.5095481872559
735.2354526519775
899.7890949249268
376.53350830078125
144.9117660522461
1414.231777191162
276.7822742462158
579.6372890472412
750.5104541778564
317.4750804901123
429.61621284484863
437.01863288879395
290.56382179260254
1193.29833984375
4305.59778213501
398.38695526123047
241.70923233032227
2886.582612991333
270.1845169067383
359.7242832183838
388.25106620788574
304.68130111694336
1665.9941673278809
2672.8897094726562
2207.918167114258
1362.2875213623047
461.33971214294434
1584.3071937561035
2765.747547149658
628.3090114593506
779.9203395843506
2337.223529815674
163.7442111968994
254.81390953063965
866.1048412322998
305.4769039154053
1217.5428867340088
838.803768157959
835.8216285705566
223.34599494934082
752.133846282959
753.2775402069092
2128.751516342163
388.40699195861816
1242.8996562957764
1212.9204273223877
218.28651428222656
643.1052684783936
916.5756702423096
607.4752807617188
358.06751251220703
340.2869701385498
1113.7120723724365
832.087516784668
242.34366416931152
441.93363189697266
1005.7013034820557
533.940315246582
1301.4743328094482
426.2270927429199
327.7280330657959
730.1132678985596
2074.4519233703613
339.4913673400879
390.69414138793945
224.29180145263672
164.1230583190918
352.888822555542
280.93814849853516
646.0556983947754
5025.482416152954
775.2032279968262
418.1978702545166
321.0010528564453
382.02476501464844
190.66405296325684
1108.797311782837
1523.9245891571045
927.8690814971924
548.9664077758789
252.72655487060547
791.9385433197021
5452.459096908569
610.8968257904053
2075.2642154693604
586.7595672607422
435.9133243560791
3818.9306259155273
446.0797309875488
218.3675765991211
1654.2420387268066
662.1153354644775
416.1722660064697
738.436222076416
335.8910083770752
472.0876216888428
289.2189025878906
515.2039527893066
354.9063205718994
481.550931930542
402.0988941192627
479.0170192718506
900.1021385192871
1587.181806564331
864.832878112793
2953.155040740967
401.6106128692627
158.36739540100098
285.05778312683105
527.1399021148682
1283.1919193267822
209.3486785888672
530.677080154419
467.6661491394043
153.7771224975586
2624.911069869995
649.9173641204834
1175.2240657806396
668.647050857544
1671.668529510498
161.44943237304688
1039.658546447754
1007.5452327728271
609.4598770141602
1601.2048721313477
257.495641708374
411.3047122955322
321.7952251434326
232.41519927978516
1080.0397396087646
1730.4315567016602
1222.2068309783936
144.1793441772461
275.10547637939453
1066.972255706787
554.8126697540283
1808.2363605499268
453.85003089904785
664.7243499755859
6092.735767364502
862.6079559326172
1639.6253108978271
223.8178253173828
3265.3558254241943
1141.9856548309326
467.7450656890869
347.52535820007324
188.60769271850586
1253.9429664611816
972.515344619751
146.9137668609619
437.3972415924072
1369.3456649780273
612.5385761260986
2062.3486042022705
804.656982421875
2395.155906677246
339.16592597961426
394.34146881103516
1182.614803314209
297.0564365386963
613.3143901824951
967.5166606903076
2051.339864730835
564.4662380218506
416.1539077758789
726.7272472381592
1338.6194705963135
249.55415725708008
665.1992797851562
139.30320739746094
1207.6010704040527
249.04561042785645
989.0789985656738
397.6461887359619
221.2238311767578
220.5033302307129
674.4158267974854
1302.2680282592773
1190.7703876495361
661.4978313446045
224.38406944274902
425.96888542175293
1740.7488822937012
512.1445655822754
356.5657138824463
415.1196479797363
321.89130783081055
698.8966464996338
326.3411521911621
1490.4115200042725
595.3123569488525
392.2858238220215
1443.0081844329834
180.3574562072754
4921.103477478027
285.68553924560547
577.7289867401123
441.514253616333
202.17466354370117
1000.1158714294434
197.17884063720703
809.7255229949951
1113.4636402130127
484.2715263366699
1038.3822917938232
1960.8800411224365
1434.797763824463
265.37227630615234
1681.4172267913818
3313.2247924804688
150.90060234069824
154.42895889282227
562.8154277801514
494.8420524597168
972.1934795379639
2317.996025085449
363.3251190185547
1568.617820739746
1251.4636516571045
639.4381523132324
319.3929195404053
746.5312480926514
331.47192001342773
380.91087341308594
211.66181564331055
1209.0864181518555
881.7081451416016
881.7694187164307
535.9194278717041
900.3720283508301
441.852331161499
389.2996311187744
401.8418788909912
1727.6809215545654
402.3251533508301
994.3029880523682
400.7532596588135
438.56167793273926
296.4904308319092
2731.0593128204346
1111.591100692749
609.0672016143799
1586.8017673492432
528.0427932739258
470.4322814941406
581.8169116973877
1877.0020008087158
468.644380569458
344.9561595916748
792.9477691650391
729.0103435516357
165.08030891418457
469.8331356048584
1730.3180694580078
408.30373764038086
170.39227485656738
521.6166973114014
239.05324935913086
653.2227993011475
2558.7058067321777
1070.8465576171875
886.340856552124
3021.6338634490967
203.8729190826416
194.9772834777832
621.1702823638916
573.5673904418945
651.066780090332
265.8054828643799
864.0334606170654
336.7791175842285
176.54967308044434
610.8405590057373
820.5692768096924
157.65619277954102
316.4820671081543
666.172981262207
469.1896438598633
144.88720893859863
569.6926116943359
176.6953468322754
1371.7150688171387
587.3100757598877
1561.7525577545166
1096.1124897003174
474.1215705871582
1245.152473449707
402.82297134399414
329.8616409301758
327.0280361175537
1683.1567287445068
327.62670516967773
1087.3966217041016
200.1190185546875
531.9833755493164
2811.8064403533936
2114.046335220337
200.3166675567627
2775.83384513855
2789.207935333252
1214.5986557006836
339.89834785461426
1886.425495147705
407.02247619628906
1042.7098274230957
683.6533546447754
225.77786445617676
1287.2560024261475
659.8331928253174
499.41086769104004
1059.305191040039
507.2798728942871
449.27978515625
1213.0746841430664
440.5531883239746
646.7268466949463
398.2889652252197
323.5769271850586
1206.9871425628662
559.110164642334
405.60293197631836
1776.097297668457
409.23404693603516
609.7071170806885
945.906400680542
1876.3070106506348
200.25253295898438
753.5953521728516
269.8807716369629
632.598876953125
153.41639518737793
1235.0306510925293
2988.126039505005
1004.6916007995605
1128.8702487945557
569.7269439697266
646.7776298522949
2113.8393878936768
214.49637413024902
1393.4316635131836
530.8303833007812
2938.292980194092
156.91590309143066
1049.2992401123047
598.0441570281982
272.5787162780762
313.0514621734619
982.0387363433838
1851.7882823944092
3029.0956497192383
647.8261947631836
222.3191261291504
408.0164432525635
703.0880451202393
411.73243522644043
898.5426425933838
935.9743595123291
1017.3728466033936
771.6958522796631
371.75893783569336
690.0579929351807
928.7223815917969
3479.6411991119385
430.7239055633545
424.0736961364746
1671.0658073425293
258.56471061706543
181.58864974975586
818.9992904663086
629.9479007720947
725.954532623291
318.50314140319824
638.033390045166
735.1305484771729
208.28604698181152
1037.61887550354
496.49882316589355
1573.4179019927979
459.6295356750488
870.8474636077881
345.7365036010742
2191.831111907959
2419.3925857543945
198.1961727142334
1331.134557723999
1490.816593170166
669.2876815795898
647.1753120422363
347.2146987915039
407.5133800506592
326.1911869049072
845.6895351409912
1921.2749004364014
181.3826560974121
1794.072151184082
2917.640209197998
1450.5257606506348
777.9066562652588
2706.9437503814697
365.73052406311035
475.909948348999
606.5428256988525
620.2633380889893
1276.7672538757324
2807.220935821533
1376.9457340240479
409.83033180236816
254.43720817565918
438.80581855773926
282.87768363952637
1804.0111064910889
229.6578884124756
458.29248428344727
683.3672523498535
905.9276580810547
753.7767887115479
2707.9036235809326
1720.4418182373047
891.5603160858154
1239.2995357513428
156.67414665222168
186.7671012878418
1400.404453277588
472.81932830810547
439.79334831237793
743.2131767272949
415.0073528289795
351.4223098754883
590.0528430938721
409.4853401184082
522.1142768859863
386.932373046875
231.60958290100098
444.7917938232422
335.7129096984863
2289.5493507385254
550.1406192779541
1260.648488998413
3527.9905796051025
290.6301021575928
1715.4369354248047
2215.8801555633545
1317.4266815185547
588.9253616333008
1135.3654861450195
176.8794059753418
1037.1744632720947
298.49696159362793
312.06250190734863
339.5881652832031
1125.1158714294434
276.5042781829834
590.0084972381592
246.14763259887695
402.11009979248047
666.9189929962158
561.1832141876221
2917.8566932678223
1841.0534858703613
438.80200386047363
3727.6265621185303
592.9887294769287
855.7755947113037
157.81140327453613
355.1323413848877
286.52048110961914
280.3950309753418
256.3323974609375
425.2614974975586
1950.697660446167
626.2168884277344
2044.609546661377
460.3915214538574
264.5754814147949
1960.7031345367432
560.4336261749268
2921.4274883270264
1493.0696487426758
743.0269718170166
198.35209846496582
609.0085506439209
1103.668451309204
386.9450092315674
174.5750904083252
386.20972633361816
974.0278720855713
503.7879943847656
692.8958892822266
601.2418270111084
793.7760353088379
537.1525287628174
402.6181697845459
213.51027488708496
520.5185413360596
324.4640827178955
2085.749387741089
1296.6868877410889
750.4680156707764
470.16215324401855
1224.590539932251
423.9501953125
492.73681640625
228.0254364013672
1031.5241813659668
652.4426937103271
331.36963844299316
240.14711380004883
276.231050491333
1671.8294620513916
436.2061023712158
815.0768280029297
179.1989803314209
282.2613716125488
397.51672744750977
514.8062705993652
1008.0335140228271
1000.690221786499
607.445478439331
1193.5994625091553
310.98413467407227
564.8434162139893
554.9359321594238
880.4440498352051
377.24804878234863
776.2529850006104
450.9134292602539
207.6261043548584
537.9645824432373
1884.2477798461914
384.57775115966797
2229.937791824341
347.7349281311035
435.3921413421631
1722.4388122558594
1093.2385921478271
165.18783569335938
342.5924777984619
2232.2299480438232
475.85153579711914
333.3606719970703
613.4288311004639
713.2885456085205
1049.6385097503662
147.31431007385254
337.4156951904297
1943.6726570129395
568.6120986938477
240.0496006011963
471.91619873046875
1538.6147499084473
679.7094345092773
301.17082595825195
224.639892578125
238.15035820007324
381.4511299133301
532.8938961029053
436.6617202758789
627.5320053100586
293.2243347167969
1926.6588687896729
2029.9341678619385
2883.9821815490723
189.38612937927246
145.2641487121582
335.9942436218262
802.9208183288574
232.9413890838623
332.9446315765381
868.2472705841064
320.8036422729492
966.8855667114258
393.1894302368164
1718.2533740997314
1184.4556331634521
1550.4491329193115
1066.1492347717285
1244.2851066589355
632.4048042297363
166.2466526031494
2076.0881900787354
2889.890193939209
239.85624313354492
1237.250566482544
198.32181930541992
825.2558708190918
574.8245716094971
877.8698444366455
460.53385734558105
264.4069194793701
490.6141757965088
1122.6541996002197
323.70996475219727
1872.2717761993408
265.1660442352295
1061.0041618347168
590.3327465057373
167.75202751159668
255.45096397399902
2037.3880863189697
643.3660984039307
1049.459457397461
429.2643070220947
357.3906421661377
1164.215326309204
524.7077941894531
308.15935134887695
1270.8477973937988
1244.3058490753174
1809.1306686401367
451.6124725341797
427.4296760559082
741.2741184234619
1449.4242668151855
394.9933052062988
268.9626216888428
445.76072692871094
439.90063667297363
579.4363021850586
337.25500106811523
975.3537178039551
1512.2592449188232
229.46834564208984
323.2460021972656
1218.1053161621094
1105.5853366851807
622.3344802856445
777.5423526763916
1130.4373741149902
890.1758193969727
221.13490104675293
658.0431461334229
566.6632652282715
148.68736267089844
782.2403907775879
806.3516616821289
256.2379837036133
265.7051086425781
788.754940032959
402.64391899108887
312.1216297149658
606.879711151123
603.7170886993408
2559.075355529785
548.0759143829346
415.9584045410156
211.25435829162598
219.64550018310547
341.2480354309082
466.8557643890381
2002.4921894073486
331.6686153411865
430.3710460662842
689.685583114624
481.5964698791504
422.70517349243164
912.1484756469727
1048.1655597686768
592.4389362335205
496.3233470916748
618.8149452209473
964.6782875061035
901.9818305969238
579.06174659729
168.1056022644043
892.3206329345703
1666.1958694458008
2261.5928649902344
924.9863624572754
1034.58833694458
1199.0232467651367
426.7275333404541
367.29979515075684
682.2373867034912
4163.344144821167
2623.420476913452
721.5347290039062
640.3825283050537
1507.7457427978516
900.1178741455078
732.4240207672119
578.7954330444336
592.5374031066895
398.30470085144043
880.5105686187744
433.41517448425293
1039.738416671753
574.984073638916
1453.1052112579346
489.54272270202637
2061.8841648101807
333.5754871368408
2680.5381774902344
1302.830696105957
138.33022117614746
2198.7996101379395
166.4421558380127
1130.713701248169
715.2411937713623
946.843147277832
428.06363105773926
1588.6986255645752
6282.928943634033
408.6949825286865
888.2942199707031
439.7571086883545
964.4124507904053
1022.3498344421387
2000.2562999725342
274.2128372192383
406.0072898864746
1568.1748390197754
1989.3803596496582
1702.678918838501
819.9114799499512
509.05609130859375
494.30227279663086
703.9406299591064
1962.693691253662
904.9239158630371
545.3763008117676
1692.9364204406738
1307.96480178833
603.248119354248
590.8329486846924
958.6822986602783
155.8818817138672
505.096435546875
242.9642677307129
1276.024341583252
4388.139247894287
709.7346782684326
1171.7219352722168
137.63689994812012
938.1101131439209
1288.132905960083
565.5217170715332
369.28796768188477
194.78225708007812
1453.629970550537
298.83790016174316
411.6203784942627
4381.100416183472
496.3400363922119
1967.3500061035156
452.131986618042
555.0844669342041
288.8333797454834
689.3966197967529
1849.7133255004883
530.3287506103516
325.5615234375
648.7281322479248
1706.9776058197021
676.2263774871826
1501.307725906372
257.443904876709
153.8829803466797
380.68509101867676
1852.630376815796
10365.003824234009
533.2174301147461
161.32187843322754
278.6140441894531
935.0025653839111
754.6958923339844
1999.7000694274902
1028.2866954803467
270.17807960510254
861.4811897277832
313.4493827819824
2492.751121520996
1386.0349655151367
340.60120582580566
1393.0680751800537
2791.4345264434814
2304.7618865966797
1037.9502773284912
240.03243446350098
1472.4576473236084
480.1514148712158
3243.184804916382
287.04094886779785
166.92256927490234
258.82959365844727
263.66496086120605
404.42585945129395
579.869270324707
356.48441314697266
1515.770673751831
895.3499794006348
492.91062355041504
199.3560791015625
2005.542278289795
462.7959728240967
2185.58406829834
1213.296890258789
266.2067413330078
1081.9735527038574
1143.6760425567627
453.34720611572266
2128.7896633148193
1014.7881507873535
424.2842197418213
204.28180694580078
418.37406158447266
607.4531078338623
866.8045997619629
298.1305122375488
381.3765048980713
332.3063850402832
310.6410503387451
1201.1709213256836
424.18551445007324
183.3357810974121
618.1721687316895
2869.281768798828
717.8535461425781
987.0545864105225
204.7123908996582
1688.6818408966064
439.9685859680176
490.91386795043945
363.74807357788086
1599.2701053619385
620.6719875335693
325.1521587371826
409.68966484069824
308.2242012023926
1095.146656036377
457.1094512939453
2269.536018371582
1110.2936267852783
664.2434597015381
1104.0453910827637
363.6631965637207
1037.3046398162842
565.584659576416
582.7028751373291
300.54235458374023
568.1462287902832
2603.095054626465
548.2251644134521
559.2472553253174
996.8175888061523
239.77255821228027
1388.9226913452148
1571.441411972046
757.9171657562256
2413.506269454956
227.7688980102539
1267.4977779388428
279.22773361206055
943.2578086853027
712.0347023010254
279.1635990142822
206.57658576965332
423.54726791381836
430.58013916015625
448.27747344970703
1755.1193237304688
1062.9591941833496
880.9998035430908
1028.686285018921
1049.473524093628
983.8759899139404
430.0062656402588
708.3041667938232
1632.1001052856445
1687.209129333496
2306.9300651550293
186.59138679504395
154.86407279968262
706.2373161315918
163.4962558746338
348.4535217285156
279.1287899017334
609.4715595245361
495.3951835632324
1536.9493961334229
249.6814727783203
1179.6586513519287
658.0369472503662
1020.8487510681152
498.3084201812744
1432.7797889709473
1377.1419525146484
555.4490089416504
372.30587005615234
518.7180042266846
337.27526664733887
303.89976501464844
1132.0507526397705
258.76832008361816
145.67875862121582
504.62794303894043
258.2526206970215
495.4993724822998
226.6240119934082
572.268009185791
945.446252822876
437.6082420349121
2293.1413650512695
331.7911624908447
262.88294792175293
1654.5729637145996
592.6625728607178
1111.8535995483398
1035.9678268432617
1556.347131729126
516.54052734375
1022.6969718933105
510.43033599853516
1416.485071182251
4269.56844329834
1392.9846286773682
1564.5618438720703
820.9774494171143
247.0417022705078
1035.6078147888184
374.22657012939453
536.9436740875244
420.54247856140137
171.2651252746582
265.19298553466797
208.7090015411377
419.466495513916
399.36256408691406
370.72277069091797
248.83675575256348
1400.0279903411865
1261.0692977905273
1419.5783138275146
2764.7812366485596
640.9382820129395
663.6025905609131
1000.591516494751
359.3869209289551
1221.0476398468018
1429.3937683105469
955.7712078094482
1555.049180984497
853.9655208587646
1118.1223392486572
350.1572608947754
149.25289154052734
1118.140459060669
2821.24662399292
393.5990333557129
710.2978229522705
446.17462158203125
256.89053535461426
254.8229694366455
369.76051330566406
266.4179801940918
557.2824478149414
322.2999572753906
1004.1885375976562
294.6486473083496
1378.6883354187012
462.705135345459
519.0742015838623
443.65525245666504
1734.3909740447998
530.3583145141602
1892.8592205047607
1212.216854095459
1943.131923675537
1208.1623077392578
2433.5122108459473
326.324462890625
797.6880073547363
790.3561592102051
711.9166851043701
1198.563814163208
201.17545127868652
1942.0654773712158
348.524808883667
2060.0624084472656
338.4578227996826
180.16839027404785
198.96221160888672
589.6861553192139
1180.739164352417
739.6621704101562
433.70938301086426
232.95021057128906
827.2311687469482
788.383960723877
585.782527923584
285.7973575592041
2073.746919631958
562.0167255401611
403.87701988220215
364.75682258605957
173.23875427246094
644.0494060516357
1057.4886798858643
791.3212776184082
457.3836326599121
557.2967529296875
1252.6514530181885
632.1418285369873
932.1773052215576
280.37023544311523
449.9070644378662
211.35783195495605
405.5213928222656
383.8338851928711
289.3049716949463
263.8218402862549
637.6791000366211
645.5554962158203
607.2320938110352
1129.5533180236816
1808.758020401001
504.5745372772217
2690.28377532959
868.4473037719727
497.941255569458
1056.2689304351807
2191.126823425293
518.8539028167725
855.7350635528564
339.62273597717285
3074.8116970062256
387.79377937316895
178.62248420715332
3499.600648880005
2141.105890274048
1026.3245105743408
469.48790550231934
2049.4184494018555
2685.5857372283936
645.0114250183105
309.1132640838623
486.2353801727295
448.9703178405762
162.08696365356445
616.55592918396
235.14413833618164
231.4741611480713
826.2176513671875
945.2743530273438
178.47061157226562
296.36502265930176
727.9999256134033
540.4059886932373
467.35405921936035
224.50685501098633
589.702844619751
273.7088203430176
581.1185836791992
308.53748321533203
740.4003143310547
438.86375427246094
611.3724708557129
1782.5450897216797
1924.3896007537842
917.5131320953369
451.80511474609375
1732.0938110351562
973.3879566192627
192.18683242797852
250.31018257141113
961.6773128509521
1019.7732448577881
864.6783828735352
510.6792449951172
294.9485778808594
1112.8621101379395
1484.7493171691895
354.5854091644287
192.54589080810547
1694.4360733032227
1810.9123706817627
229.45857048034668
1146.7335224151611
2419.027090072632
485.29815673828125
4003.638744354248
213.57202529907227
640.5706405639648
546.952486038208
214.3263816833496
1761.0783576965332
413.3915901184082
454.0886878967285
1620.7947731018066
218.0347442626953
1474.5538234710693
393.57733726501465
860.0201606750488
3813.491106033325
1177.9394149780273
285.51316261291504
1565.7062530517578
1012.139081954956
1258.1851482391357
718.7774181365967
1890.9313678741455
4864.1557693481445
1324.1136074066162
3207.1080207824707
339.8149013519287
419.7080135345459
1131.8411827087402
1915.0922298431396
766.942024230957
515.350341796875
4564.029932022095
459.6545696258545
1480.7662963867188
457.17644691467285
1246.7601299285889
449.73063468933105
324.5501518249512
502.9296875
616.3005828857422
165.4348373413086
3192.0292377471924
613.7919425964355
148.53191375732422
919.1105365753174
404.2949676513672
534.0244770050049
699.7456550598145
887.427806854248
631.2856674194336
5948.035478591919
1792.872667312622
438.86756896972656
1959.324836730957
237.5030517578125
1837.4876976013184
427.1962642669678
1285.94970703125
1156.0542583465576
398.8161087036133
685.7593059539795
238.69061470031738
289.6277904510498
894.8016166687012
382.39097595214844
229.21061515808105
1807.798147201538
747.1821308135986
241.0435676574707
248.20280075073242
256.3643455505371
442.63315200805664
158.28800201416016
376.21212005615234
269.82760429382324
344.18535232543945
150.0399112701416
383.50772857666016
459.0768814086914
160.44187545776367
478.1360626220703
1555.1412105560303
2998.689889907837
259.9930763244629
351.637601852417
761.9678974151611
316.76459312438965
763.6449337005615
216.4008617401123
2482.130527496338
1316.4680004119873
1617.896318435669
188.29011917114258
294.7664260864258
614.4773960113525
362.74003982543945
399.81889724731445
151.84426307678223
3348.348379135132
2875.5085468292236
1014.0161514282227
2092.5400257110596
250.50830841064453
400.48980712890625
168.6556339263916
2256.8862438201904
2868.8580989837646
876.9726753234863
214.5998477935791
472.9032516479492
1519.0651416778564
269.4282531738281
500.08177757263184
566.1060810089111
303.88760566711426
1368.0508136749268
256.14047050476074
517.8735256195068
1523.0779647827148
1274.3573188781738
279.8175811767578
836.1244201660156
649.160623550415
1744.6751594543457
1290.0846004486084
643.287181854248
712.8200531005859
895.728349685669
3144.6807384490967
1234.6558570861816
196.40207290649414
630.1076412200928
174.05962944030762
691.0407543182373
1204.4546604156494
364.2690181732178
1212.266445159912
2165.3647422790527
1571.5086460113525
2824.4616985321045
747.5113868713379
306.473970413208
1678.161382675171
554.6858310699463
631.4697265625
770.3750133514404
652.9021263122559
539.1201972961426
457.350492477417
270.9624767303467
383.5914134979248
251.39737129211426
2119.2145347595215
854.0492057800293
1759.084701538086
1615.1373386383057
2113.7423515319824
813.3692741394043
253.25465202331543
1272.3617553710938
180.60994148254395
1112.1578216552734
670.8762645721436
900.5331993103027
138.29588890075684
226.43566131591797
144.14358139038086
1352.4749279022217
302.9751777648926
1147.6335525512695
2606.2278747558594
377.58946418762207
1088.0537033081055
530.6169986724854
1969.1545963287354
786.2634658813477
2881.1984062194824
2867.572546005249
393.5048580169678
352.1406650543213
1166.7301654815674
148.23079109191895
425.8589744567871
697.5605487823486
1129.1637420654297
285.72583198547363
922.4309921264648
772.019624710083
608.1101894378662
582.364559173584
357.2201728820801
222.4419116973877
760.9775066375732
343.36042404174805
2091.111183166504
414.3095016479492
227.01668739318848
1227.8881072998047
1049.9317646026611
1022.4649906158447
225.80862045288086
1280.7281017303467
472.68056869506836
1166.1670207977295
202.58235931396484
3451.0509967803955
330.41858673095703
695.6541538238525
408.1695079803467
933.5641860961914
1997.8845119476318
760.0870132446289
450.00767707824707
1068.420648574829
210.8309268951416
458.9262008666992
437.85810470581055
817.2416687011719
952.1255493164062
1692.8935050964355
2360.7163429260254
1084.4805240631104
396.32344245910645
2032.3224067687988
2014.256238937378
274.2505073547363
1350.6360054016113
231.98866844177246
1017.8191661834717
265.3546333312988
484.47370529174805
1531.9843292236328
2742.77663230896
1029.8511981964111
316.64586067199707
708.4155082702637
1108.1736087799072
411.6826057434082
364.77112770080566
141.23177528381348
605.0949096679688
357.5778007507324
411.2231731414795
163.14315795898438
1338.0396366119385
857.623815536499
633.465051651001
243.43132972717285
1162.1410846710205
2025.4685878753662
266.6318416595459
630.4607391357422
2140.784978866577
289.44945335388184
247.23005294799805
286.84139251708984
273.6217975616455
2164.9200916290283
372.64537811279297
1950.9375095367432
155.23052215576172
651.7508029937744
702.3835182189941
822.0300674438477
155.94220161437988
292.82498359680176
446.38919830322266
682.8532218933105
1242.4228191375732
5905.856370925903
5748.2805252075195
496.25110626220703
531.700611114502
913.4669303894043
1088.4456634521484
607.6500415802002
1486.3495826721191
522.8259563446045
523.8049030303955
1342.5581455230713
456.9578170776367
344.3427085876465
586.1392021179199
1064.3489360809326
1447.3702907562256
1058.150291442871
580.7230472564697
591.5262699127197
900.6137847900391
338.6273384094238
226.4559268951416
548.7396717071533
483.74009132385254
1991.473913192749
255.38992881774902
333.3747386932373
550.196647644043
541.0037040710449
349.68113899230957
522.6528644561768
1023.1385231018066
163.77019882202148
1246.2491989135742
1536.752700805664
302.65069007873535
666.1534309387207
2536.3118648529053
242.16246604919434
708.733320236206
550.6510734558105
262.01581954956055
201.13134384155273
912.8861427307129
184.88073348999023
521.9566822052002
535.8614921569824
304.90875244140625
1109.243631362915
2102.235794067383
436.995267868042
329.5614719390869
591.665506362915
649.8668193817139
598.1814861297607
1113.793134689331
1260.8942985534668
3476.757287979126
1034.8951816558838
3400.9597301483154
218.11318397521973
2382.5278282165527
1151.960849761963
1391.171932220459
1203.8202285766602
795.8950996398926
897.4218368530273
285.2604389190674
370.0098991394043
2626.523017883301
373.964786529541
915.6491756439209
1297.262191772461
2157.137632369995
2085.2553844451904
239.04037475585938
170.43733596801758
1690.1662349700928
1903.8290977478027
1954.9298286437988
3583.033323287964
893.427848815918
668.2612895965576
1967.3645496368408
779.421329498291
1972.095012664795
218.64557266235352
729.3713092803955
921.2672710418701
3129.2765140533447
875.2307891845703
678.8575649261475
1420.1886653900146
591.6516780853271
191.47109985351562
1492.9003715515137
544.6457862854004
1510.8563899993896
821.8457698822021
188.64178657531738
1222.639560699463
216.85314178466797
4427.152633666992
612.9374504089355
539.0434265136719
272.54557609558105
437.84499168395996
492.4592971801758
192.11483001708984
412.28723526000977
217.3292636871338
226.75490379333496
202.70252227783203
1062.6051425933838
617.6040172576904
258.594274520874
795.0632572174072
425.49705505371094
1477.1921634674072
232.3167324066162
421.31567001342773
249.3739128112793
255.25736808776855
1017.5919532775879
2107.89155960083
215.0728702545166
576.1399269104004
163.45596313476562
1295.6902980804443
396.37088775634766
1713.200569152832
1241.0593032836914
676.7046451568604
192.00420379638672
350.5432605743408
1526.2210369110107
1155.8618545532227
452.95214653015137
224.7469425201416
176.95236206054688
509.2329978942871
1093.296766281128
190.40203094482422
222.55253791809082
589.888334274292
404.24489974975586
278.3212661743164
289.3097400665283
242.15078353881836
1045.0448989868164
1234.6487045288086
531.5549373626709
260.94841957092285
669.0080165863037
293.10131072998047
1395.8852291107178
1641.913890838623
1342.7574634552002
267.40074157714844
2820.3608989715576
767.4117088317871
818.5040950775146
550.8561134338379
748.4447956085205
523.9417552947998
1051.3808727264404
1249.159574508667
132.9798698425293
1350.8801460266113
321.7287063598633
268.6023712158203
390.57207107543945
1981.5504550933838
337.47220039367676
3853.367328643799
450.2596855163574
294.12269592285156
1053.2417297363281
574.4168758392334
320.14942169189453
902.0936489105225
4664.626359939575
1649.4946479797363
382.2300434112549
411.6978645324707
1978.3787727355957
279.9496650695801
405.6253433227539
467.4546718597412
444.4699287414551
1418.6656475067139
767.2152519226074
290.5740737915039
195.39427757263184
365.77486991882324
706.1622142791748
655.6508541107178
1095.944881439209
512.9084587097168
327.58331298828125
468.9157009124756
805.3617477416992
1931.6203594207764
395.2176570892334
514.0490531921387
640.4767036437988
437.82639503479004
1245.2383041381836
642.0979499816895
274.09958839416504
424.7479438781738
1902.4324417114258
1112.119436264038
303.85804176330566
298.62213134765625
1307.2080612182617
192.1672821044922
498.94213676452637
372.2867965698242
745.356559753418
543.8904762268066
526.9162654876709
241.485595703125
518.6512470245361
257.44032859802246
1188.9195442199707
346.29249572753906
401.02291107177734
457.99732208251953
417.94610023498535
365.9861087799072
650.1035690307617
1702.6634216308594
1089.8833274841309
270.36595344543457
499.0079402923584
816.807746887207
600.8999347686768
351.4895439147949
685.7321262359619
399.322509765625
962.3470306396484
2107.3977947235107
665.3168201446533
3265.538454055786
819.5645809173584
537.5330448150635
681.168794631958
607.9368591308594
238.5549545288086
2193.850040435791
231.3556671142578
363.1162643432617
878.1864643096924
393.16368103027344
3172.9373931884766
152.73427963256836
142.2562599182129
175.74405670166016
1186.1240863800049
386.11769676208496
1023.7247943878174
2234.121322631836
291.10169410705566
1639.3122673034668
333.31918716430664
371.8419075012207
1013.2246017456055
1079.3063640594482
507.427453994751
741.300106048584
255.02705574035645
926.3699054718018
231.43625259399414
187.58177757263184
884.3481540679932
158.5702896118164
970.5488681793213
1176.5596866607666
456.3770294189453
2482.8648567199707
963.8001918792725
758.0327987670898
389.3110752105713
360.0180149078369
727.4670600891113
1496.7243671417236
2078.056573867798
1357.663869857788
625.3948211669922
785.8853340148926
1205.3141593933105
1282.5427055358887
219.24829483032227
477.2071838378906
429.61740493774414
336.5468978881836
650.5341529846191
454.73599433898926
771.8853950500488
184.3273639678955
438.16280364990234
285.94207763671875
588.8388156890869
187.44516372680664
436.83433532714844
428.0552864074707
231.94122314453125
188.10415267944336
1146.056890487671
141.72077178955078
1082.8280448913574
720.3929424285889
634.3746185302734
143.8617706298828
157.4087142944336
2519.63210105896
676.5203475952148
920.2308654785156
713.4180068969727
2113.668203353882
1241.6181564331055
1629.8840045928955
518.0926322937012
1573.7278461456299
284.35349464416504
970.484733581543
878.5562515258789
184.54289436340332
406.63957595825195
270.57576179504395
213.3803367614746
517.3029899597168
738.0435466766357
316.1735534667969
624.1569519042969
229.7689914703369
423.69985580444336
409.5020294189453
211.1654281616211
281.191349029541
2626.532793045044
618.7238693237305
319.5819854736328
646.2159156799316
405.3797721862793
577.078104019165
305.7293891906738
187.96443939208984
6329.6473026275635
233.92009735107422
1916.3873195648193
2358.27898979187
248.7170696258545
460.61110496520996
310.9900951385498
130.24592399597168
498.78907203674316
596.7967510223389
2049.5622158050537
526.8402099609375
212.42403984069824
339.77770805358887
341.2914276123047
909.8896980285645
433.1858158111572
1346.625804901123
2184.9546432495117
555.3500652313232
1175.1129627227783
705.5175304412842
350.70300102233887
430.36818504333496
318.0384635925293
2205.439567565918
831.7046165466309
2282.9179763793945
1351.8238067626953
363.37780952453613
249.01223182678223
494.2586421966553
1925.048828125
417.4478054046631
482.4502468109131
212.81123161315918
216.841459274292
583.8098526000977
1537.9676818847656
814.8295879364014
180.15217781066895
244.0934181213379
673.175573348999
2133.042335510254
1860.6245517730713
1104.0899753570557
371.3674545288086
780.8377742767334
1250.8609294891357
1085.3865146636963
190.07039070129395
896.2962627410889
184.47542190551758
524.2078304290771
421.1578369140625
553.7948608398438
395.88475227355957
266.726016998291
397.4123001098633
676.807165145874
158.10632705688477
232.6498031616211
651.691198348999
514.0945911407471
760.9808444976807
491.7914867401123
689.3043518066406
989.8166656494141
289.5684242248535
2548.4089851379395
3735.064744949341
2364.7987842559814
491.6985034942627
397.4456787109375
335.188627243042
2241.7492866516113
272.9034423828125
644.3254947662354
362.51306533813477
839.8370742797852
1407.8915119171143
652.3439884185791
703.0370235443115
279.4773578643799
1032.1104526519775
397.7701663970947
451.7543315887451
276.32594108581543
794.4028377532959
1382.418155670166
423.5646724700928
353.97958755493164
1724.2226600646973
339.12181854248047
474.8060703277588
350.9654998779297
2665.863513946533
2012.1464729309082
708.0364227294922
1958.8727951049805
449.7802257537842
332.54003524780273
328.05681228637695
702.8012275695801
190.07611274719238
199.56707954406738
255.94830513000488
2685.072422027588
488.21425437927246
1907.106637954712
841.8066501617432
296.62346839904785
862.614631652832
459.00821685791016
4511.788368225098
226.2864112854004
406.7389965057373
726.5596389770508
1949.2466449737549
191.70045852661133
615.8196926116943
655.587911605835
1004.9307346343994
504.28128242492676
775.3679752349854
2138.004779815674
212.7819061279297
688.835859298706
290.47250747680664
623.3248710632324
273.96368980407715
494.7640895843506
192.83795356750488
1480.6618690490723
489.4251823425293
2002.3326873779297
909.2922210693359
1008.6612701416016
808.9907169342041
1883.7864398956299
3052.598476409912
194.4448947906494
380.2144527435303
583.6145877838135
794.9175834655762
341.4301872253418
1934.4420433044434
557.8794479370117
909.4393253326416
461.81178092956543
1375.7669925689697
1093.1496620178223
196.75636291503906
1034.8725318908691
202.24308967590332
1231.4064502716064
881.0222148895264
321.60210609436035
308.795690536499
667.0997142791748
884.2413425445557
231.68444633483887
888.678789138794
447.4210739135742
521.7852592468262
462.26048469543457
617.211103439331
499.30548667907715
5433.395624160767
2096.2421894073486
455.2736282348633
166.39161109924316
248.3835220336914
366.8358325958252
689.6419525146484
165.23981094360352
450.8943557739258
447.81970977783203
208.00137519836426
617.6745891571045
1039.419412612915
233.35838317871094
194.2129135131836
398.41365814208984
508.894681930542
1288.6626720428467
845.7436561584473
583.1472873687744
709.364652633667
383.94880294799805
2096.16756439209
141.00933074951172
483.13355445861816
229.2788028717041
1009.4022750854492
2070.8236694335938
317.4147605895996
2936.7141723632812
205.34491539001465
328.42469215393066
144.03867721557617
1149.6992111206055
741.2943840026855
967.5953388214111
139.96529579162598
233.5796356201172
952.2085189819336
999.0243911743164
4017.2579288482666
484.2181205749512
226.5491485595703
894.8476314544678
430.8195114135742
1085.289716720581
535.8743667602539
2050.8875846862793
537.9834175109863
1278.4812450408936
704.411506652832
1496.321439743042
791.1064624786377
304.07261848449707
195.1308250427246
974.6396541595459
200.31332969665527
273.2868194580078
631.0019493103027
539.240837097168
208.59336853027344
617.6731586456299
381.4818859100342
307.2693347930908
379.27699089050293
551.8546104431152
600.0440120697021
559.2942237854004
313.6153221130371
280.23838996887207
635.6291770935059
1635.84566116333
921.5164184570312
205.6410312652588
432.39378929138184
711.2476825714111
1781.1610698699951
1196.81715965271
1396.1570262908936
762.04514503479
610.4655265808105
766.33620262146
289.3850803375244
570.8577632904053
813.3039474487305
555.2809238433838
471.96364402770996
983.9568138122559
738.6617660522461
549.2908954620361
397.88079261779785
411.11230850219727
486.6812229156494
647.313117980957
3382.295846939087
726.6359329223633
592.1595096588135
928.4381866455078
726.9077301025391
1072.4689960479736
157.20033645629883
1358.5050106048584
386.02685928344727
466.1562442779541
398.8049030303955
2315.0634765625
2746.1812496185303
1034.160852432251
1047.041654586792
621.7434406280518
1038.7299060821533
606.4887046813965
837.3880386352539
532.2926044464111
913.8388633728027
1653.036117553711
178.26104164123535
562.0083808898926
249.36509132385254
752.9573440551758
213.2406234741211
200.43635368347168
809.8795413970947
1666.1107540130615
500.5364418029785
797.5811958312988
329.58245277404785
559.7479343414307
948.1251239776611
1049.5293140411377
816.7481422424316
700.249195098877
902.4779796600342
362.23673820495605
1135.4711055755615
394.93727684020996
684.7934722900391
1120.3713417053223
274.0483283996582
449.7056007385254
1164.2286777496338
1088.9668464660645
386.9433403015137
2218.50323677063
740.6234741210938
459.6586227416992
178.72142791748047
2412.6057624816895
137.2380256652832
420.961856842041
271.747350692749
175.69684982299805
544.8563098907471
1120.4159259796143
768.5959339141846
209.6245288848877
491.9407367706299
1416.133165359497
271.8944549560547
217.118501663208
462.11957931518555
230.2854061126709
3267.1518325805664
170.3779697418213
1575.6454467773438
577.200174331665
553.8439750671387
199.52702522277832
1851.4039516448975
470.51334381103516
1351.9206047058105
219.0842628479004
1216.9840335845947
563.3323192596436
393.7714099884033
528.2435417175293
319.66185569763184
2382.5759887695312
224.78532791137695
158.95628929138184
984.666109085083
520.0247764587402
730.086088180542
282.7723026275635
194.20909881591797
601.6862392425537
1651.731014251709
482.79356956481934
1334.6827030181885
578.8025856018066
1209.127426147461
252.394437789917
1541.3432121276855
2490.527629852295
583.9493274688721
745.3203201293945
587.4958038330078
1110.3265285491943
290.5097007751465
987.6198768615723
2116.749048233032
2622.2805976867676
1361.999750137329
1248.1858730316162
646.6867923736572
192.24834442138672
295.4678535461426
999.8412132263184
330.0902843475342
1299.1588115692139
355.83972930908203
147.79996871948242
236.93060874938965
645.4184055328369
656.0397148132324
956.7804336547852
661.2570285797119
137.07852363586426
855.4947376251221
1306.5035343170166
547.0545291900635
766.6873931884766
1045.163631439209
3222.194194793701
381.73413276672363
632.3552131652832
1067.000150680542
1144.1173553466797
2555.2420616149902
386.6424560546875
2178.0364513397217
218.41692924499512
296.83375358581543
195.24550437927246
947.8497505187988
561.3746643066406
988.9798164367676
1192.9593086242676
347.7599620819092
187.18314170837402
3793.926239013672
242.92659759521484
961.0412120819092
231.2333583831787
265.67983627319336
4921.602725982666
647.5205421447754
297.9624271392822
351.20534896850586
638.1886005401611
781.6009521484375
817.9550170898438
433.38465690612793
447.6473331451416
3600.722551345825
1445.1417922973633
1087.470531463623
303.1442165374756
141.55101776123047
1426.4130592346191
194.87905502319336
791.1102771759033
1409.9583625793457
489.26806449890137
637.4363899230957
811.500072479248
976.2012958526611
254.4558048248291
267.4729824066162
865.2007579803467
1981.513261795044
701.3735771179199
2688.03334236145
815.0956630706787
5503.426790237427
327.0127773284912
257.25746154785156
1661.480188369751
193.12500953674316
218.1103229522705
155.81417083740234
645.378589630127
1437.7262592315674
1460.6192111968994
319.3328380584717
242.9797649383545
1515.4035091400146
264.8494243621826
488.6298179626465
1078.1126022338867
619.9653148651123
251.44529342651367
692.4176216125488
688.3888244628906
364.3035888671875
2162.3950004577637
1053.3123016357422
611.046552658081
516.6373252868652
175.9505271911621
1978.5447120666504
2459.3610763549805
2045.2203750610352
1158.4351062774658
206.7255973815918
1088.0334377288818
1025.526762008667
1705.157995223999
2164.442300796509
1118.107557296753
647.3937034606934
894.392728805542
476.58419609069824
818.2122707366943
272.2959518432617
1095.649242401123
812.3953342437744
703.8214206695557
919.4867610931396
534.1103076934814
778.2266139984131
1373.0175495147705
300.2586364746094
175.93693733215332
368.1929111480713
616.600513458252
417.04583168029785
429.6855926513672
1311.7191791534424
1833.3518505096436
370.8057403564453
504.4693946838379
5471.627950668335
1142.7719593048096
826.5914916992188
2689.286231994629
945.4700946807861
813.2076263427734
319.41962242126465
1318.0732727050781
234.76767539978027
357.00225830078125
813.4338855743408
552.891731262207
245.73421478271484
607.5396537780762
420.2754497528076
1848.6437797546387
1002.1352767944336
3286.038398742676
456.315279006958
194.2884922027588
1077.934741973877
939.8376941680908
1728.6393642425537
230.7891845703125
386.8129253387451
806.6000938415527
169.03018951416016
852.9460430145264
1091.4509296417236
297.283411026001
298.91467094421387
350.6960868835449
921.844482421875
449.01394844055176
472.6402759552002
199.9683380126953
239.76969718933105
486.31978034973145
3749.1438388824463
599.9083518981934
307.4796199798584
231.93740844726562
271.512508392334
2002.2377967834473
268.8741683959961
1329.4153213500977
502.05540657043457
1834.7184658050537
405.14278411865234
1223.5698699951172
293.31111907958984
4291.890621185303
1930.1753044128418
246.2327480316162
798.114538192749
522.9253768920898
583.5494995117188
910.7863903045654
134.73773002624512
841.8788909912109
394.4282531738281
291.4395332336426
1133.7969303131104
275.50530433654785
175.8291721343994
1179.1915893554688
611.0279560089111
256.81209564208984
491.64390563964844
986.3402843475342
238.13748359680176
853.492021560669
1168.297290802002
1165.4293537139893
523.2412815093994
228.74045372009277
229.54893112182617
1452.2206783294678
244.44127082824707
460.8337879180908
475.29101371765137
1185.3177547454834
130.7239532470703
487.90740966796875
359.6014976501465
647.0613479614258
3557.941436767578
976.9032001495361
932.0554733276367
202.40497589111328
184.12327766418457
522.5896835327148
417.0806407928467
864.3629550933838
1395.376443862915
3281.7983627319336
570.8537101745605
251.88326835632324
976.7346382141113
907.5243473052979
343.9216613769531
1167.025089263916
1205.7743072509766
549.8301982879639
324.57709312438965
908.9536666870117
671.5779304504395
500.3666877746582
661.8685722351074
317.17491149902344
1203.7241458892822
328.86266708374023
1709.9552154541016
206.44354820251465
579.4715881347656
663.3799076080322
1126.512050628662
227.15020179748535
547.9278564453125
606.130838394165
331.97665214538574
1121.3457584381104
200.48189163208008
967.7901268005371
983.7462902069092
859.9798679351807
347.4538326263428
634.1521739959717
1104.6340465545654
707.1616649627686
852.7743816375732
373.6758232116699
426.8627166748047
1281.4052104949951
2295.5172061920166
340.62862396240234
902.409553527832
218.71042251586914
2770.9145545959473
1139.2507553100586
502.3915767669678
477.8704643249512
482.8305244445801
541.7180061340332
408.82277488708496
1063.9829635620117
238.69872093200684
1377.626895904541
658.7941646575928
240.128755569458
174.42750930786133
262.617826461792
156.94069862365723
1637.418270111084
2130.338430404663
320.4617500305176
555.2234649658203
854.1264533996582
1249.3367195129395
357.20014572143555
1093.9629077911377
631.6685676574707
356.5826416015625
1393.0957317352295
342.1614170074463
1290.0969982147217
200.28328895568848
1199.9623775482178
187.32070922851562
247.1163272857666
900.1510143280029
884.4664096832275
965.4161930084229
533.7138175964355
547.518253326416
1038.2087230682373
997.694730758667
237.30707168579102
611.0885143280029
495.01490592956543
234.96103286743164
513.2222175598145
810.2569580078125
2677.4275302886963
3323.063850402832
236.5729808807373
249.2365837097168
3411.276340484619
649.2750644683838
248.78835678100586
666.907548904419
396.76952362060547
450.6251811981201
306.44989013671875
1093.5039520263672
328.71532440185547
1252.8748512268066
312.50762939453125
279.5717716217041
957.7224254608154
733.0317497253418
692.0185089111328
668.9021587371826
1038.2764339447021
169.83699798583984
1847.7416038513184
235.9755039215088
247.9238510131836
596.6997146606445
659.9709987640381
198.94146919250488
411.47613525390625
1252.002239227295
597.9082584381104
281.0547351837158
1146.3282108306885
482.34081268310547
504.8527717590332
711.162805557251
207.2737216949463
804.2881488800049
379.81414794921875
3915.497064590454
557.2028160095215
992.476224899292
425.16422271728516
177.16526985168457
337.69965171813965
392.4839496612549
336.2462520599365
560.6637001037598
230.91888427734375
632.6301097869873
566.2698745727539
902.7931690216064
209.18774604797363
355.76915740966797
518.7304019927979
703.4239768981934
400.8328914642334
1227.4718284606934
831.5179347991943
2876.471757888794
1843.7752723693848
446.61951065063477
325.24943351745605
884.5100402832031
580.4591178894043
268.9495086669922
186.27023696899414
877.3760795593262
468.8546657562256
308.7177276611328
698.523759841919
2054.0952682495117
894.8829174041748
433.31146240234375
877.730131149292
1914.907693862915
362.94054985046387
338.8562202453613
244.2171573638916
787.5111103057861
2005.3040981292725
444.37479972839355
850.9259223937988
1048.476219177246
269.2685127258301
948.0280876159668
859.1911792755127
2460.645914077759
1518.7451839447021
673.1188297271729
1801.7916679382324
672.3873615264893
532.496452331543
960.2124691009521
171.4649200439453
719.4104194641113
1140.3553485870361
1274.1951942443848
1183.3281517028809
894.8929309844971
1467.2999382019043
342.64659881591797
212.2635841369629
227.43892669677734
194.1385269165039
2374.3982315063477
834.5534801483154
1047.7070808410645
2153.867483139038
216.48478507995605
344.53296661376953
1100.8784770965576
538.4378433227539
484.5736026763916
258.3162784576416
5494.838714599609
1223.947525024414
862.8497123718262
1293.1416034698486
853.5017967224121
1212.6989364624023
1398.446798324585
192.17681884765625
872.9255199432373
332.5672149658203
1384.6242427825928
784.2683792114258
273.7898826599121
1342.4243927001953
319.00787353515625
272.7935314178467
1681.6465854644775
1005.5022239685059
558.2268238067627
944.8328018188477
692.6865577697754
3961.0440731048584
1069.4031715393066
3833.8232040405273
520.2805995941162
874.9370574951172
485.1813316345215
1092.3504829406738
391.1728858947754
211.85708045959473
137.1328830718994
2772.904634475708
2535.3074073791504
695.0135231018066
584.8302841186523
251.94144248962402
397.0446586608887
304.0785789489746
338.65928649902344
1860.8455657958984
1702.0063400268555
325.82807540893555
562.4995231628418
1673.3160018920898
435.2419376373291
2197.1919536590576
386.1868381500244
820.0061321258545
1786.8657112121582
702.0246982574463
201.18212699890137
1627.39896774292
472.19324111938477
357.2089672088623
961.2040519714355
366.4891719818115
342.4959182739258
301.377534866333
161.81635856628418
197.57580757141113
628.7147998809814
246.77515029907227
1607.379674911499
226.8373966217041
1190.4051303863525
200.4525661468506
708.1341743469238
781.5754413604736
2611.936569213867
541.820764541626
680.3939342498779
659.8341464996338
2698.228359222412
316.267728805542
235.25667190551758
1746.6280460357666
1019.7389125823975
271.9533443450928
574.0950107574463
379.8375129699707
521.1760997772217
1281.0945510864258
931.1118125915527
220.17550468444824
656.1779975891113
267.47941970825195
414.7219657897949
1442.3518180847168
190.2172565460205
234.4045639038086
176.13601684570312
220.66998481750488
396.7914581298828
680.9403896331787
397.11618423461914
559.441328048706
227.44464874267578
2390.7954692840576
164.22677040100098
295.8719730377197
1314.2552375793457
451.75647735595703
527.2252559661865
1924.9956607818604
393.10431480407715
194.45395469665527
215.15655517578125
511.98387145996094
1294.7466373443604
2063.741445541382
459.9108695983887
1999.208927154541
1470.2417850494385
772.101879119873
625.4448890686035
389.35041427612305
911.6344451904297
2458.8260650634766
652.0934104919434
1037.3363494873047
316.1890506744385
179.57234382629395
3846.1945056915283
4720.66068649292
383.01587104797363
304.11481857299805
793.6906814575195
426.9742965698242
285.58826446533203
260.62655448913574
578.2749652862549
150.58326721191406
641.3140296936035
446.091890335083
607.2690486907959
426.55110359191895
685.34255027771
664.9701595306396
813.43674659729
194.8561668395996
647.1469402313232
1148.9768028259277
475.3396511077881
301.1913299560547
1432.0321083068848
646.1625099182129
452.6033401489258
254.75168228149414
1258.0082416534424
204.72955703735352
265.43688774108887
1044.7657108306885
484.6053123474121
483.40368270874023
817.3315525054932
2330.5935859680176
251.50561332702637
377.76827812194824
837.8992080688477
1130.63645362854
269.2065238952637
964.3545150756836
690.6964778900146
1297.5845336914062
746.6020584106445
1241.351842880249
2542.5190925598145
1310.3959560394287
442.2869682312012
2358.4954738616943
817.56591796875
205.1999568939209
2347.9955196380615
390.83194732666016
148.84519577026367
222.94306755065918
443.76540184020996
334.928035736084
535.4416370391846
613.1124496459961
486.41419410705566
803.7352561950684
693.824052810669
1019.9313163757324
363.0681037902832
716.930627822876
525.9096622467041
186.92922592163086
415.4393672943115
203.0355930328369
605.724573135376
2526.789426803589
497.286319732666
658.26416015625
558.3446025848389
184.5698356628418
189.103364944458
254.7757625579834
421.68116569519043
566.7548179626465
871.1438179016113
281.69846534729004
480.5948734283447
1264.7559642791748
480.365514755249
1308.1552982330322
1119.8375225067139
524.193286895752
271.7781066894531
1527.6899337768555
1382.178783416748
1590.608835220337
659.7354412078857
1076.9827365875244
162.9190444946289
588.8173580169678
834.2323303222656
354.9320697784424
1091.8757915496826
693.8283443450928
209.97095108032227
319.34523582458496
491.0256862640381
2097.548007965088
338.92226219177246
4483.999013900757
3066.9703483581543
397.48311042785645
1717.7536487579346
227.22172737121582
219.41494941711426
2725.4040241241455
190.60349464416504
513.7038230895996
705.0774097442627
753.3869743347168
247.50876426696777
2752.7384757995605
1772.9804515838623
241.17398262023926
546.4274883270264
268.02968978881836
1249.2716312408447
797.7638244628906
633.8369846343994
1624.4096755981445
403.9802551269531
581.2134742736816
884.8774433135986
227.92577743530273
827.3410797119141
863.8427257537842
256.0687065124512
750.4136562347412
271.589994430542
425.39262771606445
272.6125717163086
1239.6059036254883
672.1453666687012
183.11429023742676
221.38333320617676
504.85754013061523
713.674783706665
1172.4402904510498
2215.6357765197754
315.62161445617676
1756.2041282653809
307.3289394378662
277.8127193450928
416.644811630249
569.3302154541016
173.6464500427246
249.9063014984131
1816.9708251953125
365.50211906433105
240.01574516296387
1605.8943271636963
781.4404964447021
341.08924865722656
298.1560230255127
140.60473442077637
224.33900833129883
406.6751003265381
3148.94437789917
502.8414726257324
410.9761714935303
517.7826881408691
192.79217720031738
206.2063217163086
749.2711544036865
3189.840078353882
988.203763961792
325.3920078277588
201.42006874084473
326.25532150268555
280.2550792694092
2620.516300201416
810.3249073028564
841.2292003631592
3147.5934982299805
288.0978584289551
3838.5114669799805
242.39325523376465
274.16133880615234
495.45979499816895
409.9435806274414
418.7507629394531
387.53533363342285
794.823169708252
451.1857032775879
1816.8699741363525
2192.025661468506
626.3511180877686
890.4452323913574
265.7651901245117
848.32763671875
1395.906925201416
1651.1571407318115
781.6534042358398
444.8585510253906
355.11231422424316
255.6295394897461
945.8804130554199
1287.1408462524414
679.4707775115967
1848.9634990692139
160.8109474182129
622.464656829834
496.29950523376465
637.2096538543701
167.19436645507812
550.3547191619873
393.24450492858887
920.1221466064453
246.26851081848145
161.35764122009277
1027.4243354797363
173.66528511047363
2646.7037200927734
1394.697904586792
931.983232498169
1266.5550708770752
198.59075546264648
338.2267951965332
775.3539085388184
416.14484786987305
621.3102340698242
161.70263290405273
2393.627882003784
689.9580955505371
239.89462852478027
2093.113899230957
4113.218784332275
1341.8200016021729
341.8893814086914
446.1853504180908
365.04054069519043
925.9645938873291
318.8512325286865
556.0011863708496
914.1147136688232
1789.5286083221436
468.0657386779785
857.3071956634521
235.49318313598633
281.2681198120117
1250.8437633514404
3334.879159927368
629.1024684906006
751.3923645019531
182.53850936889648
216.8259620666504
296.7708110809326
367.2056198120117
889.0302181243896
1798.628330230713
1552.8652667999268
338.986873626709
1277.3361206054688
571.5043544769287
387.67552375793457
578.1826972961426
2550.082206726074
1919.6805953979492
2273.0655670166016
251.3418197631836
428.5855293273926
687.9527568817139
181.6849708557129
260.85805892944336
508.1043243408203
295.00293731689453
313.2023811340332
1130.976676940918
434.8480701446533
202.19826698303223
1047.4622249603271
509.8130702972412
329.4837474822998
151.5212059020996
684.4894886016846
378.5548210144043
635.0657939910889
233.42061042785645
836.2162113189697
180.2506446838379
692.2659873962402
155.65133094787598
624.0649223327637
3550.9345531463623
996.5109825134277
270.8115577697754
2305.401086807251
642.0936584472656
736.6046905517578
796.1337566375732
206.78281784057617
941.920280456543
224.86138343811035
311.9809627532959
700.2298831939697
451.08652114868164
251.82628631591797
3394.958019256592
1090.087890625
371.6318607330322
904.1528701782227
2111.7677688598633
933.7513446807861
3700.226068496704
410.5668067932129
399.3380069732666
503.41272354125977
525.2423286437988
245.5596923828125
1052.5667667388916
502.90822982788086
1844.5649147033691
139.63055610656738
1543.4763431549072
233.1700325012207
395.0502872467041
143.5837745666504
535.6101989746094
347.20301628112793
360.57305335998535
585.8855247497559
3890.308618545532
801.5012741088867
2186.962127685547
834.9282741546631
1517.3664093017578
993.7224388122559
1964.0681743621826
594.9146747589111
207.09609985351562
981.7094802856445
353.6391258239746
1438.1918907165527
587.2457027435303
1462.1491432189941
575.1047134399414
266.62182807922363
1244.7025775909424
407.3832035064697
799.7334003448486
251.6152858734131
2845.57843208313
944.4773197174072
2042.2565937042236
307.9521656036377
3814.27264213562
749.8736381530762
1057.5916767120361
1021.867036819458
1856.6722869873047
215.83008766174316
243.06249618530273
218.04046630859375
502.31242179870605
2511.817693710327
2762.3836994171143
402.35042572021484
1164.7734642028809
585.6456756591797
230.09848594665527
205.54375648498535
1325.5829811096191
588.7706279754639
636.2946033477783
854.8374176025391
602.8592586517334
177.14452743530273
438.68136405944824
192.26503372192383
155.2731990814209
414.3071174621582
140.89441299438477
165.87305068969727
1007.9376697540283
171.0648536682129
749.6685981750488
397.0673084259033
171.80824279785156
1588.4571075439453
928.2870292663574
194.73862648010254
976.9771099090576
179.3367862701416
602.0653247833252
874.0713596343994
1588.2172584533691
1666.1405563354492
816.7657852172852
325.528621673584
1507.3678493499756
1150.8479118347168
616.6605949401855
820.7769393920898
1383.735179901123
365.59176445007324
394.55628395080566
350.1296043395996
565.3064250946045
470.20697593688965
579.1106224060059
874.8495578765869
1473.3846187591553
283.78891944885254
322.36170768737793
450.3054618835449
141.3435935974121
577.2912502288818
1357.7499389648438
1518.9824104309082
1362.7092838287354
1576.634407043457
3324.3539333343506
590.9767150878906
673.7802028656006
653.2313823699951
580.9605121612549
871.1957931518555
654.393196105957
212.37826347351074
370.21827697753906
442.0194625854492
646.9759941101074
2056.3621520996094
490.33451080322266
269.2523002624512
2684.915781021118
1664.1149520874023
1157.376766204834
256.09397888183594
654.9620628356934
447.4151134490967
511.39283180236816
351.87315940856934
1325.2837657928467
501.5294551849365
227.70214080810547
553.3666610717773
480.6203842163086
2258.037567138672
1449.2652416229248
1960.0942134857178
159.13867950439453
269.88720893859863
3643.848180770874
1123.2433319091797
239.65692520141602
767.4267292022705
349.6100902557373
2047.8665828704834
185.20736694335938
1393.0516242980957
702.8942108154297
315.20867347717285
206.36892318725586
919.4552898406982
820.3456401824951
2224.3101596832275
681.2148094177246
2153.62811088562
581.5596580505371
1466.5231704711914
251.5733242034912
1190.6228065490723
600.6205081939697
1671.0503101348877
654.0937423706055
181.9479465484619
494.29988861083984
683.0794811248779
2037.0097160339355
215.41833877563477
867.3648834228516
1384.2594623565674
146.42858505249023
1164.6308898925781
1465.5964374542236
1658.9949131011963
438.16685676574707
732.5971126556396
595.1652526855469
478.70922088623047
1315.1180744171143
462.4929428100586
344.9969291687012
211.00974082946777
540.1268005371094
495.4252243041992
2545.6316471099854
512.8703117370605
385.5717182159424
880.826473236084
1919.9211597442627
175.8725643157959
2518.1665420532227
227.83470153808594
1456.2273025512695
330.11436462402344
899.7519016265869
1170.7828044891357
620.922327041626
234.205961227417
494.4303035736084
449.2683410644531
340.5303955078125
1505.5081844329834
955.0223350524902
328.6938667297363
271.5623378753662
511.67845726013184
307.11960792541504
1261.207103729248
330.05738258361816
173.5668182373047
632.1673393249512
1015.7859325408936
351.8259525299072
522.8047370910645
216.72296524047852
508.5787773132324
343.16134452819824
847.1307754516602
314.54944610595703
1200.6511688232422
992.0322895050049
2086.5776538848877
157.86361694335938
454.7085762023926
245.69272994995117
839.7481441497803
1023.0963230133057
760.2741718292236
1299.9703884124756
2224.541664123535
582.169771194458
1023.9200592041016
1747.1027374267578
163.10429573059082
504.7581195831299
1962.4624252319336
322.73411750793457
287.7776622772217
1108.1693172454834
608.3095073699951
282.6952934265137
1759.3002319335938
617.5136566162109
780.5078029632568
694.0147876739502
1050.3628253936768
825.0381946563721
1049.5612621307373
659.2471599578857
691.0433769226074
399.3353843688965
342.01860427856445
430.52220344543457
734.3795299530029
1129.6923160552979
1000.0054836273193
448.15874099731445
2605.757713317871
2598.2515811920166
347.2294807434082
276.6728401184082
454.57983016967773
590.6410217285156
1072.1383094787598
233.60180854797363
436.417818069458
567.887544631958
1097.7587699890137
178.6189079284668
350.8114814758301
309.8740577697754
262.5892162322998
244.3239688873291
1214.0233516693115
3272.5141048431396
485.3343963623047
688.0419254302979
1949.5151042938232
2092.0143127441406
2193.8369274139404
1078.0386924743652
244.9040412902832
1713.5677337646484
508.15749168395996
854.053258895874
214.86735343933105
1214.8969173431396
316.98036193847656
311.4752769470215
1155.238389968872
1550.6846904754639
822.120189666748
1295.6516742706299
2025.3140926361084
2798.522472381592
155.8058261871338
763.7832164764404
601.046085357666
821.7818737030029
1653.6521911621094
262.93277740478516
2277.0254611968994
1885.3294849395752
817.070722579956
491.12796783447266
486.83691024780273
192.7347183227539
947.6709365844727
2079.949140548706
550.3578186035156
485.2454662322998
695.037841796875
742.6111698150635
1744.0292835235596
426.3110160827637
1022.6254463195801
882.1916580200195
787.9834175109863
716.4018154144287
387.6628875732422
483.42108726501465
174.16691780090332
283.7331295013428
191.27440452575684
208.3892822265625
5271.629095077515
1137.869119644165
818.7241554260254
1111.6290092468262
1386.6662979125977
1875.614881515503
291.44763946533203
635.9262466430664
339.58959579467773
171.3709831237793
480.5605411529541
406.64124488830566
1234.7497940063477
1297.0819473266602
288.9683246612549
1547.9493141174316
396.96264266967773
398.5469341278076
1438.8632774353027
3317.9867267608643
565.7804012298584
769.2570686340332
522.2196578979492
496.6409206390381
632.8506469726562
411.29112243652344
2234.229803085327
1594.571590423584
484.147310256958
1827.2731304168701
986.091136932373
1350.9845733642578
1117.539405822754
153.9287567138672
1049.210786819458
786.219596862793
539.0980243682861
1393.8333988189697
623.715877532959
323.8506317138672
224.7467041015625
877.2494792938232
726.5796661376953
1750.2501010894775
725.8224487304688
343.9829349517822
172.03903198242188
942.7213668823242
1279.5140743255615
292.76371002197266
651.7283916473389
228.88684272766113
360.7659339904785
624.5071887969971
834.6433639526367
1789.2265319824219
589.4522666931152
309.10682678222656
1672.8339195251465
1469.447374343872
290.8904552459717
398.85401725769043
570.5950260162354
294.9504852294922
1178.0250072479248
1393.613338470459
1083.6772918701172
616.7256832122803
212.77475357055664
620.9592819213867
544.3465709686279
242.85030364990234
481.6718101501465
1667.7651405334473
1217.569351196289
346.1589813232422
1120.9440231323242
1098.0937480926514
441.3414001464844
627.2222995758057
4200.489282608032
1101.0615825653076
272.7537155151367
1323.9901065826416
974.083423614502
200.02412796020508
510.81037521362305
649.9571800231934
1745.1050281524658
400.1462459564209
1065.9005641937256
404.02698516845703
1776.5238285064697
2585.8981609344482
1973.311185836792
2660.654067993164
158.30731391906738
851.287841796875
1379.077672958374
903.4802913665771
1000.2467632293701
641.7365074157715
710.6895446777344
195.1427459716797
774.2154598236084
617.1703338623047
1233.1006526947021
309.3383312225342
4588.7110233306885
2833.987236022949
368.3924674987793
447.94535636901855
168.97940635681152
829.627513885498
673.870325088501
941.1265850067139
521.1830139160156
988.6293411254883
784.2140197753906
184.3736171722412
258.9232921600342
385.3311538696289
580.153226852417
421.3712215423584
216.84670448303223
136.43980026245117
783.1447124481201
763.8759613037109
766.1504745483398
415.07482528686523
517.5414085388184
392.55356788635254
342.4079418182373
1130.457878112793
1280.292272567749
356.4755916595459
319.75579261779785
405.1685333251953
741.8363094329834
273.8828659057617
2289.6316051483154
308.7339401245117
185.88018417358398
589.179515838623
642.9235935211182
1948.291540145874
1132.2860717773438
1792.5007343292236
1000.8800029754639
1204.829454421997
2131.3462257385254
239.44687843322754
958.2092761993408
303.3571243286133
368.21651458740234
667.8116321563721
1373.9807605743408
369.7490692138672
1275.277853012085
593.6002731323242
775.6819725036621
325.15883445739746
2703.8352489471436
1359.2052459716797
1127.4688243865967
966.9933319091797
882.9226493835449
859.4956398010254
886.3518238067627
980.0779819488525
1016.0291194915771
894.7231769561768
399.32751655578613
1141.6707038879395
721.96364402771
1028.9280414581299
1638.3578777313232
583.3492279052734
500.05578994750977
655.566930770874
1276.6656875610352
3401.715040206909
827.019453048706
1548.6059188842773
1061.05375289917
1305.8419227600098
2342.787265777588
710.5202674865723
371.72698974609375
1189.6488666534424
215.56329727172852
463.9406204223633
469.4395065307617
1100.5370616912842
905.3447246551514
257.1682929992676
1918.2770252227783
475.21328926086426
1533.8635444641113
383.12816619873047
180.87053298950195
699.7714042663574
592.282772064209
801.105260848999
380.62000274658203
149.38998222351074
809.7670078277588
893.923282623291
282.90867805480957
222.06735610961914
202.7120590209961
1667.445182800293
1222.9177951812744
2006.6263675689697
1970.5898761749268
913.4294986724854
926.0196685791016
393.4283256530762
160.59064865112305
514.047384262085
1041.5089130401611
1543.7431335449219
892.2951221466064
2835.460901260376
1048.4364032745361
610.3079319000244
3282.212018966675
269.73819732666016
754.7798156738281
927.4106025695801
598.4964370727539
359.2877388000488
4281.441688537598
892.2884464263916
163.76852989196777
159.5437526702881
750.2553462982178
3163.623094558716
2125.7879734039307
401.31092071533203
2461.1656665802
231.8730354309082
216.1235809326172
1666.2237644195557
1207.9110145568848
2027.3866653442383
2679.6114444732666
3112.0901107788086
587.7537727355957
267.17472076416016
363.5716438293457
1563.6694431304932
419.79146003723145
818.9384937286377
329.56528663635254
352.07414627075195
470.1540470123291
154.39748764038086
330.15918731689453
663.2671356201172
1197.1473693847656
1199.113130569458
277.0998477935791
440.13261795043945
3496.816635131836
190.10281562805176
251.37805938720703
386.16299629211426
560.7190132141113
438.46750259399414
192.2779083251953
448.1024742126465
135.05196571350098
541.5642261505127
1293.499231338501
801.3849258422852
889.951229095459
878.8466453552246
382.387638092041
510.7252597808838
374.93443489074707
735.6102466583252
380.92923164367676
264.5261287689209
327.39996910095215
2139.512538909912
304.2018413543701
249.6180534362793
437.03770637512207
150.58326721191406
2184.610605239868
958.5840702056885
291.52822494506836
1178.5283088684082
1341.0413265228271
826.4327049255371
1369.847059249878
1664.9091243743896
3132.8649520874023
702.0604610443115
340.3158187866211
3562.5131130218506
3931.5171241760254
1140.6149864196777
1222.9979038238525
261.65080070495605
568.7549114227295
177.96087265014648
683.7630271911621
3064.438581466675
615.3912544250488
547.1701622009277
418.89119148254395
1014.2998695373535
610.0428104400635
274.81675148010254
192.14463233947754
676.1128902435303
221.21167182922363
532.1288108825684
1668.4825420379639
235.92829704284668
1049.1182804107666
323.09579849243164
2666.809558868408
1926.4419078826904
912.9691123962402
440.38915634155273
353.8224697113037
2513.8800144195557
331.95948600769043
543.3149337768555
297.9156970977783
1047.7962493896484
415.3444766998291
518.0072784423828
861.7720603942871
1372.058391571045
547.6174354553223
442.3496723175049
1514.8091316223145
1530.6825637817383
239.2416000366211
284.21735763549805
185.76908111572266
442.87562370300293
431.38742446899414
1853.3766269683838
151.89337730407715
953.6221027374268
319.98443603515625
379.8823356628418
686.9866847991943
886.307954788208
909.7306728363037
810.004711151123
289.7515296936035
734.8892688751221
1527.1635055541992
565.1772022247314
785.2764129638672
916.8186187744141
728.684663772583
268.6035633087158
1050.8019924163818
645.904541015625
161.69142723083496
977.1852493286133
1259.1683864593506
1067.4304962158203
685.8766078948975
270.3831195831299
297.46198654174805
650.5575180053711
158.3554744720459
380.56015968322754
2476.2797355651855
656.1381816864014
782.5233936309814
239.74943161010742
427.40893363952637
735.4698181152344
2007.4701309204102
728.3651828765869
745.4166412353516
1376.509428024292
218.2471752166748
236.94086074829102
198.33803176879883
603.9495468139648
1898.888349533081
534.7180366516113
3925.002336502075
1006.1676502227783
166.2616729736328
2442.030191421509
538.8319492340088
662.3513698577881
813.8670921325684
274.458646774292
165.3599739074707
547.191858291626
866.8267726898193
1075.9944915771484
729.9315929412842
252.79688835144043
2827.423095703125
810.436487197876
1661.9963645935059
248.3217716217041
1935.312032699585
338.7460708618164
273.3640670776367
155.5161476135254
307.4471950531006
630.8043003082275
1788.2325649261475
570.8277225494385
441.52164459228516
675.5983829498291
513.7531757354736
2022.0437049865723
736.8018627166748
491.52159690856934
363.8873100280762
897.6309299468994
579.1788101196289
1577.4257183074951
359.41267013549805
197.7062225341797
587.4884128570557
369.7075843811035
2194.4751739501953
824.7287273406982
357.982873916626
1877.504825592041
539.6988391876221
281.10527992248535
3420.078992843628
187.87837028503418
484.2207431793213
325.01816749572754
478.96862030029297
865.727424621582
177.81424522399902
912.4929904937744
1595.6175327301025
452.78382301330566
535.6063842773438
146.75259590148926
634.4499588012695
1347.8899002075195
774.8823165893555
2346.1568355560303
668.8203811645508
1984.6961498260498
1338.4015560150146
148.0708122253418
449.1088390350342
277.7233123779297
339.1103744506836
468.70899200439453
2150.890350341797
2548.0916500091553
692.634105682373
548.1445789337158
241.47987365722656
683.1398010253906
608.4237098693848
689.8183822631836
772.9346752166748
1033.6408615112305
215.44194221496582
2849.0164279937744
1414.383888244629
1869.194746017456
1834.204912185669
1014.826774597168
409.97982025146484
657.4482917785645
4218.941688537598
389.85133171081543
157.0873260498047
1358.565092086792
1188.1027221679688
496.83356285095215
1390.9080028533936
216.14456176757812
1370.4719543457031
566.9934749603271
2005.119800567627
2137.458562850952
206.2687873840332
2971.6551303863525
274.9350070953369
518.9428329467773
248.41594696044922
2006.3691139221191
366.1355972290039
932.2452545166016
687.7303123474121
942.1002864837646
371.0484504699707
198.21572303771973
1419.8241233825684
774.1081714630127
314.33820724487305
331.7575454711914
1252.488613128662
357.21445083618164
188.9030933380127
468.9970016479492
354.68554496765137
577.681303024292
618.811845779419
1195.4936981201172
270.02429962158203
446.7349052429199
752.8009414672852
826.4427185058594
140.0299072265625
425.75931549072266
753.9393901824951
153.92565727233887
196.3357925415039
516.1342620849609
943.941593170166
602.7917861938477
875.9877681732178
1563.5154247283936
532.5353145599365
720.8414077758789
344.78282928466797
567.8846836090088
841.5706157684326
210.59012413024902
411.82708740234375
244.6601390838623
1169.1014766693115
556.938886642456
326.76053047180176
687.7760887145996
187.70933151245117
180.23419380187988
1424.3452548980713
204.41651344299316
937.0839595794678
880.1562786102295
1686.8932247161865
260.6203556060791
288.79499435424805
2921.4401245117188
788.8107299804688
597.2695350646973
155.86233139038086
155.29704093933105
1332.707405090332
321.81692123413086
705.70969581604
193.93539428710938
150.85554122924805
938.1213188171387
168.52617263793945
260.49327850341797
1526.4678001403809
372.8489875793457
919.0442562103271
440.62256813049316
670.2642440795898
821.2201595306396
198.03118705749512
650.0828266143799
223.4504222869873
341.2051200866699
196.52628898620605
369.8287010192871
359.8909378051758
663.9385223388672
231.41980171203613
143.91374588012695
959.7020149230957
169.89731788635254
331.8147659301758
251.62005424499512
679.6762943267822
480.40771484375
408.62369537353516
714.1680717468262
2765.838861465454
197.1435546875
251.12318992614746
598.9995002746582
541.9185161590576
675.9686470031738
329.5767307281494
1673.4356880187988
171.20671272277832
1161.1919403076172
341.0534858703613
1157.297134399414
731.8434715270996
663.7701988220215
368.2119846343994
821.0301399230957
380.39469718933105
494.4577217102051
906.8067073822021
1143.4688568115234
519.4413661956787
532.1924686431885
290.7905578613281
582.6764106750488
319.0338611602783
290.3764247894287
608.9773178100586
2229.6934127807617
931.5030574798584
515.117883682251
402.6932716369629
1122.8349208831787
891.7951583862305
2123.4326362609863
146.79527282714844
642.5509452819824
368.30925941467285
731.2376499176025
1843.7111377716064
325.3962993621826
907.4065685272217
561.2285137176514
289.3550395965576
974.06005859375
3749.577522277832
969.2907333374023
2913.6741161346436
532.569408416748
1069.751501083374
143.21470260620117
944.7240829467773
243.69144439697266
1187.5407695770264
1366.5189743041992
702.1512985229492
815.645694732666
2727.0655632019043
730.966329574585
976.9608974456787
144.36936378479004
315.40894508361816
1035.8598232269287
1202.176809310913
249.52268600463867
1691.6742324829102
474.4389057159424
1098.2849597930908
753.9331912994385
298.2950210571289
295.9175109863281
3122.652769088745
550.2867698669434
1394.1359519958496
315.05370140075684
867.0475482940674
671.0295677185059
403.3241271972656
833.096981048584
843.7421321868896
3002.546787261963
945.3225135803223
715.7125473022461
532.3803424835205
936.3248348236084
400.0430107116699
1504.1301250457764
1011.8000507354736
349.2100238800049
623.8808631896973
258.1210136413574
586.1284732818604
1709.3496322631836
640.3584480285645
707.0136070251465
956.0270309448242
419.2037582397461
2442.789077758789
307.5380325317383
694.5905685424805
209.41877365112305
1759.920358657837
410.2942943572998
354.0194034576416
846.8124866485596
3161.5254878997803
299.32260513305664
421.77820205688477
356.28342628479004
245.04876136779785
1030.9312343597412
1115.149736404419
653.8746356964111
1807.636022567749
480.9534549713135
427.7362823486328
391.4756774902344
2329.03790473938
1026.9639492034912
396.6255187988281
157.32789039611816
319.11659240722656
1042.0246124267578
585.1492881774902
890.6545639038086
2144.864320755005
404.15310859680176
449.0082263946533
553.1089305877686
2182.783842086792
2508.624792098999
257.0044994354248
1219.2718982696533
610.2242469787598
516.303300857544
1396.303415298462
3050.104856491089
466.9764041900635
672.5952625274658
432.16633796691895
1716.8638706207275
1437.0660781860352
1273.8251686096191
330.89590072631836
805.2575588226318
647.7532386779785
497.6527690887451
2175.2326488494873
688.8439655303955
1021.6295719146729
258.9247226715088
599.388599395752
1955.1794528961182
478.8546562194824
1193.8159465789795
163.49244117736816
962.1798992156982
226.69649124145508
444.5006847381592
449.74493980407715
346.85802459716797
189.64290618896484
1643.8775062561035
626.1465549468994
2405.9717655181885
803.6301136016846
1093.8560962677002
2164.987087249756
999.7060298919678
323.93836975097656
232.04803466796875
1445.828914642334
260.6222629547119
371.46568298339844
946.0351467132568
289.1666889190674
494.11964416503906
269.86122131347656
188.24386596679688
235.44573783874512
4251.725196838379
256.20555877685547
382.44128227233887
564.490556716919
349.9164581298828
569.8244571685791
786.848783493042
525.925874710083
482.44786262512207
229.4607162475586
442.4722194671631
526.6604423522949
1735.5175018310547
351.9630432128906
2330.310106277466
1660.0263118743896
149.07526969909668
255.07330894470215
2660.6228351593018
676.6834259033203
2638.453722000122
276.9274711608887
830.4438591003418
317.2013759613037
554.2521476745605
281.74662590026855
733.0408096313477
2155.565023422241
980.2031517028809
1614.7370338439941
585.7279300689697
1160.3047847747803
592.7519798278809
762.2380256652832
291.43595695495605
431.68187141418457
1125.7188320159912
647.4261283874512
342.5116539001465
364.78471755981445
701.7512321472168
1305.6683540344238
271.85916900634766
995.3351020812988
464.0774726867676
607.3343753814697
1064.3393993377686
1005.6180953979492
202.94618606567383
2137.4053955078125
338.90581130981445
227.48684883117676
498.4278678894043
