1.171900595049841565e+00
1.039076699942974535e+01
1.234589230009955463e+00
4.225410166937139778e+00
1.251909815707204832e+00
2.320327119026364073e+02
5.486746197964541771e+00
1.562864354641749554e+00
2.825424660971621815e+00
1.665506420127857101e+00
7.119916047372805679e+01
4.430536280784745706e+00
7.696140802635669687e+00
1.239632921114939057e+00
1.013632662901163162e+00
1.206201850573012422e+02
2.400806518295249603e+00
3.247395572281857046e+00
7.201527572668229737e+00
2.210818041463681105e+00
5.946812489351457565e+00
6.754681088259391508e+00
4.318150877337613380e+00
1.841315433448439398e+00
1.105279314538182733e+00
2.309003027875879077e+00
1.321168070751109980e+00
4.505374687901641195e+00
1.174622392055681530e+01
1.901840001827758364e+00
1.063704108863032083e+01
2.187594957810475638e+00
1.191682916885682708e+01
1.029881531215899759e+00
1.029789909379744239e+00
2.114361178580993794e+01
3.336021815614416575e+00
2.606018885442219357e+01
2.383377066982813375e+01
1.597596600224896868e+01
2.565034379585882096e+00
1.129684162950857917e+01
3.621860181329976172e+02
1.869121519922486874e+00
1.326757009736793869e+01
3.706492485662116820e+01
2.945270796767230337e+01
2.879947381663672257e+00
5.163822638225301631e+01
1.650334183277184730e+00
3.040067594805484941e+00
1.402783924959778439e+00
1.024210371261946229e+01
7.974006010010147527e+00
2.440545589440767493e+00
3.823889097063200015e+00
4.673974811534635343e+00
1.394708606791930094e+01
5.824992429717368303e+00
1.933942902176810419e+00
2.101538960997128669e+00
2.843832435946846537e+00
2.267371224507851935e+01
3.277698292883485021e+00
3.004995967107967569e+00
1.555466931066913139e+00
3.686095872596705458e+00
3.854147504184322059e+00
1.130535204813550187e+00
1.594232714615050117e+00
1.233715537418142327e+00
2.350382263934704064e+00
1.009317609161578488e+01
3.314047015347563629e+00
3.891455793225856219e+00
1.555002709654958126e+00
1.458728690028612185e+01
2.860419926278954108e+02
1.538070623221151623e+00
7.787280840009150040e+01
1.552260714103284478e+00
7.279649811394794767e+01
1.690110343344150223e+01
1.132562056853805066e+00
2.044247282484219497e+00
2.693504187889776968e+00
3.556840554430863666e+00
2.546996419686284430e+00
1.764636300496960297e+00
1.130212152335805875e+01
4.891443088291420160e+00
4.531489214818507527e+00
9.740995147410064448e+00
1.245939048721210307e+00
1.524940824788703786e+01
1.574492067539324358e+00
1.054990404322699860e+00
2.312638220164871417e+00
5.742970920070147756e+00
1.204427120977953081e+01
7.052889439978994091e+00
1.640018396846791848e+00
9.216977313684074247e+00
1.421927851536598286e+00
1.894516723344419873e+01
1.646449981904686277e+00
8.066826998662162396e+01
2.224050870430398064e+00
3.150922064695784286e+00
1.652965021779151167e+00
3.841862591881751055e+00
2.065849424578792615e+00
1.403448555088429028e+00
3.508294464735933094e+00
1.256439852851607419e+00
6.193056735735921414e+00
3.838337277921221258e+00
1.357248553636959398e+00
2.011951575085838329e+00
4.319713068887148566e+00
5.817927121901136367e+00
1.918968337004652192e+00
1.422109002418984414e+00
4.279385651804259894e+00
4.457561209789517420e+00
9.549404730534892138e+00
2.222142314436461152e+00
3.175364095596616476e+00
1.142592465564617576e+01
1.440944696209126352e+00
2.258469696159305684e+01
6.876997412442833024e+00
1.357765526067267388e+02
1.512972589376955668e+00
2.827921185710119634e+00
1.208720666158141341e+02
1.633877927706258504e+00
8.781808885987718583e+00
3.146927325439613288e+00
1.113258242536977027e+00
1.481307621245051820e+01
3.549601856530827604e+01
1.144401589833646593e+00
1.550420005001117874e+00
1.219424916206197640e+00
1.314300540192923528e+01
2.627522781339065805e+00
1.106106203927823728e+01
3.797586733592714037e+00
1.649476042447714619e+01
1.230606698491284900e+00
3.088329554902054497e+01
1.665511441508284562e+00
1.012538129765877493e+01
1.818135475459702111e+00
1.925816366309661909e+00
1.345056772489684604e+01
5.445556241067617265e+01
5.915687036473461724e+00
2.578982178399784164e+00
1.027861239734785936e+00
1.463208501903106917e+00
4.557634972420259167e+00
9.105177349694990596e+00
4.743086766081776595e+00
7.517907501304053497e+00
2.509941516447635745e+00
2.644360038497735932e+00
2.187359442257462483e+00
1.025968950482802100e+01
1.852704456282932899e+00
5.258353293357750857e+01
4.937597936706835000e+00
7.872494455263773006e+00
2.612235325638359473e+00
1.265718480302602922e+00
1.491309907076288077e+00
3.808257647688628733e+00
4.616527349593932961e+00
1.312863618712708513e+00
6.552839562258691686e+00
7.590958441786993305e+00
3.061584612832551500e+01
1.054272153324050088e+01
1.139187350134122534e+00
1.286796605649599412e+00
4.329601408470672652e+00
1.785448490573993574e+00
1.661222720525822316e+00
1.465728779340000676e+00
1.409645197827128804e+01
8.359182285654123135e+00
2.324657004593999599e+00
6.127063562819865972e+00
5.376077948413824359e+00
7.888446015125371247e+00
5.004678477857528840e+00
1.505648849012251933e+00
7.210087247890387019e+00
8.021705375372205538e+01
