9.636621475219726562e-01
3.352751255035400391e+01
1.784267663955688477e+00
9.181665420532226562e+00
7.390725612640380859e-01
3.602635860443115234e+00
2.263187146186828613e+01
4.716656208038330078e+00
1.940876245498657227e+00
1.149388813972473145e+01
5.018466567993164062e+01
5.015195178985595703e+01
8.619552373886108398e+00
2.607023334503173828e+01
2.548440456390380859e+00
7.666792869567871094e-01
8.023747920989990234e+00
8.976509571075439453e-01
8.874962687492370605e+01
4.427135529518127441e+02
2.414324426651000977e+01
3.488329648971557617e+00
1.018737101554870605e+01
2.657845020294189453e-01
4.019223451614379883e+00
1.220755815505981445e+00
4.890856742858886719e+00
3.587427139282226562e-01
1.026676676273345947e+02
3.465988874435424805e+00
7.755357980728149414e+00
2.991423606872558594e-01
1.663353705406188965e+01
3.620681762695312500e-01
7.772725105285644531e+00
2.398133850097656250e+01
1.615449428558349609e+00
1.572065114974975586e+00
6.475383043289184570e+00
1.080435037612915039e+00
3.372864723205566406e-01
1.028005981445312500e+01
4.944308280944824219e+00
1.253795385360717773e+00
3.171923398971557617e+00
3.743616819381713867e+01
4.265494346618652344e-01
2.268962621688842773e+00
9.912534284591674805e+01
5.127823352813720703e-01
7.196721386909484863e+01
8.550343513488769531e-01
1.801565380096435547e+02
8.530793190002441406e-01
8.320298433303833008e+00
4.850530624389648438e-01
1.983482837677001953e-01
1.253294491767883301e+01
1.995267629623413086e+00
1.339356422424316406e+00
3.117742776870727539e+00
1.259744882583618164e+00
7.968299388885498047e-01
1.719393825531005859e+01
2.275103330612182617e+00
7.488297462463378906e+00
6.167889595031738281e+00
1.182140350341796875e+00
1.056745529174804688e+00
3.230863332748413086e+00
3.924988031387329102e+00
1.476035404205322266e+01
1.962830352783203125e+01
7.368957996368408203e-01
8.122816085815429688e-01
2.908756971359252930e+00
1.181815624237060547e+00
2.032544612884521484e-01
7.922906875610351562e-01
1.632737636566162109e+00
1.148061275482177734e+00
4.545521879196166992e+01
4.420743942260742188e+00
4.826576113700866699e+01
6.932101488113403320e+00
2.055164337158203125e+00
8.048539400100708008e+00
1.352984046936035156e+01
6.660823822021484375e-01
4.292068481445312500e-01
1.482943534851074219e+00
5.621275901794433594e-01
5.550940036773681641e-01
1.972922420501708984e+01
2.969282555580139160e+01
1.779832839965820312e+00
5.582386732101440430e+00
6.321625709533691406e-01
6.427776145935058594e+01
2.994742631912231445e+00
2.633811473846435547e+00
7.691671609878540039e+00
1.766987919807434082e+01
7.393583297729492188e+00
1.724619531631469727e+01
2.375347375869750977e+00
9.907209873199462891e-01
3.177561759948730469e-01
3.280875682830810547e-01
1.590009689331054688e+00
2.518303394317626953e-01
7.324402332305908203e-01
1.124834632873535156e+01
2.881217479705810547e+00
1.654267549514770508e+00
4.712817668914794922e+00
2.088321995735168457e+01
1.734198641777038574e+01
5.067203521728515625e+00
2.679002285003662109e-01
7.656731605529785156e-01
6.205246448516845703e-01
6.189820766448974609e-01
4.130496978759765625e-01
2.456917762756347656e-01
3.190078735351562500e-01
6.565669298171997070e+00
6.091568470001220703e-01
1.922313332557678223e+01
1.667935371398925781e+00
1.036436295509338379e+01
5.697516918182373047e+00
5.047767972946166992e+01
3.513847351074218750e+00
2.136500120162963867e+00
1.575306582450866699e+01
1.074116945266723633e+00
2.715661525726318359e-01
8.860405683517456055e+00
1.255307435989379883e+00
4.052620410919189453e+00
1.523608851432800293e+01
1.152361345291137695e+01
2.733628749847412109e+00
2.825910329818725586e+00
5.965722799301147461e+00
4.389655590057373047e-01
2.780291557312011719e+00
1.121391654014587402e+01
2.849155163764953613e+01
3.703055620193481445e+00
2.477903366088867188e-01
4.980519533157348633e+00
6.164011955261230469e+00
4.636003971099853516e-01
2.915384769439697266e-01
2.542289495468139648e+01
7.201443195343017578e+00
2.275018692016601562e-01
6.016305446624755859e+00
5.729861259460449219e-01
5.904152393341064453e-01
1.155510187149047852e+00
4.571124482154846191e+01
6.074178457260131836e+00
4.167275428771972656e-01
2.668723344802856445e+00
8.694465184211730957e+01
5.443622112274169922e+00
3.699548244476318359e-01
1.097297668457031250e+00
3.292956352233886719e+00
4.759573459625244141e+00
7.248981428146362305e+01
1.998188972473144531e+00
6.337226867675781250e+00
5.594908952713012695e+00
1.900396347045898438e-01
2.095863175392150879e+01
3.662185668945312500e-01
5.528681349754333496e+01
1.023234605789184570e+00
3.295719623565673828e-01
1.104872465133666992e+00
2.849210262298583984e+00
4.165539741516113281e-01
3.610845708847045898e+01
9.335245609283447266e+00
1.058343791961669922e+01
2.925236225128173828e+00
1.011896781921386719e+02
9.173707485198974609e+00
2.387480735778808594e+00
8.949291825294494629e+01
2.757580280303955078e-01
4.623659801483154297e+01
1.297047615051269531e+00
3.614672899246215820e+00
3.525995969772338867e+00
8.237037682533264160e+01
