8.897843360900878906e-01
3.045094919204711914e+01
2.216107368469238281e+00
8.683496236801147461e+00
6.530740261077880859e-01
3.519306421279907227e+00
2.191532397270202637e+01
4.405164957046508789e+00
1.718555450439453125e+00
1.032317900657653809e+01
1.650771234989166260e+03
9.017997193336486816e+01
1.534852790832519531e+01
2.350131535530090332e+01
3.227330207824707031e+00
5.755339860916137695e+00
7.309666633605957031e+00
8.376548290252685547e-01
8.079952764511108398e+01
1.450821690559387207e+02
6.278038024902343750e-01
2.096320867538452148e+00
4.361712694168090820e+00
2.570967674255371094e-01
2.514713525772094727e+00
1.110589265823364258e+00
3.907118797302246094e+00
2.963902950286865234e-01
9.295595407485961914e+01
3.059984683990478516e+00
4.387037038803100586e+00
2.605929374694824219e-01
1.560997605323791504e+01
3.381905555725097656e-01
7.125377178192138672e+00
2.143341231346130371e+01
1.528680324554443359e+00
1.401849508285522461e+00
5.743086099624633789e+00
9.996788501739501953e-01
3.058090209960937500e-01
8.921341419219970703e+00
4.546550512313842773e+00
1.034860372543334961e+00
2.803525209426879883e+00
3.407593488693237305e+01
3.718144893646240234e-01
2.124393224716186523e+00
9.392914986610412598e+01
4.831750392913818359e-01
6.371763682365417480e+01
8.571410179138183594e-01
1.711218183040618896e+02
7.158954143524169922e-01
7.715971469879150391e+00
4.738922119140625000e-01
1.787786483764648438e-01
1.127112078666687012e+01
1.770360469818115234e+00
1.254123926162719727e+00
2.878160476684570312e+00
1.126574277877807617e+00
7.004945278167724609e-01
1.523817086219787598e+01
2.006655216217041016e+00
6.792078971862792969e+00
5.472283601760864258e+00
1.129516839981079102e+00
8.193969726562500000e-01
2.992616415023803711e+00
3.598364353179931641e+00
1.256857419013977051e+01
1.744141912460327148e+01
7.114305496215820312e-01
7.395832538604736328e-01
2.544872522354125977e+00
1.147289276123046875e+00
1.813027858734130859e-01
7.494876384735107422e-01
1.388369083404541016e+00
9.808022975921630859e-01
4.172160005569458008e+01
3.913217067718505859e+00
4.394016742706298828e+01
6.495494127273559570e+00
1.850782394409179688e+00
7.471317768096923828e+00
1.200884151458740234e+01
5.382907390594482422e-01
3.788592815399169922e-01
1.356763601303100586e+00
4.860494136810302734e-01
4.753096103668212891e-01
1.763053321838378906e+01
2.709866809844970703e+01
1.586746931076049805e+00
5.244091749191284180e+00
5.587663650512695312e-01
5.642940258979797363e+01
2.591122150421142578e+00
2.266214847564697266e+00
6.563704013824462891e+00
1.494342303276062012e+01
6.596365451812744141e+00
1.493082165718078613e+01
2.181747913360595703e+00
8.601217269897460938e-01
2.755038738250732422e-01
2.909920215606689453e-01
1.446770429611206055e+00
2.409663200378417969e-01
6.435911655426025391e-01
1.024496340751647949e+01
2.583129167556762695e+00
1.467679977416992188e+00
4.227984666824340820e+00
1.898630952835083008e+01
1.507087993621826172e+01
4.477766752243041992e+00
2.565004825592041016e-01
6.790056228637695312e-01
5.495457649230957031e-01
5.403354167938232422e-01
4.674050807952880859e-01
2.400507926940917969e-01
2.799875736236572266e-01
5.982035160064697266e+00
5.079147815704345703e-01
1.699339580535888672e+01
1.561101198196411133e+00
8.853127956390380859e+00
4.940575599670410156e+00
1.077528602123260498e+03
4.395575070381164551e+01
3.806704521179199219e+00
1.374358057975769043e+01
9.682397842407226562e-01
2.368040084838867188e-01
1.215296268463134766e+01
1.118392229080200195e+00
3.677453994750976562e+00
1.308927226066589355e+01
9.940307617187500000e+00
8.398104190826416016e+00
2.597084999084472656e+00
5.391708850860595703e+00
4.551329612731933594e-01
2.569909095764160156e+00
1.046970105171203613e+01
2.416506195068359375e+01
3.487922668457031250e+00
2.031252384185791016e-01
4.469970941543579102e+00
5.106885194778442383e+00
4.138877391815185547e-01
2.662734985351562500e-01
2.219656586647033691e+01
6.499788761138916016e+00
2.061288356781005859e-01
5.369038105010986328e+00
5.157275199890136719e-01
5.339500904083251953e-01
1.056950807571411133e+00
3.996295142173767090e+01
5.452260971069335938e+00
3.621239662170410156e-01
2.422736644744873047e+00
1.197012233734130859e+03
4.298384189605712891e+01
2.761193990707397461e+00
6.789995670318603516e+00
3.191001415252685547e+00
4.265508651733398438e+00
6.416313791275024414e+01
1.648813724517822266e+00
5.782796621322631836e+00
5.122938394546508789e+00
4.201617240905761719e-01
1.843094730377197266e+01
3.158714771270751953e-01
5.065612387657165527e+01
4.107939958572387695e+00
2.900786399841308594e-01
1.041290044784545898e+00
2.659874200820922852e+00
4.191405773162841797e-01
3.050870680809020996e+01
8.245217084884643555e+00
1.101718521118164062e+01
2.595736503601074219e+00
9.206530356407165527e+01
8.279298067092895508e+00
2.157388210296630859e+00
7.918779087066650391e+01
2.669992446899414062e-01
4.209589838981628418e+01
1.064606904983520508e+00
3.035253286361694336e+00
3.108608722686767578e+00
7.467514896392822266e+01
