5.648945569992065430e+00
5.766249203681945801e+01
1.578643989562988281e+01
2.653959274291992188e+01
8.699484109878540039e+00
2.024859714508056641e+01
2.314276456832885742e+01
5.413435220718383789e+00
1.212172508239746094e-01
2.453543567657470703e+01
3.035962150335311890e+03
8.495876836776733398e+01
7.230829715728759766e+00
2.402147126197814941e+01
2.381578922271728516e+00
9.227639436721801758e+00
7.544965744018554688e+00
1.354768276214599609e+00
8.282490396499633789e+01
3.716954398632049561e+03
2.287258148193359375e+01
1.793248796463012695e+01
1.339811253547668457e+01
4.741220474243164062e-01
5.034944772720336914e+00
1.691855025291442871e+01
2.554901957511901855e+01
5.711703538894653320e+00
1.199482069015502930e+02
5.167545795440673828e+00
1.586537647247314453e+01
7.906970977783203125e-01
1.557130551338195801e+01
2.991366386413574219e-01
7.729185819625854492e+00
2.160583281517028809e+01
1.706365585327148438e+00
1.387061595916748047e+00
5.598336935043334961e+00
8.714082241058349609e-01
1.703870296478271484e-01
9.019712209701538086e+00
4.010468006134033203e+00
1.294636249542236328e+00
2.649402856826782227e+00
3.510047388076782227e+01
3.516201972961425781e-01
2.874186038970947266e-01
1.163196694850921631e+02
3.636941909790039062e+00
6.768619060516357422e+01
7.603468894958496094e-01
1.901236524581909180e+02
2.015411615371704102e+00
8.308787107467651367e+00
4.298226833343505859e-01
1.536117792129516602e+00
1.477010893821716309e+01
1.284996509552001953e+00
1.195661544799804688e+00
2.718779802322387695e+00
1.377426862716674805e+00
8.942613601684570312e-01
1.556726169586181641e+01
2.090549468994140625e+00
7.649869918823242188e+00
5.627686977386474609e+00
1.146750450134277344e+00
8.764255046844482422e-01
4.799493789672851562e+00
2.174943208694458008e+00
1.286679196357727051e+01
1.754942440986633301e+01
6.630032062530517578e-01
6.861062049865722656e-01
2.686644315719604492e+00
1.034324407577514648e+00
1.616480350494384766e-01
6.694006919860839844e-01
1.482147216796875000e+00
1.909018516540527344e+00
1.940326690673828125e+01
3.982930183410644531e+00
2.195839428901672363e+01
5.236135005950927734e+00
3.064851760864257812e-01
7.309018611907958984e+00
1.304517936706542969e+01
6.197495460510253906e-01
3.977308273315429688e-01
4.224433898925781250e-01
1.173457384109497070e+00
1.915923357009887695e+00
1.817102360725402832e+01
2.810056924819946289e+01
1.109159708023071289e+00
5.409828186035156250e+00
6.739053726196289062e-01
6.714070129394531250e+01
2.645236015319824219e+00
2.116515398025512695e+00
7.267521381378173828e+00
1.620906233787536621e+01
1.308864116668701172e+01
2.518553280830383301e+01
2.218970060348510742e+00
2.218247175216674805e+00
4.588932991027832031e-01
5.771422386169433594e-01
1.463242769241333008e+00
3.128979206085205078e-01
6.128413438796997070e+00
1.132837629318237305e+01
6.042544841766357422e-01
2.235810279846191406e+00
4.275557279586791992e+00
1.987296128273010254e+01
1.562111091613769531e+01
4.487852811813354492e+00
2.600972652435302734e-01
6.512968540191650391e-01
3.222296237945556641e-01
6.169972419738769531e-01
3.780310153961181641e-01
9.985749721527099609e-01
2.707355022430419922e-01
5.973459243774414062e+00
4.873270988464355469e-01
1.879333519935607910e+01
2.790180206298828125e+00
9.023776531219482422e+00
9.953227281570434570e+00
3.085204935073852539e+01
1.855802392959594727e+01
2.011144399642944336e+00
1.427131199836730957e+01
1.001246213912963867e+00
2.554671764373779297e-01
1.196892166137695312e+01
1.180354118347167969e+00
1.673875093460083008e+00
1.885890364646911621e+01
4.344065904617309570e+01
9.071879386901855469e+00
3.772271633148193359e+00
6.043977975845336914e+00
6.882886886596679688e-01
3.492462396621704102e+00
1.071898460388183594e+01
2.549735307693481445e+01
3.511092662811279297e+00
2.330095767974853516e-01
4.498266220092773438e+00
3.506230115890502930e+00
4.083151817321777344e-01
2.796158790588378906e-01
2.354346871376037598e+01
8.382941484451293945e+00
2.269463539123535156e-01
4.176975011825561523e+00
4.892699718475341797e-01
5.625121593475341797e-01
4.030011415481567383e+00
4.173029685020446777e+01
5.483974933624267578e+00
3.749866485595703125e-01
1.908313035964965820e+00
6.422050837516784668e+03
4.426534414291381836e+01
2.695013999938964844e+00
6.591822624206542969e+00
3.461498737335205078e+00
4.083297729492187500e+00
6.343240189552307129e+01
1.711732625961303711e+00
5.960862874984741211e+00
5.489866256713867188e+00
2.753505706787109375e-01
1.904875135421752930e+01
3.664312362670898438e-01
5.652210497856140137e+01
7.367737293243408203e-01
2.517478466033935547e-01
1.574790477752685547e-01
2.498250484466552734e+00
4.266266822814941406e-01
3.045459365844726562e+01
6.182744264602661133e+00
1.123444581031799316e+01
2.473367691040039062e+00
7.810713076591491699e+01
8.307634830474853516e+00
2.145545005798339844e+00
8.060775470733642578e+01
2.689437866210937500e-01
4.214188909530639648e+01
1.043295621871948242e+00
3.187305212020874023e+00
3.345852136611938477e+00
7.382500934600830078e+01
