1.035209655761718750e+00
3.488125133514404297e+01
1.681993484497070312e+00
9.950731992721557617e+00
7.396852970123291016e-01
4.199565887451171875e+00
2.402028560638427734e+01
5.052733659744262695e+00
2.037080287933349609e+00
1.168080329895019531e+01
1.695541591644287109e+02
5.234609842300415039e+01
8.702765226364135742e+00
2.655768442153930664e+01
2.236198902130126953e+00
7.864665985107421875e-01
7.751056432723999023e+00
9.522926807403564453e-01
9.009730744361877441e+01
1.694697484970092773e+02
7.655599117279052734e-01
2.364485740661621094e+00
1.002819061279296875e+00
2.638521194458007812e-01
3.096922397613525391e+00
1.232028961181640625e+00
4.286484241485595703e+00
3.512217998504638672e-01
1.032604424953460693e+02
3.635032176971435547e+00
4.675688505172729492e+00
3.111138343811035156e-01
1.730933523178100586e+01
4.023051261901855469e-01
8.013707160949707031e+00
2.397021627426147461e+01
1.698760747909545898e+00
1.502353429794311523e+00
6.830870151519775391e+00
9.802522659301757812e-01
1.969037055969238281e-01
1.020042443275451660e+01
4.808811426162719727e+00
1.215644836425781250e+00
3.124175071716308594e+00
3.871260213851928711e+01
4.670033454895019531e-01
2.508508920669555664e+00
1.025582504272460938e+02
5.515277385711669922e-01
7.202455735206604004e+01
9.249711036682128906e-01
1.814379093647003174e+02
8.027417659759521484e-01
8.607825994491577148e+00
5.141196250915527344e-01
2.111234664916992188e-01
1.288957905769348145e+01
1.926907300949096680e+00
1.402955770492553711e+00
3.257766008377075195e+00
1.183140993118286133e+00
7.517070770263671875e-01
1.722917270660400391e+01
2.248682975769042969e+00
7.273024082183837891e+00
6.053729534149169922e+00
1.091671228408813477e+00
9.307258129119873047e-01
3.031133413314819336e+00
3.673378944396972656e+00
1.392452788352966309e+01
1.912270236015319824e+01
7.459857463836669922e-01
7.875833511352539062e-01
2.638753652572631836e+00
1.115418195724487305e+00
2.068614959716796875e-01
7.567846775054931641e-01
1.553316354751586914e+00
8.145632743835449219e-01
4.517673850059509277e+01
4.393222808837890625e+00
4.774307560920715332e+01
6.734936475753784180e+00
2.026161432266235352e+00
7.792241573333740234e+00
1.339462637901306152e+01
6.445500850677490234e-01
4.469516277313232422e-01
1.573877334594726562e+00
5.808110237121582031e-01
5.371232032775878906e-01
1.936056160926818848e+01
2.882431268692016602e+01
1.839191913604736328e+00
4.779186964035034180e+00
6.269149780273437500e-01
6.127293968200683594e+01
2.857072830200195312e+00
2.404616117477416992e+00
7.469544410705566406e+00
1.670196580886840820e+01
7.426512479782104492e+00
1.678648734092712402e+01
2.373415708541870117e+00
1.035733222961425781e+00
3.235242366790771484e-01
3.149263858795166016e-01
1.505030870437622070e+00
2.761898040771484375e-01
6.814131736755371094e-01
1.108592796325683594e+01
2.708969116210937500e+00
1.481982231140136719e+00
4.413936614990234375e+00
2.060770702362060547e+01
1.672916936874389648e+01
5.025381088256835938e+00
2.706701755523681641e-01
7.319335937500000000e-01
6.330716609954833984e-01
6.303944587707519531e-01
4.283192157745361328e-01
2.450413703918457031e-01
3.069164752960205078e-01
6.570770025253295898e+00
5.924797058105468750e-01
1.893097472190856934e+01
1.560798645019531250e+00
9.672756195068359375e+00
5.510422706604003906e+00
1.729358613491058350e+02
4.597025895118713379e+01
4.175426006317138672e+00
1.523886680603027344e+01
1.105973720550537109e+00
2.439706325531005859e-01
1.394303512573242188e+01
1.425965070724487305e+00
4.076411247253417969e+00
1.454436254501342773e+01
1.081144666671752930e+01
9.207630634307861328e+00
2.880926132202148438e+00
6.013663291931152344e+00
4.544055461883544922e-01
2.833028554916381836e+00
1.183017063140869141e+01
2.695297288894653320e+01
3.633551836013793945e+00
2.859010696411132812e-01
5.183204889297485352e+00
5.969106674194335938e+00
4.830007553100585938e-01
2.976748943328857422e-01
2.488925027847290039e+01
7.150289058685302734e+00
2.226548194885253906e-01
5.793943881988525391e+00
4.472825527191162109e-01
5.520629882812500000e-01
1.082719564437866211e+00
4.307584810256958008e+01
6.000005245208740234e+00
3.903284072875976562e-01
2.709879398345947266e+00
9.189870274066925049e+02
4.870042753219604492e+01
3.263422250747680664e+00
7.602412462234497070e+00
3.031856775283813477e+00
4.495203495025634766e+00
6.914302110671997070e+01
1.841698646545410156e+00
6.189644813537597656e+00
5.503518819808959961e+00
4.923439025878906250e-01
2.001258921623229980e+01
3.785676956176757812e-01
5.457755446434020996e+01
4.020532846450805664e+00
3.186979293823242188e-01
1.089858055114746094e+00
2.715687990188598633e+00
5.094652175903320312e-01
3.319643640518188477e+01
8.846743106842041016e+00
1.160199260711669922e+01
2.689811468124389648e+00
9.938683199882507324e+01
9.085108518600463867e+00
2.369755268096923828e+00
8.589754629135131836e+01
2.736694812774658203e-01
4.612072038650512695e+01
1.287283182144165039e+00
3.241892814636230469e+00
3.398419857025146484e+00
8.063192653656005859e+01
