991.7516708374023
97.73826599121094
5652.575492858887
39842.71311759949
12571.523904800415
704.4706344604492
16044.458866119385
17612.071752548218
2360.1937294006348
4677.708864212036
2975.771427154541
623.5342025756836
1232.2044372558594
21481.25195503235
12240.677118301392
802.6866912841797
31593.409061431885
4025.9382724761963
16804.917335510254
311.6014003753662
123.25644493103027
12741.134405136108
9271.104335784912
13259.15265083313
340024.0840911865
3130.2170753479004
550.482988357544
224.32732582092285
504.5475959777832
3097.0277786254883
252980.6616306305
1836.8597030639648
5799.149513244629
1905.9953689575195
8006.3416957855225
19374.096155166626
4299.915313720703
934.7872734069824
183.08472633361816
1930.0706386566162
1438.7354850769043
74053.29060554504
37005.74517250061
1185547.0716953278
98404.28876876831
148.07391166687012
65063.39144706726
101864.03346061707
211.39883995056152
2502.7377605438232
98.10018539428711
912.6887321472168
7104.862451553345
353.1961441040039
15945.55950164795
2647.895574569702
6551.613569259644
679.8267364501953
161.116361618042
271807.16013908386
19950.228929519653
3566.941976547241
37090.19470214844
3961.345672607422
91.46857261657715
135.2083683013916
1810.612678527832
9202.656030654907
120.46551704406738
89609.73620414734
25807.907104492188
3148.3418941497803
478.78456115722656
14158.67567062378
789.2568111419678
19174.524068832397
656.3582420349121
1002.126932144165
1891.526460647583
51222.702741622925
899.970531463623
144.09637451171875
19077.038526535034
8582.557201385498
1200.2434730529785
1642.3406600952148
5419.653654098511
148912.4894142151
20003.016233444214
9201.828718185425
87118.18885803223
29489.255666732788
12249.71890449524
708.7318897247314
1514.3659114837646
2416.158676147461
2910.334587097168
220.20983695983887
199.4321346282959
188.5240077972412
464.6496772766113
501.15346908569336
403.4137725830078
2636.256456375122
136316.2624835968
573.3799934387207
2392.986536026001
12180.967092514038
1984.51828956604
5995.78857421875
8014.2858028411865
45974.63083267212
228.58381271362305
4474.838018417358
146.30770683288574
7348.278284072876
147.2485065460205
9757.48872756958
4300.495147705078
4157.585382461548
23879.63104248047
5134.650707244873
1239.8707866668701
6651.616334915161
3037.8944873809814
1856.7821979522705
183.06756019592285
1778.8193225860596
2021.7440128326416
1195.6894397735596
47.55759239196777
17546.324253082275
3227.9574871063232
1756.8342685699463
3217.5304889678955
2464.0791416168213
153.63764762878418
176.23662948608398
602.327823638916
2231.8239212036133
581.5317630767822
12087.265014648438
9099.983930587769
4603.41215133667
17630.55682182312
50.40717124938965
209.6250057220459
1160.8662605285645
1136.2500190734863
1866.1842346191406
8604.187726974487
230471.41408920288
723.5534191131592
884.868860244751
198.1050968170166
2166.77188873291
349.12753105163574
143.265962600708
21399.88899230957
1094.0756797790527
4367.608308792114
4206.893682479858
289.6881103515625
11845.811605453491
1233.2162857055664
845.9434509277344
258.014440536499
4820.840120315552
1482.980489730835
56.156158447265625
665.3008460998535
1822.4506378173828
240202.6617527008
27744.028091430664
35005.86009025574
45.50886154174805
46330.629110336304
1921.7593669891357
1237.4796867370605
1503.087043762207
4026.4480113983154
1441.9715404510498
646.0340023040771
8731.25147819519
8775.114059448242
856.5406799316406
3058.319568634033
340.11292457580566
296298.1779575348
620.1114654541016
145653.78785133362
966.4256572723389
219904.7281742096
26491.791009902954
1477.503776550293
610.6705665588379
5860.933542251587
1218.738317489624
1218.1289196014404
196.46930694580078
