3.638067245483398438e-01
1.088526487350463867e+00
1.146588563919067383e+00
2.920834064483642578e+00
7.729687690734863281e-01
1.128771066665649414e+00
5.047736167907714844e-01
4.307361602783203125e+00
2.110465526580810547e+00
5.862843990325927734e-01
2.475767850875854492e+00
7.384527683258056641e+00
6.290705204010009766e-01
6.856682300567626953e-01
1.581372261047363281e+00
3.953332901000976562e-01
1.922413349151611328e+00
4.007184505462646484e-01
6.509821414947509766e-01
8.583507537841796875e-01
3.185930252075195312e-01
1.455215215682983398e+00
4.127013683319091797e-01
3.394944667816162109e-01
9.701237678527832031e-01
1.472242593765258789e+00
5.218546390533447266e-01
4.960761070251464844e-01
4.203509330749511719e+00
1.372603178024291992e+00
1.470777273178100586e+00
1.018336057662963867e+00
1.317844152450561523e+00
1.731580972671508789e+00
9.890232086181640625e-01
1.519506692886352539e+00
5.081341266632080078e-01
5.440368652343750000e-01
1.218183517456054688e+00
1.576133251190185547e+00
6.774439811706542969e-01
5.775966644287109375e-01
1.485065698623657227e+00
1.086968660354614258e+00
4.501874446868896484e-01
1.078881502151489258e+00
8.693055868148803711e+00
1.256039619445800781e+00
3.638741970062255859e-01
4.103238582611083984e-01
7.156460285186767578e-01
2.670337438583374023e+00
1.229388475418090820e+00
2.763614892959594727e+00
5.418314933776855469e-01
1.136589050292968750e+00
9.661159515380859375e-01
4.260468482971191406e-01
1.876968860626220703e+00
1.567448139190673828e+00
5.669637918472290039e+00
4.327468872070312500e-01
9.049503803253173828e-01
8.589110374450683594e-01
3.558216094970703125e-01
1.305027246475219727e+00
1.190624713897705078e+00
6.581175327301025391e-01
6.169801712036132812e+00
9.458312988281250000e-01
5.040633678436279297e-01
2.477179765701293945e+00
3.085317611694335938e-01
3.551008701324462891e-01
4.913341999053955078e-01
4.170891523361206055e+00
8.420336246490478516e-01
8.808985710144042969e+00
2.285263776779174805e+00
1.271769762039184570e+00
5.075235366821289062e-01
6.679453849792480469e-01
4.144053459167480469e-01
3.987956047058105469e-01
5.547685623168945312e-01
2.131497859954833984e-01
4.650173187255859375e-01
5.351190567016601562e-01
4.251418113708496094e-01
1.019708156585693359e+00
3.657786369323730469e+00
1.417793035507202148e+00
1.060009479522705078e+00
2.537530660629272461e+00
3.087545394897460938e+00
8.054358959197998047e-01
3.039549827575683594e+00
9.562013149261474609e-01
1.168641090393066406e+00
1.710012674331665039e+00
9.716928005218505859e-01
9.464933872222900391e-01
5.078542232513427734e-01
9.523062705993652344e-01
4.380705356597900391e-01
1.172269582748413086e+00
8.650362491607666016e-01
2.964131116867065430e+00
8.356881856918334961e+00
9.528088569641113281e-01
1.191117048263549805e+00
6.219336986541748047e-01
8.456881046295166016e-01
6.566979885101318359e-01
4.098844528198242188e-01
1.554614067077636719e+00
2.108587503433227539e+00
8.274945259094238281e+00
9.135360717773437500e-01
5.121021270751953125e-01
2.309874296188354492e+00
8.799858093261718750e-01
3.779764175415039062e-01
6.749842166900634766e-01
3.572878837585449219e-01
1.400384902954101562e+00
6.736732959747314453e+00
8.919777393341064453e+00
9.923603534698486328e-01
8.509440422058105469e-01
1.424258232116699219e+00
6.536865234375000000e-01
2.454457283020019531e-01
2.805739879608154297e+00
1.844628572463989258e+00
2.980281114578247070e+00
2.232129335403442383e+00
3.009589195251464844e+00
1.403366804122924805e+00
1.558142900466918945e+00
1.445224761962890625e+00
1.484102725982666016e+00
8.549234390258789062e+00
1.150914430618286133e+00
1.168294429779052734e+00
1.253764390945434570e+00
4.923670291900634766e-01
1.342769861221313477e+00
1.236663579940795898e+00
4.075393676757812500e-01
3.957055330276489258e+00
9.888043403625488281e-01
1.055978298187255859e+00
2.608782768249511719e+00
6.022076606750488281e-01
1.031383991241455078e+00
1.146756649017333984e+00
3.067647457122802734e+00
2.661193370819091797e+00
1.850371122360229492e+00
9.861946105957031250e-01
1.165798425674438477e+00
1.190207242965698242e+00
4.929358959197998047e-01
1.511425971984863281e-01
4.392133712768554688e+00
2.856109142303466797e-01
5.583994388580322266e-01
1.468961238861083984e-01
8.178380250930786133e+00
1.382183074951171875e+00
1.404359340667724609e+00
6.495725870132446289e+00
3.881156444549560547e-01
1.456553697586059570e+00
1.223743438720703125e+00
1.477094411849975586e+00
3.426768779754638672e-01
3.179204702377319336e+00
3.213002681732177734e-01
1.854201316833496094e+00
8.280429840087890625e-01
1.106855630874633789e+00
8.900082111358642578e-01
1.000882863998413086e+00
7.803663015365600586e+00
1.949770927429199219e+00
5.520386695861816406e-01
3.468012332916259766e+00
2.059153556823730469e+00
3.646433353424072266e-01
1.183517694473266602e+00
1.067716836929321289e+00
2.007358074188232422e+00
9.069776773452758789e+00
9.634087085723876953e-01
9.773197174072265625e-01
9.485065937042236328e-01
8.133616447448730469e-01
2.825268983840942383e+00
