4.204394817352294922e-01
1.257980108261108398e+00
1.351426839828491211e+00
3.333296775817871094e+00
7.011885643005371094e-01
1.397127389907836914e+00
5.530133247375488281e-01
4.951750516891479492e+00
2.486382246017456055e+00
6.728968620300292969e-01
2.562644481658935547e+00
8.219989538192749023e+00
6.728851795196533203e-01
7.816472053527832031e-01
1.696659803390502930e+00
4.019558429718017578e-01
2.065239429473876953e+00
4.311621189117431641e-01
7.112801074981689453e-01
9.460375308990478516e-01
3.373181819915771484e-01
1.524754524230957031e+00
4.432661533355712891e-01
3.776988983154296875e-01
1.095681190490722656e+00
1.584913492202758789e+00
5.798234939575195312e-01
6.204805374145507812e-01
4.906675577163696289e+00
1.556367397308349609e+00
1.725333690643310547e+00
1.120608568191528320e+00
1.491399765014648438e+00
1.842454910278320312e+00
1.050663471221923828e+00
1.737938404083251953e+00
5.609104633331298828e-01
5.579535961151123047e-01
1.216719150543212891e+00
1.761996269226074219e+00
7.843739986419677734e-01
6.251766681671142578e-01
1.568126916885375977e+00
1.238533496856689453e+00
4.641761779785156250e-01
1.120105028152465820e+00
9.949065446853637695e+00
1.355682611465454102e+00
4.082536697387695312e-01
4.429614543914794922e-01
7.713158130645751953e-01
2.901855945587158203e+00
1.363128185272216797e+00
2.955687284469604492e+00
6.097266674041748047e-01
1.256651401519775391e+00
1.130678415298461914e+00
4.507110118865966797e-01
2.018687248229980469e+00
1.638305425643920898e+00
6.577863693237304688e+00
4.746549129486083984e-01
1.088249206542968750e+00
1.006076812744140625e+00
4.093277454376220703e-01
1.274644613265991211e+00
1.253324985504150391e+00
7.243831157684326172e-01
7.224209070205688477e+00
1.110763072967529297e+00
5.410022735595703125e-01
2.615383863449096680e+00
3.059411048889160156e-01
3.945116996765136719e-01
5.216445922851562500e-01
4.800294160842895508e+00
9.534926414489746094e-01
1.033567166328430176e+01
2.620041608810424805e+00
1.407316923141479492e+00
5.430114269256591797e-01
7.228217124938964844e-01
4.222929477691650391e-01
4.540667533874511719e-01
6.110618114471435547e-01
2.237839698791503906e-01
4.929277896881103516e-01
5.631225109100341797e-01
4.679946899414062500e-01
1.098267316818237305e+00
3.921012639999389648e+00
1.486110687255859375e+00
1.157482147216796875e+00
2.846980094909667969e+00
3.328758478164672852e+00
8.335022926330566406e-01
3.233623266220092773e+00
1.089880228042602539e+00
1.485253334045410156e+00
1.901805162429809570e+00
1.128751754760742188e+00
1.077674150466918945e+00
5.270519256591796875e-01
1.091426134109497070e+00
4.752218723297119141e-01
1.296133518218994141e+00
8.932955265045166016e-01
3.268531560897827148e+00
9.515090227127075195e+00
9.462771415710449219e-01
1.430407524108886719e+00
6.873433589935302734e-01
9.302668571472167969e-01
7.851269245147705078e-01
4.663183689117431641e-01
1.697577476501464844e+00
2.324700117111206055e+00
9.365507841110229492e+00
1.040717840194702148e+00
5.370645523071289062e-01
2.570533990859985352e+00
9.511055946350097656e-01
4.328515529632568359e-01
7.499024868011474609e-01
3.819017410278320312e-01
1.547474861145019531e+00
7.809983491897583008e+00
9.965183019638061523e+00
1.056805610656738281e+00
9.002470970153808594e-01
1.608222723007202148e+00
7.608411312103271484e-01
2.528123855590820312e-01
3.132343530654907227e+00
2.087601423263549805e+00
3.407419204711914062e+00
2.595318555831909180e+00
3.408840656280517578e+00
1.738070249557495117e+00
1.722907543182373047e+00
1.622542142868041992e+00
1.681403636932373047e+00
9.688397407531738281e+00
1.388765335083007812e+00
1.289235830307006836e+00
1.399999618530273438e+00
5.608255863189697266e-01
1.533707618713378906e+00
1.257583618164062500e+00
4.711706638336181641e-01
4.510966300964355469e+00
1.089950799942016602e+00
1.166138648986816406e+00
2.975237369537353516e+00
6.688356399536132812e-01
1.215249776840209961e+00
1.314821958541870117e+00
3.588935375213623047e+00
3.018697023391723633e+00
2.059957027435302734e+00
1.105209827423095703e+00
1.335511445999145508e+00
1.393717050552368164e+00
5.397496223449707031e-01
1.730661392211914062e-01
4.781966686248779297e+00
2.966406345367431641e-01
6.290369033813476562e-01
1.686487197875976562e-01
9.170640707015991211e+00
1.559351205825805664e+00
1.621770620346069336e+00
7.556963205337524414e+00
4.559302330017089844e-01
1.531578779220581055e+00
1.377920627593994141e+00
1.762650728225708008e+00
4.132435321807861328e-01
3.521522283554077148e+00
3.434410095214843750e-01
2.045571804046630859e+00
9.004206657409667969e-01
1.244497537612915039e+00
9.242761135101318359e-01
1.182931900024414062e+00
8.770744800567626953e+00
2.098204851150512695e+00
6.436841487884521484e-01
3.880225896835327148e+00
2.282138109207153320e+00
4.020738601684570312e-01
1.358348131179809570e+00
1.266724824905395508e+00
2.253679037094116211e+00
1.024499726295471191e+01
1.047968626022338867e+00
1.065302371978759766e+00
9.776189327239990234e-01
9.299225807189941406e-01
3.229630470275878906e+00
