4.391734600067138672e-01
1.233127832412719727e+00
1.488431215286254883e+00
3.277506828308105469e+00
7.827477455139160156e-01
1.304611682891845703e+00
6.044862270355224609e-01
4.877502441406250000e+00
2.557571887969970703e+00
7.366802692413330078e-01
2.696482181549072266e+00
8.178732633590698242e+00
6.895241737365722656e-01
8.177952766418457031e-01
1.729223251342773438e+00
4.553973674774169922e-01
2.106790304183959961e+00
4.993937015533447266e-01
7.286043167114257812e-01
9.245851039886474609e-01
3.709607124328613281e-01
1.443952322006225586e+00
4.625148773193359375e-01
3.786518573760986328e-01
1.066501855850219727e+00
1.540460824966430664e+00
6.079041957855224609e-01
6.066956520080566406e-01
4.763431072235107422e+00
1.647629976272583008e+00
1.698691129684448242e+00
1.080458641052246094e+00
1.749297380447387695e+00
1.900526523590087891e+00
1.094801664352416992e+00
1.681780576705932617e+00
6.156620979309082031e-01
6.268780231475830078e-01
1.341614484786987305e+00
1.747601509094238281e+00
7.494764328002929688e-01
6.538341045379638672e-01
1.758290290832519531e+00
1.215344905853271484e+00
5.130465030670166016e-01
1.223243713378906250e+00
9.690539121627807617e+00
1.465428590774536133e+00
4.420421123504638672e-01
4.783182144165039062e-01
7.865071296691894531e-01
2.872063636779785156e+00
1.406556129455566406e+00
2.899634122848510742e+00
6.032769680023193359e-01
1.216087818145751953e+00
1.120319843292236328e+00
4.743919372558593750e-01
2.054182529449462891e+00
1.731585979461669922e+00
6.302138328552246094e+00
5.212123394012451172e-01
1.011314868927001953e+00
9.469795227050781250e-01
3.779385089874267578e-01
1.326533317565917969e+00
1.284515619277954102e+00
7.087843418121337891e-01
6.893285274505615234e+00
1.077659368515014648e+00
5.750567913055419922e-01
2.627250194549560547e+00
3.217523097991943359e-01
3.901629447937011719e-01
6.083657741546630859e-01
5.003985881805419922e+00
1.045082330703735352e+00
9.879360198974609375e+00
2.749051094055175781e+00
1.406918048858642578e+00
5.195243358612060547e-01
7.764225006103515625e-01
4.834496974945068359e-01
4.295344352722167969e-01
6.176216602325439453e-01
2.433097362518310547e-01
4.644508361816406250e-01
6.194214820861816406e-01
4.244892597198486328e-01
1.006167650222778320e+00
3.891862154006958008e+00
1.521615028381347656e+00
1.140377759933471680e+00
2.847664594650268555e+00
3.112806081771850586e+00
9.129571914672851562e-01
3.321105718612670898e+00
1.131114006042480469e+00
1.249045133590698242e+00
1.931946992874145508e+00
1.109446525573730469e+00
1.157688856124877930e+00
5.923409461975097656e-01
1.036805152893066406e+00
4.672231674194335938e-01
1.323422193527221680e+00
1.008804798126220703e+00
3.232938766479492188e+00
9.316941976547241211e+00
9.182519912719726562e-01
1.346050500869750977e+00
6.382286548614501953e-01
8.557701110839843750e-01
6.671586036682128906e-01
4.104189872741699219e-01
1.594115972518920898e+00
2.347975492477416992e+00
9.152005910873413086e+00
1.117094993591308594e+00
5.657324790954589844e-01
2.782050848007202148e+00
9.121925830841064453e-01
3.826377391815185547e-01
7.477569580078125000e-01
3.292574882507324219e-01
1.473626852035522461e+00
7.236145019531250000e+00
9.497350215911865234e+00
9.869954586029052734e-01
8.794312477111816406e-01
1.593030691146850586e+00
6.867246627807617188e-01
2.432744503021240234e-01
2.778093338012695312e+00
1.992880821228027344e+00
3.247846364974975586e+00
2.526231765747070312e+00
3.132474184036254883e+00
1.589195728302001953e+00
1.740665912628173828e+00
1.610822439193725586e+00
1.534029960632324219e+00
9.339144945144653320e+00
1.185339689254760742e+00
1.309190988540649414e+00
1.449205398559570312e+00
5.812034606933593750e-01
1.637564420700073242e+00
1.251948118209838867e+00
4.843561649322509766e-01
4.278797149658203125e+00
1.083550214767456055e+00
1.079984188079833984e+00
3.000696897506713867e+00
6.708528995513916016e-01
1.113077640533447266e+00
1.235617160797119141e+00
3.562835216522216797e+00
3.013467550277709961e+00
2.186518907546997070e+00
1.050106525421142578e+00
1.293238878250122070e+00
1.325116157531738281e+00
5.076298713684082031e-01
1.657006740570068359e-01
4.853485345840454102e+00
3.016316890716552734e-01
6.723837852478027344e-01
1.735091209411621094e-01
8.770406723022460938e+00
1.610573291778564453e+00
1.544869422912597656e+00
7.434025526046752930e+00
4.361414909362792969e-01
1.527697801589965820e+00
1.295691967010498047e+00
1.651031255722045898e+00
3.974711894989013672e-01
3.478857278823852539e+00
3.494830131530761719e-01
2.087931394577026367e+00
9.470348358154296875e-01
1.220484972000122070e+00
8.654992580413818359e-01
1.112030029296875000e+00
8.252238988876342773e+00
2.222690820693969727e+00
5.721333026885986328e-01
3.864859104156494141e+00
2.172016620635986328e+00
4.247570037841796875e-01
1.346991539001464844e+00
1.260172605514526367e+00
2.203679323196411133e+00
1.003602075576782227e+01
1.081032752990722656e+00
1.120592832565307617e+00
9.746079444885253906e-01
9.209983348846435547e-01
3.081327676773071289e+00
