295.03941535949707
354.780912399292
390.12646675109863
387.470006942749
301.49221420288086
1064.5008087158203
357.8503131866455
390.423059463501
433.79855155944824
407.24682807922363
335.25729179382324
372.1487522125244
376.631498336792
339.62345123291016
403.1105041503906
937.2727870941162
348.3705520629883
312.563419342041
328.01079750061035
355.3433418273926
338.0000591278076
384.4726085662842
380.94615936279297
893.8918113708496
437.727689743042
303.29084396362305
382.39192962646484
1545.2566146850586
369.59171295166016
1630.3510665893555
394.87242698669434
353.44457626342773
326.69734954833984
995.4299926757812
329.42938804626465
352.42199897766113
438.9231204986572
383.2275867462158
1586.087703704834
385.2536678314209
378.2923221588135
345.61967849731445
414.9174690246582
390.54131507873535
293.0881977081299
939.9797916412354
336.11607551574707
290.4374599456787
304.45146560668945
1021.4226245880127
922.3980903625488
375.85902214050293
1042.755126953125
401.4453887939453
946.7508792877197
885.4086399078369
977.6158332824707
420.9620952606201
413.1124019622803
951.9064426422119
945.3690052032471
354.4740676879883
401.9956588745117
993.5693740844727
879.0957927703857
331.70533180236816
343.84703636169434
394.4063186645508
907.6266288757324
949.4524002075195
401.13139152526855
421.58055305480957
923.5947132110596
352.2512912750244
940.9446716308594
364.9606704711914
427.1202087402344
315.90843200683594
375.06675720214844
384.5808506011963
427.0644187927246
1016.0388946533203
1023.8637924194336
399.98316764831543
408.8094234466553
392.86112785339355
300.83584785461426
308.37440490722656
1813.0426406860352
336.19236946105957
411.96274757385254
349.3170738220215
311.7678165435791
967.4868583679199
405.96771240234375
396.52442932128906
366.6853904724121
1437.645435333252
308.29906463623047
358.6440086364746
1489.8130893707275
297.00231552124023
1022.0029354095459
387.1750831604004
341.2349224090576
382.35020637512207
351.08065605163574
1067.6774978637695
336.7161750793457
437.2594356536865
899.0163803100586
386.4903450012207
383.9561939239502
412.61863708496094
347.5527763366699
889.4753456115723
427.72674560546875
295.29261589050293
393.95999908447266
358.2603931427002
294.33465003967285
1002.7105808258057
826.3874053955078
314.56828117370605
1053.5857677459717
882.9963207244873
312.014102935791
983.2658767700195
282.72104263305664
421.89693450927734
339.47038650512695
395.7490921020508
1520.1377868652344
368.12543869018555
385.32257080078125
448.4221935272217
1040.9276485443115
403.67650985717773
884.7920894622803
944.936990737915
330.55615425109863
1013.1218433380127
362.9875183105469
427.5381565093994
342.9527282714844
377.31051445007324
379.2228698730469
314.4824504852295
939.011812210083
892.7905559539795
351.28068923950195
292.8736209869385
364.05277252197266
1551.1903762817383
355.3280830383301
351.1369228363037
866.5733337402344
1011.9662284851074
357.52081871032715
902.7152061462402
1580.5752277374268
423.3994483947754
324.83530044555664
1022.0212936401367
365.16475677490234
312.24703788757324
397.0801830291748
385.3476047515869
283.66661071777344
903.9897918701172
344.13933753967285
370.64504623413086
280.81583976745605
338.1180763244629
350.3291606903076
291.28527641296387
309.07440185546875
1461.7159366607666
393.7406539916992
877.8986930847168
317.3491954803467
973.7153053283691
312.6246929168701
391.7498588562012
469.92993354797363
1587.2085094451904
331.5856456756592
977.9894351959229
954.960823059082
281.07666969299316
391.0682201385498
376.21617317199707
277.4038314819336
1010.5268955230713
1706.192970275879
272.9339599609375
1023.9083766937256
317.43383407592773
349.19285774230957
921.269416809082
