7.015085020763786261e+00
1.073565669478129703e+00
2.398214436833022933e+00
1.266974435604837579e+00
1.113054939656686004e+00
1.702438569336095142e+01
1.529006712012174862e+00
3.407427790945119384e+00
1.445713255163506350e+00
1.667000138366690143e+00
2.353464201934829703e+01
4.250621153562413213e+00
1.343198661978818320e+00
1.187743292616034729e+00
1.628521681264484711e+00
2.138896137643377049e+00
1.778321549828437931e+00
1.062143261657189086e+00
1.384492295932431283e+00
1.790993261152113991e+00
1.102271869899857482e+00
2.266454267005717060e+00
8.505324927931884105e+00
2.005360040010923051e+00
7.671406634449528639e+00
2.632726924564138216e+01
1.338828537749491066e+00
1.997895853418533596e+00
1.140239745306041552e+00
1.155714226668020572e+01
1.860026873233602984e+01
3.220108742689884895e+00
2.759222028448389263e+00
2.117414824661633332e+00
2.404667804252888619e+00
1.254766544567358810e+00
2.673718930212471090e+00
5.550355467765990980e+00
1.175192107238542061e+00
1.484874424456450237e+00
1.020890600054808806e+00
1.023874098967897606e+00
1.294196468087674745e+00
1.583855703710319363e+00
2.586022687590802338e+00
1.056141550810265173e+00
2.480003000596709484e+01
1.754287031793030360e+00
3.594269673973079726e+00
4.232806119379052490e+00
3.924867438852534640e+00
2.123190445067836496e+00
1.854303834398419060e+00
5.835165131799121774e+00
1.077791133153328085e+00
1.180455435114846630e+00
2.191188124274119797e+00
1.377173568197477849e+01
2.526104981309318820e+00
4.880372430886850132e+00
2.035197265513054887e+01
2.510951898707161067e+00
1.677881596201943992e+00
1.169518077978508153e+00
1.506088130106747913e+00
1.887913102725470749e+00
3.169851641961211275e+00
3.388028971066518125e+01
2.838370437807728575e+00
4.060065397716767777e+00
2.181964645756135468e+00
1.056528114242221372e+00
1.861936796504665637e+01
3.723681389627683469e+00
2.988013219649518604e+00
1.105339254651312109e+00
4.513932851505765065e+00
2.040023921120597272e+00
3.961615645712004863e+00
1.986056085930934145e+01
1.215072131655597465e+00
2.689745005459561078e+00
1.913630137430553768e+00
1.114421705730247325e+01
2.407153013165634903e+00
5.746154942732625948e+00
6.488952108655019479e+00
2.154376284530827412e+00
2.867012191702008383e+00
4.454470550999163336e+00
5.642068569232308484e+00
9.783106576151963552e+00
1.749061128059942050e+01
5.298099189578376667e+00
2.356230152341311168e+00
9.848865503949552291e+00
3.719638023252696968e+01
3.335691704929964807e+00
4.554188262594982994e+00
2.612985949734905944e+00
1.340256133730411525e+00
1.327274570501780993e+00
2.087925011942894926e+00
7.829906203376592266e+00
3.557847666120567354e+00
5.239794834294831283e+00
5.318709423162635730e+00
4.955800242518152210e+00
1.591453107448495352e+01
1.659457233323899272e+00
1.519998271927446520e+00
2.049497996531694621e+00
1.759380337316514442e+01
1.944374320746397045e+00
1.461869562381583387e+00
2.862132572103849082e+00
5.852368004233260201e+00
2.934264005543302467e+00
2.864985369350904421e+00
7.302739721501689374e+00
5.835418065284920353e+00
2.239021650139482400e+00
6.964809630325488499e+00
1.683164761182454328e+01
2.369751842382313178e+00
3.871826798708610795e+00
1.771437113259875185e+00
2.879719836977319503e+01
2.551051183049561466e+00
1.867531290152712131e+01
5.497991869054001945e+00
3.766664743353793199e+00
1.172414266558496188e+01
1.097772812957068522e+00
1.537626444810301862e+00
1.585291109226891315e+00
4.253529124275549300e+00
1.621626379753503988e+00
1.214444380958451974e+00
2.430386901593424742e+00
1.513240414085516683e+00
3.537265818554589991e+00
1.670390194258852823e+00
2.202814561009265315e+00
3.055472655041422403e+00
2.557690798794328035e+00
3.322789146050893372e+00
2.084986533243643247e+00
6.397075593599345744e+00
2.160016668035352971e+00
1.407369272320151188e+00
3.459609833065420581e+00
1.694206810790913176e+00
2.466921490271979422e+01
1.707042617373888849e+00
1.154644877865541153e+00
5.446614685265113387e+00
1.308350557670018288e+00
1.651488802890364926e+00
2.477034971862014157e+00
2.963280042481520216e+00
5.656643995600191488e+01
4.784561567085710010e+01
6.058136327239389551e+00
4.044337283111580916e+00
7.250649516357295710e+00
1.781532314776993431e+01
1.812962265022456165e+00
1.555249890860113116e+00
1.641816567885296507e+00
6.634135714394551187e+00
1.937994062887795188e+00
2.727837495202718010e+00
2.188449902930369451e+00
1.656962662598869818e+00
2.275712335516630436e+00
2.007087306009764482e+00
5.551920068208944237e+00
5.974062241151924191e+00
6.676192694991319065e+00
1.912343558054820480e+00
1.046178645661911988e+00
2.173609321151526608e+00
1.664862746555603179e+00
3.442361916182516524e+00
1.280197428172253238e+00
2.428413414095917933e+00
5.497128804264523438e+00
2.185891179143113039e+00
3.183832654835389242e+00
2.583449708391564315e+01
3.202477313427365857e+00
6.939963597444128496e+00
4.217702438661442343e+00
8.430930422611609742e+00
1.607859367997485966e+00
3.185193144904428397e+00
3.322532926557035360e+00
4.438237493420881918e+00
2.843839430892352027e+00
1.098915021171895878e+00
1.347124669251088758e+00
1.634601371956679206e+00
1.963042088241482297e+00
2.911210137432693301e+00
1.900025013364808224e+00
2.426088171465837107e+00
1.114430247073612046e+00
1.621844609069206689e+00
2.439271002448506920e+00
1.098365268929866190e+00
2.753446922415669906e+00
2.682987936670196749e+00
1.574885649525037401e+00
6.375576113262641620e+00
1.427018759521333946e+00
5.207714024688423038e+00
1.473841317340768731e+00
3.121333671684163313e+00
4.122598614178877519e+00
1.289165021339006234e+00
3.346206626138249263e+00
1.548059345649777363e+01
2.497831646396398320e+00
4.245291734576986720e+00
1.413930887285480997e+00
1.385500105246780800e+00
3.224334846906203644e+00
3.688965732423823862e+00
3.941528445325969798e+00
1.981020032346599402e+00
1.137453297910319572e+00
5.781934067726449911e+00
1.347827116756002086e+00
3.592194953561839821e+00
4.276810203940696553e+00
1.496761227110013026e+00
1.409965644774910043e+00
3.493591793197585282e+00
1.952541879976394945e+00
1.011508440705146894e+00
7.566897028328758879e+00
3.310183092183925169e+01
1.003058855624224810e+00
1.149401254920882032e+01
2.083433072479631054e+00
3.284983936675631266e+00
3.309379011508941648e+00
1.196039172420581220e+00
1.935534712898802301e+00
1.168124217510019935e+00
5.315848280664886794e+00
3.785366671992347332e+00
1.334319589232203951e+00
4.547735759924672827e+00
1.436255181694268224e+01
1.264899397112396962e+00
1.487383971449047770e+00
1.060830271253578339e+01
1.563908897593927705e+00
3.089123910983489374e+00
1.487153843952073062e+00
6.371355565291612955e+00
2.306368317479557728e+00
4.950255037145967485e+00
6.793919381749062403e+00
6.085887985567164549e+01
1.405523657325323761e+01
2.457140642276030906e+00
1.648643214019938519e+00
1.133801137841741635e+00
2.114372443366152154e+00
1.763963188277992922e+00
4.858002300937759088e+00
1.492737755306023706e+00
2.015640523302150822e+00
9.310213389907886494e+00
3.383839094984995022e+00
1.129171165834429447e+00
2.275546799128203013e+00
1.525604930874499443e+00
6.846100514444004581e+00
3.302775450346391750e+00
2.945192115559507684e+01
4.093794251027263797e+00
1.134977938260737451e+00
1.027134486224649645e+00
5.209698376566270994e+00
5.825787679078741732e+00
2.564735225817666553e+00
2.575703904214615036e+00
3.340951709322567353e+00
1.696853803742149003e+00
3.612760341814083009e+00
2.662680447811193840e+00
2.263713996318380772e+00
6.216678296805663528e+00
1.715604207538982351e+01
1.643924607735762988e+00
5.485017170677930487e+00
1.018406794606896426e+00
1.248209468294084079e+00
6.578777325466299786e+00
5.615823288000286517e+00
2.300253734739401867e+00
6.598924188308357586e+00
9.915521201710584265e+00
6.168065188835448076e+00
2.219102888267863616e+00
1.969660929649167391e+00
1.370572151573353992e+00
7.391631429915181073e+00
1.366851465542093136e+00
1.408824535721802995e+00
1.134871858782334986e+00
1.734669724958451287e+00
1.996741778025541647e+00
1.508620883943876834e+00
3.267798364342448281e+01
1.392230728146234275e+00
5.505819327478521430e+00
1.370429501501148062e+00
7.341498831595457020e+00
2.518674067309017328e+00
2.717523439695888055e+00
4.645978568622632032e+00
1.047288462838867007e+00
1.392319247146538430e+00
1.714757052118414338e+00
3.938836474881926453e+00
3.948592847724103461e+00
1.193789580784483828e+00
5.083114423506204460e+00
2.746131318904031726e+00
3.103857624552906369e+00
6.122696691638071798e+01
1.029456973163486833e+00
1.974141497949414514e+00
4.812636604370530868e+00
1.322392923076427529e+00
1.694957423951127140e+01
3.386906659117167706e+00
8.211277613641984274e+00
1.688531667325592123e+00
4.272008663436097642e+00
5.563865470813646574e+00
6.630457285182745686e+00
1.391049484860500618e+00
2.087489794320523284e+00
1.775321345617554503e+00
2.439322295089063619e+00
5.388908104569793522e+00
2.605712180493195973e+01
2.091615011648029210e+01
1.747704437418639678e+00
1.334797041256930772e+00
1.215805208606283827e+00
2.736871517177994928e+00
1.065062688493664034e+00
9.911768752271488125e+00
1.747568698325019154e+00
6.172092296769613462e+00
7.904581729803851431e+00
2.909640398950236406e+00
1.382356317901346499e+00
5.164100976739473658e+00
8.724265432774556572e+00
3.470576972581587150e+00
3.180513199263296453e+00
1.584749540471404039e+00
5.270406273237886019e+00
6.068036913776668761e+00
1.795642522534365515e+00
3.669313900415810625e+00
3.194955395719078606e+00
1.331325212082943077e+00
9.059159173588986391e+01
2.450944984298705442e+00
1.776556782172551641e+00
1.334794212403884961e+00
1.416978943369271882e+00
1.559168925363512148e+00
2.631095612237404957e+00
3.385414916564989163e+00
6.875056550212510942e+00
1.545584771030467319e+00
5.073532522288999758e+00
2.232393557426003383e+01
1.066271674944500925e+00
1.940552044750345040e+00
3.487361417939728092e+00
1.392159181718366501e+00
1.279023242401946758e+00
1.517624537027343568e+00
7.483900170723257972e+00
1.172218497270955950e+00
1.795525312624208780e+01
1.026749380894688590e+00
2.275072323464577995e+00
3.419581099902630150e+00
1.687343538649030972e+00
1.994495036502470953e+01
6.974601667258130355e+00
1.260066164672077660e+00
3.335736875343230157e+00
1.915778991122147090e+01
1.288643077240317236e+00
2.340651263823064987e+00
1.545029864546870968e+00
2.573513484351437697e+01
1.230630760428256920e+00
4.905058552488589463e+00
6.571116518781452420e+00
1.512149620155602170e+00
1.302397404221080190e+00
1.512307460339777254e+00
3.266313706036040987e+00
1.043167656715923597e+00
8.464867457085079039e+00
9.388401581499710602e+00
2.752799679275219624e+00
3.344231783496427024e+00
2.312641256241106280e+00
1.133607083833762408e+00
1.147706934771318243e+00
1.314396186148542034e+00
1.575003343843527137e+00
5.604659237282097806e+00
3.160082873024897321e+00
4.029930622944458030e+00
1.515427078699551178e+00
1.285103817791964920e+00
3.843927783209449167e+00
1.278221972360759517e+00
5.338143345034429998e+00
1.388516638080625931e+01
2.633812012836307392e+00
3.378956806462448004e+00
1.790751070171078707e+00
1.177699879360273094e+00
1.828533913389443599e+00
1.940286218397196949e+00
1.226024621603175158e+00
1.247014033499896257e+00
3.820625637750865167e+00
1.049544101193992773e+00
6.376498732915100831e+00
4.151129576068048266e+01
1.142321139342931335e+00
1.725171921727882918e+00
1.846504839598761771e+00
1.797407446420202461e+02
1.539361013999821948e+00
4.084384654392183123e+00
4.088739966797143133e+00
1.392044699283018661e+00
1.620985958022732598e+00
1.230793246600213831e+00
6.939552055626291072e+00
2.134314213344045363e+00
1.130167805541061909e+01
3.537605139424048861e+00
1.720516109052444165e+01
7.225013861696106687e+01
3.281815404276640535e+00
2.639073492234438323e+00
3.515355828223218992e+01
4.137793074523556491e+00
8.435788729706924727e+00
1.404522443361838846e+00
2.981880002560524545e+00
4.157476726291337243e+00
3.541735546132270152e+00
1.180104612517957952e+00
4.051938901649270974e+01
6.175865172149403115e+00
3.298477939468225539e+00
1.303735309328045266e+00
9.541144744079085527e+00
1.327062699593108741e+00
2.669161898877463468e+00
6.920558763358160093e+01
1.190442871286576665e+00
3.777295744808141009e+00
9.961031581005423519e+00
1.928805100711094012e+00
1.765205516376134431e+00
1.842344344789510302e+01
1.164644196515940067e+01
1.104825741762357261e+00
2.624527822797818288e+01
3.170061227160468675e+00
2.673018863714576199e+01
1.007760694196362605e+00
1.311680864180146067e+01
1.131856851891899440e+00
1.045731550810169530e+01
3.061325224237607223e+00
3.121884224256930462e+00
1.496778295033358130e+00
1.461627465715317875e+00
4.830490186027694755e+00
1.480788066085741317e+00
2.900678568680536973e+00
1.056556139823904727e+00
7.513465117538255633e+00
1.491320559290283176e+00
1.355522397343947638e+00
1.418115038657973948e+00
1.793854121714063332e+00
1.295481810811761614e+00
6.937040050000105040e+00
1.271146366263203431e+00
2.328008904888505981e+00
1.522124636784607965e+00
1.861237340524901640e+00
5.245354805395802344e+00
1.147867783742984038e+00
4.019577663676897394e+00
3.009407655935488091e+00
1.169253591522519065e+00
2.508622373017085572e+00
1.280542449904723767e+01
2.986690922290263561e+00
1.853878171830352883e+01
1.227944869438014397e+00
1.640220443097056391e+00
1.731841997364219177e+00
1.227132980361256953e+00
1.871130124709624099e+01
1.126695565002440613e+00
5.147881951680530754e+00
6.756506767475737263e+01
1.277163562975485167e+00
1.404976213180485267e+00
3.747756066842319989e+00
1.237862375874202447e+00
1.501395849120401804e+00
2.081818111340281607e+00
2.040943450499097089e+00
2.951458559061857834e+00
1.766709782272478435e+00
1.447295763053066953e+00
2.905316910404310171e+00
1.746013964003155650e+01
7.132332004462867303e+00
1.461770952194893614e+00
2.983452269270139734e+00
3.509692885513224070e+01
1.288909483229012842e+01
1.354703590674882641e+01
1.198850783108275975e+00
1.687828393706241270e+00
1.862065083651609942e+00
9.513718233060698637e+00
8.131237081105753717e+00
2.937836422228333966e+00
1.269027218267269497e+00
1.134887067688638451e+00
9.652154305158930470e+00
1.734237704247751699e+00
2.762452647048120546e+00
2.201032792740246880e+00
1.752983835171698201e+00
2.991236418183734536e+00
1.830577352604286112e+00
3.175950048647480983e+00
1.993525391132219715e+00
2.402687557491440362e+00
1.832834082145667054e+01
1.018212267291267903e+00
3.460424579022310709e+00
3.099332237867744144e+00
7.041715902927824899e+00
1.618528893485005060e+00
3.491698405728263843e+00
1.955832458769632298e+00
8.898121553067927181e+00
1.881615473631567337e+00
1.749445374404568820e+00
1.747530793458452791e+01
1.649433984503809514e+00
1.535219396196472630e+00
1.820193703411339570e+00
8.563653273879518579e+00
1.215330938201420130e+00
1.012158443668310071e+01
7.329747225766475083e+00
2.156194205693468646e+00
6.287729990044140571e+00
2.253561130966272419e+00
2.171922545324580156e+01
4.740422020940709302e+00
1.265635324441828358e+00
6.060761186537148681e+00
1.042589512716048272e+00
1.527098029212617503e+00
2.422740700020043825e+00
2.300018272998105573e+00
1.392565035941078166e+00
1.757038484512154497e+00
3.355161910599116837e+00
1.559928428805873679e+00
1.971501620692130086e+00
1.183198193426608391e+01
2.321498610577566790e+00
3.156165146645270703e+00
1.739811325283520560e+00
1.468389027315006645e+00
7.383689807497400004e+00
2.525092601788224478e+00
1.115162110463698175e+00
4.911502484957499526e+00
2.659305129569233372e+00
1.211472289889365506e+00
1.723656606158072480e+00
1.637879522593244763e+00
1.844435443399727870e+00
4.892213635699482310e+00
1.818590290908093765e+00
1.271293027280657961e+00
4.336924392750479029e+00
5.343766420828053754e+00
1.040991494988210642e+00
1.011159313423872552e+00
3.737876043289761974e+00
4.790693906618056275e+00
2.811335831625705772e+00
1.236703519485054636e+00
4.411296724236438038e+00
1.663715044230023699e+00
3.629728520194713592e+00
1.092318939617895834e+00
3.859193307961965580e+00
3.669804016680866088e+00
1.721323872990342840e+00
1.617816531176903272e+00
3.190990839992253303e+00
1.466303852729311741e+00
5.010020582725204008e+01
2.911117922203175112e+00
1.749993488238531736e+00
1.804474761783448233e+00
2.046875127981651943e+00
1.073645166537553264e+00
3.376288165334938896e+01
5.752392920503903717e+00
1.264962885499575362e+00
4.134216151832999842e+00
3.172456596191272293e+00
6.330359624403593344e+00
1.220615025410124455e+00
1.648922231901290392e+00
2.385690769328015381e+00
1.246943112983678326e+01
2.250463788841257085e+00
1.698076232423367804e+00
7.081736998069292355e+00
3.943080794251719201e+00
2.206617911525745601e+00
3.605591791608645025e+01
1.349393900337885865e+00
8.477467413702568066e+00
3.300809724013431889e+01
1.280421767091329821e+00
1.201704154147875014e+00
1.059616830490832662e+00
1.357478952754804569e+00
4.846828792644736872e+00
1.043290978973976380e+00
2.483076442932879857e+01
1.845468920280093572e+00
3.575739563053226711e+00
1.460948485218673154e+00
1.504729627464161945e+00
8.247491537196212974e+00
6.374280831248285040e+00
1.988532272003590062e+00
1.951541272479645484e+00
4.320141625392386331e+00
1.117538123561149455e+00
2.250894032286253843e+00
9.896347360878911203e+00
1.778762396719164363e+00
5.349522887792438297e+01
3.053284738516085284e+00
2.197449979678814724e+00
5.160677230283631012e+00
1.042647856041131194e+00
8.466674070520639361e+00
3.723403508519081750e+00
1.559088326034258731e+00
7.630998510050578432e+01
1.440698185062502716e+02
6.831153389113518770e+00
1.383815518123674337e+01
8.182291036291822195e+00
2.233123809456589726e+00
2.191242780044441396e+00
6.318328825728266906e+01
1.026824550316428386e+00
5.774957461802542547e+00
1.095154939685816231e+02
1.057434386771847423e+00
1.815687896171725413e+01
7.352029728769775119e+00
3.778098599368396293e+01
6.193455311426779630e+00
1.498325856021990310e+00
5.760878586165463133e+01
1.332414728954068206e+00
2.024494391536891147e+00
1.291685316163997843e+00
1.309044730269695256e+00
2.395958627427950294e+00
1.843658996232583780e+00
3.861733616877290665e+00
2.092648652146621213e+00
1.049524484734374541e+00
2.400947461234129499e+00
2.810648047754870760e+00
6.485324096467089738e+00
7.127248736550285457e+00
1.373153777855570912e+00
8.852688948776531674e+01
2.247178581328827640e+00
1.005836070039008234e+01
1.021262095002012948e+01
4.869434541703309804e+00
2.405350781873236343e+01
4.093564740272028324e+00
4.191853050008758430e+01
4.394912862499799289e+00
1.862527670463011154e+00
1.080325018555600591e+00
2.636198274416037268e+00
5.041873418265871010e+01
1.892802978180371687e+00
4.993571702839635407e+01
3.337957651628215228e+00
6.229285226662336861e+00
2.427082969175407445e+00
3.038480273985796565e+00
2.407778676955692276e+02
1.688712292211049348e+00
9.525827665727072713e+01
4.373432985491524150e+00
3.234908427064427272e+00
6.462343753264831570e+00
1.178350280036999376e+00
8.398365309624082897e+00
3.246742454347268936e+00
8.270014130648585038e+00
2.049486265407684638e+00
3.927607496888859462e+00
1.239740621100298812e+00
2.709858468126390640e+00
1.444763099214874336e+00
2.756144949250576737e+00
1.077376392756151802e+01
1.156850473966286863e+01
1.055540431773384746e+00
3.238302223550137970e+00
1.503688728735639080e+00
1.273583657596310648e+00
1.058477087926717353e+00
4.355749181661520453e+01
1.506928812442301613e+01
2.720275638583273690e+02
3.244037585383397371e+00
1.163464961649099294e+00
9.548106017294378134e+00
2.835397813912525322e+00
3.083666146874478819e+00
1.377512183631252496e+00
4.419315090110353594e+01
4.172208613612621519e+00
1.177669190698384272e+00
7.431568240652285340e+01
8.626076760765572615e+00
1.131492554383489724e+00
2.226682318833267171e+00
7.067987981730786906e+00
2.484567063171090950e+01
3.096758971961639517e+01
1.043118024996381177e+00
5.640643881783128144e+00
1.721073580727722874e+00
1.128995698384326829e+01
1.036387808459015858e+01
2.266677884498073503e+00
1.383779797275266787e+01
1.725189992050583543e+00
3.196873591938734549e+00
4.190345285610884041e+00
5.060347037657319902e+01
2.146998533878133220e+00
3.997915555316467806e+00
2.031615711092084453e+01
9.365908384306967704e+00
2.788658707097470657e+00
1.878115705272595637e+00
2.323222291456331945e+01
4.565592834406248102e+01
8.977672762879212343e+00
4.335282498186761480e+00
3.578992492922038693e+00
4.992622822989024378e+00
1.647131406738743031e+00
1.950180249923598907e+01
2.269289709477193995e+01
4.651958520321120893e+00
1.620130973667202268e+00
1.143957125232385152e+01
2.290489962599171037e+01
1.960926083038048606e+00
2.443334234013330608e+00
1.290268152736502749e+00
1.102739307313990835e+00
1.206431800031734891e+00
4.098775933462668775e+00
1.157527465505148845e+00
1.310569418753721749e+01
2.108690831923422238e+01
2.534225558258685673e+00
3.612332098485646625e+00
2.914215490005589437e+00
2.446584167879230165e+00
1.915331611184476301e+01
2.795753394414303816e+00
1.525291058359147245e+00
2.506309596094601577e+00
1.655263961533091077e+01
3.786250174924800316e+00
1.822832677140971924e+01
2.173007990036153814e+01
2.171928827832715125e+00
2.103636726403971924e+00
1.730973138615411022e+00
3.628838915455804504e+00
2.566481479167628699e+00
3.304990797487758147e+00
1.361518982281789363e+02
2.233072003689186147e+01
2.095676345402404905e+01
1.328805480695181984e+01
6.128154897055337358e+01
1.287570066919577982e+00
4.591968039963882831e+01
5.606044413886115763e+01
2.516294598621247047e+01
1.718933036151407689e+00
1.111057147917135168e+00
7.742524680729831132e+00
7.209233764821935608e+01
1.037713516367521516e+00
4.098755699531799301e+00
1.701849625334549199e+00
4.240376919729065719e+00
1.070844953975049529e+00
1.176907187617614481e+00
6.199363439612124438e+00
2.276793051966915282e+00
1.976392902289138886e+00
1.361683397761803915e+00
2.378146472655287891e+00
3.840255422935292540e+00
4.753942355711069823e+00
1.269051511395439036e+00
8.778774755093547100e+00
1.455386252152109705e+00
5.197876323283466604e+00
1.542960456434945504e+00
1.146841966463343798e+00
4.164285834727030178e+00
7.166185897763614143e+00
2.855675420296256561e+01
2.478148689069929489e+01
1.290147212827945866e+00
7.998553230905748990e+00
1.686841129087250479e+01
2.355758265917371830e+01
1.404759440901471867e+00
1.087955501080528409e+00
6.431244625452427144e+00
1.004453223991374378e+00
3.034715533090071560e+01
2.834870902344627019e+00
8.397000248888889473e+01
1.186628517656659554e+00
3.926935934780960036e+00
1.108735593556709631e+01
1.661917305315022686e+00
1.026008651141978811e+00
1.458682621829261983e+01
1.464162143121229054e+00
1.951655407537028930e+00
7.450249992181760206e+00
1.221273510471193191e+01
1.379449846628166165e+00
2.317264460590189312e+00
7.824532755672190198e+00
8.567883189961548851e+00
4.514946020331407794e+01
4.303729645232754919e+00
2.587559512951631113e+00
1.882830271462864857e+01
3.498887654329631225e+00
7.361026550709814487e+00
4.862511462682810759e+00
1.696494977581240127e+00
5.393804375731161826e+01
1.358132470397183544e+00
2.333647792469443161e+01
3.601530048223687430e+01
1.674237066357410697e+01
4.991072557093325202e+00
3.192080477165494479e+00
2.180966752431952482e+00
1.525984436738204231e+01
1.170580985478810732e+01
1.637239158611211609e+00
1.631684337754831793e+00
2.334261365459383697e+01
3.570725574343845743e+00
8.440073826376917054e+00
2.711432650559094881e+00
1.439864856377662861e+01
1.878600521266086432e+01
2.236519591545951258e+00
1.875156598167709276e+01
1.116847313863129720e+01
5.120682204533653525e+00
6.867768210596924661e+00
2.880620634403276537e+00
1.386621822301929319e+00
1.479902946651618034e+00
2.402536658016515503e+00
1.157826500404990133e+00
6.088577645004172645e+00
6.357667598272031739e+01
3.624618158622156194e+00
1.504792465312504213e+00
4.821272702870975202e+00
9.454032293867030035e+00
5.636868964558308548e+00
2.937002286594199774e+01
4.864242593494090272e+00
1.566252438716094320e+00
2.853415381462860889e+00
5.338050118169546110e+00
1.444514495038936364e+00
7.150360577766862491e+01
4.523821122940129058e+00
1.770781136109013110e+00
3.092285151349158934e+00
4.753449394232281300e+00
1.549642101612322875e+01
2.090573866058659025e+00
1.262462017873143161e+00
1.236790695725055844e+00
3.259716522178346310e+01
2.890562515761163187e+00
1.522687206921705183e+01
3.829001351231116512e+00
3.414143780849860832e+01
1.892850385316096284e+00
3.423031031752313602e+00
1.879574846749970973e+01
4.437873321310283004e+00
1.618264522147509865e+01
5.128332007222419442e+00
1.134936340188022363e+01
1.567150537848715075e+01
2.272569874725703709e+00
8.221171780846960075e+01
6.591243646706493564e+01
2.132469850014627966e+00
1.826480952983581574e+01
2.797596626175969714e+00
1.356562623447872973e+01
1.548582194024149539e+00
2.698041477811616851e+00
1.543610727607362731e+00
1.110852065156649804e+00
5.930219982958591096e+00
2.186017015900653337e+00
2.415790576067065043e+00
3.741922269717495197e+00
1.950603833579723334e+00
7.324048042323288321e+00
2.366956412737660109e+00
5.515865440990745938e+00
1.717029387191330869e+01
3.526911299866824834e+01
1.322257196851044192e+01
4.809382328578840848e+00
4.072317230275089628e+00
1.684837604220030816e+00
7.472940500939150077e+00
3.007953365565956716e+00
8.579564928024632664e+00
2.481540599126053070e+00
1.994309104070229877e+00
2.010309722948502742e+00
1.673216557251089753e+00
8.803655112477935418e+00
1.952953218238132749e+01
8.131138400955830292e+00
2.229680411594602063e+00
5.003061055433280835e+00
9.455289012261943071e+00
4.695558110920325490e+00
2.082020091442653609e+01
4.515896119869815983e+00
1.351499284522921007e+00
5.945205768193575047e+00
3.018221462657876053e+00
2.498280712153799321e+00
5.170698323468747581e+00
1.609093826058084931e+00
4.835247274491991654e+00
8.407200835244896808e+00
3.175246289972119218e+00
1.846061512019121720e+00
6.509239298009359231e+01
1.092498687394664936e+00
2.633603319700949541e+01
1.355271405230227710e+00
3.747044795408515316e+00
1.450085079024178603e+00
1.841336854200939754e+01
1.986551619500191546e+00
6.915602456588461955e+00
1.299678389851886662e+00
1.105163693270735514e+01
2.494883196425710992e+00
5.781526955381218080e+00
1.135382674315549778e+01
3.914991748479809797e+00
3.786843671544914258e+01
1.022950410741846339e+00
1.162553576180930026e+00
4.198475694417042270e+00
9.203772624622567378e+01
4.528855415233526749e+00
2.015892135031297272e+00
5.702972210847205403e+00
2.468916090134221086e+00
1.994134501888979338e+00
2.486133891814047558e+01
2.150001737824955850e+00
1.279799941747190806e+00
8.408188414237796948e+00
1.165473271806113376e+00
1.176685773305839788e+00
1.994864825074123260e+01
1.545074448659743416e+00
2.051421302835396787e+01
4.985342776591494385e+00
1.998958287605141937e+00
1.564824646661551855e+00
4.517825252898984623e+00
3.275889043113504329e+01
5.139315119651799435e+00
6.290615016219794242e+00
3.489205383631126267e+01
1.110349421633554101e+02
1.190231481795490875e+00
1.718386578630474837e+00
6.074145795671140746e+01
4.632177543935156017e+00
8.727267652863632819e+00
9.830619568527023233e+00
1.179972351400375707e+01
1.681927631227996711e+00
3.717928524763415066e+00
3.649322311649370043e+00
8.031363820973705003e+01
1.925370557080618772e+00
1.322262949920701125e+01
4.737004545858344962e+00
4.669874425373175875e+00
4.059498902390167530e+00
1.871740782496420286e+00
1.291884934363505266e+00
7.173206936323427385e+01
3.275806206525048481e+01
3.476347640005916162e+01
1.116367648566632198e+01
2.956844481148347636e+00
1.017735506608234086e+00
2.572379578670287614e+01
1.667867949412814710e+01
3.251745785745500328e+00
2.290147697511420777e+00
2.064198912318426782e+00
1.589301859203211986e+00
2.390597240130492462e+00
1.047045547671366261e+00
1.065401830399019012e+01
8.493332687226366318e+01
1.007930245638999578e+00
3.427089341913606368e+00
3.431746263022753318e+00
1.433950044895752951e+00
2.545451107468458485e+00
5.199694729468001952e+01
1.181451817769276103e+00
2.601952061926823045e+00
7.603162678522227935e+00
1.546238871781506319e+00
1.901285566426169993e+01
2.902450301299007940e+00
1.995793278666986525e+00
1.641223438373436316e+00
1.595799611020659015e+01
2.454139719042953693e+00
8.884641819001632967e+00
1.962568695144270459e+00
1.642686573732084598e+00
1.237030750635413767e+01
1.394842731635952848e+00
3.707825891450541178e+01
7.729744373417101855e+00
2.368658702257835813e+00
2.484063053303877222e+00
4.055172174029830323e+00
3.271218477254938861e+00
5.453112724988170612e+02
8.291620752075091971e+00
6.595673612881524761e+00
4.401822200176170874e+00
1.135321962595601697e+01
2.509484155283705320e+01
2.339195650131481230e+00
1.075938545007615943e+01
3.026013359812240289e+00
1.020550634614368457e+00
1.008385806882208913e+00
1.178738257187481153e+00
1.761098910574815823e+00
2.067144038480621671e+00
1.699859688228740229e+00
3.035474978250832567e+00
1.411125824826164665e+00
5.718877404036406631e+01
3.447839937908139252e+00
3.995658589055493870e+00
2.304112597711174715e+00
6.312333330745210525e+00
1.943638193283151736e+02
1.490905948887690080e+01
4.876283373857509318e+00
9.146102983812504306e+00
2.453051627840673099e+00
2.110798193246282928e+00
1.474699481390721623e+01
1.684758362914031693e+01
1.573744903272672957e+02
1.126826976791488244e+00
2.565981926398071877e+00
8.383749402573766218e+00
5.133695624781827860e+01
4.206611573552425654e+00
1.771939702126172023e+01
1.046086582556925570e+01
1.144483750799390975e+01
1.434273231775120783e+00
1.920863284116564884e+01
9.155109242944087100e+01
1.153893575249643000e+01
5.084832636285737451e+00
9.110492584108342839e+00
2.877722373162116654e+00
6.906898631745424844e+00
7.464962420864809545e+00
1.834737696389553641e+00
3.782842887159620915e+00
1.075847621327629433e+01
1.756488743719876622e+00
2.108226019740543578e+00
2.561934242904847281e+00
1.082757406919974486e+01
1.643250699797576875e+00
1.289434758344298437e+00
2.315460759497549503e+01
2.466956616425366899e+00
5.440312567004169431e+00
3.836594761790984620e+01
1.233308979040510067e+00
2.375034081302860756e+01
1.362023897427897978e+00
3.868902581063352386e+01
3.051876324625867554e+01
1.475828339693923130e+00
1.100096972767663273e+00
1.962027334728581351e+01
1.631468901241766289e+01
6.292139281192485001e+00
3.830130381522973693e+01
1.555119964996150017e+01
3.321637335721710826e+00
3.706528315089718806e+00
4.173495057472879743e+00
1.256166288317803392e+01
5.606188483588811167e+00
2.212675101876171269e+01
1.113737003316333940e+01
1.787276042859418226e+02
1.496867856227662053e+01
1.111578441408776428e+02
2.976812757675935117e+00
1.045569392152334309e+01
2.235938507708224776e+00
1.101193990478245013e+02
5.361492620311214097e+00
5.628184236968252208e+01
1.136305169332054810e+01
3.716777693681508676e+00
2.550120947820582185e+00
4.153239473737929011e+00
1.013658051893952194e+00
4.565240731102035099e+00
1.362148265452423246e+01
9.868043795085236880e+00
2.023554717779775469e+00
3.365253277138717358e+00
1.356056658681676241e+00
6.351823841550222838e+00
5.618005716374559810e+00
4.057206034844447196e+00
2.793665892040512855e+00
3.015492375013490101e+00
1.596941359786669068e+00
2.898862202710963842e+00
3.192068359980842818e+00
6.474182787375419856e+00
1.138535860282922973e+00
1.623797330988866028e+00
2.180002837573418617e+00
2.163889191589472460e+00
1.410730471769342564e+01
2.289214649232221177e+00
2.207149913436310484e+01
1.027693428105344253e+01
9.826479864094679328e+00
1.911183672212695805e+00
4.014555185916965030e+00
1.090590368703264312e+00
5.356403271061732418e+00
8.362178416117316715e+00
1.739754217935507938e+02
1.196483686936371171e+01
1.328355355252022862e+00
1.949649794508923151e+01
4.625429650788754010e+00
4.695548609183993527e+00
2.762609207533626154e+00
1.040832602996943912e+01
1.734020727749087243e+01
1.405333267258237306e+01
1.358533807330121856e+00
7.252714800282324958e+00
6.702760925201350517e+01
2.914769158863079745e+00
2.352611065120961964e+00
7.352765048834687178e+00
2.525229201776911570e+00
6.243758798855373549e+00
2.945432466673741256e+00
3.957665779390432181e+00
1.695689299954194373e+00
1.171363986611779984e+00
1.796136763089530177e+02
2.713735740584863443e+00
2.039902013584379503e+00
6.346085077144188347e+00
6.012578379331160683e+00
1.053250361113433620e+00
1.746707650053901828e+00
1.796154433965077901e+00
1.932557416126524874e+00
1.168040251791262030e+00
1.228830358767900144e+01
1.056712079313183894e+00
5.587480825086836411e+00
4.902418393086678705e+00
4.675542061404768646e+01
1.364674789189793680e+00
4.767238030980560204e+00
6.308254187644228494e+01
1.102827532743211325e+00
5.576535598173488317e+00
1.410942481084415512e+01
4.291857750431192997e+00
3.221800855375441142e+00
1.194061524770675753e+01
2.118217719308881541e+01
2.152917327725416108e+00
3.843121414683333903e+00
1.768109328974335526e+01
2.044446560916680511e+01
6.833022654085777248e+00
2.980360114155217843e+00
2.247630384230893341e+01
6.614243474746766438e+00
1.576924271477945450e+00
1.523837752929127376e+00
5.591438319129816037e+00
1.301869479408386709e+01
1.099810386853822664e+01
1.984271327047917666e+01
4.997824901477326165e+01
4.670372160170008158e+01
1.778111173919686872e+00
8.476728204586674309e+00
1.361526516517237884e+00
3.323689468880342002e+00
1.492421853204382209e+01
4.986909819506166741e+00
5.641681066817707979e+00
4.422109177300322713e+00
1.814160431749405999e+00
3.356035727895261278e+00
2.335361044950581721e+00
1.109437295573605597e+00
3.715586524018976711e+00
3.021090889395409818e+01
1.935684034067603143e+00
5.128997213278620393e+01
2.206315175501405434e+00
3.117231093235471651e+00
4.722541868314845459e+00
1.896475953864468433e+00
3.586876653742216092e+00
1.309523526738779431e+01
1.715455562873520989e+01
1.406599887170587371e+00
1.118599985971879818e+01
1.507819443371677171e+00
1.038900436194833965e+00
3.152236470977142435e+00
1.721716796193446752e+00
2.204013795267211862e+00
1.706578123909886946e+00
7.154733138721071306e+00
3.791221437175622544e+00
5.180091135163043425e+00
9.412679112550238258e+00
1.278727958619205829e+01
6.470474871798066907e+00
2.276189330562198876e+01
3.109485015581006806e+01
2.307818038684462891e+00
3.954680200348255070e+00
1.356670230099533248e+00
3.842435615344927946e+00
3.553491411665052890e+00
2.830517906764781877e+00
4.986184855547273642e+00
3.407962651563539058e+00
7.840787116296900727e+00
1.697135531027724742e+00
3.065009205780973467e+00
1.622526550759823394e+01
1.194421174991834977e+00
1.034674450017727843e+00
4.560065529109621707e+00
1.335205266534678117e+02
8.300966058957494909e+01
3.478348434815298429e+00
5.632980451717474857e+00
3.922825064349587887e+00
2.608405556584616480e+00
5.534266233260265899e+00
1.860920827675459321e+01
5.796534832160876505e+00
1.539975078581243162e+00
4.435382027147590556e+00
3.253813314850221161e+01
2.426879779115166258e+01
5.470000564138926435e+00
3.571728870683607227e+00
2.012449557947343592e+00
1.139438484514416983e+00
5.499900018666082246e+00
3.832351495702289057e+00
1.668066076856590696e+00
7.700713868634821324e+01
6.294898347894243074e+00
3.937981364545533580e+01
4.622187176364578320e+00
1.698938688694397126e+00
1.405819984710372950e+01
2.729487424682900176e+00
1.864016384730756482e+00
2.834276971071163498e+00
6.440147271766242909e+01
1.284214646828152162e+01
1.099754562747324638e+00
9.010454589238939604e+00
2.008095821276571602e+00
1.773902799223533000e+00
4.970568927396456615e+00
1.070447622680479993e+00
1.914536346961817515e+00
1.695078771345026825e+00
2.377618477654719786e+00
4.838913022510391215e+01
1.227226596981161464e+02
6.700422517116342647e+01
1.221497891429562221e+00
1.142607636783205649e+00
1.310503564631117168e+00
1.643543220548589590e+00
1.067838325417677758e+01
5.073072783085052606e+00
1.174369188189337221e+00
6.036211364780803557e+00
1.142312808760673315e+00
6.497308520494592621e+00
1.677194285619556524e+01
2.412630932160616748e+00
3.053221491056027403e+01
1.444946437000734552e+00
9.978300259673645201e+00
5.805416019610132317e+00
2.057458523077222878e+00
1.586373569414471829e+00
7.882575975800814483e+00
1.379207061257766576e+01
4.355312825940242050e+00
2.518646088088178772e+02
3.592862836333470256e+00
2.145057919029492055e+00
2.223264181614757806e+00
5.245352334117056259e+00
1.746643308167836306e+00
6.423915584128135237e+00
1.328502269274882863e+01
3.568856523691675608e+00
1.714383220269914077e+01
5.346537224790918863e+00
1.955248420727751180e+00
7.441566538249862361e+00
1.660181283716621081e+01
1.305063746150531188e+02
4.760387598243251084e+00
4.342891814460193700e+01
2.670990692170391867e+00
5.026888811736274221e+00
2.000764150040312384e+00
1.099284723635788907e+01
3.079478055548105164e+00
8.973651389280301771e+01
3.125309621815242078e+00
6.413297039679446421e+00
1.937464537613988114e+01
1.924204866696383132e+00
4.746461773832117537e+00
1.103806207609338408e+01
4.399586208839567192e+00
1.099898216652931859e+00
9.505462319360596268e+00
1.209091425121665342e+00
1.364626245781006331e+00
2.716148518028126180e+00
1.569978954007307914e+00
1.305943555157044855e+00
2.316001163583368605e+00
2.201594154600138964e+00
1.855234916852350979e+00
1.454943169857548746e+01
2.951986476474758092e+00
1.314329112547273581e+00
8.640520117539803380e+01
2.358737074848676230e+00
6.186415840849588221e+01
6.681827633792369880e+00
2.984749422249181094e+01
9.718549389291144536e+00
4.900226590049346242e+00
6.569130691457929494e+00
2.464089339610004536e+00
1.181952155222178336e+00
1.372423172140234549e+01
1.732643506051122051e+00
1.446096575827367392e+00
1.793350041335709522e+00
1.170343158974643316e+01
2.445238132446368695e+01
1.047292123878414749e+00
3.089013946254212328e+00
1.475152761924189315e+00
1.108276944392698971e+00
1.295409898923297387e+00
3.091073773323800822e+01
5.780144226993466638e+00
1.018047320235989650e+00
1.673615578306023011e+01
4.152958458572800104e+00
1.647439716462105297e+00
1.359231158347094626e+00
1.057006537906335142e+00
7.172558565207189929e+00
2.524194816964726584e+00
1.483220788631303044e+01
1.763430841246208081e+00
1.329636163587071263e+00
3.249875601926725643e+00
1.470365936813395003e+01
9.015969158039496278e+00
1.486547732629116547e+00
6.381657505623742566e+00
2.850994079020660621e+01
5.447052762787811986e+01
2.922596218321174000e+00
6.058871120225317242e+01
2.082977220279869712e+01
2.568186515916681678e+00
9.790794127531145818e+01
4.138108779181285257e+01
2.346964432160618674e+00
5.217093918675782760e+00
2.030775195804176292e+01
1.527713922915888478e+00
1.338537695372723046e+00
7.877320010444485376e+00
4.333936388722963606e+00
4.737796177950353460e+00
1.213737020212189099e+00
2.538162931115762433e+01
1.646743423717227151e+00
1.079649943718801524e+02
1.691018553543169034e+01
6.965743938340846597e+00
1.007201382573899906e+00
3.073474447601319159e+00
6.771035364465680217e+00
7.074962474812120483e+00
7.401887467399926379e+01
1.916833977404146960e+00
4.332661341283945866e+00
6.424299986200314727e+00
2.481438543270418862e+01
1.819244531002764509e+00
1.361054635748368824e+01
8.601152289794772088e+00
4.693400719050963232e+00
1.972193582626861286e+00
2.334275432610208423e+00
1.107060977343874342e+01
2.134502968546106327e+00
1.792204461679671823e+01
1.642372194586643275e+01
1.783653047560276095e+00
1.859231857601159055e+00
3.259007745539428669e+01
3.461372852791158028e+00
1.309915059102993107e+00
3.726887131155534938e+00
6.951570281230045723e+00
9.830910008064432759e+01
7.685165902833963614e+00
1.621838528749796637e+01
1.504129323627176618e+01
2.281786547556612987e+01
2.336894289596141316e+00
3.135776056032563375e+00
1.013749823216797274e+01
6.108576905973615467e+00
3.941446162392614383e+01
5.077118904862635951e+00
1.906345773294193968e+00
2.484702126831443536e+00
1.751127799615134251e+01
2.266547101763039862e+00
3.480494135672803679e+01
6.071867671445129844e+00
6.212784052335170060e+01
2.800914906434513441e+01
1.551946646700393018e+01
1.164433978081039456e+01
7.117641037187136810e+00
1.950936882683912854e+00
1.747079593852075163e+01
2.012686719270940827e+01
1.930401135250969791e+00
3.253698376790776781e+00
2.015259196524389118e+00
1.152672485805577907e+00
3.376630424229217198e+01
1.114087547222006647e+00
3.860357242903899699e+00
2.358313515256105219e+00
2.295793916818075431e+00
3.338034923221896833e+01
4.587413657370396436e+01
7.666647495721749195e+00
1.432426498264886439e+00
3.572919640508460226e+00
1.882469119554759596e+00
2.103208089712566675e+01
3.530324936115138978e+00
1.408531315688519925e+01
2.729226417435566265e+00
2.950500413395975130e+00
6.539860988727056679e+01
1.234792961540009948e+01
2.708768709489307369e+00
1.718937311514376916e+02
3.243873706634367693e+01
3.456619065440059302e+01
1.058449266922020460e+00
5.818492541653519368e+01
2.659053450834357690e+01
1.439238909602285954e+00
2.661260663942501825e+00
2.632766174418845750e+01
1.137420884368588681e+01
2.310642114800181446e+00
3.525608851791548037e+00
3.851949083676852403e+00
1.614438073855869460e+00
1.407247582996542956e+00
2.382608574740654017e+00
1.005227835940758707e+00
1.825883379210022861e+00
3.238380740404614766e+00
1.050943278552612270e+01
2.110054792767724408e+01
1.632968539336767222e+00
3.360357756373909766e+00
1.475220296493838124e+00
4.484936313047198198e+00
1.263016833945365347e+00
5.496605486689374764e+00
3.055307525563569548e+00
8.104427441552685352e+00
1.467362993096313062e+01
1.246617624886621423e+00
3.156555682824676357e+00
7.031224656165521836e+00
2.287182588912424563e+01
1.245088972239639702e+01
8.184100169883180342e+00
1.694003212482883436e+00
1.289681367089956510e+00
5.131678910374993130e+00
1.120636418537568169e+01
1.257287983198885684e+00
1.293278097360967660e+00
1.578547818479694165e+00
4.070190563113087912e+00
9.278710562373960968e+00
4.008446381673760328e+00
2.495444095541508034e+00
4.353752087212780175e+00
6.690320927453643485e+00
3.930680926318291579e+00
1.541320458828039586e+00
1.648659993081653452e+00
3.374547273575738693e+00
1.286394780640682534e+01
3.515013227311028743e+01
8.897782543001124367e+00
4.255157819669629582e+00
4.492297234388237115e+01
2.539085147393781217e+00
2.986387235982708610e+00
6.071011205184046133e+00
1.820605105477106633e+01
8.886347591848441141e+00
3.429201470958586739e+00
2.807223189989451839e+01
6.954873155772197890e+00
4.107734256602387113e+00
3.043867028016316922e+00
1.309600200058728126e+00
6.577568860583858701e+00
1.725140769906723603e+00
8.804494120547269986e+00
5.261137973807240087e+01
1.726031627603365148e+00
3.694036996180075860e+00
1.115308538131024152e+00
1.748846495606972251e+00
1.009422544739009941e+00
6.489838307126902350e+00
4.300014150902456755e+00
2.989704605057024196e+02
2.395950372527931194e+00
1.503671893191785003e+01
5.399127332200375662e+01
1.136841258792916198e+00
8.147424551874340892e+00
2.052091167250599479e+00
1.299316887197261217e+01
5.814662724377187786e+00
1.708851882536664313e+00
2.439056576201005555e+01
3.391822712924231542e+00
5.969538380200834382e+00
3.898428347206867706e+00
2.712770002683427162e+00
9.031412489984381509e+00
2.826864896340838840e+01
9.507006945227288952e+00
5.779858362948038675e+00
9.550356869420528483e+01
1.018106813897394103e+00
1.039740339227374522e+00
1.623282978333089943e+01
2.058774065653454599e+01
1.145112137740994385e+01
2.861891134381314927e+00
1.497265214552729429e+00
1.666287763614392015e+00
1.189510269594396208e+00
4.244332000689643536e+01
3.294134387074539205e+01
3.345839615223185604e+01
2.168687365675881722e+02
1.211468556470663316e+01
1.802044035407079914e+00
1.269513737462915737e+00
2.839570736399366080e+00
9.067330525568911170e+00
6.456119278504775139e+01
5.326987299530190967e+01
9.547276323452777547e+00
3.144085486368443938e+01
1.957860995004801552e+01
1.072092665263010058e+00
2.139365113669423391e+00
5.256936126663947562e+01
2.544558195914980203e+01
2.123519072884489045e+00
1.508841817827244824e+01
6.020939281779883601e+01
2.576999748505178545e+00
1.513440674259306817e+01
3.601131399877493209e+02
8.499746711638756835e+00
5.315528113601593496e+00
1.950003545060950216e+01
3.245542383277934650e+00
2.755525687435756321e+00
4.575737763094790722e+01
3.703111362722434574e+00
1.233268882821145240e+01
6.907117529464676409e+01
4.604436956437996287e+01
1.282915488483144850e+00
4.416329815344568921e+00
2.583434957812493593e+01
7.911306295451464798e+00
1.352111564555624534e+00
2.358038824208894368e+01
1.512636200876677322e+02
3.088855536156698278e+01
3.335266875763212013e+00
1.938479629388415901e+02
1.383857201798006642e+00
1.906484414044687625e+01
7.628289176898007895e+00
3.159123494482477668e+01
2.732083737409100710e+00
3.226557453527026720e+00
1.952748862303512078e+00
4.462230275428388460e+00
6.769462461314188495e+00
3.576591081347869849e+00
1.082701337909718786e+00
5.546053992495750151e+00
6.382091871770138169e+01
7.685351301959705950e+00
5.099874514103906797e+00
1.157753032654915692e+00
2.586429214635594054e+00
3.764304466838985519e+01
3.655751167244080335e+00
1.883440636741717578e+00
5.525855838491229299e+00
2.068649492319537231e+01
3.796908535365543713e+01
6.035883222670389792e+00
2.935017601932842979e+01
8.985081071116148621e+00
2.192890860425980915e+00
4.384690147941717520e+00
3.045835305083699929e+00
1.291173287780387646e+00
4.270390363800094846e+00
9.709957519712869356e+00
2.011904576965473979e+00
1.896371560325254668e+00
3.779988485017768074e+00
4.021997206166421535e+00
5.477422940912759941e+00
8.240296301838527882e+01
1.055121881600540545e+00
1.777127014631745050e+00
4.276675950519364555e+00
2.088960016461423042e+00
1.637203249734231392e+01
3.881878458779145546e+01
1.303836122444820944e+00
1.714010250536187385e+00
2.119289283807575419e+00
3.838148835339774223e+01
1.570003069229608528e+00
6.768070588876490490e+00
5.282453832593291487e+00
2.487635689900057567e+00
2.313748422174941588e+00
6.491875807710598245e+00
4.600117298278847855e+00
2.487127485738402921e+00
4.747790070279913621e+00
1.189814246205569637e+00
2.110527804654327433e+00
1.404235490141959808e+00
