9.663152694702148438e-02
7.242584228515625000e-02
6.081485748291015625e-02
1.450386047363281250e-01
2.209424972534179688e-01
8.847999572753906250e-02
2.611768245697021484e-01
4.815502166748046875e-01
4.336166381835937500e-02
7.914996147155761719e-02
4.370086407661437988e+01
7.394504547119140625e-02
1.677229404449462891e-01
7.443714141845703125e-02
2.483332157135009766e-01
3.985722064971923828e-01
4.339766502380371094e-02
7.206487655639648438e-02
6.675624847412109375e-02
8.307194709777832031e-02
9.873008728027343750e-02
1.855657100677490234e-01
5.097365450859069824e+01
7.982788324356079102e+00
1.953864097595214844e-01
2.464794635772705078e+00
1.035859584808349609e-01
5.679512023925781250e-02
4.522061347961425781e-02
1.029546260833740234e-01
1.081745624542236328e-01
7.746763181686401367e+01
1.007471084594726562e-01
2.590148448944091797e-01
9.912419319152832031e-02
6.025576591491699219e-02
4.163649082183837891e-01
6.764004230499267578e-01
8.808612823486328125e-02
1.933891773223876953e-01
3.119778633117675781e-01
1.767821311950683594e-01
6.900215148925781250e-02
6.805992126464843750e-02
5.382075071334838867e+00
2.439849376678466797e-01
7.041478157043457031e-02
5.045938491821289062e-02
6.882810592651367188e-02
2.046599388122558594e-01
5.346274375915527344e-02
4.084038734436035156e-02
4.270958900451660156e-02
2.393829822540283203e-01
2.516891956329345703e-01
7.668375968933105469e-02
4.793572425842285156e-02
4.687500000000000000e-02
1.449458599090576172e-01
5.740380287170410156e-02
1.246333122253417969e-01
4.368591308593750000e-02
1.136465072631835938e-01
8.830332756042480469e-02
1.129910945892333984e-01
5.672907829284667969e-02
2.606991195678710938e+01
6.925320625305175781e-02
5.178451538085937500e-02
4.861448483467102051e+02
1.351437568664550781e-01
1.105952262878417969e-01
2.494633197784423828e-01
9.073877334594726562e-02
4.780912399291992188e-02
9.303927421569824219e-02
2.065990447998046875e+00
1.165571212768554688e-01
4.781508445739746094e-02
3.065419197082519531e-02
5.888128280639648438e-02
7.056212425231933594e-02
9.449291229248046875e-02
7.467722892761230469e-02
2.064964771270751953e+00
1.593298912048339844e-01
3.164188861846923828e-01
1.004535436630249023e+00
5.128812789916992188e-02
7.141351699829101562e-02
7.436823844909667969e-02
7.459998130798339844e-02
1.116518974304199219e-01
7.331275939941406250e-02
5.427742004394531250e-02
5.239605903625488281e-02
6.645345687866210938e-02
7.248878479003906250e-02
4.923152923583984375e-02
9.040904045104980469e-02
1.364219188690185547e-01
1.513316631317138672e-01
1.035280227661132812e-01
1.117446422576904297e-01
1.304166316986083984e-01
5.937790870666503906e-02
7.073736190795898438e-02
1.968154907226562500e-01
1.317620277404785156e-01
5.098390579223632812e-02
4.063892364501953125e-01
1.030676364898681641e-01
8.126139640808105469e-02
4.441046714782714844e-02
2.571256160736083984e-01
2.633414268493652344e-01
5.019426345825195312e-02
8.380579948425292969e-02
4.719221591949462891e-01
1.325831413269042969e-01
9.996366500854492188e-02
4.598116874694824219e-02
4.438424110412597656e-02
5.006718635559082031e-02
1.224577426910400391e-01
2.331790208816528320e+00
9.049701690673828125e-02
5.285358428955078125e-02
9.705018997192382812e-02
4.887175559997558594e-02
8.788084983825683594e-02
5.408167839050292969e-02
4.438638687133789062e-02
6.888364315032958984e+00
4.665231704711914062e-02
6.231546401977539062e-02
5.133867263793945312e-02
1.827220916748046875e-01
1.035056114196777344e-01
7.137417793273925781e-02
3.119144439697265625e-01
5.609416961669921875e-02
8.309483528137207031e-02
2.145881652832031250e-01
1.775078773498535156e-01
7.930779457092285156e-02
9.305071830749511719e-02
4.912090301513671875e-02
7.789492607116699219e-02
6.287670135498046875e-02
2.565674781799316406e-01
1.162867045402526855e+01
6.036090850830078125e-02
2.167685031890869141e-01
4.408121109008789062e-02
5.994534492492675781e-02
5.823802947998046875e-02
7.466697692871093750e-02
1.338706016540527344e-01
3.514409065246582031e-02
8.407592773437500000e-02
9.004926681518554688e-02
7.689164686203002930e+01
9.977990150451660156e+00
3.801951246261596680e+02
7.371592521667480469e-02
4.680204391479492188e-02
1.173148155212402344e-01
1.426236629486083984e-01
4.329109191894531250e-02
5.171871185302734375e-02
2.720135211944580078e+00
5.281209945678710938e-02
9.729337692260742188e-02
5.073261260986328125e-02
3.397352695465087891e-01
1.418085098266601562e-01
1.958112716674804688e-01
5.598044395446777344e-02
7.339835166931152344e-02
6.950640678405761719e-02
1.454248428344726562e-01
6.350898742675781250e-02
5.856227874755859375e-02
7.026124000549316406e-02
1.205982019901275635e+02
1.322959589958190918e+01
5.217981338500976562e-02
6.139183044433593750e-02
1.810984611511230469e-01
1.547918319702148438e-01
5.481672286987304688e-02
1.271502971649169922e-01
4.687070846557617188e-02
7.731962203979492188e-02
9.852242469787597656e-02
6.721901893615722656e-02
7.008266448974609375e-02
7.857251167297363281e-02
7.811472415924072266e-01
