9.772086143493652344e-02
8.655905723571777344e-02
6.096482276916503906e-02
1.289312839508056641e-01
2.308859825134277344e-01
9.144973754882812500e-02
2.622399330139160156e-01
5.020811557769775391e-01
4.976892471313476562e-02
7.092022895812988281e-02
4.388756513595581055e+01
6.340503692626953125e-02
1.700265407562255859e-01
7.949590682983398438e-02
2.547047138214111328e-01
3.799345493316650391e-01
4.935455322265625000e-02
7.264542579650878906e-02
5.030202865600585938e-02
7.752180099487304688e-02
1.163334846496582031e-01
1.823573112487792969e-01
4.974080538749694824e+01
8.628106832504272461e+00
1.367337703704833984e-01
2.609833955764770508e+00
1.182713508605957031e-01
5.481290817260742188e-02
5.006742477416992188e-02
1.036257743835449219e-01
1.124005317687988281e-01
8.532402205467224121e+01
9.110021591186523438e-02
1.044080257415771484e-01
8.805608749389648438e-02
6.136488914489746094e-02
4.771015644073486328e-01
7.358117103576660156e-01
9.708571434020996094e-02
2.207214832305908203e-01
3.246128559112548828e-01
1.867952346801757812e-01
7.549738883972167969e-02
6.839132308959960938e-02
5.514529705047607422e+00
2.427785396575927734e-01
6.290173530578613281e-02
5.972170829772949219e-02
8.299803733825683594e-02
1.632170677185058594e-01
6.056094169616699219e-02
4.602169990539550781e-02
4.202198982238769531e-02
2.449476718902587891e-01
2.420051097869873047e-01
7.793927192687988281e-02
4.847908020019531250e-02
6.214332580566406250e-02
1.309130191802978516e-01
5.401659011840820312e-02
1.344535350799560547e-01
4.956316947937011719e-02
1.283657550811767578e-01
8.268642425537109375e-02
1.146428585052490234e-01
6.136536598205566406e-02
2.731450128555297852e+01
6.512188911437988281e-02
5.446076393127441406e-02
5.025347073078155518e+02
1.236703395843505859e-01
1.071369647979736328e-01
2.576301097869873047e-01
8.306384086608886719e-02
4.315447807312011719e-02
9.894680976867675781e-02
1.937067747116088867e+00
1.156764030456542969e-01
4.509353637695312500e-02
3.191590309143066406e-02
6.644773483276367188e-02
6.088542938232421875e-02
9.342551231384277344e-02
7.372689247131347656e-02
1.948856115341186523e+00
1.846270561218261719e-01
3.221752643585205078e-01
1.180446386337280273e+00
6.245279312133789062e-02
6.637239456176757812e-02
8.473634719848632812e-02
7.492828369140625000e-02
1.111264228820800781e-01
7.734417915344238281e-02
5.994725227355957031e-02
5.007314682006835938e-02
8.815526962280273438e-02
7.863473892211914062e-02
4.138374328613281250e-02
9.148740768432617188e-02
1.300344467163085938e-01
1.259546279907226562e-01
9.382748603820800781e-02
1.013538837432861328e-01
1.322300434112548828e-01
4.992246627807617188e-02
7.746362686157226562e-02
1.452419757843017578e-01
1.226797103881835938e-01
4.324841499328613281e-02
4.122352600097656250e-01
1.056656837463378906e-01
8.278226852416992188e-02
4.239153861999511719e-02
9.511923789978027344e-02
2.491698265075683594e-01
5.770659446716308594e-02
9.161400794982910156e-02
6.150281429290771484e-01
1.155934333801269531e-01
7.938051223754882812e-02
4.490137100219726562e-02
5.088591575622558594e-02
5.395817756652832031e-02
1.210992336273193359e-01
2.538424015045166016e+00
9.261274337768554688e-02
3.991174697875976562e-02
1.083819866180419922e-01
5.909085273742675781e-02
8.310842514038085938e-02
6.387734413146972656e-02
4.590034484863281250e-02
7.017851829528808594e+00
4.257345199584960938e-02
6.384253501892089844e-02
5.958080291748046875e-02
1.878252029418945312e-01
1.169555187225341797e-01
6.946492195129394531e-02
3.018002510070800781e-01
5.552506446838378906e-02
6.909441947937011719e-02
2.155206203460693359e-01
1.733574867248535156e-01
9.029746055603027344e-02
9.976267814636230469e-02
6.092548370361328125e-02
7.659935951232910156e-02
7.000756263732910156e-02
3.280229568481445312e-01
8.961997270584106445e+00
5.609464645385742188e-02
5.358910560607910156e-02
5.202484130859375000e-02
6.044816970825195312e-02
7.174158096313476562e-02
6.116366386413574219e-02
1.315653324127197266e-01
3.136324882507324219e-02
8.963251113891601562e-02
8.067989349365234375e-02
7.712613487243652344e+01
9.764181375503540039e+00
3.838345909118652344e+02
6.260466575622558594e-02
4.958581924438476562e-02
1.219213008880615234e-01
1.041765213012695312e-01
3.921890258789062500e-02
1.074309349060058594e-01
2.463922023773193359e+00
5.314445495605468750e-02
8.193969726562500000e-02
4.272174835205078125e-02
3.418264389038085938e-01
1.650278568267822266e-01
1.801757812500000000e-01
4.963803291320800781e-02
6.648182868957519531e-02
6.556868553161621094e-02
1.410353183746337891e-01
7.404041290283203125e-02
5.512523651123046875e-02
6.710171699523925781e-02
1.117115004062652588e+02
1.316102313995361328e+01
5.558657646179199219e-02
5.581545829772949219e-02
1.453652381896972656e-01
1.393256187438964844e-01
4.967951774597167969e-02
1.189491748809814453e-01
4.422783851623535156e-02
6.799483299255371094e-02
9.095835685729980469e-02
6.279683113098144531e-02
5.973076820373535156e-02
8.575153350830078125e-02
7.260217666625976562e-01
