5.448389053344726562e-02
8.654189109802246094e-02
6.143927574157714844e-02
4.629564285278320312e-02
1.998558044433593750e-01
8.802247047424316406e-02
2.386057376861572266e-01
4.163854122161865234e-01
4.223012924194335938e-02
6.667494773864746094e-02
3.951297020912170410e+01
6.177830696105957031e-02
1.659049987792968750e-01
4.673314094543457031e-02
2.130694389343261719e-01
3.218898773193359375e-01
4.092764854431152344e-02
6.858372688293457031e-02
6.534600257873535156e-02
6.990885734558105469e-02
2.034752368927001953e-01
1.113851070404052734e-01
5.151811122894287109e+01
7.172210931777954102e+00
1.025545597076416016e-01
6.669247150421142578e+00
9.699440002441406250e-02
4.287981986999511719e-02
3.895282745361328125e-02
7.725501060485839844e-02
9.487581253051757812e-02
6.616330838203430176e+01
7.820487022399902344e-02
5.445981025695800781e-02
8.703160285949707031e-02
4.513239860534667969e-02
3.699631690979003906e-01
6.847496032714843750e-01
4.723119735717773438e-02
1.918129920959472656e-01
2.477524280548095703e-01
1.549663543701171875e-01
3.603625297546386719e-02
6.404781341552734375e-02
4.973349809646606445e+00
2.499086856842041016e-01
6.233453750610351562e-02
3.704309463500976562e-02
6.867337226867675781e-02
1.359138488769531250e-01
4.921698570251464844e-02
3.742766380310058594e-02
4.013252258300781250e-02
1.784360408782958984e-01
1.966390609741210938e-01
8.150053024291992188e-02
3.950810432434082031e-02
4.704022407531738281e-02
9.730052947998046875e-02
2.845644950866699219e-02
1.191587448120117188e-01
3.898382186889648438e-02
4.968905448913574219e-02
8.434486389160156250e-02
1.060421466827392578e-01
4.714250564575195312e-02
2.400804567337036133e+01
6.826972961425781250e-02
4.261755943298339844e-02
4.595744054317474365e+02
5.641984939575195312e-02
4.043436050415039062e-02
2.581324577331542969e-01
8.254742622375488281e-02
4.665184020996093750e-02
9.075832366943359375e-02
1.849429845809936523e+00
1.111736297607421875e-01
4.700827598571777344e-02
2.618980407714843750e-02
4.945635795593261719e-02
4.995989799499511719e-02
8.418631553649902344e-02
6.339716911315917969e-02
9.688367843627929688e-01
1.445100307464599609e-01
3.126766681671142578e-01
2.149890899658203125e+00
5.810284614562988281e-02
6.135463714599609375e-02
7.408428192138671875e-02
9.052395820617675781e-02
1.003687381744384766e-01
8.354353904724121094e-02
2.811098098754882812e-02
5.167984962463378906e-02
7.198834419250488281e-02
8.423256874084472656e-02
4.460120201110839844e-02
9.367990493774414062e-02
7.751870155334472656e-02
1.433646678924560547e-01
9.887862205505371094e-02
7.630801200866699219e-02
1.032075881958007812e-01
5.273103713989257812e-02
6.449055671691894531e-02
1.349232196807861328e-01
1.304636001586914062e-01
3.976726531982421875e-02
3.899598121643066406e-01
9.678983688354492188e-02
6.285953521728515625e-02
4.402327537536621094e-02
4.588699340820312500e-02
2.517619132995605469e-01
3.835225105285644531e-02
7.791113853454589844e-02
4.508016109466552734e-01
7.679009437561035156e-02
2.059547901153564453e-01
3.689742088317871094e-02
4.343986511230468750e-02
5.202007293701171875e-02
9.293103218078613281e-02
2.302099704742431641e+00
1.017231941223144531e-01
4.258513450622558594e-02
1.946392059326171875e-01
3.163480758666992188e-02
5.911946296691894531e-02
6.470561027526855469e-02
3.602051734924316406e-02
8.072070598602294922e+00
4.913258552551269531e-02
6.345367431640625000e-02
1.891183853149414062e-02
2.177209854125976562e-01
9.837293624877929688e-02
6.548118591308593750e-02
2.342720031738281250e-01
5.487799644470214844e-02
7.297348976135253906e-02
2.045352458953857422e-01
1.628513336181640625e-01
7.134056091308593750e-02
9.011101722717285156e-02
5.590415000915527344e-02
6.152987480163574219e-02
7.619667053222656250e-02
2.407138347625732422e-01
8.766583204269409180e+00
8.530354499816894531e-02
4.301762580871582031e-02
5.311632156372070312e-02
6.231379508972167969e-02
7.329392433166503906e-02
6.918525695800781250e-02
1.627666950225830078e-01
2.589488029479980469e-02
3.078980445861816406e-01
8.841323852539062500e-02
7.119924235343933105e+01
3.920684099197387695e+01
3.551456680297851562e+02
8.005309104919433594e-02
4.221534729003906250e-02
1.138167381286621094e-01
9.620809555053710938e-02
4.306054115295410156e-02
3.754115104675292969e-02
8.793721199035644531e-01
5.825638771057128906e-02
7.342219352722167969e-02
4.033422470092773438e-02
3.387575149536132812e-01
9.948658943176269531e-02
8.415079116821289062e-02
6.021952629089355469e-02
7.778406143188476562e-02
5.498027801513671875e-02
1.325199604034423828e-01
3.573346138000488281e-02
4.019713401794433594e-02
7.695150375366210938e-02
1.176413195133209229e+02
8.257609701156616211e+01
5.878329277038574219e-02
5.647492408752441406e-02
1.507747173309326172e-01
1.315913200378417969e-01
4.647493362426757812e-02
1.217625141143798828e-01
5.308842658996582031e-02
6.928277015686035156e-02
9.470009803771972656e-02
6.096553802490234375e-02
5.865621566772460938e-02
7.580065727233886719e-02
2.501144409179687500e-01
