0.049658775329589844
0.03307604789733887
0.045235395431518555
0.10114336013793945
0.07795286178588867
0.03043389320373535
3.0372672080993652
0.05135178565979004
0.10151052474975586
69.94496297836304
0.3795478343963623
0.04360818862915039
0.04198312759399414
0.029763460159301758
0.36356019973754883
0.035567283630371094
0.02640533447265625
0.03830718994140625
0.019366741180419922
0.08620357513427734
0.020249128341674805
10.761432886123657
0.09888863563537598
0.2950928211212158
0.10569047927856445
0.9671576023101807
0.11069560050964355
23.42218804359436
0.06852388381958008
0.03151988983154297
0.09558987617492676
0.13945317268371582
0.031261444091796875
0.08282303810119629
0.24777698516845703
0.44620752334594727
0.09575629234313965
0.030063390731811523
0.06362295150756836
0.08933639526367188
0.038004398345947266
0.07331204414367676
0.27210569381713867
0.0737907886505127
16.0654878616333
0.9480147361755371
0.08209371566772461
0.03239893913269043
0.050504446029663086
0.020108938217163086
0.019553661346435547
0.06934928894042969
0.02807021141052246
0.052774906158447266
0.1834564208984375
0.02742457389831543
0.06353402137756348
0.07345747947692871
0.01365804672241211
0.026409387588500977
202.80463671684265
0.03726053237915039
0.058660030364990234
0.026708602905273438
0.09202384948730469
0.41211652755737305
0.03232383728027344
0.036736488342285156
0.18451404571533203
0.0985417366027832
0.06518816947937012
103.59191584587097
157.65984201431274
0.040024757385253906
0.08115196228027344
0.062166690826416016
0.015083074569702148
0.03538179397583008
0.02254939079284668
0.1300492286682129
0.14554238319396973
0.06519174575805664
0.24181151390075684
0.04292893409729004
0.021744251251220703
0.031012296676635742
0.02684950828552246
0.05655622482299805
0.03485512733459473
0.021757841110229492
1.7559115886688232
0.015514373779296875
0.05340218544006348
0.04947161674499512
0.054724693298339844
0.0317234992980957
0.060788869857788086
0.205369234085083
8.963395118713379
0.0490727424621582
0.023809194564819336
0.37839484214782715
0.1768035888671875
0.021881580352783203
0.12914633750915527
0.3060181140899658
0.03092479705810547
0.04119229316711426
0.08342552185058594
0.045491695404052734
0.1183922290802002
0.07979798316955566
0.025856494903564453
0.14211797714233398
0.28750181198120117
0.11244702339172363
20.884542226791382
0.03662848472595215
0.25263381004333496
0.14504647254943848
0.03253459930419922
0.02010941505432129
0.026083946228027344
0.03930234909057617
0.03253030776977539
0.05872535705566406
0.0874476432800293
0.10737490653991699
0.09282732009887695
0.02341437339782715
0.029863595962524414
0.060057640075683594
0.03575420379638672
0.04452991485595703
0.06764030456542969
0.05804753303527832
0.05265164375305176
0.03454780578613281
0.0789639949798584
0.7655594348907471
0.053995370864868164
7.555051565170288
0.04832339286804199
0.060067176818847656
10.866652011871338
0.34799766540527344
0.026917219161987305
0.03462958335876465
0.26663804054260254
0.05430102348327637
0.09886527061462402
57.985262393951416
0.8000433444976807
1.2801146507263184
0.04038882255554199
0.032835960388183594
0.02131795883178711
0.031919240951538086
0.23324275016784668
0.0360264778137207
0.059207916259765625
0.08898162841796875
0.08222150802612305
0.10235714912414551
0.25482678413391113
0.14546632766723633
6.312131643295288
0.0671701431274414
0.03428244590759277
0.04718494415283203
0.2107563018798828
0.07029342651367188
0.03496694564819336
0.05596208572387695
1.177825689315796
0.20131564140319824
0.08745908737182617
0.02545452117919922
0.05990242958068848
0.07909536361694336
0.14661264419555664
0.036615848541259766
0.01256108283996582
0.12248730659484863
0.023487329483032227
0.32502293586730957
0.025752782821655273
0.0493779182434082
0.03538656234741211
0.02610015869140625
0.3261573314666748
3.4266533851623535
0.07308197021484375
0.5315327644348145
0.03993034362792969
1.0224518775939941
0.031342506408691406
0.11093473434448242
0.08688640594482422
0.1316089630126953
