20001.77734375
284342.3125
39235.21484375
13956.7314453125
39088860.0
1830026.875
1991948.625
16375387.0
1759686.375
1156044.875
14644.3330078125
1744877.125
633564.9375
16782.2421875
902348.375
836191.25
62682.32421875
568439.6875
52203.18359375
56216.58984375
4769445.5
69193.5390625
6343539.5
3775987.25
673444.375
49517.4453125
1127240.0
487033.03125
74329024.0
1628022.625
4227429.5
20580392.0
34073108.0
610401.9375
1412997.125
27446376.0
31834892.0
1565024.125
3335482.5
20138496.0
10226699.0
523350.625
5592775.5
8027257.5
19765904.0
18307304.0
3988621.5
31994372.0
2584081.75
824806.875
198787.734375
1046425.1875
4143177.25
13467.0654296875
4505468.5
3718382.0
62682.02734375
2884437.25
350471.78125
387144.21875
4819880.0
3317507.75
272126.15625
9397532.0
17546560.0
893023.0
224740.078125
6526642.5
3178123.25
69983.34375
10532608.0
19622000.0
5630359.0
3990261.5
13000.900390625
5512167.0
4769445.5
6673737.0
496643.1875
5407171.5
48758992.0
393324.90625
2304317.0
24330428.0
50598728.0
88483.703125
551675.125
6759718.5
697152.3125
1031641.1875
45647.734375
1054778.25
46964.14453125
202134.1875
1417361.875
412512.0625
4769445.5
4500066.5
22848.31640625
4395751.5
8777861.0
2304317.0
38264.25390625
5330249.5
43980904.0
528923.625
393290.78125
23883512.0
602930.5
5791728.0
442737.8125
7495524.5
30230656.0
1050897.625
284317.09375
7401532.5
5326037.0
2545.806640625
1156588.5
981017.5625
23555.26953125
680826.75
16212.3486328125
28330.025390625
39088860.0
39774.8359375
36680.95703125
60681.15234375
4769445.5
2751811.25
15268.150390625
3289387.25
19765904.0
8875319.0
2448104.5
37761124.0
3013615.75
6794.40087890625
57069.44140625
57586.09375
3013615.75
16077.4013671875
3559713.25
2984408.75
14013610.0
1533403.5
2910377.75
11926703.0
2584081.75
1309011.5
1339358.75
2571352.75
20001.77734375
1104921.875
25524.0390625
51457.4921875
69799016.0
914817.9375
3821645.25
55591764.0
17515660.0
1059796.625
1921986.0
3920953.25
847319.0
56065.55078125
1868029.75
825517.4375
5630359.0
6702190.0
19746.1640625
10499954.0
527776.875
132499.28125
8236220.0
3047307.75
1999809.625
3406641.5
62096.078125
1974839.875
5630359.0
2130514.5
4998.8505859375
2488443.0
812712.0
1309011.5
40114.18359375
808359.3125
43980904.0
445251.25
343459.75
16593557.0
2897508.5
7144950.5
1270416.75
11243556.0
33875788.0
469119.40625
2887803.25
23094760.0
10226699.0
5315122.5
5408625.0
29864216.0
224787.03125
156032.453125
612586.5
212350.625
43980904.0
485384.1875
724868.375
10477748.0
1650824.25
1713152.75
62096.078125
1626247.375
5630359.0
29604.3828125
4406122.5
4564102.5
10226699.0
433893.8125
3479060.0
2038462.875
14925038.0
3374398.0
1538170.75
12868371.0
9790263.0
2884393.25
1963006.625
8686905.0
39088860.0
4457342.0
2062914.625
37035988.0
74329024.0
11136095.0
5647223.5
66011192.0
50847368.0
14244.76171875
23962.0078125
562460.5
847319.0
4929458.5
166267.375
4807192.5
15772645.0
2721490.25
1684470.875
17224972.0
10226699.0
13178060.0
17796448.0
35445496.0
39088860.0
19552024.0
7098745.5
57398020.0
20001.77734375
897151.9375
123699.7109375
54250.3671875
51683580.0
18689.962890625
35008.04296875
58696.203125
33335.609375
9549.9541015625
742972.375
24603.658203125
39088860.0
19536964.0
7091316.0
57398136.0
1591077.25
1353539.875
84258.265625
2839601.75
4769445.5
18418.130859375
3008900.5
6120376.5
14013610.0
288709.90625
960285.6875
3357644.5
4819880.0
7507.37060546875
3218070.75
5897994.5
5630359.0
13354.701171875
4039188.0
5676716.0
48758992.0
1772262.0
10911209.0
58636476.0
39088860.0
4039461.75
3581905.75
38932084.0
45616688.0
1974160.0
703842.75
22347560.0
5630359.0
4350.5830078125
2010804.125
2380045.25
39088860.0
2376926.75
2568519.5
25286424.0
9790263.0
1137160.75
3597256.0
9767416.0
10226699.0
5901849.0
7601533.0
29153056.0
4769445.5
3597256.0
13274.8896484375
4764131.5
95165864.0
773467.6875
318512.78125
7365936.5
16171276.0
70361.0546875
394341.59375
2312268.25
2787287.75
234142.71875
1861542.25
11235687.0
9175183.0
8054049.5
8475321.0
11584766.0
32653048.0
975864.9375
871775.5
17167544.0
847319.0
1008277.6875
6369.0537109375
427045.125
5618425.0
2261640.25
1756569.375
5617058.5
9309455.0
9102704.0
3661289.0
25556548.0
3448702.0
9804690.0
62658436.0
506329344.0
36405788.0
636748.6875
1819323.125
34731888.0
20266272.0
25687.8515625
76009.984375
138542.765625
35088180.0
920854.0625
549348.8125
6753165.0
4980934.5
636425.75
30974780.0
110186712.0
22703.798828125
20632.662109375
571321.25
24324.056640625
4769445.5
215523.0
20002904.0
24749948.0
6255283.5
17668.03125
1890438.875
7089314.5
697152.3125
123722.234375
9248132.0
1180740.5
4769445.5
3385925.5
9005.0751953125
3164401.75
6395049.0
1814291.625
8844167.0
4733693.0
14925038.0
5064596.0
8754077.0
38299852.0
72769.046875
170896.21875
1871564.0
449313.84375
48758992.0
19117688.0
1355480.125
170597056.0
2584081.75
1277419.375
1036777.9375
3281754.5
20001.77734375
1639437.0
94160.6484375
150140.78125
14925038.0
8053012.5
8818454.0
52508688.0
31834892.0
2064120.875
693107.75
5824963.5
38746440.0
2197387.75
2308984.75
19672324.0
697152.3125
1110.6358642578125
370207.6875
62428.77734375
31834892.0
2258332.0
3580044.75
31406864.0
10226699.0
7506061.5
5779153.5
28880316.0
14925038.0
3969507.25
958477.875
3281851.5
1853899.25
8931.11328125
892031.4375
1116479.125
9309455.0
4065688.25
40709.1640625
9309686.0
13806247.0
1609385.75
2608594.5
15921658.0
49463304.0
235284.296875
991025.5625
7417615.5
10616736.0
1017466.8125
1836725.125
2336182.5
23412052.0
2459655.75
390148.28125
8156693.0
62454644.0
1974598.875
449253.8125
27756456.0
697152.3125
39087.35546875
538731.1875
304517.09375
4143177.25
77399.3984375
19538640.0
23753852.0
19765904.0
2257595.5
318061.71875
15404714.0
53611984.0
890722.25
519909.15625
35810140.0
39088860.0
2225485.5
2304317.0
19861932.0
48758992.0
308819.15625
793784.0625
12738966.0
15597989.0
398413.9375
1761656.0
6601807.0
37777408.0
1467472.5
284990.34375
18526920.0
84755.359375
104972.4140625
3346261.25
391681.625
39088860.0
19088032.0
12179951.0
150477024.0
48758992.0
1249539.125
252917.015625
19837928.0
10226699.0
385878.09375
8655472.0
13341819.0
10226699.0
3364148.0
17340776.0
12252812.0
4769445.5
44213.27734375
3396873.75
2049521.25
76672392.0
5834954.5
8493186.0
53458716.0
1591077.25
1377931.875
13086.58984375
1609577.5
36021540.0
135098.96875
1133289.25
4273416.0
438723.78125
88731.46875
5135876.0
6380878.5
21103.53125
3079831.5
473304.03125
520670.78125
16171276.0
1339358.75
3559713.25
15972635.0
122023.953125
398.13751220703125
486111.9375
21282.58984375
90269.1875
965416.875
30901.447265625
94830.4140625
15138113.0
2619486.25
2457831.5
5520747.5
14925038.0
3601014.25
1320280.0
14924839.0
20001.77734375
7005.1240234375
418901.125
13401.375
48758992.0
2304317.0
393324.90625
24330428.0
845561.6875
1713152.75
12797.638671875
826143.625
5630359.0
2545.806640625
1351045.875
1635258.375
33053268.0
5830765.5
3502520.25
65629172.0
19765904.0
2198205.25
379866.59375
10618904.0
51157496.0
69277.71875
32033.689453125
105403.5625
5400621.0
19541956.0
109710.234375
38627932.0
123640.265625
6023857.0
446394.53125
1311963.5
5705340.5
62096.078125
3990261.5
5635866.0
66270940.0
958728.3125
3686097.0
24377436.0
15526513.0
7376643.5
7123580.0
61193180.0
49863704.0
5967535.5
5056522.0
18032656.0
697152.3125
6067363.0
444579.1875
4491072.0
812712.0
49064.56640625
223.0390625
18894.763671875
812712.0
36717.07421875
709.2645874023438
24189.669921875
5630359.0
4065688.25
13256.54296875
5630332.5
4359530.5
188623.453125
5594935.5
14531051.0
20001.77734375
64793.35546875
460247.25
34929.83984375
4407627.0
7049227.5
144382.203125
7833592.5
9175183.0
6731554.0
4753616.0
8289481.5
113995.59375
13143.828125
1117398.5
93152.078125
10056556.0
5334434.5
4842567.5
20601640.0
20001.77734375
1848419.375
168641.71875
165996.921875
9309455.0
5259.95849609375
701977.8125
1243841.875
19906152.0
2146180.5
276662.3125
21519868.0
39088860.0
3990261.5
3559713.25
38732400.0
4546538.5
2804459.25
143121.765625
3610243.75
20001.77734375
9005.9775390625
456396.4375
14867.232421875
23412052.0
2827911.0
454489.21875
10241612.0
12723837.0
5565061.0
1362468.25
7504072.0
3970438.75
518260.6875
96.75489044189453
187166.28125
19765904.0
756398.875
5773518.0
10524858.0
2043681.5
62903.8984375
1320280.0
2043691.25
18770676.0
410744.78125
2092451.375
10897815.0
3344388.5
20140416.0
546592.75
26941040.0
697152.3125
13874.7109375
1100638.25
582335.1875
43980904.0
1356794.125
4826191.5
53401036.0
51594932.0
1535950.125
356120.0
28811764.0
17970236.0
2349989.75
2478694.0
4004847.5
14925038.0
3820391.75
2236792.5
11229947.0
812712.0
239412.203125
8645630.0
1843384.75
697152.3125
46857984.0
657618.8125
14991057.0
4769445.5
14935.90625
3156908.5
3674248.5
542665.5625
870457.9375
208457.390625
1605738.5
10226699.0
5058634.5
1125216.5
10512479.0
4769445.5
3601014.25
13256.54296875
4769669.0
4769445.5
13000.900390625
3559713.25
4721208.5
10226699.0
1075258.875
457105.1875
608247.3125
39088860.0
1290742.75
1676331.625
14490006.0
6395049.0
14546719.0
14085292.0
26912948.0
10616736.0
12367.330078125
51903.33984375
111654.4140625
4769445.5
1386276.625
3358.38916015625
2365301.5
39088860.0
4067751.5
3597256.0
39036108.0
10616736.0
1037767.0625
2581318.25
1643400.5
2043707.0
340217.34375
16629.271484375
577871.125
