1.920628547668457031e-01
1.861288547515869141e-01
1.739618778228759766e-01
7.503652572631835938e-02
7.491755485534667969e-02
6.489610671997070312e-02
4.466319084167480469e-02
6.710028648376464844e-02
2.354991436004638672e-01
1.840808391571044922e-01
3.061032295227050781e-02
5.967807769775390625e-02
1.193258762359619141e-01
6.885766983032226562e-02
1.616544723510742188e-01
9.597992897033691406e-02
7.484483718872070312e-02
2.336983680725097656e-01
4.095911979675292969e-02
8.026254177093505859e-01
1.487016677856445312e-01
6.647038459777832031e-02
2.319273948669433594e-01
7.541060447692871094e-02
6.103587150573730469e-02
3.046391010284423828e-01
6.763505935668945312e-02
6.351437568664550781e-01
6.857752799987792969e-02
5.819487571716308594e-02
7.301712036132812500e-02
1.790122985839843750e-01
1.561312675476074219e-01
4.906463623046875000e-02
6.328344345092773438e-02
2.619104385375976562e-01
7.312140464782714844e-01
7.871937751770019531e-02
6.197905540466308594e-02
1.918065547943115234e-01
2.337467670440673828e-01
6.184625625610351562e-02
6.564164161682128906e-02
6.484103202819824219e-02
2.127020359039306641e-01
6.459593772888183594e-02
6.495118141174316406e-02
1.442356109619140625e-01
3.156709671020507812e-02
7.098603248596191406e-02
6.295490264892578125e-02
6.883239746093750000e-02
9.435939788818359375e-02
8.143663406372070312e-02
1.869263648986816406e-01
3.239011764526367188e-01
1.718947887420654297e-01
1.799750328063964844e-01
4.555416107177734375e-02
8.034253120422363281e-02
2.837357521057128906e-01
4.108643531799316406e-02
1.567049026489257812e-01
1.406302452087402344e-01
8.757090568542480469e-02
6.213331222534179688e-02
9.694647789001464844e-02
6.612133979797363281e-02
1.390712261199951172e-01
6.547832489013671875e-02
2.413797378540039062e-02
7.890176773071289062e-02
6.525588035583496094e-02
7.374525070190429688e-02
6.201720237731933594e-02
4.341542720794677734e-01
9.262752532958984375e-02
4.987430572509765625e-01
1.432883739471435547e-01
7.070088386535644531e-02
6.655735969543457031e-01
3.645987510681152344e-01
7.458734512329101562e-02
1.277868747711181641e-01
8.735561370849609375e-02
1.723952293395996094e-01
2.166321277618408203e-01
7.039952278137207031e-02
2.098343372344970703e-01
2.939641475677490234e-01
1.230354309082031250e-01
2.660274505615234375e-02
6.463408470153808594e-02
9.490752220153808594e-02
1.817250251770019531e-01
6.211757659912109375e-02
8.084106445312500000e-02
6.548500061035156250e-02
2.764308452606201172e-01
2.900695800781250000e-02
6.371569633483886719e-02
1.015138626098632812e-01
7.283687591552734375e-02
2.089984416961669922e-01
4.126286506652832031e-02
3.056859970092773438e-02
8.591723442077636719e-02
7.519459724426269531e-02
9.377336502075195312e-02
2.042016983032226562e-01
7.589268684387207031e-02
5.886936187744140625e-02
9.232139587402343750e-02
9.182500839233398438e-02
6.288909912109375000e-02
1.738643646240234375e-01
8.540153503417968750e-02
3.122851848602294922e-01
8.099985122680664062e-02
1.003606319427490234e-01
8.770370483398437500e-02
6.329679489135742188e-02
6.325817108154296875e-02
6.423974037170410156e-02
6.703019142150878906e-02
9.371256828308105469e-02
3.146362304687500000e-02
5.789732933044433594e-02
6.335425376892089844e-02
2.800889015197753906e-01
5.577683448791503906e-02
6.977891921997070312e-02
1.083171367645263672e-01
4.925842285156250000e-01
9.138703346252441406e-02
3.619003295898437500e-02
1.009495258331298828e-01
7.772612571716308594e-02
6.214809417724609375e-02
1.351516246795654297e-01
7.545566558837890625e-02
6.414365768432617188e-02
1.225731372833251953e-01
2.847838401794433594e-02
6.484699249267578125e-02
1.256725788116455078e-01
1.442430019378662109e-01
3.705313205718994141e-01
2.135314941406250000e-01
5.984807014465332031e-02
1.631650924682617188e-01
9.825062751770019531e-02
6.425094604492187500e-02
6.886696815490722656e-02
9.617710113525390625e-02
3.540921211242675781e-02
3.168463706970214844e-02
6.532764434814453125e-02
5.987954139709472656e-02
6.530833244323730469e-02
9.133458137512207031e-02
2.280519008636474609e-01
6.749055385589599609e-01
8.175039291381835938e-02
6.674909591674804688e-02
6.038904190063476562e-02
2.484784126281738281e-01
9.166145324707031250e-02
1.508884429931640625e-01
6.909084320068359375e-02
1.945450305938720703e-01
4.543778896331787109e-01
9.346628189086914062e-02
5.715727806091308594e-02
8.133912086486816406e-02
6.827974319458007812e-02
6.501460075378417969e-02
6.456966400146484375e-01
3.139979839324951172e-01
6.873035430908203125e-02
3.571405410766601562e-01
6.929469108581542969e-02
7.127761840820312500e-02
3.080043792724609375e-01
9.653949737548828125e-02
8.435916900634765625e-02
7.420420646667480469e-02
7.092189788818359375e-02
9.672284126281738281e-02
1.310122013092041016e-01
6.666564941406250000e-02
1.452195644378662109e-01
2.592747211456298828e-01
6.502556800842285156e-02
6.605601310729980469e-02
2.050707340240478516e-01
1.770052909851074219e-01
3.757166862487792969e-02
2.990806102752685547e-01
7.062339782714843750e-02
