6.968245506286621094e+00
5.649534702301025391e+00
1.260563850402832031e+00
1.990302133560180664e+01
4.373557567596435547e-01
8.730086088180541992e+00
7.015314102172851562e-01
2.325202941894531250e+01
3.092657089233398438e+00
6.316447257995605469e-01
7.360329627990722656e-01
1.130777835845947266e+00
3.881101608276367188e-01
1.596380472183227539e+00
4.610550403594970703e-01
5.393393039703369141e-01
1.017305374145507812e+00
1.784172296524047852e+00
1.802513599395751953e-01
5.876047611236572266e-01
4.033207893371582031e-01
5.904898643493652344e-01
4.377423524856567383e+00
4.414420127868652344e-01
3.675023317337036133e+00
1.174309015274047852e+00
5.640051364898681641e-01
2.199034929275512695e+00
1.780339479446411133e+00
1.776328563690185547e+00
4.216521024703979492e+00
1.616115093231201172e+00
8.181040287017822266e-01
2.479319095611572266e+00
7.571675777435302734e-01
3.757977247238159180e+00
5.331494808197021484e-01
7.093272209167480469e-01
5.268731117248535156e-01
4.281821250915527344e-01
2.708240032196044922e+00
2.479921817779541016e+00
1.111016511917114258e+00
4.773159027099609375e-01
2.503023147583007812e+00
5.338053703308105469e-01
9.930572509765625000e-01
6.518568992614746094e-01
1.807281732559204102e+00
3.921947479248046875e-01
9.186735153198242188e-01
6.697709560394287109e-01
2.679643630981445312e-01
2.236933469772338867e+00
2.678944349288940430e+00
7.008695602416992188e-01
1.840424299240112305e+00
2.809788942337036133e+00
1.796818733215332031e+00
4.094413518905639648e+00
3.259782791137695312e-01
1.720672369003295898e+00
3.916745185852050781e-01
2.765154361724853516e+00
3.584017753601074219e-01
2.134549617767333984e+00
1.083178043365478516e+00
1.085640192031860352e+00
3.565833568572998047e-01
3.284490108489990234e-01
7.677595615386962891e-01
1.582722425460815430e+00
2.136929750442504883e+00
1.602130174636840820e+00
1.424321413040161133e+00
7.602496147155761719e-01
5.211114883422851562e-01
9.507365226745605469e-01
3.055239677429199219e+00
2.531541347503662109e+00
6.530165672302246094e-01
5.538001060485839844e-01
8.391714096069335938e-01
4.824604988098144531e-01
4.134271144866943359e-01
3.126213550567626953e-01
3.964314460754394531e-01
6.526944637298583984e-01
1.776980161666870117e+00
2.839303016662597656e+00
1.643044948577880859e+00
9.653124809265136719e-01
1.733782291412353516e-01
2.314429044723510742e+00
5.428512096405029297e-01
4.367625236511230469e+00
1.808291673660278320e+00
3.230501413345336914e+00
5.679862499237060547e-01
7.383129596710205078e-01
2.316601753234863281e+00
8.956365585327148438e-01
1.882135391235351562e+00
3.355011224746704102e+00
8.294320106506347656e-01
1.779549598693847656e+00
5.687894821166992188e-01
2.161334276199340820e+00
5.259418487548828125e-01
2.399157285690307617e+00
1.379734039306640625e+00
2.856497764587402344e+00
5.269875526428222656e-01
1.902109861373901367e+00
7.467682361602783203e-01
8.188190460205078125e-01
1.731007337570190430e+00
4.607555866241455078e-01
1.180877923965454102e+00
6.350510120391845703e-01
9.557235240936279297e-01
9.867765903472900391e-01
1.051503419876098633e+00
2.389761924743652344e+00
2.184670209884643555e+00
2.199677944183349609e+00
2.632188796997070312e-01
7.052392959594726562e-01
7.954738140106201172e-01
7.615056037902832031e-01
5.346591472625732422e-01
3.794424533843994141e-01
2.081266641616821289e+00
2.558133602142333984e-01
7.315144538879394531e-01
6.613395214080810547e-01
6.090345382690429688e-01
3.119288444519042969e+00
2.242137908935546875e+00
4.474585056304931641e-01
8.144991397857666016e-01
6.490952968597412109e-01
3.042619466781616211e+00
5.208737850189208984e-01
6.055479049682617188e-01
8.304920196533203125e-01
7.378170490264892578e-01
1.077101469039916992e+00
1.018117427825927734e+00
8.368284702301025391e-01
1.434338808059692383e+00
6.694643497467041016e-01
2.198066473007202148e+00
3.668397188186645508e+00
6.503665447235107422e-01
5.525925159454345703e-01
2.460626840591430664e+00
1.249086856842041016e-01
4.686439752578735352e+00
1.319308280944824219e-01
7.356600761413574219e-01
7.536036968231201172e-01
5.671932697296142578e-01
7.591536045074462891e-01
2.061808824539184570e+00
7.023682594299316406e-01
6.636688709259033203e-01
2.158254384994506836e+00
4.081227779388427734e-01
1.410362243652343750e+00
6.885046958923339844e-01
4.520597457885742188e-01
5.293655395507812500e-01
1.278207063674926758e+00
1.832961082458496094e+00
2.560829877853393555e+00
3.793795108795166016e-01
3.348150253295898438e-01
6.018149852752685547e-01
7.126321792602539062e-01
1.567428827285766602e+00
1.454970359802246094e+00
7.337691783905029297e-01
7.740032672882080078e-01
5.879921913146972656e-01
1.206892251968383789e+00
4.762544631958007812e-01
5.828859806060791016e-01
3.836788415908813477e+00
4.314229488372802734e-01
3.777899503707885742e+00
5.066936016082763672e-01
1.859325170516967773e+00
2.363205432891845703e+00
2.625341415405273438e-01
1.342045545578002930e+00
7.399926185607910156e-01
2.081896305084228516e+00
2.669219017028808594e+00
1.124812364578247070e+00
