6.887943983078002930e+00
8.746463298797607422e+00
1.099176645278930664e+00
2.065698885917663574e+01
4.714412689208984375e-01
9.189408302307128906e+00
7.439212799072265625e-01
2.481598544120788574e+01
3.586762666702270508e+00
7.132766246795654297e-01
7.745921611785888672e-01
1.071128845214843750e+00
3.972747325897216797e-01
1.932100772857666016e+00
5.174214839935302734e-01
6.077027320861816406e-01
1.125234365463256836e+00
2.209530353546142578e+00
1.729266643524169922e-01
5.898418426513671875e-01
5.398726463317871094e-01
6.938736438751220703e-01
4.531472444534301758e+00
4.207096099853515625e-01
3.691581964492797852e+00
1.209272861480712891e+00
6.313381195068359375e-01
2.564333200454711914e+00
1.971615076065063477e+00
2.082103013992309570e+00
4.516074180603027344e+00
1.974629163742065430e+00
9.453759193420410156e-01
2.917008876800537109e+00
9.114866256713867188e-01
4.022468328475952148e+00
5.481181144714355469e-01
8.488256931304931641e-01
4.977056980133056641e-01
5.029458999633789062e-01
2.900071620941162109e+00
2.783728599548339844e+00
1.173037528991699219e+00
4.472348690032958984e-01
2.649198770523071289e+00
5.624160766601562500e-01
1.081834554672241211e+00
7.709965705871582031e-01
1.893005132675170898e+00
4.700608253479003906e-01
1.002337455749511719e+00
7.192993164062500000e-01
2.408013343811035156e-01
2.378490447998046875e+00
3.041116714477539062e+00
8.332290649414062500e-01
1.935034513473510742e+00
2.866644382476806641e+00
1.784083366394042969e+00
4.496011734008789062e+00
3.567690849304199219e-01
1.872991323471069336e+00
3.715863227844238281e-01
2.995164871215820312e+00
3.997879028320312500e-01
2.311034917831420898e+00
1.189534425735473633e+00
1.168493509292602539e+00
4.270691871643066406e-01
3.629961013793945312e-01
8.142309188842773438e-01
1.748664379119873047e+00
2.300116062164306641e+00
1.721749782562255859e+00
1.582727432250976562e+00
7.752065658569335938e-01
5.947563648223876953e-01
9.137077331542968750e-01
3.179782867431640625e+00
2.710369825363159180e+00
7.334473133087158203e-01
5.689687728881835938e-01
9.274876117706298828e-01
4.526946544647216797e-01
5.156705379486083984e-01
3.644382953643798828e-01
3.822736740112304688e-01
7.440373897552490234e-01
1.892065525054931641e+00
3.209834098815917969e+00
1.738868713378906250e+00
1.021927118301391602e+00
1.829595565795898438e-01
2.494795799255371094e+00
5.953814983367919922e-01
4.694951057434082031e+00
1.933709144592285156e+00
3.520826339721679688e+00
6.082098484039306641e-01
8.500714302062988281e-01
2.522669553756713867e+00
9.996416568756103516e-01
2.074347019195556641e+00
3.539563894271850586e+00
8.721601963043212891e-01
1.886666536331176758e+00
5.348904132843017578e-01
2.334329843521118164e+00
5.776879787445068359e-01
2.595554351806640625e+00
1.473760128021240234e+00
3.076335668563842773e+00
5.643615722656250000e-01
2.052955627441406250e+00
6.911194324493408203e-01
9.139013290405273438e-01
1.841584205627441406e+00
5.697031021118164062e-01
1.324337959289550781e+00
7.113671302795410156e-01
1.052446126937866211e+00
1.006082296371459961e+00
1.148959398269653320e+00
2.652874231338500977e+00
2.253655195236206055e+00
2.514551877975463867e+00
2.425885200500488281e-01
7.772572040557861328e-01
7.589411735534667969e-01
8.418252468109130859e-01
5.269367694854736328e-01
4.291825294494628906e-01
2.266514778137207031e+00
2.484495639801025391e-01
7.654101848602294922e-01
5.951247215270996094e-01
6.547291278839111328e-01
3.447684526443481445e+00
2.483658552169799805e+00
4.865953922271728516e-01
8.288600444793701172e-01
7.488234043121337891e-01
3.208332777023315430e+00
5.365891456604003906e-01
5.986771583557128906e-01
8.829336166381835938e-01
8.096461296081542969e-01
1.078232049942016602e+00
1.056731939315795898e+00
8.396024703979492188e-01
1.495894908905029297e+00
7.354602813720703125e-01
2.248891353607177734e+00
3.792722940444946289e+00
6.878488063812255859e-01
5.745439529418945312e-01
2.559354066848754883e+00
1.252095699310302734e-01
4.793591499328613281e+00
1.508245468139648438e-01
8.346359729766845703e-01
8.003325462341308594e-01
5.854141712188720703e-01
7.639265060424804688e-01
2.163714647293090820e+00
7.424426078796386719e-01
6.892676353454589844e-01
2.304051876068115234e+00
4.703190326690673828e-01
1.415543556213378906e+00
7.083001136779785156e-01
5.587892532348632812e-01
5.886936187744140625e-01
1.487781286239624023e+00
2.070959806442260742e+00
2.801799774169921875e+00
3.880562782287597656e-01
3.262503147125244141e-01
7.572286128997802734e-01
7.373964786529541016e-01
1.796813964843750000e+00
1.625369787216186523e+00
7.220737934112548828e-01
7.504665851593017578e-01
6.305313110351562500e-01
1.272713661193847656e+00
5.652003288269042969e-01
6.409096717834472656e-01
4.403139114379882812e+00
4.635326862335205078e-01
3.890433073043823242e+00
5.366301536560058594e-01
1.953961849212646484e+00
2.379227638244628906e+00
2.963438034057617188e-01
1.548899412155151367e+00
8.192825317382812500e-01
2.224130630493164062e+00
2.741620779037475586e+00
1.140428781509399414e+00
