7.862731218338012695e+00
4.425685405731201172e+00
1.136704921722412109e+00
4.520783424377441406e-01
4.434223175048828125e-01
4.299695491790771484e-01
6.765227317810058594e-01
3.623883724212646484e-01
1.149367642402648926e+01
4.770901203155517578e-01
7.941431999206542969e-01
4.808933734893798828e-01
3.547134399414062500e-01
6.724483966827392578e-01
4.903354644775390625e-01
3.966689109802246094e-01
4.934325218200683594e-01
8.649606704711914062e-01
1.796514987945556641e-01
4.953894615173339844e-01
2.929029464721679688e-01
6.172387599945068359e-01
2.898021221160888672e+00
1.584376621246337891e+01
8.433756828308105469e-01
7.867479324340820312e-01
5.214560031890869141e-01
1.189482688903808594e+00
3.799679279327392578e-01
6.945207118988037109e-01
4.321620464324951172e-01
1.579597711563110352e+00
5.030276775360107422e-01
1.645689487457275391e+00
7.242488861083984375e-01
6.176309585571289062e-01
4.127852916717529297e-01
6.724164485931396484e-01
2.537298202514648438e-01
4.372930526733398438e-01
7.009065151214599609e-01
1.219002723693847656e+00
5.057039260864257812e-01
4.125578403472900391e-01
4.258246421813964844e-01
5.036849975585937500e-01
3.887133598327636719e-01
6.446654796600341797e-01
6.399347782135009766e-01
3.891601562500000000e-01
7.158770561218261719e-01
6.020140647888183594e-01
5.111773014068603516e-01
9.682729244232177734e-01
5.706129074096679688e-01
7.660448551177978516e-01
5.495336055755615234e-01
5.977976322174072266e-01
2.761409759521484375e+00
9.229421615600585938e-01
7.160775661468505859e-01
1.513158082962036133e+00
9.072937965393066406e-01
3.949759006500244141e-01
3.406047821044921875e-01
8.292157649993896484e-01
1.165826320648193359e+00
9.977908134460449219e-01
3.478434085845947266e-01
3.258388042449951172e-01
6.762454509735107422e-01
1.217154979705810547e+00
8.445506095886230469e-01
2.220283746719360352e+00
1.423502922058105469e+00
7.226395606994628906e-01
5.140204429626464844e-01
5.227272510528564453e-01
1.735192537307739258e+00
1.274640798568725586e+00
2.115697860717773438e-01
3.357942104339599609e-01
8.706839084625244141e-01
1.423150062561035156e+00
5.239105224609375000e-01
3.403487205505371094e-01
7.574477195739746094e-01
4.977445602416992188e-01
4.984302520751953125e-01
1.670897960662841797e+00
8.773767948150634766e-01
5.367738962173461914e+00
1.419689655303955078e+00
9.390037059783935547e-01
4.558537006378173828e-01
7.937793731689453125e-01
7.964932918548583984e-01
6.175818443298339844e-01
3.921334743499755859e-01
7.594754695892333984e-01
1.186405181884765625e+00
8.315343856811523438e-01
7.362720966339111328e-01
7.070722579956054688e-01
6.173532009124755859e-01
6.967930793762207031e-01
2.796134948730468750e-01
9.321346282958984375e-01
5.210735797882080078e-01
6.789312362670898438e-01
5.630638599395751953e-01
1.726587533950805664e+00
3.849453926086425781e-01
1.212949514389038086e+00
5.879750251770019531e-01
8.477647304534912109e-01
5.931303501129150391e-01
5.181045532226562500e-01
1.136504650115966797e+00
2.087164640426635742e+00
7.418379783630371094e-01
6.952457427978515625e-01
1.035749912261962891e+00
1.158907890319824219e+00
9.530529975891113281e-01
1.056500673294067383e+00
2.189915180206298828e-01
3.226444721221923828e-01
6.823608875274658203e-01
7.889227867126464844e-01
4.131264686584472656e-01
4.403874874114990234e-01
9.512465000152587891e-01
2.429840564727783203e-01
6.179933547973632812e-01
3.867738246917724609e-01
1.983613967895507812e-01
6.604175567626953125e-01
1.159271001815795898e+00
1.790783405303955078e-01
7.367556095123291016e-01
6.550931930541992188e-01
6.288201808929443359e-01
5.426249504089355469e-01
3.476138114929199219e-01
8.319268226623535156e-01
6.256451606750488281e-01
8.081302642822265625e-01
5.377941131591796875e-01
8.508176803588867188e-01
5.116572380065917969e-01
6.432077884674072266e-01
1.028453826904296875e+00
9.354476928710937500e-01
6.092951297760009766e-01
4.965155124664306641e-01
1.135386228561401367e+00
1.085622310638427734e-01
2.801673412322998047e-01
1.421687602996826172e-01
6.804885864257812500e-01
6.587679386138916016e-01
5.357275009155273438e-01
6.717031002044677734e-01
9.639115333557128906e-01
3.465266227722167969e-01
5.539329051971435547e-01
8.787894248962402344e-01
4.078743457794189453e-01
5.984697341918945312e-01
6.812927722930908203e-01
5.130906105041503906e-01
5.532896518707275391e-01
1.158554315567016602e+00
8.187680244445800781e-01
6.666707992553710938e-01
1.839256286621093750e-01
1.644282341003417969e-01
7.334434986114501953e-01
7.538099288940429688e-01
3.581016063690185547e-01
4.874799251556396484e-01
6.139335632324218750e-01
7.764413356781005859e-01
5.960361957550048828e-01
1.158263683319091797e+00
5.775158405303955078e-01
3.580887317657470703e-01
7.949564456939697266e-01
4.001464843750000000e-01
4.794476032257080078e-01
5.300452709197998047e-01
7.457978725433349609e-01
1.158210992813110352e+00
2.361888885498046875e-01
5.236909389495849609e-01
6.456503868103027344e-01
8.351473808288574219e-01
7.140762805938720703e-01
1.091011285781860352e+00
