1.098508334159851074e+01
7.710261583328247070e+00
1.918210506439208984e+00
2.318014407157897949e+01
5.894167423248291016e-01
1.527040886878967285e+01
1.191707372665405273e+00
3.696775507926940918e+01
5.828706026077270508e+00
6.825284957885742188e-01
1.067524909973144531e+00
1.142801046371459961e+00
7.140600681304931641e-01
1.709881544113159180e+00
8.642542362213134766e-01
7.147095203399658203e-01
1.283206224441528320e+00
2.298983335494995117e+00
2.156753540039062500e-01
6.197283267974853516e-01
4.888017177581787109e-01
8.417990207672119141e-01
5.637100696563720703e+00
5.654432773590087891e-01
4.928408622741699219e+00
3.250364542007446289e+00
8.067762851715087891e-01
2.889562368392944336e+00
2.262960910797119141e+00
2.316922426223754883e+00
4.718718051910400391e+00
2.035931110382080078e+00
9.889371395111083984e-01
4.049713134765625000e+00
1.312911987304687500e+00
4.246875286102294922e+00
5.747721195220947266e-01
1.020413160324096680e+00
8.424799442291259766e-01
5.342655181884765625e-01
3.437686443328857422e+00
3.352521181106567383e+00
1.435180902481079102e+00
5.702757835388183594e-01
2.967674016952514648e+00
7.444071769714355469e-01
1.156174421310424805e+00
1.035691022872924805e+00
2.091218233108520508e+00
1.132072687149047852e+00
1.058099031448364258e+00
6.928806304931640625e-01
2.649679183959960938e-01
2.709230184555053711e+00
3.183965921401977539e+00
1.143146038055419922e+00
2.181661128997802734e+00
3.029994964599609375e+00
1.941595792770385742e+00
4.629484415054321289e+00
6.558151245117187500e-01
2.290886163711547852e+00
4.471981525421142578e-01
3.145841121673583984e+00
4.575767517089843750e-01
2.651497840881347656e+00
1.385513782501220703e+00
1.230172395706176758e+00
4.700279235839843750e-01
3.671751022338867188e-01
9.312100410461425781e-01
2.861648082733154297e+00
2.592627286911010742e+00
1.848443746566772461e+00
2.127337932586669922e+00
9.334669113159179688e-01
8.749938011169433594e-01
9.054415225982666016e-01
3.498941659927368164e+00
3.713279962539672852e+00
8.344790935516357422e-01
7.341179847717285156e-01
9.267883300781250000e-01
5.051181316375732422e-01
5.513989925384521484e-01
3.887972831726074219e-01
4.704949855804443359e-01
9.650754928588867188e-01
2.055995225906372070e+00
3.496890068054199219e+00
1.753789424896240234e+00
1.055066585540771484e+00
2.685065269470214844e-01
2.711803913116455078e+00
7.463102340698242188e-01
4.984110593795776367e+00
2.032077312469482422e+00
3.476262331008911133e+00
5.426361560821533203e-01
9.368388652801513672e-01
3.132566928863525391e+00
9.313910007476806641e-01
2.355527162551879883e+00
3.918549299240112305e+00
9.006278514862060547e-01
2.608695507049560547e+00
6.076827049255371094e-01
2.883151531219482422e+00
6.290042400360107422e-01
2.732630014419555664e+00
1.447776556015014648e+00
3.384838342666625977e+00
5.044143199920654297e-01
2.428967952728271484e+00
7.976691722869873047e-01
8.924300670623779297e-01
2.011910438537597656e+00
5.113720893859863281e-01
1.506515741348266602e+00
7.180647850036621094e-01
1.069437980651855469e+00
1.079282283782958984e+00
1.084428310394287109e+00
3.282848834991455078e+00
2.733212709426879883e+00
3.817075014114379883e+00
3.287496566772460938e-01
8.379395008087158203e-01
1.069062948226928711e+00
1.154598474502563477e+00
5.766875743865966797e-01
5.504882335662841797e-01
3.037496566772460938e+00
4.880473613739013672e-01
1.010778903961181641e+00
1.111613273620605469e+00
1.423353195190429688e+00
3.741398572921752930e+00
3.049978017807006836e+00
5.940222740173339844e-01
9.688620567321777344e-01
1.094852685928344727e+00
3.668327093124389648e+00
9.128489494323730469e-01
8.436729907989501953e-01
1.271314382553100586e+00
8.705463409423828125e-01
1.227003097534179688e+00
1.738654613494873047e+00
1.197672843933105469e+00
1.721817016601562500e+00
1.027747869491577148e+00
2.826719522476196289e+00
4.291076183319091797e+00
7.186436653137207031e-01
7.662005424499511719e-01
3.335332155227661133e+00
1.330127716064453125e-01
5.064854145050048828e+00
1.494140625000000000e-01
9.430634975433349609e-01
1.164553642272949219e+00
7.474901676177978516e-01
8.252227306365966797e-01
2.548558473587036133e+00
8.325984477996826172e-01
7.827677726745605469e-01
2.674534082412719727e+00
5.161628723144531250e-01
1.548575639724731445e+00
8.725371360778808594e-01
6.277241706848144531e-01
5.823850631713867188e-01
1.442099094390869141e+00
2.652032852172851562e+00
3.038997888565063477e+00
4.984281063079833984e-01
4.411134719848632812e-01
9.136927127838134766e-01
1.083806991577148438e+00
2.217488527297973633e+00
1.753288269042968750e+00
9.196467399597167969e-01
9.392535686492919922e-01
6.880774497985839844e-01
1.408518075942993164e+00
6.788830757141113281e-01
8.731215000152587891e-01
5.124214410781860352e+00
5.617570877075195312e-01
4.338256359100341797e+00
6.610422134399414062e-01
2.019800186157226562e+00
3.018517255783081055e+00
3.254830837249755859e-01
1.681843996047973633e+00
8.580996990203857422e-01
2.721690177917480469e+00
3.286889553070068359e+00
1.746525526046752930e+00
