1321.021318435669
740.5369281768799
461.8854522705078
578.0458450317383
334.13100242614746
736.3927364349365
748.8534450531006
579.6506404876709
2040.8475399017334
532.9978466033936
759.9234580993652
976.8197536468506
405.94482421875
1217.8468704223633
696.6674327850342
410.351037979126
853.6171913146973
698.7605094909668
367.16341972351074
454.3473720550537
393.68534088134766
648.867130279541
3126.0526180267334
656.806468963623
727.5569438934326
863.7561798095703
475.90088844299316
1337.1095657348633
1140.8467292785645
691.7781829833984
501.01327896118164
386.4786624908447
699.7880935668945
1785.9852313995361
757.6854228973389
714.4374847412109
470.4549312591553
729.2306423187256
435.2307319641113
584.7415924072266
557.1508407592773
1332.6773643493652
1009.1443061828613
429.08263206481934
364.81213569641113
563.0443096160889
241.33563041687012
745.6130981445312
1729.2561531066895
1138.5786533355713
760.4556083679199
537.0614528656006
319.1227912902832
970.890998840332
775.6550312042236
792.3014163970947
1579.2534351348877
571.2587833404541
871.3893890380859
2683.8362216949463
649.4519710540771
1165.0240421295166
312.94941902160645
672.0812320709229
569.5962905883789
1000.159502029419
1216.6883945465088
860.1827621459961
384.83262062072754
229.17461395263672
687.7362728118896
1490.7970428466797
905.2700996398926
1584.5222473144531
1590.9686088562012
774.3158340454102
531.1079025268555
704.6957015991211
1806.434154510498
1342.498779296875
261.34324073791504
432.0220947265625
811.3222122192383
577.0232677459717
870.459794998169
722.5117683410645
607.3257923126221
532.7329635620117
1921.4797019958496
1732.7039241790771
1399.9791145324707
379.4903755187988
259.0658664703369
661.6847515106201
389.87016677856445
686.0332489013672
627.7213096618652
506.7899227142334
395.449161529541
782.8800678253174
1223.3989238739014
697.1538066864014
684.9429607391357
408.27369689941406
654.0505886077881
620.8822727203369
345.39031982421875
989.1471862792969
397.07422256469727
580.5282592773438
793.7231063842773
1714.4646644592285
300.29821395874023
1674.7727394104004
576.1747360229492
742.5382137298584
933.9296817779541
738.7411594390869
1252.7360916137695
555.4404258728027
634.1876983642578
897.8409767150879
667.1290397644043
1377.150297164917
851.4928817749023
1164.531946182251
415.25816917419434
442.31271743774414
778.3083915710449
739.1152381896973
345.22175788879395
475.4946231842041
1111.7377281188965
576.4880180358887
649.5559215545654
454.21314239501953
591.9754505157471
1930.906057357788
1173.2831001281738
186.69676780700684
566.3328170776367
533.8947772979736
593.4438705444336
426.49269104003906
526.5419483184814
723.5064506530762
586.2083435058594
831.3524723052979
768.3475017547607
673.4011173248291
906.6691398620605
647.7451324462891
917.9961681365967
744.0176010131836
585.7076644897461
490.77773094177246
1539.4940376281738
147.41206169128418
403.972864151001
204.48589324951172
644.4499492645264
1232.961893081665
613.83056640625
633.5921287536621
988.5239601135254
525.2232551574707
862.2448444366455
866.7583465576172
443.22681427001953
1168.4744358062744
623.3875751495361
770.4606056213379
446.20776176452637
1072.554588317871
851.3545989990234
1759.9294185638428
268.5089111328125
244.64845657348633
572.5727081298828
747.6911544799805
328.17697525024414
875.3054141998291
655.8914184570312
558.8822364807129
804.6269416809082
1150.9711742401123
481.1563491821289
346.41098976135254
736.9918823242188
971.6336727142334
324.95617866516113
401.5917778015137
593.6884880065918
1120.615005493164
205.43885231018066
757.5886249542236
592.4608707427979
842.1740531921387
2389.5649909973145
1271.672248840332
