8.408971192341310186e+00
1.806970747404640809e+00
2.052301525112508518e+00
2.212126548038638063e+00
4.143392929027198690e+00
9.613019105953775068e+00
1.058678570505158678e+00
1.755685392735837524e+01
1.237476274312129254e+00
1.462347480790500143e+00
1.007016825305402818e+02
6.890916540284075076e+00
2.914040570642721040e+00
2.726899991029269277e+00
3.225605364717356149e+00
1.149615854693169625e+00
1.453597509113115249e+00
2.887010558898040813e+00
2.272765002388235978e+00
1.763386664962390826e+00
2.309171170479186408e+00
1.379879279078484844e+00
3.340388518508846261e+01
1.240764945031005428e+00
1.331283525068069462e+00
1.976175110267600488e+01
1.760789917586618847e+00
2.900176372045535800e+00
3.752438993621538099e+00
1.074012058791215019e+01
1.506558301760854874e+02
2.793734331411260818e+00
2.323906017717705108e+00
1.449911993914498209e+00
8.994021914560482500e+00
1.529283022964158079e+00
1.786398591922093937e+00
5.463156377202355429e+01
1.704586575335628407e+00
4.058834821444339269e+00
2.694803297850607571e+00
2.888166345506629984e+00
1.095572235114517179e+00
1.188585544865044419e+00
4.034947223217416834e+00
1.025125520099013254e+00
1.285730230443554056e+00
1.671325240664619294e+00
3.396587941014020284e+00
1.378978112803783462e+00
1.120361792623551622e+00
5.484656031945404742e+00
2.865551382466690722e+00
1.351699553910663987e+00
1.037449484924476018e+01
1.867387361273180613e+00
3.048925647576746556e+00
7.287726930508249268e+01
1.057478219502137939e+00
1.368360569936405424e+00
1.824486483012798699e+00
1.706680142732783345e+00
1.022593271250358704e+00
1.193604939880227089e+00
1.014938838427597023e+00
2.158439154266754034e+00
1.545345211447319178e+00
5.405940688484787415e+01
3.004649149079809956e+00
5.587414877159024407e+00
2.107387985026233146e+00
1.496526256731896432e+00
9.678316960900277266e+00
6.544146170440871657e+00
3.219246639544038224e+00
5.364536052363052754e+00
3.514461952722022886e+00
1.747305914388118220e+00
1.293419929252108469e+00
1.012361417394832017e+02
1.955043189559233729e+00
3.785895302249879801e+00
4.922252473911292725e+00
2.925745161992304233e+01
1.638413607172200193e+00
3.133339163375757863e+01
7.514785590525966086e+01
3.409958576787019524e+00
2.785837057523605331e+00
1.099014736234046774e+00
4.749193753265750217e+00
5.559636910853938474e+01
1.854418665950748002e+00
2.835753955541832738e+00
3.405776896177922453e+00
1.628255118692006320e+01
4.444887549517638092e+01
1.907113674902631839e+00
3.283323102216288092e+00
2.553251467546996611e+00
1.160333131136397578e+00
1.031608226164759223e+01
1.057469426074241436e+00
3.068304084053062208e+00
2.091198951742950118e+00
1.709593885746218511e+00
2.999017870463768887e+00
2.088113435092705927e+01
1.592001416623974208e+00
7.341295375451418082e+00
7.053261427622857127e+00
5.076521818654409657e+00
1.062691998218330802e+01
9.962802055360182152e+00
1.392564897728893580e+00
2.316580991417527269e+00
9.823392173808775496e+00
5.233814192837287749e+01
1.423822906873283500e+00
3.224115447016415281e+00
4.681905074823714763e+00
3.531328408285513643e+00
4.766110066982658822e+00
1.303573260661841982e+00
1.119037579314914321e+00
3.414680333529513945e+00
1.528897644312739335e+00
1.362539615641596491e+01
4.888377394408728094e+00
1.963718588730910986e+00
7.367177111799422029e+00
2.378835918199513788e+00
1.883776771685681695e+01
1.672838037132385880e+00
1.221512178972320051e+01
2.601918736042213798e+00
1.478556290320097730e+02
1.566948262629001221e+00
1.921799673428124411e+00
1.181496424709329673e+01
1.256224401227985954e+00
1.687024964580692910e+01
1.618027267380760525e+00
8.593350255126289028e+00
8.072196993225912109e+00
3.254217706976328284e+00
5.327563799958399571e+00
1.746080962666132441e+00
8.516858160684463996e+01
1.147970613199805534e+01
7.087538375881834440e+00
1.016646373364698208e+00
2.493178480775144923e+00
1.087700887999554311e+02
1.457327892510137168e+00
3.621763359357486944e+00
1.818752226355987389e+01
1.085453991518657624e+00
3.078379334166907899e+00
4.439282675989477234e+00
4.980307000654814686e+00
8.811591097525101191e+01
9.385776326614424647e+01
4.042743694619894690e+00
1.921757890045614037e+00
8.590215258795236508e+00
3.164961839439267166e+01
4.071393395285286765e+00
9.711079975712404888e+00
3.289544770080161662e+00
3.816559435615352935e+00
1.914783831537504533e+00
2.557270850623405867e+00
1.035575370028456677e+00
2.075463490931076294e+00
2.314649494896520387e+00
5.371242671193032336e+00
8.910196069537519747e+00
9.401728977341335280e+00
2.907430667933304846e+00
6.761888786318648314e+00
1.863306511573592505e+00
1.116807666231808938e+00
3.020198566050689148e+00
3.419310799595344452e+00
3.005712826689327599e+00
1.818379653060137713e+01
3.225390071018614524e+00
2.112844570719471804e+01
4.202343754873709258e+00
2.596461191432008491e+02
2.178075373695003591e+00
1.203921112919917746e+01
1.540508947455610178e+00
3.413340664850457618e+00
7.629468314192157763e+00
1.399441524612306686e+01
1.596091826902768851e+00
1.604767740330034220e+00
4.543878098216636907e+00
5.689738065788561450e+00
1.154660305632593253e+00
1.859186139018145312e+01
4.034984488464185226e+00
2.421514262922414673e+00
3.934270116116338034e+00
9.350974480174915726e+00
1.146605640734471354e+00
1.397669442810107299e+01
2.414002541736657292e+00
2.556011757389581973e+00
1.103302145838003234e+01
1.712901097342167844e+01
1.201703599971168712e+00
3.673298261418780353e+00
1.323981671948907923e+00
2.929664894597428404e+00
3.635837283303576140e+00
3.093703986561997965e+01
1.719898061807352496e+00
3.500883267969514101e+00
1.523704010053078317e+00
4.971222196923032044e+01
2.524509774092256187e+00
2.259879089352787140e+00
2.999620887028707550e+00
1.804733188733408378e+00
1.135136480422584304e+00
1.003255026976784370e+00
1.901039398200538466e+00
2.352135679834221893e+00
1.637991510795811401e+00
2.187887945532167144e+00
3.588622792136348938e+00
2.383073800062815106e+00
1.751220787161582804e+00
1.515258768817086432e+00
1.355174216114918284e+00
2.138050364699867423e+00
1.112044515322571669e+01
2.671375849246552026e+00
4.409731984048889331e+00
2.864758886704163956e+02
1.145214639304319215e+00
3.128101535351479257e+01
2.826517559582849781e+00
3.603784507979467922e+00
2.005692560751670683e+01
1.976571590574530912e+00
1.735671507095002841e+00
4.504289602045774110e+00
1.286204321398681749e+01
1.040962265210180604e+01
3.493141914980587792e+00
1.351551481444078817e+01
1.035388516217360007e+02
1.581699230764912922e+00
2.573530366251571611e+00
1.257895240287237648e+01
1.383308959031003038e+00
4.516299600767387901e+00
1.198911468951345372e+00
3.675166142723237606e+00
1.584072206278945671e+01
4.040081434655564685e+00
4.093025647534093814e+00
1.738018002986112265e+02
1.088644799157164611e+00
6.241507907826340684e+00
1.763430306473558140e+00
1.115425701538098835e+01
1.071413717609837724e+00
1.647740629565179082e+00
3.077556720458044737e+01
1.040681808865453029e+00
1.536320537187697122e+00
5.769757309210648444e+00
1.894931988257832156e+00
1.140724901230380262e+01
1.899904907396534171e+00
2.722580637863616815e+00
4.851973140872230417e+00
9.276666206862428510e+01
3.991232694095842248e+01
8.962363358901125565e+00
2.908067181048886063e+00
3.359274225937207703e+00
6.012887844320838227e+00
6.156701019400513175e+00
2.520277218604741076e+00
6.066467176957403673e+00
1.783260476313937470e+00
1.535274128487443157e+00
2.787983976788140339e+01
3.109739223468870328e+00
2.160909726512481477e+00
5.133014709464287506e+00
2.339853857385839841e+00
6.752735888517477747e+00
2.187500936383582673e+00
1.127749208532637049e+00
1.101213100927616484e+00
1.830480614848341148e+01
3.024222395990384893e+00
9.650553371432783578e+00
8.461327121136470453e+00
6.408060954607742588e+01
2.864249392568770247e+01
4.237923480006893229e+00
3.834707709996012515e+00
3.095028033104867848e+00
3.323054663401501685e+00
1.207271572404224447e+00
1.847545730971342337e+00
1.127184182108542210e+00
1.716061309029089044e+00
1.238551757001819853e+00
3.184727862806502330e+00
2.241227685327122572e+02
1.381729111089838113e+01
5.165657742224066595e+00
1.192430676988880611e+00
4.694909499992336777e+01
3.820141384284254205e+00
1.716974045758728806e+00
2.548092204079146050e+00
1.522028180141696607e+00
2.629237940530733120e+00
7.355042050393610253e+00
1.120244875930039541e+01
6.476986774136586078e+00
1.102933751010911845e+00
2.343729880767015938e+00
1.042684450326884260e+01
2.125782521659563606e+00
3.693157116970295419e+02
3.297419802694177893e+00
1.871121505311580835e+00
1.352629406343138108e+00
2.068509178035413232e+00
1.547073653032926899e+01
2.434370223626082907e+00
1.794776039842726334e+01
6.601930714782647591e+00
3.992092113915985951e+00
2.704338961296404165e+01
3.973122445507801359e+00
1.032322769008229280e+00
3.326434510881320250e+00
1.046831953450236830e+00
1.785518516113672183e+00
9.732085022083865056e+00
1.805196391488733676e+00
1.513290481059457875e+02
1.625304816531462082e+00
3.400730086728876778e+00
1.515118001720124674e+00
3.140326332102646667e+00
3.105621843493348244e+00
1.199288913275893833e+02
1.491688624310129496e+00
7.944478320401643145e+00
4.397604313949483590e+00
1.041217790901389106e+00
2.014171520617382249e+00
2.444939259655991126e+00
4.747942781243116528e+00
4.868218764004018873e+00
3.451345901548077411e+00
1.371346154299661668e+00
1.278321173010549394e+01
1.073340021105992825e+01
1.829210917707958961e+00
5.361392972026831849e+00
1.931617828507289580e+00
1.296804338374168530e+01
4.612711416232061197e+02
1.885160113058155007e+00
1.100309572853923834e+00
5.854193395166169545e+00
5.158473581584154921e+00
1.474379779528526724e+00
3.519543079911617411e+00
4.568496032963576425e+00
1.757230140792972017e+00
1.284891073303068953e+00
9.923071968275865018e+00
1.070857747771634365e+02
1.100236958012946742e+00
1.044643841626417657e+00
1.145057267556647718e+00
6.033329759594762365e+00
9.252467274453081814e+00
1.324868350355875135e+00
3.435485320458775504e+01
1.865658005880554082e+00
1.699885162197694699e+00
2.274972752782035368e+00
2.451726189444780157e+00
6.045502010960748684e+00
9.220045457348117424e+00
7.965722013607665630e+00
4.732612932366996006e+01
1.331698726735993876e+00
1.479352666868670063e+00
1.484345780468723452e+00
1.402258694195968580e+01
2.363145734597156267e+00
1.958193962929535070e+00
2.290637844739269013e+01
1.875505527604240186e+01
2.276010258639426187e+00
3.174376265003635567e+00
1.670761566572895651e+00
1.437163965042593805e+00
1.778482273211694720e+00
2.888811705176167255e+00
5.241996224559265727e+00
4.493894711913094397e+01
3.635013197206897217e+01
2.520752706887297023e+00
1.127723041245651814e+00
1.534058078814400794e+01
5.831104797943603479e+00
2.037699501688143844e+00
1.206117488590197295e+00
6.946225075481130773e+00
2.110011272845880637e+00
1.000493129541021986e+01
2.688553385727264988e+00
1.240678984243505534e+00
6.547082430603965442e+00
2.085105596840579878e+01
1.583058860886654262e+00
1.969132987308259919e+00
3.420353835641707008e+01
2.479888079870174522e+01
1.296779286779802254e+00
1.265002224158543909e+00
1.769879380900991395e+00
4.224420789048219049e+00
4.229706210348266104e+00
2.853913772717582287e+00
1.934338176025104161e+00
5.047643566971382612e+00
2.112208060463863557e+00
1.887119599750101173e+01
2.282301109635558944e+01
4.386365723163648589e+00
4.908230695132737686e+00
8.506383013931982262e+00
2.025755995950859756e+02
3.052913217695800263e+00
4.065562558792757741e+00
8.700594568743621693e+00
1.345829904428193391e+00
1.226008589685342764e+00
1.386138336667391169e+00
7.706966670446666612e+00
2.520840200240932472e+00
5.662320385020147029e+01
1.408457163730845840e+00
1.317478850011736924e+00
2.238915515370621634e+01
1.042451953678156507e+01
1.082968261958472844e+00
5.873026575654264292e+01
1.517591072481462078e+00
2.311626604864947154e+01
1.569477164082563325e+00
1.050911711893797396e+00
4.542609286156298332e+00
2.032133929000263350e+00
2.882237726239250897e+00
1.190379190729255896e+02
1.480851156303625515e+00
1.801447890375006633e+00
4.232357944819079343e+00
3.801565118127722798e+00
1.152487944282429400e+00
5.660589148692282357e+00
4.592994580932801227e+02
3.914054858814079108e+00
1.206824468739936984e+00
2.394448887280144156e+00
2.784523592272738490e+00
3.433143606559910133e+00
1.541646288694445976e+00
4.815673679781757421e+00
1.434432427977481161e+00
1.803963574006549830e+00
1.454182322734052013e+00
1.002844184397066662e+01
1.452099883974536709e+00
2.389131617865647783e+01
2.183999109102212621e+00
1.179925867423995811e+01
3.651960420208136782e+01
4.263882983169332341e+00
2.045313005782060767e+00
3.262736721769677217e+00
9.742185696308307996e+00
1.318909010017159211e+00
2.610963533455848751e+00
1.782093278430528471e+01
1.438684751284851338e+01
3.718536744807662053e+00
3.093201635645483449e+00
1.549596356389502327e+00
1.674037615907730370e+00
4.654123241848957093e+00
2.207296318151815484e+00
1.148236993501112524e+00
1.206749162772314676e+01
2.969301187442747292e+00
4.419865015331695624e+00
1.533938186939903048e+01
1.088079932448002607e+00
1.694017094712325289e+01
1.486779302163963301e+01
2.266186960517902804e+00
1.499132285613432369e+00
6.482438213218333090e+01
1.469096289080896733e+00
1.558750314122663960e+00
1.142722799422049462e+00
2.475564279771999665e+00
1.176288936452063449e+00
2.729881923653487696e+00
1.549000601676165489e+00
1.092457217582150086e+00
2.193929438655617759e+01
3.007664203006531807e+02
1.965114866300184726e+00
1.279765843911484247e+01
4.820346933874735562e+00
3.034411962210008529e+00
1.474266268644966127e+00
3.333884229542908084e+00
2.198634554204423885e+00
4.618814549815744464e+00
2.067003275416856578e+00
2.826703206781993938e+00
1.190947139557492873e+00
1.420657864816439631e+00
3.942804661767948193e+00
1.126753221197506205e+00
2.461624185502224282e+00
5.484578196921957272e+01
1.391473980267939758e+01
3.534801529416733246e+01
1.060283257890016761e+00
1.325894090058419517e+00
1.432453126988500136e+00
3.780712730192182125e+00
5.354043574258723126e+00
4.949624413393856948e+00
3.722457854836243918e+00
6.237796480396363918e+00
5.407299127949338313e+00
2.803740325876483652e+01
7.115519377244726940e+00
5.768004525809758753e+00
1.142312069780988359e+01
7.523110488498025106e+00
4.619870718547815613e+00
1.541419841535506707e+00
1.209748793684970014e+00
2.889294392156898983e+00
1.396987493723397700e+00
6.024341288969019992e+00
2.411321836124054041e+00
1.408324272238524522e+00
4.619679614862564065e+00
1.153516698317194722e+00
6.027054806233286044e+00
1.021022825450724314e+00
2.182977404124541465e+01
4.527116911367754071e+00
1.044146442432019928e+00
1.924075453736209695e+01
1.125203036543337198e+00
1.639462627389180582e+00
3.082056238344937249e+00
3.273151331909703288e+01
1.179765581952004094e+00
1.473513037056504160e+01
5.732419019548758143e+01
6.322403039908027544e+00
2.234848310411361894e+01
4.124201582007872346e+00
7.242340842295146786e+01
9.164000842993482721e+00
2.345603190614861777e+00
1.276907562759698411e+00
2.609839998466274569e+00
1.468394277368565426e+00
2.280504172061071699e+01
2.964299107163203661e+00
2.064495361914748806e+00
1.853126989020023530e+01
5.687677120450207902e+00
1.016464354449622354e+00
1.783506700276682011e+00
1.208731645203884142e+01
5.127636349185519471e+00
2.309833641135687898e+00
2.467508873108262613e+00
1.444043998109365123e+00
2.827396938815385230e+00
1.864116694351419801e+00
2.671297654492022833e+00
4.529125646481606537e+00
2.357406363965797613e+00
1.256928312744979070e+00
1.002124835845751294e+00
1.976248627726652884e+00
4.013030945287099804e+00
4.838319947941088550e+00
1.576289685136774699e+00
1.031278560925420917e+00
1.203191889079560362e+01
5.100233449213208203e+00
1.664275403522733621e+00
3.102473799564245738e+00
1.289397127947570709e+01
8.086621121592449057e+00
1.258030215484684966e+00
1.133191559779650692e+00
5.886295989721405775e+00
1.081292810596868659e+00
4.166024313095614495e+00
1.137707312332139953e+00
1.983424582169029060e+00
2.146373271700753982e+00
2.981646271113214652e+01
1.353559006713981105e+00
1.268905069014136799e+00
1.044839268094291729e+00
2.323344708784610475e+02
8.374746477067187556e+00
1.917148676640307414e+00
7.537400545342582525e+00
2.451851433166690963e+00
5.643152382271643397e+00
3.201728913906459439e+01
3.269382500160783689e+00
1.116244060478425171e+00
1.376685935664681448e+00
3.151441340190930696e+00
6.050131987751406371e+00
1.715842794763280388e+00
3.023729611140906659e+00
3.291199811152810017e+00
2.117051468258716795e+01
2.274023398549917641e+00
1.467215091908840252e+00
1.233999041090513060e+01
4.568113210229467924e+00
1.765150926337567316e+00
1.764916984401138791e+02
6.316468702132468138e+00
1.016651418025724896e+00
1.366935758807503589e+02
1.000519058745027445e+00
2.735797028506422812e+00
1.635360734028445950e+00
1.000231720304618266e+00
2.999496336497906412e+01
7.089505688510134007e+01
1.316637391217365227e+00
2.858850236000158418e+00
1.489530228583899385e+00
4.032100082618645942e+00
9.940491254608476268e+00
1.137853287300751930e+02
3.125313572325063127e+00
3.250830580203310394e+00
2.759773213330156238e+00
2.155638335123500227e+00
1.993393475672370130e+00
2.297271030078434251e+00
2.300006732322735559e+00
8.843288749761972767e+00
1.102174199446738214e+02
1.528082673757755927e+01
1.549784511741571391e+00
1.132663076666299284e+00
2.422165576847265189e+00
3.727183586488865075e+01
2.623508969190286866e+00
2.395948109380013236e+00
1.339130510925035367e+02
6.895670548425655966e+01
7.165807642788044163e+00
1.445777517021596026e+01
4.626370549730532744e+00
6.946303555920311013e+00
6.586975312560530149e+00
1.006310682601993562e+03
1.035533575226139424e+00
5.357155649451088131e+00
1.192054660446617163e+03
1.617243504240160945e+00
6.364762027963996260e+00
8.934207107775303314e+01
1.893053821021305083e+01
1.211043746769993268e+00
3.846550668495447134e+00
5.599375002551618081e+02
2.461579327046353072e+00
3.424764289272503870e+00
3.827127570497934173e+00
2.389278787920050107e+00
1.727819901107993328e+00
3.531318365346044263e+00
6.691494098945353741e+00
2.123901143708503803e+00
2.980169312641000268e+00
2.855382335138960315e+01
5.751759256702030143e+00
2.030953699521949574e+01
8.265745220204234300e+00
1.872983854422370920e+00
2.722588868966506759e+00
1.478807639545380193e+00
1.328272767846697899e+00
1.432074762540202428e+01
2.588707148648487610e+00
8.922953596788444486e+01
7.537660160101124163e+00
6.518131976475922329e+01
1.051272639660871988e+01
2.027300351931106803e+00
9.090825926212286134e+00
2.749246743054305941e+00
1.100012170080094620e+01
6.844257537153494830e+00
3.085407047921597812e+00
2.375300439300119582e+00
7.328740020479930450e+00
3.132655450029415789e+01
2.944739952660317961e+00
7.905418067415730832e+01
9.482843607390229579e+00
5.294717629098563805e+01
7.655864734226951462e+00
5.231614035135546459e+00
4.606732687978821517e+00
1.518073908250082260e+00
7.521170851676351354e+00
5.591552226278592386e+00
1.518317152045025153e+00
1.004608490617151739e+00
3.298986880661932020e+00
1.441135969484531376e+00
1.001878113810967363e+00
1.280895940528556842e+01
4.056275846852333444e+01
2.129412096985741076e+00
7.215062818801795785e+00
1.207024847605304485e+00
1.135993702214609691e+01
1.390578331106594900e+00
3.918200467312437763e+00
1.261664387720754954e+00
7.772283644019116089e+00
7.828666437718211135e+00
1.366046002107294498e+03
1.625673674279979775e+00
7.629783978350763718e+00
1.609535878256267205e+00
6.058973616659655725e+00
2.475150150949472660e+00
3.374519070793914999e+00
3.277559830765163440e+01
1.891861573827811505e+00
3.233613106086785649e+00
1.823081042411854824e+01
9.504660388680179040e+00
6.968444138327233972e+00
1.912277566642213822e+00
1.495699595892849842e+00
7.703536868209119426e+00
3.791196908486932671e+01
1.739135332881515783e+00
1.969262007745677723e+00
7.587060822885029587e+00
7.093885659847899205e+01
4.550445757972135397e+01
1.226678163507067598e+00
2.350089611072664653e+01
6.141410867215684632e+00
7.302421799846211314e+00
1.041056870440799198e+00
3.637647370951962333e+00
3.026941373368033261e+00
3.939994145456755525e+00
3.775026565907314335e+00
4.344358792203281183e+01
1.577277070256997593e+00
1.588942078690834148e+00
5.268074467272430894e+00
3.666329762784053425e+00
4.108535311993589545e+01
3.683974244483990024e+00
3.572006457667296075e+00
1.330666310513918305e+01
4.039818726521931858e+00
1.522921708292614085e+00
1.186251638807396880e+01
3.073476136113060697e+00
3.652191156027432051e+00
5.005435549546719898e+01
9.456135646031297526e+00
1.949402849426776996e+00
5.688785256131135171e+00
8.455094646829291349e+00
1.923422491802244005e+00
2.544923370713861654e+00
1.598236745698818018e+00
1.216584052732199828e+00
8.882965968038776694e+00
2.464951047608804302e+01
1.727140607345395873e+00
1.937382895333328747e+01
2.684901869999400947e+00
4.235221589547676579e+00
1.435809293778238072e+00
1.250262563710504260e+00
1.985905994244239414e+00
3.346005433176595378e+00
3.121731225373318264e+00
2.323385117944141598e+00
6.024319629970931800e+01
8.260146546707716197e+00
1.362709917494142786e+01
2.373075663111370748e+00
2.323603840937490617e+01
3.956419446820381047e+00
4.057250432035148791e+00
1.304622309692822446e+00
1.406386571744787489e+03
2.409870786257781727e+00
2.965942826477049721e+01
1.009786430009991989e+02
8.763878505732344593e+02
1.021538371022064906e+00
1.034161037566465211e+02
1.166478413846448881e+01
5.714254892553218390e+00
1.215098990833048553e+01
1.233293029308276090e+01
7.434007754146486846e+00
3.719339597769411654e+01
1.814385081491610041e+00
6.032224012993172124e+01
4.112351908464552785e+00
5.854218052945989292e+00
1.320529174189213784e+00
1.632052270778100223e+00
5.138057770200829211e+00
3.235810214662468542e+00
2.732171089688461674e+00
1.038699984825981026e+00
4.171143390129563144e+00
1.409100522504113329e+00
2.517331614273567997e+00
2.221523218795096621e+00
1.966863614326164411e+00
3.714038858191200720e+00
2.419774294991282826e+00
1.397913673750440289e+00
1.504441200072518914e+00
2.166885606579340706e+00
1.733867293786177299e+01
5.262589894544167635e+01
2.537195239569968397e+00
1.052767143673017491e+00
3.349326441979828317e+00
1.712429258470820059e+00
1.693444698326437292e+00
7.671159921610903432e+00
1.292783441776589326e+00
2.577436411832135121e+00
1.019140383335248590e+00
1.299439657229831546e+01
3.207705370957273772e+01
4.559300904511784580e+01
2.997473762948349219e+00
3.674999445717045621e+00
2.371365858498990953e+00
2.632511194658938791e+00
1.699594748480821149e+00
4.216520415033524039e+00
4.464244903175334400e+00
1.714117520901488589e+01
3.088691059123076510e+00
1.481793557201606548e+00
2.139796512982603716e+01
1.081472935873528884e+00
4.569166169710098480e+00
5.111498667883056157e+01
3.140679282501693237e+01
1.867879534849074119e+01
1.668390722844110385e+00
3.413408244038453176e+02
2.526185374514974047e+00
8.139436224746237514e+00
2.939584769784001850e+00
1.941437806746381112e+00
5.130811955499483545e+00
1.529794585786433680e+00
3.069852550172720740e+01
2.202860576029730666e+01
2.655495474414947665e+01
3.080863788440820983e+01
4.170223608211944821e+00
8.180792877328739721e+00
7.780884412248743054e+00
8.763212353340717797e+00
1.267235604559494355e+00
1.969377648680062487e+00
7.558196724673764777e+01
1.563488465105574043e+00
8.940418791203832427e+01
1.886265406946951328e+00
1.118981933328477618e+00
6.831070091614003559e+01
1.869679275630822035e+00
5.200243573319857759e+00
5.301903149802192239e+00
8.178275523956518356e+00
3.984522789444908675e+00
1.742992937813412135e+00
1.738591042257018549e+00
1.759633311983012316e+00
7.088858137677205740e+00
1.194815028867707163e+01
2.384899899494698161e+00
2.081235144663624581e+01
9.002997071189975387e+00
1.029957164142704151e+01
2.692418562508144486e+00
1.355721366471614120e+00
1.194455377096910986e+01
2.137765840170211362e+01
5.358501336557934813e+00
2.343470065198929753e+00
6.052178456546554841e+00
5.290574627164844657e+01
1.157697360424179811e+00
1.916454329063234070e+02
1.382531300354204085e+01
2.960665563638819275e+00
2.950238882548120056e+00
2.620455335199908475e+00
6.310100172981128352e+00
4.946852229944138202e+00
1.143631469990664229e+00
2.142737603073896935e+00
2.796838714964946462e+02
2.405140512377332396e+00
1.018896697483719720e+02
5.999439494072579038e+00
6.135373018157638825e+01
6.872468176570637688e+00
1.281299476516324143e+00
4.073550880337199587e+00
1.251467308651630184e+01
4.234590731499642402e+01
5.034141093266244482e+00
8.244043500059399676e+00
6.003974159407860611e+00
7.487163460505111168e+00
5.268598423075627757e+00
1.180071669682245386e+02
6.971653619895849197e+00
2.807951356763622286e+00
6.313529958364490824e+00
5.846717179070505921e+00
1.788717064593812411e+00
6.550225915946678690e+00
1.358034482207501670e+00
1.903554134894264838e+00
1.820480938431213280e+00
5.928078581805937830e+00
1.793872499508975649e+00
3.145251226231648545e+00
5.670651417609378520e+00
8.728861019188008186e+01
2.190518756263279965e+00
3.130361468907984612e+00
6.104029493201911905e+00
2.299299785149602542e+02
7.400756272611175746e+00
2.769967232690257575e+00
3.101738199781828964e+00
1.101273609820832533e+01
1.033204781102650127e+00
3.227875884337048529e+00
6.216584217206276186e+00
1.163323393924553084e+00
5.468459783505578820e+00
1.222130337734294026e+00
2.111031264481000758e+00
1.116842317696241693e+01
7.531614020499714002e+01
1.243834741351177220e+00
4.522633038061075972e+00
1.104675968674822206e+00
1.605885778945143372e+01
1.199861345464487083e+00
2.306241110282434548e+01
2.188635187890658695e+00
1.118616880360527865e+00
4.118590572477752509e+00
1.186024033496454688e+00
1.885567700994045737e+01
2.692252674174940630e+00
1.823203922772854924e+01
4.547557063308616421e+00
1.018905400331091338e+00
2.354399349224518101e+00
1.671430482383234439e+00
3.118264842713575717e+02
2.442429718503033698e+00
1.520662618363672536e+01
1.344470413391542163e+00
3.323355256354776799e+00
1.344181126988906572e+00
1.021805614817810692e+01
7.132129473428059363e+00
3.911199692777594095e+01
9.970836441237439729e+00
2.276950860719874825e+01
3.628298492300758848e+00
8.363614361726833479e+00
1.734424705843089054e+00
2.769018751874794404e+00
1.670568775131141237e+01
4.261576107764469157e+00
1.118375121872096978e+00
1.911109787126343385e+00
9.291599178579136833e+02
2.372074179408998784e+00
2.066046429015342856e+00
1.974189943369145661e+00
3.081089253785223470e+00
2.569965443710711561e+00
3.319203092844390302e+00
2.246473493035542557e+00
1.343161640203642815e+00
4.838456560180031119e+00
1.809541111270062119e+00
2.667313192124099341e+00
4.280522250492822423e+00
4.742885064357172276e+00
2.730758736207620885e+01
5.061132483818846062e+00
2.408419018040476534e+00
1.022075653798043859e+01
1.082716401543872831e+00
4.233463997454901317e+00
2.725292342866330486e+00
6.457874302846041026e+00
2.664362948954941501e+01
8.627359646799117598e+00
1.771820660155037785e+01
1.822607165055901746e+01
6.263200325861527773e+01
1.325981528475916171e+01
7.448990655722462861e+01
1.839913692584318694e+00
9.452580254590326803e+00
1.478964135769659372e+01
1.166372566393496513e+00
5.663912336885343457e+00
7.860750389909195235e+01
1.833115342692772431e+00
4.863893336200639794e+00
1.008062287643850308e+00
2.771495126050608881e+00
2.434908163740884035e+00
1.331867150702068736e+00
1.608753434859757192e+01
6.548360199384195823e+01
7.009314565426142174e+00
3.429664695712486377e+01
1.099793372213490983e+01
1.702588686469849399e+00
2.498134827510841482e+00
6.839022870094505713e+00
3.485575957660575597e+01
1.131958075144567477e+00
2.539278557687329574e+00
2.449487390386984931e+00
2.153305768572033330e+01
3.092919670918286901e+00
1.961589212469732724e+00
6.521852258508456401e+00
7.182687426377657403e+01
1.005776745927293492e+00
1.797545145346094886e+00
3.095583643868653034e+00
1.215636695259960876e+00
3.041790497467696586e+00
6.585961577450859750e+01
4.581590048030442119e+00
2.399029853137668589e+00
1.633355916679372966e+00
3.804354257308792064e+00
2.619699769576549819e+00
2.478644221715220031e+00
2.997368324294188646e+00
1.102332214051061854e+00
1.603261851516322523e+01
2.343571417089686193e+00
3.554002679708769818e+00
2.782888419101758259e+01
7.693236336833604305e+00
9.635141331827167477e+00
7.105505076660699082e+00
2.479701224967161277e+00
1.036496270827577337e+00
2.418860769894107143e+00
3.997783682330273258e+00
3.201405677243039261e+00
1.856356397429862692e+00
9.674383387913279364e+01
8.287079801558240533e+00
1.291896121284556553e+00
3.922614739747446677e+00
1.794747512742512541e+00
2.198880465192824474e+01
6.276324253306761136e+00
1.581554150533116321e+00
1.647862973730682912e+00
1.206579254485948827e+00
4.373165855242162614e+00
1.599155639475949853e+00
1.710677716844558161e+00
2.411813066084395274e+00
1.418775188206799376e+00
2.739870366427653803e+00
1.996442873399962847e+00
1.343481693707954072e+01
3.984744047499810904e+01
3.255870184815469415e+00
2.594034215404886545e+00
1.531963780822885468e+01
7.467091016901980538e+02
3.363027415874989856e+01
1.082322751831858998e+00
1.317109480282615834e+02
1.784014186616777797e+00
2.389755290012661959e+00
2.066913463668405004e+00
3.768884835092503494e+00
1.414844724516363499e+02
1.072556613433756967e+00
6.632577311885039961e+00
1.019574096249649031e+01
4.763949177990587813e+00
2.351368582920001948e+00
2.534291799644501282e+02
7.510232260841150698e+00
2.495291067633209625e+00
2.123928687575540319e+00
2.796505498359259434e+00
1.732251866002310408e+02
9.341899203327898249e+00
2.407616151198443077e+00
6.696779261275307427e+00
1.532283383172012847e+00
3.038172858441802404e+01
5.750783254170849901e+00
1.408523133909062475e+00
2.058443992089826313e+00
2.354455830708076647e+01
1.870346355933331317e+00
4.248883762996138458e+00
1.460547649089791289e+00
2.397962379112714970e+01
1.024078021692315943e+01
2.083887009247307631e+00
2.107899954804579679e+01
1.154385710836796752e+00
5.107593065508783781e+00
9.217326029692426204e+00
1.580833532774805583e+01
3.109955668675657137e+01
3.637866468405273057e+00
2.991074539564521615e+02
4.396609287756395190e+01
8.078908233858074439e+00
1.319404621954260781e+00
1.377599499308664299e+01
8.412490366870886760e+01
1.212126510333369467e+01
2.050002269220122741e+01
1.203113960842308749e+01
1.734502643006930356e+01
3.191269988837240223e+00
3.216666126043062679e+00
7.961643545526474242e+00
1.091287804459621924e+00
2.505622536272354637e+02
6.392748986977587755e+00
1.923806426874820318e+03
9.353316601639644290e+00
3.455814057189894584e+02
4.199591220161006611e+00
4.702312857187870065e+00
2.594010616416270398e+00
3.833508742460466578e+01
6.135746735941620678e+00
2.893152496477906155e+01
1.222683580238897427e+01
1.362896181722059286e+00
6.755674422747283359e+00
1.234376095940351581e+00
9.103664430381915196e+00
6.628878244193995073e+00
6.585458917219632724e+00
1.052092122362277671e+01
1.830593991039003443e+00
1.175086283089442407e+00
1.483523743992132715e+00
9.493084174212638615e+00
9.700415325753682794e+01
1.810236685825229008e+00
2.120101171840651944e+00
5.855893106544660220e+00
6.063076520465374486e+00
1.520679857005432511e+00
3.437197068490218754e+01
1.234983491943567824e+00
7.728797846588842724e+00
2.677489820020829470e+00
3.713711666803061640e+00
5.436245936051595784e+00
1.021094490210746564e+01
2.085637158406669656e+01
2.229513898232519864e+01
2.332407088336902135e+00
8.221983894998381004e+00
2.309257305172045971e+00
4.225977603174504438e+00
1.017402090555399852e+01
1.056603875966739992e+00
6.352279408356621637e+00
3.216480683131836713e+02
3.201514361361254402e+01
2.489270327390097570e+00
9.221096417830915470e+01
2.375272678338613552e+00
5.987458068925884724e+00
3.878687624697733316e+00
3.883449301086817851e+00
2.832970964059598629e+01
1.444858673561301146e+02
1.359726891078379296e+00
3.414006315545024961e+01
1.150140928927832533e+02
1.179815209848736446e+00
2.094081207641058207e+00
5.193342353869908834e+01
1.437221372822076182e+00
7.041543797942567906e+00
6.756318964504963276e+00
1.659281071546825137e+00
8.017842891636220770e+00
1.587578738208860418e+00
4.004034977208646069e+02
3.614661833840092875e+00
7.007710542740595905e+00
6.214094205608180488e+00
3.629350200676669580e+00
6.557548727236020447e+00
2.816638728483621179e+01
1.678140670954480163e+00
2.002406170133061991e+00
1.704615952255829958e+00
1.344939196840532070e+01
3.662671300703018318e+01
2.556332845408643095e+01
1.768135545954773180e+00
4.366777714409975530e+00
6.839719769637920166e+00
4.660751953272159298e+00
7.725013543210094440e+02
2.137718058540286847e+00
3.740757868403837616e+00
8.452306929052634032e+00
1.182158205157922914e+01
4.012031609512484920e+01
2.048704463907393958e+01
1.942206118217641730e+01
2.298772314933364314e+00
1.058241840834098113e+01
3.146531934008555353e+00
2.144181500703430032e+01
3.025702552201742890e+00
2.710887207029867074e+00
8.440994747492263173e+01
1.936702439115872565e+01
1.055034836778604657e+00
1.175685369059660479e+00
5.257116762033718693e+00
4.901413558084790623e+01
4.100504920435927403e+00
7.920243454106869585e+00
2.620701454403324249e+01
7.054195678707922923e+01
2.884472457455463879e+00
2.342536819659007463e+01
1.883637045522252418e+00
2.298033996676009050e+00
7.269012592800674355e+00
3.563586138324567276e+00
3.118744659020376453e+00
3.968889906779399013e+01
7.668033728454759945e+00
1.742052669840193024e+00
1.511870124516893066e+00
1.330286442976156724e+00
3.971367126760797106e+01
3.845613775360519959e+00
2.581240119569611835e+01
8.746628368810901222e+00
7.824789794399221066e+00
7.786002248611294974e+00
2.729614378460599955e+00
3.614806748114257839e+00
3.139218987193044264e+00
1.327205517278384050e+01
2.073432799121844283e+01
1.140918067125911151e+00
1.482087738401434374e+00
1.115610480735969023e+00
1.304773120743557335e+00
9.363105190806193079e+00
1.177755141640467684e+01
1.793431216645222648e+01
2.592095996963575733e+00
7.539815220773779636e+00
2.601321525404015400e+00
2.383414440603163698e+01
9.951347064383911700e+00
1.337388853961386417e+02
7.053876330345207180e+01
1.224600775529560082e+01
3.488580404184071782e+00
2.205624258209798239e+00
6.840009357846595250e+00
1.445417142922366116e+00
2.965796564391036672e+00
4.283749720231033287e+00
2.348311707355399403e+00
8.743809201285960953e+00
4.267414168293372612e+00
7.327428088135017781e+00
1.497939455811530207e+00
4.095005850130694292e+00
1.186594989420900603e+01
3.440031904285037800e+00
2.305187989695450135e+00
6.242133957526754706e+00
1.052800078589155419e+03
8.374752818476578398e+01
4.195750509919122351e+00
2.292561511221764103e+00
2.236956744991289714e+00
1.688228696926135086e+01
4.081379773093813057e+00
1.518131674452881663e+00
6.396848086826826929e+00
1.912218623064935619e+00
4.353205356428571982e+00
1.777747326318003118e+01
3.002019543130783674e+00
7.042371520454975098e+01
2.508620889250453345e+00
4.432976352315955992e+00
1.304343284545240955e+00
1.402971965613715355e+01
2.511577717403618237e+00
8.829944652382938131e+00
1.284670934031381080e+02
8.527018565075410450e+00
4.106408002125445478e+01
4.867133036906532872e+00
2.994631102988994265e+00
2.240380378313326304e+01
5.875287018260997307e+00
3.875272660767432154e+00
6.510849824830322596e+00
2.470820644676547673e+01
6.414907813474528986e+00
4.871106379779096329e+00
5.411464571374682464e+01
2.163951030262349917e+01
2.414346070335608996e+00
3.586391776258228248e+00
6.200794720298923757e+00
4.908872209699316258e+00
2.109691596395785496e+01
1.325392347989628572e+00
3.154713151627787937e+01
2.286145450290572967e+01
1.299005953363466972e+02
5.571214137471786287e+00
1.053039807644504888e+00
1.219241007774444441e+00
2.817696838792854486e+00
1.655572437782174777e+00
3.790437258879983506e+00
1.064512982076518810e+01
3.534786076765605412e+00
1.865651463039923463e+00
1.296077539461317985e+00
2.250263379669063468e+01
1.373122513499555941e+00
2.936589158914888742e+01
1.366008865766774827e+00
3.395658513127945533e+00
2.524499161900314981e+00
1.463653462496947055e+00
3.091068249362277420e+00
7.745150697766160164e+00
7.759057510260790380e+00
3.461279275592382909e+00
2.819457068149008592e+02
1.746421343249192182e+00
2.198561301530006951e+00
1.463281418480803175e+01
5.266611770195811282e+00
2.923939451797787470e+00
9.543334544350438264e+00
3.581265140567767791e+00
2.216929391167105301e+00
9.603190586913865445e+01
2.277131479746780318e+00
2.059677684099088690e+00
2.436198613069582297e+00
2.554716393670891428e+00
6.129751737910303433e+01
2.859604016053469255e+00
2.345756291322703646e+01
9.147461465874249242e+00
3.641276939310391647e+00
1.144171173264910690e+00
8.712800354232287603e+00
2.241972680477436697e+00
1.814461783804769652e+02
4.361427443280753380e+00
2.266481656681240153e+01
4.902120563484444915e+01
8.174707188287456461e+00
6.177906407876761818e+00
6.014106084489017512e+00
3.053082986431991053e+00
1.217476340637182375e+01
1.363308823499254752e+00
1.011738562171044409e+00
4.128616674414812060e+00
1.889955151575952730e+00
1.175303429222966711e+00
1.772490276200422210e+00
1.714947594498190897e+00
8.007237933821292231e+00
3.364871340451720094e+00
2.590974308056880560e+00
2.932129834971942905e+00
5.463802569397862463e+00
3.924334467255931003e+01
6.010735460557189214e+00
4.571393837820100003e+01
2.410232977749977135e+00
1.343524922320483483e+01
4.806829864263345797e+01
2.081781655965459610e+00
1.442933567631831782e+00
1.168977248479369635e+01
1.478982000401254560e+01
5.107064225630980836e+00
1.867119915429724841e+01
1.196706714084810219e+00
3.134311475015815418e+00
1.027163244652091301e+00
2.155300100311493594e+01
1.199190220599481771e+00
4.306921835306316559e+00
1.885862477416628735e+01
1.382649451570051724e+01
2.094711462715202810e+00
3.586813708392932654e+01
1.766463856941875799e+00
1.322506923120864819e+00
1.690328637245356802e+01
1.409684516494778217e+00
1.315630863834409192e+00
3.056462508918045273e+00
1.020482672172784877e+00
9.082290265196887091e+00
4.195531472046554633e+00
1.177729336126692949e+00
1.084089427236400560e+00
3.708852679574741629e+00
8.047222105680283732e+00
3.335220442510012706e+00
2.466599173484430807e+00
1.650200175785009327e+00
9.714661929345467684e+00
4.167145560856985398e+00
5.571304185652380170e+00
3.000906410054698714e+00
2.312623155563054667e+01
1.944552654659224000e+00
5.117516007771253150e+00
1.130774510821060943e+02
4.115355392338916118e+00
1.046543709429998525e+00
4.681671108614648524e+00
1.040797345407807484e+01
1.453324566147264685e+00
2.476734709413213498e+00
8.003715402284232283e+00
7.047653522417036243e+00
1.162732904859528027e+01
1.387987785062893886e+00
1.347410204323028893e+01
1.201914784808513881e+00
9.061264971406004065e+01
1.642671000128044767e+01
1.624122269462533552e+01
1.139665754036911949e+01
3.829444699087342485e+01
1.493363451460193225e+00
1.502468078117277273e+01
9.976253475347259325e+01
1.903166087847194987e+00
2.270403755196009854e+01
1.655931424510918681e+00
7.931470655693042993e+00
2.168178009215544488e+00
1.375433366738641361e+01
1.209225973128053910e+00
2.771669161614812804e+00
3.197778914655611704e+00
1.328658279131326392e+00
1.661803346951769456e+01
5.676816515058516366e+00
1.588515377873466861e+00
1.796315766715150986e+01
1.046020388442708837e+00
1.468233427374826539e+00
2.048675869946830517e+02
1.647114395642070850e+00
8.320717316547192155e+00
2.296732843871222940e+01
1.050094842033094622e+01
2.433111834749825562e+02
8.538303781594958508e+00
1.102001500460692673e+00
3.482893590340560674e+00
4.462549447919269774e+00
1.118566649738563124e+00
1.844985370082401133e+01
1.332268156144552185e+00
5.481462918128365835e+00
3.786828286812646827e+00
1.237306682813108516e+00
3.188931306672149191e+00
3.746406246381080773e+00
8.284823429761992486e+00
2.298340522350694748e+00
7.593299097985913626e+00
1.048408299841390630e+02
1.396464304744253759e+01
3.990733583126826467e+00
1.546971792471922313e+01
1.060115203770562076e+01
7.362678574555642896e+00
8.604838439962000152e+00
2.024476884511179264e+01
2.192327778618008871e+00
4.193645754910262369e+00
3.371852740494038159e+00
1.434153980874177226e+00
2.603576184862622878e+00
1.027431547530336360e+02
3.181060949791490344e+00
3.219381550067308861e+00
5.656472452505779458e+00
1.386636703763102441e+00
3.783917579318369917e+01
1.003000839024538848e+01
6.136132198215197064e+00
1.873816956156160618e+00
7.511882039927893828e+00
2.581307466641754544e+01
1.226720200026644747e+01
1.658130775840992666e+00
6.372151260141984075e+00
2.833574586916251636e+00
4.844522160954603862e+00
2.451143286952860478e+01
9.032720051854491672e+00
3.222472693640445751e+00
1.290449428174427453e+02
5.765965895695610044e+01
3.900673503849990453e+00
2.129132637836005149e+00
1.691660974936738739e+02
3.249855620643961718e+00
4.548746749239137799e+00
1.300046084692837844e+01
3.284757727556705476e+01
1.188312464097079690e+01
1.510323117430681705e+01
2.578699987731260634e+00
4.251160141611282306e+00
1.331534882641553175e+00
2.458956072798732073e+00
1.089731004269447467e+01
4.654698256118554589e+00
2.361667410299125525e+00
4.544619416212904106e+00
4.424917962638567737e+00
7.578079439931797445e+00
1.974210100946248048e+01
3.017179698880585548e+01
1.039545354158433188e+00
1.881227580179381853e+00
1.301573592138570046e+00
6.632828463904159477e+00
1.508229236880544111e+00
2.358260861289057431e+01
3.595367855198620077e+01
3.653531636917638270e+00
3.255753697302739003e+00
5.365568992249634128e+00
2.507360939434004976e+01
1.043065539356043914e+01
8.434952225819328575e+00
1.789748625636365276e+00
1.730387437330211720e+00
3.284673704002014638e+00
4.551338814184421544e+00
1.231195841184597795e+00
1.257768143549498285e+00
2.792923014596298437e+00
9.834879558369713948e+00
1.214873364858535032e+00
1.747234340557284682e+01
1.471284959236252909e+00
3.915529949416918232e+00
7.018144617828831144e+00
1.980312905685946534e+00
5.508411300710214675e+00
1.560566366475784728e+00
3.262659493438865521e+00
9.604198014979402842e+00
1.360821854519991980e+01
8.335524617883470100e+00
1.034853047217979327e+00
5.659308522902195548e+00
1.568133260339504398e+00
1.673964501717555953e+00
1.034977390414386633e+00
1.101663409645709351e+02
5.885995445560103789e+00
1.938912111681181161e+00
1.763484456229561204e+02
5.858680416848022432e+00
5.562430271343468569e+00
3.569919030926672843e+00
9.100550449812143228e+00
1.511741720364460084e+00
2.553735369203707695e+00
1.144363229384937775e+01
3.455339866941072842e+02
2.237119314253321445e+00
1.261853400979056072e+00
2.708583479966999885e+00
7.169014641920580466e+00
1.690617579245769830e+00
2.083774942149547726e+01
2.598210245985092204e+00
2.851943028038509965e+03
4.488571477695602496e+00
8.322900472212731771e+00
4.589578953519571058e+01
1.117226546409109345e+00
1.906848975893854048e+00
1.312090282131661345e+00
9.449694702417657410e+00
7.048504752259786343e+00
1.373479469044849965e+00
1.560717882906356024e+01
2.462051954271662790e+00
1.482021610983172799e+01
3.664802330715797307e+00
1.265730025386613811e+01
8.454260092589514386e+00
2.171060332509131996e+00
1.033621185409702115e+01
7.486508354546320021e+00
3.933610574654763781e+01
1.278523420767210617e+01
1.191322301452734544e+00
1.247685959022880153e+00
1.057249149372248986e+01
1.469903247695673940e+02
1.801213895024730505e+01
5.423373535332359552e+00
1.038706799709244732e+00
1.492869486807480994e+00
4.989739253298777300e+01
3.253605115473822806e+00
2.177549829570234010e+02
2.078783646051897733e+02
3.850862389069782399e+00
3.047786032485136243e+00
2.223852130618218848e+00
8.740816960937177527e+00
1.354161092546471545e+00
5.607132682210191454e+00
1.779384607983321303e+02
9.971823370478111315e+01
1.028798087183924963e+02
1.753849659858455867e+00
7.743142470256334065e+00
2.733695413047393608e+00
1.195873781007823844e+01
1.170304883406141414e+02
2.178688999072567523e+00
1.031780577132750665e+01
5.027582584241672947e+01
5.227110240686873688e+00
3.065646303048561450e+00
2.743875390631152413e+02
1.181431114053118279e+02
1.838583176323756563e+00
2.151427825827758156e+01
1.965847642036047560e+00
1.236130652476433056e+00
1.200924710032057696e+01
1.540563446615840215e+00
1.456000392121237326e+02
5.225552920214585839e+00
3.184717277564762838e+01
7.988629541641119047e+00
2.506377787236607091e+00
4.306108542211362078e+01
5.796723619902187430e+00
5.676536557899397373e+00
2.343693216200058771e+01
2.159758661640235005e+03
2.803735984879976328e+01
1.996262662045008573e+00
1.971836323573976983e+02
1.049230799516102097e+00
1.471996075286570171e+00
6.231797217944658129e+00
4.825916373035076035e+00
1.198585321890876854e+00
1.129328012313453478e+00
1.440723007871154593e+00
5.030370654217985127e+00
1.191259424375065601e+00
1.736772148361402257e+00
1.303650894794505799e+00
5.370351431612435888e+00
1.423229045634900913e+01
2.611168834782460646e+00
1.748252434985417381e+01
1.013568874215385218e+00
1.457199049081048692e+01
5.315086344108427951e+00
9.226253642193228188e+00
1.714760655999019390e+00
1.310446951840511964e+00
6.677588296186785044e+01
5.946296340138122360e+01
2.737704932464577467e+00
3.299191624545179735e+01
2.700788530516777364e+00
1.945166683899059334e+00
2.575965780314624531e+00
1.648771794249481282e+00
2.887779210133324170e+00
9.493754779574656411e+00
6.432815302049300854e+00
2.322208272577521715e+00
1.056297303197904114e+01
1.687482383205611836e+00
6.944642869465188539e+01
5.391542382869975114e+00
5.045679652235924095e+01
1.117002155156558763e+00
2.737581363829849845e+00
1.616135095621201723e+00
1.198076819952168215e+01
1.789506949959392301e+01
7.203714268043787783e+00
2.228648808782287993e+00
7.373810563801919571e+00
1.258124061236302715e+00
1.851842343303734495e+01
1.315692475073938494e+00
8.072614796514518076e+00
2.747591774517959884e+00
1.959141718760441186e+00
2.453433799766304713e+00
3.255964998236566821e+00
3.119255379378741200e+00
4.239588803408937423e+01
1.622778857222774462e+01
1.201955079877528254e+00
4.240510072649935402e+00
1.503626632570329802e+00
