2.064466476440429688e-01
1.397771835327148438e-01
8.004713058471679688e-02
8.006951808929443359e-01
1.091599464416503906e-01
1.665353775024414062e-01
1.659450531005859375e-01
4.150785491466522217e+02
2.019772529602050781e+00
1.081478595733642578e-01
1.771299362182617188e+00
1.780190467834472656e-01
2.261698246002197266e+00
3.636224269866943359e-01
2.061154842376708984e-01
1.135959625244140625e-01
2.187443971633911133e+00
2.957242488861083984e+00
4.366261959075927734e-01
1.823903203010559082e+01
2.387049198150634766e-01
7.865219116210937500e-01
7.894971370697021484e-01
1.110457897186279297e+00
1.191735267639160156e-01
5.649590492248535156e-02
5.906114578247070312e-01
4.101395606994628906e-02
1.323552131652832031e-01
1.172237396240234375e-01
1.223089694976806641e-01
3.551061153411865234e-01
1.070780920982360840e+01
1.358137130737304688e-01
4.093281745910644531e+00
1.323403358459472656e+00
5.819847583770751953e-01
1.105766296386718750e-01
1.449337005615234375e-01
9.360412931442260742e+01
9.013557434082031250e-02
6.545400619506835938e-02
1.280543804168701172e-01
6.156859397888183594e-01
8.902573585510253906e-02
2.877254486083984375e-01
1.725975441932678223e+01
8.198862075805664062e-01
1.357142925262451172e-01
1.043159651756286621e+01
5.384571552276611328e-01
1.438369750976562500e-01
7.707047462463378906e-02
1.002373695373535156e-01
4.699790477752685547e-01
2.846761465072631836e+00
8.827126026153564453e-01
3.776006698608398438e-01
2.449772357940673828e-01
1.132177133560180664e+02
2.227208614349365234e-01
2.128523285388946533e+02
1.460409164428710938e-01
1.184902191162109375e-01
1.077272891998291016e-01
7.505068778991699219e-01
1.111429214477539062e+00
1.634552478790283203e-01
4.251184463500976562e-01
4.242820262908935547e+00
5.239298343658447266e-01
1.174335479736328125e+00
3.811654515266418457e+02
8.524377346038818359e-01
5.049636363983154297e-01
4.600203037261962891e-01
2.215754747390747070e+00
4.598269462585449219e-01
2.302646160125732422e+00
1.055810451507568359e-01
6.874265670776367188e-01
1.651618480682373047e-01
3.190288543701171875e-01
1.006318736076354980e+01
2.446508646011352539e+00
5.783200263977050781e-01
1.261270046234130859e-01
6.539654731750488281e-01
9.072208404541015625e-02
3.699326515197753906e-01
9.754080772399902344e-01
6.732977390289306641e+00
1.478204727172851562e-01
5.313964843750000000e+00
2.059926986694335938e-01
1.313498020172119141e-01
7.379751205444335938e-01
1.001905441284179688e+01
2.437906265258789062e-01
1.283957958221435547e-01
9.458827972412109375e-01
1.841762065887451172e-01
1.115226745605468750e-01
2.116330909729003906e+01
2.395579814910888672e-01
1.448338031768798828e-01
1.232500076293945312e-01
7.735586166381835938e-02
1.535682678222656250e-01
2.083578109741210938e-01
4.135529994964599609e-01
1.178603172302246094e-01
1.558406352996826172e-01
4.702732563018798828e-01
4.944181442260742188e-02
5.729506015777587891e-01
2.646446228027343750e+00
6.852425336837768555e+00
1.803772449493408203e-01
1.208167076110839844e-01
1.905994415283203125e-01
6.836688518524169922e-01
1.236109733581542969e-01
1.452012062072753906e-01
5.113744735717773438e-02
3.751160860061645508e+00
1.995343446731567383e+00
1.739063262939453125e-01
4.646861553192138672e-01
5.383300781250000000e-01
3.655157327651977539e+00
1.185371875762939453e-01
6.578993797302246094e-01
6.469845771789550781e-01
7.179568290710449219e+00
1.260871648788452148e+00
4.544631004333496094e+00
6.186997890472412109e-01
1.267094612121582031e-01
6.646098613739013672e+00
1.195583820343017578e+00
1.247668266296386719e-01
2.007744312286376953e-01
3.709723949432373047e-01
2.146162986755371094e-01
7.754566669464111328e-01
5.785082101821899414e+00
2.015902996063232422e-01
9.217126369476318359e-01
2.063269615173339844e-01
2.039697499275207520e+02
2.368569374084472656e-01
2.449998855590820312e+00
6.500706672668457031e-01
1.211755275726318359e-01
5.724949836730957031e-01
7.022306919097900391e-01
1.954998970031738281e-01
1.282810926437377930e+00
1.287497758865356445e+00
3.432917356491088867e+00
1.841781139373779297e-01
1.323852539062500000e-01
2.764475345611572266e-01
2.786055326461791992e+00
1.587531328201293945e+00
1.112730979919433594e+00
2.710354328155517578e-01
1.655521392822265625e-01
2.116754531860351562e+00
2.563576698303222656e-01
1.651754379272460938e-01
2.650246620178222656e-01
3.661782741546630859e-01
3.016236782073974609e+00
3.044874668121337891e-01
6.954020023345947266e+00
9.028983116149902344e-02
5.933079719543457031e-01
1.340081691741943359e-01
4.179283380508422852e+00
1.347539424896240234e-01
6.929533004760742188e+00
2.657923698425292969e-01
6.907953739166259766e+00
3.579747676849365234e-01
1.332504749298095703e-01
5.130332469940185547e+00
2.825796604156494141e-01
1.039178371429443359e+00
4.885132312774658203e+00
2.161126136779785156e-01
9.693551301956176758e+00
1.456582546234130859e+00
2.296924591064453125e-01
6.876897811889648438e-02
7.045178413391113281e-01
1.587998104095458984e+01
1.401686668395996094e+00
1.862576484680175781e+00
