1.627531051635742188e-01
4.407281875610351562e-01
6.741404533386230469e-02
6.080195903778076172e-01
8.647108078002929688e-02
1.803565025329589844e-01
1.699359416961669922e-01
4.011156001091003418e+02
1.224426031112670898e+00
1.035652160644531250e-01
1.284805297851562500e+00
2.007985115051269531e-01
1.522797346115112305e+00
2.116091251373291016e-01
4.874269962310791016e-01
1.131827831268310547e-01
2.049610137939453125e+00
3.214587211608886719e+00
4.106588363647460938e-01
1.697040081024169922e+01
3.901295661926269531e-01
1.082626581192016602e+00
6.597421169281005859e-01
7.845091819763183594e-01
1.054000854492187500e-01
5.307602882385253906e-02
2.274472713470458984e-01
3.765702247619628906e-02
1.678240299224853516e-01
1.416385173797607422e-01
1.056520938873291016e-01
7.020440101623535156e-01
9.705980300903320312e+00
1.860656738281250000e-01
3.656448602676391602e+00
1.104390144348144531e+00
4.611411094665527344e-01
1.042456626892089844e-01
1.291894912719726562e-01
7.596650862693786621e+01
7.516264915466308594e-02
5.535864830017089844e-02
1.170523166656494141e-01
2.318298816680908203e-01
1.464405059814453125e-01
1.798267364501953125e-01
1.555377960205078125e+01
3.125200271606445312e-01
1.233608722686767578e-01
9.881441116333007812e+00
4.490640163421630859e-01
1.240313053131103516e-01
3.700518608093261719e-02
8.045792579650878906e-02
1.549773216247558594e-01
2.304410934448242188e+00
8.492219448089599609e-01
1.455557346343994141e-01
4.801096916198730469e-01
1.056977500915527344e+02
1.065049171447753906e-01
1.203819057941436768e+02
1.683523654937744141e-01
1.068942546844482422e-01
9.117460250854492188e-02
9.147963523864746094e-01
7.871406078338623047e-01
1.123247146606445312e-01
4.326434135437011719e-01
5.202503204345703125e+00
1.063833236694335938e-01
9.822793006896972656e-01
3.581040956974029541e+02
3.496396541595458984e-01
4.471287727355957031e-01
4.732358455657958984e-01
2.165138244628906250e+00
1.722276210784912109e-01
2.386632204055786133e+00
9.333014488220214844e-02
6.403734683990478516e-01
1.963527202606201172e-01
2.258763313293457031e-01
9.713969230651855469e+00
2.222149848937988281e+00
8.494782447814941406e-01
1.149985790252685547e-01
2.571985721588134766e-01
3.784840106964111328e-01
3.904187679290771484e-01
8.547663688659667969e-01
6.506695747375488281e+00
9.707951545715332031e-02
5.024723052978515625e+00
1.656763553619384766e-01
1.178593635559082031e-01
3.314971923828125000e-01
9.751675844192504883e+00
2.428758144378662109e-01
9.191131591796875000e-02
4.716243743896484375e-01
4.445788860321044922e-01
9.282064437866210938e-02
1.820727372169494629e+01
1.993002891540527344e-01
1.087129116058349609e-01
1.224830150604248047e-01
9.555006027221679688e-02
1.355481147766113281e-01
1.530013084411621094e-01
4.407408237457275391e-01
1.005330085754394531e-01
1.520485877990722656e-01
4.786794185638427734e-01
4.665112495422363281e-02
6.138386726379394531e-01
2.623380422592163086e+00
6.122053861618041992e+00
7.957410812377929688e-02
3.385381698608398438e-01
1.521737575531005859e-01
2.850990295410156250e-01
1.245310306549072266e-01
1.189475059509277344e-01
6.286048889160156250e-02
2.652410507202148438e+00
1.946202278137207031e+00
1.564438343048095703e-01
4.077260494232177734e-01
1.187472343444824219e+00
2.952772855758666992e+00
1.119177341461181641e-01
9.241745471954345703e-01
3.303544521331787109e-01
7.060023546218872070e+00
7.492249011993408203e-01
4.283411264419555664e+00
1.135158538818359375e-01
1.046459674835205078e-01
6.334079027175903320e+00
1.430904865264892578e+00
1.158223152160644531e-01
1.901595592498779297e-01
2.027211189270019531e-01
2.008268833160400391e-01
7.111554145812988281e-01
5.303576707839965820e+00
1.393492221832275391e-01
8.379530906677246094e-01
1.868216991424560547e-01
1.828188798427581787e+02
1.554689407348632812e-01
2.242198467254638672e+00
6.050701141357421875e-01
1.187269687652587891e-01
2.129807472229003906e-01
1.036754608154296875e+00
1.463491916656494141e-01
6.853945255279541016e-01
8.384761810302734375e-01
3.034518241882324219e+00
1.179616451263427734e-01
1.127181053161621094e-01
2.912516593933105469e-01
2.191020727157592773e+00
1.431351900100708008e+00
1.312745332717895508e+00
1.396720409393310547e-01
1.575791835784912109e-01
1.347460269927978516e+00
2.413384914398193359e-01
1.302776336669921875e-01
2.182521820068359375e-01
3.397657871246337891e-01
2.756564140319824219e+00
2.807943820953369141e-01
6.259837865829467773e+00
5.686402320861816406e-02
4.017524719238281250e-01
1.157152652740478516e-01
3.919015407562255859e+00
1.070311069488525391e-01
6.262087345123291016e+00
1.705155372619628906e-01
6.260928630828857422e+00
3.335030078887939453e-01
1.120238304138183594e-01
4.671241760253906250e+00
3.169820308685302734e-01
9.531853199005126953e-01
4.298163652420043945e+00
1.776587963104248047e-01
8.539266586303710938e+00
1.247219324111938477e+00
2.541871070861816406e-01
6.449484825134277344e-02
4.267172813415527344e-01
1.359286141395568848e+01
7.391073703765869141e-01
1.665775537490844727e+00
