6.310415267944335938e-02
1.795721054077148438e-02
1.105991525650024414e+02
3.511214256286621094e-02
1.245713233947753906e-02
2.004837989807128906e-01
2.142613172531127930e+00
7.630085945129394531e-02
4.799079895019531250e-02
7.347676753997802734e-01
1.018621921539306641e-01
3.205895423889160156e-02
1.576044559478759766e-01
2.593028545379638672e-01
1.772971630096435547e+00
2.459549903869628906e-01
4.936456680297851562e-02
6.642246246337890625e-02
1.323196887969970703e-01
2.983975410461425781e-02
6.481575965881347656e-02
3.055989742279052734e-01
4.385948181152343750e-02
1.881728172302246094e-01
8.866810798645019531e-02
1.048853397369384766e-01
4.604211330413818359e+00
1.035082340240478516e-01
1.773147583007812500e-01
3.994851112365722656e-01
3.258559703826904297e-01
2.861001491546630859e-01
1.963624954223632812e-01
2.197144031524658203e-01
2.915599346160888672e-01
7.507562637329101562e-02
3.478741645812988281e-02
1.615719079971313477e+00
8.400630950927734375e-02
2.379798889160156250e-02
2.410793304443359375e-02
1.836729049682617188e-02
4.685997962951660156e-02
3.314557075500488281e-01
5.009925565719604492e+02
9.153992986679077148e+01
1.377797126770019531e-02
8.787469863891601562e-01
1.392318248748779297e+00
1.827207088470458984e+00
9.359197616577148438e-01
1.490263938903808594e-01
1.348297595977783203e-01
2.310860157012939453e-01
3.569366931915283203e-01
2.900969982147216797e-01
2.381992340087890625e-02
4.668681621551513672e-01
2.141699790954589844e-01
1.214056015014648438e-01
1.010105609893798828e-01
1.152410507202148438e-01
1.541101932525634766e-01
4.687299728393554688e-01
2.951741218566894531e-01
7.778494358062744141e-01
4.495549201965332031e-01
2.312493324279785156e-01
2.168369531631469727e+00
8.312368392944335938e-01
3.383760452270507812e-01
1.037333011627197266e-01
1.837987899780273438e-01
2.573523521423339844e-01
1.740951061248779297e+00
6.151080131530761719e-02
4.335446357727050781e-01
5.896279811859130859e+00
5.201506614685058594e-02
3.125047683715820312e-02
2.627377510070800781e-01
5.003772003650665283e+02
9.417128562927246094e-02
5.103023052215576172e-01
2.481126785278320312e-01
1.423308849334716797e-01
5.495800971984863281e-01
1.319627761840820312e-01
2.614331245422363281e-02
6.651449203491210938e-02
3.569149494171142578e+00
1.407036781311035156e-01
3.012166261672973633e+01
5.994105339050292969e-02
4.286336898803710938e-02
2.789576292037963867e+00
7.745146751403808594e-02
4.891568660736083984e+00
9.959589958190917969e+00
5.000005288124084473e+02
4.327189445495605469e+01
1.525257897377014160e+01
2.613556385040283203e-01
3.973150253295898438e-02
5.827254533767700195e+00
3.871655464172363281e-02
1.208105087280273438e-01
6.712126731872558594e-02
5.976152420043945312e-02
2.836036682128906250e-02
2.666521072387695312e-02
6.331729888916015625e-02
9.060451984405517578e-01
2.222371101379394531e-02
1.658134460449218750e-01
1.574826240539550781e-02
2.214620113372802734e-01
1.508357286453247070e+00
1.245989799499511719e-01
1.446981430053710938e-01
2.358772754669189453e-01
3.587317466735839844e-02
7.685446739196777344e-02
6.175565719604492188e-02
5.094340324401855469e+02
1.463642120361328125e-01
3.951096534729003906e-02
8.419408798217773438e-01
5.029941048622131348e+02
4.363703727722167969e-02
5.208587646484375000e-02
4.592537879943847656e-02
1.219291090965270996e+01
2.443399906158447266e+00
5.342936515808105469e-02
2.756233096122741699e+01
5.538821220397949219e-02
6.913185119628906250e-02
2.448299884796142578e+01
5.009191687107086182e+02
8.404803276062011719e-02
2.331089973449707031e-02
3.703532218933105469e-01
1.600553989410400391e-01
7.975411415100097656e-02
4.946626162528991699e+01
2.617883682250976562e-02
1.287149429321289062e+00
4.333361673355102539e+01
2.500367164611816406e-02
9.683299064636230469e-02
4.600548744201660156e-02
2.106473445892333984e-01
3.538990020751953125e-02
4.867267608642578125e-02
1.583341598510742188e+00
4.159235954284667969e-02
6.869363784790039062e-02
7.732129096984863281e-02
2.652335166931152344e-02
1.291747093200683594e-01
1.781034469604492188e-02
2.469298362731933594e+00
4.266023635864257812e-02
2.578227519989013672e-01
5.009372489452362061e+02
7.374954223632812500e-02
1.875407695770263672e-01
4.747343063354492188e-02
1.283979415893554688e-01
1.977646350860595703e-01
1.367626190185546875e-01
1.416804792881011963e+02
2.608582973480224609e-01
2.339043617248535156e-01
2.067318367958068848e+01
2.486374378204345703e-01
3.625664710998535156e-01
5.630731582641601562e-02
6.506398081779479980e+01
1.920188426971435547e+01
2.963280677795410156e-02
5.942583084106445312e-03
7.272410392761230469e-02
9.179520606994628906e-02
2.577519416809082031e-02
6.262140274047851562e-01
3.761076927185058594e-02
7.442188262939453125e-02
5.012488365173339844e-02
8.530259132385253906e-02
2.578449249267578125e-02
2.087809157371520996e+01
7.677483558654785156e-02
1.325557231903076172e-01
5.788993835449218750e-02
2.828564643859863281e-01
4.412353038787841797e-01
3.819713592529296875e-01
9.445733547210693359e+00
