5.754423141479492188e-02
3.068685531616210938e-02
8.597252225875854492e+01
3.203892707824707031e-02
1.883292198181152344e-02
5.073816776275634766e-01
1.209614276885986328e-01
5.000925064086914062e-02
4.239845275878906250e-02
1.604444980621337891e-01
7.478499412536621094e-02
2.144289016723632812e-02
6.973862648010253906e-02
2.228691577911376953e-01
1.246407032012939453e-01
3.514773845672607422e-01
5.633282661437988281e-02
3.152465820312500000e-02
8.966088294982910156e-02
5.295491218566894531e-02
6.410002708435058594e-02
1.279118061065673828e-01
3.428745269775390625e-02
8.720421791076660156e-02
5.029201507568359375e-02
3.290176391601562500e-02
2.270165443420410156e+00
1.077599525451660156e-01
5.083370208740234375e-02
1.170716285705566406e-01
1.570730209350585938e-01
1.530494689941406250e-01
7.151389122009277344e-02
5.552220344543457031e-02
9.978842735290527344e-02
2.607774734497070312e-02
3.311586380004882812e-02
1.535887718200683594e-01
6.858015060424804688e-02
7.891178131103515625e-03
2.542853355407714844e-02
1.447963714599609375e-02
3.169751167297363281e-02
1.378436088562011719e-01
5.005052783489227295e+02
5.423320651054382324e+01
5.662918090820312500e-03
2.745010852813720703e-01
3.571226596832275391e-01
5.212981700897216797e-01
1.739029884338378906e-01
5.064296722412109375e-02
4.895401000976562500e-02
5.166745185852050781e-02
8.998298645019531250e-02
9.565281867980957031e-02
1.026034355163574219e-02
1.293976306915283203e-01
2.590909004211425781e-01
5.136346817016601562e-02
2.245569229125976562e-02
3.860282897949218750e-02
5.258488655090332031e-02
1.167981624603271484e-01
4.194021224975585938e-03
2.262880802154541016e-01
1.002960205078125000e-01
5.794085025787353516e+00
5.451951026916503906e-01
4.520592689514160156e-01
8.022165298461914062e-02
6.183505058288574219e-02
5.931854248046875000e-02
6.598591804504394531e-02
6.603524684906005859e-01
3.289031982421875000e-02
1.182625293731689453e-01
6.479012966156005859e-01
2.657604217529296875e-02
1.965260505676269531e-02
1.229696273803710938e-01
4.254546933174133301e+02
2.530741691589355469e-02
1.710155010223388672e-01
1.293611526489257812e-01
6.896114349365234375e-02
2.769618034362792969e-01
4.130196571350097656e-02
1.556825637817382812e-02
3.407526016235351562e-02
1.834440231323242188e-01
6.750321388244628906e-02
3.019303488731384277e+01
1.335022449493408203e-01
6.839704513549804688e-02
2.326825141906738281e+00
5.573749542236328125e-02
3.703246116638183594e-01
7.307959556579589844e+00
5.009979193210601807e+02
2.179734706878662109e-01
1.131005096435546875e+01
1.673045158386230469e-01
2.763152122497558594e-02
5.163918972015380859e+00
3.705120086669921875e-02
6.679153442382812500e-02
4.613304138183593750e-02
2.804780006408691406e-02
2.878928184509277344e-02
2.012825012207031250e-02
6.141161918640136719e-02
8.123421669006347656e-01
1.869940757751464844e-02
1.078922748565673828e-01
1.045632362365722656e-02
2.161488533020019531e-01
1.072960376739501953e+00
7.994270324707031250e-02
1.294684410095214844e-01
9.225437641143798828e-01
3.751707077026367188e-02
6.464815139770507812e-02
4.335832595825195312e-02
5.190311384201049805e+02
1.132783889770507812e-01
3.970074653625488281e-02
8.633282184600830078e-01
5.029141471385955811e+02
2.423930168151855469e-02
5.624580383300781250e-02
3.447723388671875000e-02
1.175006198883056641e+01
8.563454627990722656e+00
4.751086235046386719e-02
5.390143370628356934e+01
6.474828720092773438e-02
3.237438201904296875e-02
1.351721310615539551e+01
5.005824213027954102e+02
1.135838031768798828e-01
1.676869392395019531e-02
2.137749195098876953e-01
6.458568572998046875e-02
3.768730163574218750e-02
2.922064971923828125e+01
1.747417449951171875e-02
1.179532289505004883e+00
1.604642868041992188e-01
1.631879806518554688e-02
8.450579643249511719e-02
6.664037704467773438e-02
2.243456840515136719e-01
3.246903419494628906e-02
4.340934753417968750e-02
3.597482681274414062e+00
4.568719863891601562e-02
4.628133773803710938e-02
1.270029544830322266e-01
2.506852149963378906e-02
1.188006401062011719e-01
1.435899734497070312e-02
1.354708671569824219e-01
3.316116333007812500e-02
2.108139991760253906e-01
5.058180201053619385e+02
1.483674049377441406e-01
2.658445835113525391e-01
7.113862037658691406e-02
1.764183044433593750e-01
3.201024532318115234e-01
1.618506908416748047e-01
1.907295007705688477e+02
2.000963687896728516e-01
1.030650138854980469e-01
4.461088418960571289e+00
2.980058193206787109e-01
3.483052253723144531e-01
9.370183944702148438e-02
9.805774712562561035e+01
2.472019195556640625e-01
4.592466354370117188e-02
1.031112670898437500e-02
1.215806007385253906e-01
7.769608497619628906e-02
2.818918228149414062e-02
5.229563713073730469e-01
3.638124465942382812e-02
4.706645011901855469e-02
4.593873023986816406e-02
7.373619079589843750e-02
1.728272438049316406e-02
4.279580116271972656e-01
6.037759780883789062e-02
5.058169364929199219e-02
4.331374168395996094e-02
2.040338516235351562e-01
2.505328655242919922e-01
2.319588661193847656e-01
4.370751380920410156e-01
