6.030583381652832031e-02
3.375339508056640625e-02
1.296089053153991699e+01
5.557656288146972656e-02
1.123332977294921875e-02
4.871187210083007812e-01
1.172389984130859375e-01
6.278204917907714844e-02
5.535674095153808594e-02
9.318065643310546875e-02
4.811120033264160156e-02
1.891803741455078125e-02
1.020781993865966797e-01
2.213690280914306641e-01
7.694768905639648438e-02
2.633006572723388672e-01
5.052518844604492188e-02
3.245973587036132812e-02
1.169078350067138672e-01
3.375649452209472656e-02
1.879215240478515625e-02
9.940576553344726562e-02
2.631807327270507812e-02
7.656574249267578125e-02
4.533004760742187500e-02
5.386543273925781250e-02
2.547415018081665039e+00
7.215452194213867188e-02
3.720688819885253906e-02
1.638827323913574219e-01
2.728090286254882812e-01
1.547849178314208984e-01
8.706831932067871094e-02
1.026463508605957031e-01
8.228516578674316406e-02
3.413009643554687500e-02
4.008960723876953125e-02
1.254231929779052734e-01
4.830002784729003906e-02
7.859230041503906250e-03
2.400255203247070312e-02
1.694822311401367188e-02
3.372883796691894531e-02
1.945960521697998047e-01
5.016301844120025635e+02
3.079471611976623535e+01
7.652521133422851562e-03
4.135413169860839844e-01
4.046831130981445312e-01
5.471024513244628906e-01
1.937236785888671875e-01
4.598045349121093750e-02
5.143356323242187500e-02
5.204486846923828125e-02
2.700471878051757812e-02
9.826231002807617188e-02
1.107311248779296875e-02
1.358661651611328125e-01
8.696508407592773438e-02
4.837775230407714844e-02
3.210473060607910156e-02
3.603386878967285156e-02
5.269718170166015625e-02
9.720230102539062500e-02
7.754087448120117188e-03
2.088482379913330078e-01
1.012606620788574219e-01
7.334065437316894531e-02
4.887158870697021484e-01
4.703519344329833984e-01
7.969403266906738281e-02
5.688405036926269531e-02
4.726290702819824219e-02
6.727910041809082031e-02
6.332271099090576172e-01
2.917790412902832031e-02
9.260892868041992188e-02
2.233057022094726562e-01
3.018689155578613281e-02
1.021981239318847656e-02
1.089248657226562500e-01
4.284617540836334229e+02
2.366256713867187500e-02
2.238459587097167969e-01
1.282591819763183594e-01
6.300783157348632812e-02
2.978780269622802734e-01
3.294587135314941406e-02
1.215410232543945312e-02
3.950333595275878906e-02
1.798732280731201172e-01
6.864953041076660156e-02
2.363841080665588379e+01
4.156970977783203125e-02
3.157114982604980469e-02
9.683933258056640625e-01
1.221656799316406250e-02
1.640412807464599609e-01
3.058912992477416992e+00
5.008099327087402344e+02
1.569783687591552734e-01
1.231489276885986328e+01
2.120912075042724609e-01
2.112269401550292969e-02
1.067363452911376953e+01
4.359936714172363281e-02
8.487272262573242188e-02
5.151081085205078125e-02
3.470540046691894531e-02
3.442072868347167969e-02
2.439188957214355469e-02
6.722807884216308594e-02
8.883819580078125000e-01
1.979589462280273438e-02
1.109786033630371094e-01
1.221489906311035156e-02
2.614257335662841797e-01
1.139853715896606445e+00
7.415533065795898438e-02
1.112892627716064453e-01
7.907233238220214844e-01
3.985643386840820312e-02
4.870820045471191406e-02
4.647040367126464844e-02
5.117076308727264404e+02
7.395792007446289062e-02
2.171683311462402344e-02
5.552561283111572266e-01
5.018887312412261963e+02
3.098750114440917969e-02
4.245996475219726562e-02
2.811717987060546875e-02
1.074395108222961426e+01
1.010069441795349121e+01
5.272936820983886719e-02
2.540716457366943359e+01
7.247972488403320312e-02
4.263067245483398438e-02
1.620168995857238770e+01
5.004936912059783936e+02
1.218333244323730469e-01
1.983428001403808594e-02
1.911337375640869141e-01
1.006767749786376953e-01
5.863571166992187500e-02
3.174590206146240234e+01
2.025127410888671875e-02
1.263633966445922852e+00
2.142994403839111328e-01
2.215766906738281250e-02
8.673024177551269531e-02
6.586813926696777344e-02
1.443061828613281250e-01
3.430533409118652344e-02
5.079817771911621094e-02
6.864414215087890625e+00
5.328583717346191406e-02
5.359029769897460938e-02
8.432221412658691406e-02
2.107000350952148438e-02
1.027595996856689453e-01
1.738071441650390625e-02
1.524379253387451172e-01
2.579331398010253906e-02
2.083663940429687500e-01
5.012842113971710205e+02
8.737874031066894531e-02
2.220585346221923828e-01
3.600430488586425781e-02
9.360361099243164062e-02
1.644768714904785156e-01
1.688055992126464844e-01
1.353061645030975342e+02
1.398606300354003906e-01
7.424592971801757812e-02
2.797927379608154297e+00
1.941995620727539062e-01
3.309948444366455078e-01
7.607340812683105469e-02
6.851960229873657227e+01
1.836357116699218750e-01
1.891088485717773438e-02
5.760431289672851562e-03
6.916856765747070312e-02
6.032252311706542969e-02
2.144789695739746094e-02
1.459734439849853516e-01
3.472328186035156250e-02
3.326749801635742188e-02
3.740692138671875000e-02
6.000304222106933594e-02
1.062631607055664062e-02
1.833341121673583984e-01
4.494285583496093750e-02
5.960655212402343750e-02
3.190708160400390625e-02
7.727599143981933594e-02
1.893792152404785156e-01
1.664462089538574219e-01
1.648559570312500000e-01
