5.369830131530761719e-02
1.935291290283203125e-02
5.169604253768920898e+01
3.332662582397460938e-02
1.228642463684082031e-02
4.949970245361328125e-01
1.066527366638183594e-01
6.909155845642089844e-02
4.175877571105957031e-02
7.418570518493652344e-01
6.064534187316894531e-02
1.606845855712890625e-02
3.715395927429199219e-02
1.497142314910888672e-01
8.736658096313476562e-02
3.081946372985839844e-01
4.317665100097656250e-02
2.565026283264160156e-02
6.309342384338378906e-02
2.953314781188964844e-02
1.142883300781250000e-02
1.310989856719970703e-01
2.885293960571289062e-02
9.362053871154785156e-02
4.796099662780761719e-02
4.000139236450195312e-02
2.095136404037475586e+00
3.204703330993652344e-02
3.249216079711914062e-02
1.202821731567382812e-01
1.938462257385253906e-01
1.366200447082519531e-01
8.652758598327636719e-02
1.135568618774414062e-01
8.284163475036621094e-02
2.981138229370117188e-02
2.940988540649414062e-02
1.377635002136230469e-01
5.061817169189453125e-02
1.276183128356933594e-02
2.710556983947753906e-02
1.511836051940917969e-02
3.210783004760742188e-02
1.782047748565673828e-01
5.005571768283843994e+02
3.213460707664489746e+01
8.870124816894531250e-03
3.501429557800292969e-01
4.056086540222167969e-01
5.140399932861328125e-01
2.077410221099853516e-01
3.954267501831054688e-02
4.203605651855468750e-02
5.757498741149902344e-02
2.922534942626953125e-02
1.103713512420654297e-01
9.081363677978515625e-03
2.068634033203125000e-01
7.695865631103515625e-02
5.496907234191894531e-02
2.860236167907714844e-02
3.550720214843750000e-02
4.333209991455078125e-02
1.051218509674072266e-01
5.059719085693359375e-03
2.119624614715576172e-01
1.048095226287841797e-01
7.723331451416015625e-02
6.066873073577880859e-01
4.192523956298828125e-01
8.484387397766113281e-02
5.608582496643066406e-02
5.576324462890625000e-02
6.690835952758789062e-02
7.730927467346191406e-01
3.034615516662597656e-02
1.023766994476318359e-01
2.352857589721679688e-02
2.912282943725585938e-02
1.030969619750976562e-02
2.128286361694335938e-01
3.803266172409057617e+02
2.399373054504394531e-02
2.159237861633300781e-01
1.194863319396972656e-01
9.811298847198486328e-01
2.689976692199707031e-01
3.572845458984375000e-02
1.355934143066406250e-02
4.263639450073242188e-02
1.866309642791748047e-01
6.081509590148925781e-02
2.076203513145446777e+01
5.717587471008300781e-02
4.420566558837890625e-02
1.099259138107299805e+00
2.189824581146240234e-01
2.900199174880981445e+00
3.875485897064208984e+00
5.011498329639434814e+02
1.374392509460449219e-01
8.215022802352905273e+00
2.033390998840332031e-01
1.912069320678710938e-02
5.479892969131469727e+00
4.145717620849609375e-02
8.215165138244628906e-02
4.759693145751953125e-02
3.048419952392578125e-02
4.642415046691894531e-02
2.870392799377441406e-02
5.094051361083984375e-02
7.779448032379150391e-01
2.122855186462402344e-02
1.157479286193847656e-01
1.345491409301757812e-02
2.753226757049560547e-01
1.396972894668579102e+00
8.550262451171875000e-02
1.412487030029296875e-01
1.036666154861450195e+00
4.330563545227050781e-02
5.869483947753906250e-02
5.403733253479003906e-02
5.111579616069793701e+02
8.616042137145996094e-02
1.848554611206054688e-02
5.093195438385009766e-01
5.035910370349884033e+02
2.849507331848144531e-02
3.450775146484375000e-02
2.180361747741699219e-02
1.070671701431274414e+01
7.683979988098144531e+00
5.246591567993164062e-02
2.212688636779785156e+01
6.226634979248046875e-02
6.104850769042968750e-02
2.720201086997985840e+01
5.010445561408996582e+02
1.184599399566650391e-01
2.196955680847167969e-02
2.435300350189208984e-01
1.146254539489746094e-01
5.088257789611816406e-02
3.408129763603210449e+01
2.150988578796386719e-02
1.252663612365722656e+00
1.459102630615234375e-01
1.742720603942871094e-02
9.056329727172851562e-02
2.520513534545898438e-02
1.471788883209228516e-01
3.338813781738281250e-02
4.386162757873535156e-02
6.087739229202270508e+00
5.497050285339355469e-02
6.034755706787109375e-02
8.247804641723632812e-02
2.640604972839355469e-02
1.269249916076660156e-01
1.764583587646484375e-02
1.011924600601196289e+01
2.222347259521484375e-02
2.117304801940917969e-01
5.010017178058624268e+02
7.200407981872558594e-02
1.506896018981933594e-01
2.739739418029785156e-02
9.303712844848632812e-02
1.436128616333007812e-01
1.742937564849853516e-01
1.264830522537231445e+02
1.482310295104980469e-01
6.984663009643554688e-02
2.623473882675170898e+00
1.903932094573974609e-01
2.609179019927978516e-01
6.435585021972656250e-02
7.282634568214416504e+01
2.226133346557617188e-01
2.006077766418457031e-02
5.653142929077148438e-03
5.877232551574707031e-02
6.000018119812011719e-02
2.275061607360839844e-02
1.393220424652099609e-01
2.801990509033203125e-02
5.107307434082031250e-02
3.961968421936035156e-02
6.875586509704589844e-02
1.166272163391113281e-02
2.025630474090576172e-01
3.851938247680664062e-02
5.364179611206054688e-02
3.231477737426757812e-02
7.452559471130371094e-02
2.115373611450195312e-01
1.817345619201660156e-01
2.082264423370361328e-01
