4.491758346557617188e-02
1.398611068725585938e-02
1.038057565689086914e+01
3.202104568481445312e-02
8.526325225830078125e-03
3.471126556396484375e-01
9.680342674255371094e-02
6.509900093078613281e-02
3.120899200439453125e-02
6.158387660980224609e-01
4.783439636230468750e-02
1.897263526916503906e-02
5.270266532897949219e-02
1.374104022979736328e-01
9.608387947082519531e-02
2.058746814727783203e-01
5.425500869750976562e-02
1.889514923095703125e-02
5.049729347229003906e-02
2.950572967529296875e-02
1.491165161132812500e-02
1.229498386383056641e-01
3.683090209960937500e-02
1.540739536285400391e-01
4.049539566040039062e-02
3.056502342224121094e-02
1.780160665512084961e+00
4.994726181030273438e-02
3.337907791137695312e-02
9.930133819580078125e-02
1.601333618164062500e-01
1.446619033813476562e-01
9.669232368469238281e-02
1.006488800048828125e-01
8.444809913635253906e-02
3.042221069335937500e-02
3.428220748901367188e-02
1.250660419464111328e-01
4.955816268920898438e-02
6.289482116699218750e-03
1.858925819396972656e-02
1.159501075744628906e-02
3.263616561889648438e-02
1.200873851776123047e-01
5.017181277275085449e+02
2.928867077827453613e+01
7.618904113769531250e-03
2.845439910888671875e-01
3.230838775634765625e-01
5.107378959655761719e-01
1.744697093963623047e-01
2.879357337951660156e-02
5.596399307250976562e-02
4.998612403869628906e-02
6.745667457580566406e-01
1.048936843872070312e-01
9.644269943237304688e-03
2.130002975463867188e-01
1.781885623931884766e-01
5.274605751037597656e-02
2.700781822204589844e-02
3.427267074584960938e-02
4.994702339172363281e-02
9.711790084838867188e-02
8.873224258422851562e-03
2.066988945007324219e-01
9.044837951660156250e-02
5.315637588500976562e-02
4.808475971221923828e-01
3.613142967224121094e-01
6.311178207397460938e-02
4.357814788818359375e-02
5.250501632690429688e-02
5.065751075744628906e-02
5.698170661926269531e-01
2.708768844604492188e-02
1.258363723754882812e-01
2.111101150512695312e-02
2.734422683715820312e-02
1.068568229675292969e-02
1.022520065307617188e-01
3.379091870784759521e+02
1.825213432312011719e-02
2.033078670501708984e-01
1.013340950012207031e-01
1.526417493820190430e+00
2.426829338073730469e-01
2.988147735595703125e-02
9.692668914794921875e-03
4.014730453491210938e-02
1.587650775909423828e-01
5.780696868896484375e-02
2.265237188339233398e+01
5.802035331726074219e-02
5.862474441528320312e-02
1.133726119995117188e+00
1.598024368286132812e-02
2.636458635330200195e+00
3.142523288726806641e+00
5.086546130180358887e+02
1.384091377258300781e-01
2.613711833953857422e+01
2.370796203613281250e-01
2.509355545043945312e-02
5.781859397888183594e+00
4.049444198608398438e-02
1.030235290527343750e-01
6.738924980163574219e-02
3.272032737731933594e-02
3.781270980834960938e-02
4.015588760375976562e-02
8.599519729614257812e-02
2.947282791137695312e-01
1.722598075866699219e-02
1.367800235748291016e-01
1.349115371704101562e-02
2.723748683929443359e-01
8.589010238647460938e-01
7.729744911193847656e-02
2.334272861480712891e-01
9.026420116424560547e-01
2.978539466857910156e-02
6.640553474426269531e-02
5.257248878479003906e-02
5.099615590572357178e+02
1.189494132995605469e-01
1.774454116821289062e-02
6.223325729370117188e-01
5.000238423347473145e+02
3.024840354919433594e-02
2.806639671325683594e-02
2.028203010559082031e-02
7.602119207382202148e+00
1.940222740173339844e+00
4.834961891174316406e-02
9.441144227981567383e+00
5.609369277954101562e-02
5.226755142211914062e-02
2.519283199310302734e+01
5.000027232170104980e+02
1.059713363647460938e-01
1.754927635192871094e-02
2.157170772552490234e-01
1.132187843322753906e-01
4.437088966369628906e-02
2.669937252998352051e+01
2.040529251098632812e-02
1.098612070083618164e+00
1.533603668212890625e-01
1.440954208374023438e-02
7.855510711669921875e-02
5.011773109436035156e-02
1.314673423767089844e-01
3.766489028930664062e-02
3.504371643066406250e-02
2.854491233825683594e+00
3.910017013549804688e-02
7.063460350036621094e-02
1.014740467071533203e-01
1.800704002380371094e-02
1.128704547882080078e-01
1.198911666870117188e-02
1.913373470306396484e+00
2.589988708496093750e-02
2.536852359771728516e-01
5.000183520317077637e+02
8.297753334045410156e-02
1.422090530395507812e-01
3.464126586914062500e-02
1.020495891571044922e-01
1.379594802856445312e-01
5.318617820739746094e-02
1.305636854171752930e+02
1.348936557769775391e-01
8.350777626037597656e-02
2.651311159133911133e+00
1.857788562774658203e-01
2.942981719970703125e-01
4.723763465881347656e-02
7.087631535530090332e+01
2.188022136688232422e-01
2.267813682556152344e-02
4.092693328857421875e-03
3.709125518798828125e-02
6.195354461669921875e-02
1.941013336181640625e-02
1.451022624969482422e-01
3.346586227416992188e-02
3.150701522827148438e-02
3.038096427917480469e-02
5.514478683471679688e-02
1.260399818420410156e-02
2.186193466186523438e-01
4.578328132629394531e-02
5.475378036499023438e-02
4.024910926818847656e-02
7.927513122558593750e-02
2.162702083587646484e-01
1.913447380065917969e-01
2.043890953063964844e-01
