4.822468757629394531e-02
1.439762115478515625e-02
4.997940135002136230e+01
3.283023834228515625e-02
1.223897933959960938e-02
4.741303920745849609e-01
2.072183370590209961e+00
6.314229965209960938e-02
3.723573684692382812e-02
7.078573703765869141e-01
5.493259429931640625e-02
2.322244644165039062e-02
5.600666999816894531e-02
1.503236293792724609e-01
6.418895721435546875e-02
2.118349075317382812e-01
5.567717552185058594e-02
2.579283714294433594e-02
5.969166755676269531e-02
2.640748023986816406e-02
1.306867599487304688e-02
2.016906738281250000e-01
2.963948249816894531e-02
7.694673538208007812e-02
2.826619148254394531e-02
3.610253334045410156e-02
2.093986272811889648e+00
4.010367393493652344e-02
3.569340705871582031e-02
1.166548728942871094e-01
1.917889118194580078e-01
1.604673862457275391e-01
1.020915508270263672e-01
2.114653587341308594e-01
8.080935478210449219e-02
2.690529823303222656e-02
2.546358108520507812e-02
1.365354061126708984e-01
5.936479568481445312e-02
8.862733840942382812e-03
2.310585975646972656e-02
1.054358482360839844e-02
3.303289413452148438e-02
1.250765323638916016e-01
5.010222506523132324e+02
1.933405613899230957e+01
7.426738739013671875e-03
2.793750762939453125e-01
3.442685604095458984e-01
5.593295097351074219e-01
1.855807304382324219e-01
3.340554237365722656e-02
7.085180282592773438e-02
5.301403999328613281e-02
6.353092193603515625e-01
8.508658409118652344e-02
1.570439338684082031e-02
2.503757476806640625e-01
1.462154388427734375e-01
4.781222343444824219e-02
2.087163925170898438e-02
3.720045089721679688e-02
4.917168617248535156e-02
9.117889404296875000e-02
7.178544998168945312e-03
1.717824935913085938e-01
7.970476150512695312e-02
7.510520505905151367e+01
4.385867118835449219e-01
3.269720077514648438e-01
9.380555152893066406e-02
4.116559028625488281e-02
4.478001594543457031e-02
3.371572494506835938e-02
5.283703804016113281e-01
2.148962020874023438e-02
7.271027565002441406e-02
1.700043678283691406e-02
2.059745788574218750e-02
7.198572158813476562e-03
6.502723693847656250e-02
3.639650843143463135e+02
1.978993415832519531e-02
1.828911304473876953e-01
1.229791641235351562e-01
1.569727182388305664e+00
2.459869384765625000e-01
3.068661689758300781e-02
1.018095016479492188e-02
3.306841850280761719e-02
1.661581993103027344e-01
5.377721786499023438e-02
1.920968627929687500e+01
4.303741455078125000e-02
3.111386299133300781e-02
1.017218112945556641e+00
1.222109794616699219e-02
2.052794694900512695e+00
2.762541055679321289e+00
5.000187029838562012e+02
1.307022571563720703e-01
1.985830497741699219e+01
1.724824905395507812e-01
1.824378967285156250e-02
4.323208808898925781e+00
3.332686424255371094e-02
7.183408737182617188e-02
4.283905029296875000e-02
2.061128616333007812e-02
2.313661575317382812e-02
1.988124847412109375e-02
4.651045799255371094e-02
2.155914306640625000e-01
1.450705528259277344e-02
7.890582084655761719e-02
9.445190429687500000e-03
1.869242191314697266e-01
6.357817649841308594e-01
5.891680717468261719e-02
9.372472763061523438e-02
6.844758987426757812e-01
2.790737152099609375e-02
4.406619071960449219e-02
4.084300994873046875e-02
5.116052901744842529e+02
1.168510913848876953e-01
1.959753036499023438e-02
5.255441665649414062e-01
5.000231325626373291e+02
2.863788604736328125e-02
2.750730514526367188e-02
2.062702178955078125e-02
8.045353651046752930e+00
2.084786653518676758e+00
4.570269584655761719e-02
9.936889886856079102e+00
6.076884269714355469e-02
5.751967430114746094e-02
2.733282542228698730e+01
5.000134139060974121e+02
8.654856681823730469e-02
1.606774330139160156e-02
1.871187686920166016e-01
8.628630638122558594e-02
3.830265998840332031e-02
2.407254457473754883e+01
1.632833480834960938e-02
1.001944303512573242e+00
1.322519779205322266e-01
1.558065414428710938e-02
7.299017906188964844e-02
5.453348159790039062e-02
1.224513053894042969e-01
2.922534942626953125e-02
3.452396392822265625e-02
2.545039892196655273e+00
3.945565223693847656e-02
6.230282783508300781e-02
6.341195106506347656e-02
1.823806762695312500e-02
8.444714546203613281e-02
1.173853874206542969e-02
6.541767835617065430e+00
1.871323585510253906e-02
2.063412666320800781e-01
5.000034646987915039e+02
7.760381698608398438e-02
1.178309917449951172e-01
3.268361091613769531e-02
9.527516365051269531e-02
1.604537963867187500e-01
2.107026576995849609e-01
1.202591576576232910e+02
1.331899166107177734e-01
9.551835060119628906e-02
2.767234802246093750e+00
1.986026763916015625e-01
2.628562450408935547e-01
3.992438316345214844e-02
3.576060962677001953e+01
1.616530418395996094e-01
1.854658126831054688e-02
3.931760787963867188e-03
5.328559875488281250e-02
4.674577713012695312e-02
1.633906364440917969e-02
1.272883415222167969e-01
2.926588058471679688e-02
4.331803321838378906e-02
2.957320213317871094e-02
5.358576774597167969e-02
1.092529296875000000e-02
1.833968162536621094e-01
3.652000427246093750e-02
5.753970146179199219e-02
2.590560913085937500e-02
6.753396987915039062e-02
1.963753700256347656e-01
1.665639877319335938e-01
1.626396179199218750e-01
