3.924727439880371094e-02
1.433372497558593750e-02
8.860322952270507812e+00
3.279900550842285156e-02
8.936882019042968750e-03
3.159956932067871094e-01
8.495044708251953125e-02
5.787420272827148438e-02
3.260707855224609375e-02
5.172054767608642578e-01
4.143524169921875000e-02
1.422691345214843750e-02
2.473258972167968750e-02
1.294238567352294922e-01
4.476976394653320312e-02
1.372158527374267578e-01
4.291582107543945312e-02
1.808810234069824219e-02
1.098961830139160156e-01
2.234911918640136719e-02
1.077651977539062500e-02
1.138732433319091797e-01
2.172875404357910156e-02
1.274549961090087891e-01
3.991389274597167969e-02
2.651405334472656250e-02
1.588188409805297852e+00
5.323362350463867188e-02
3.411674499511718750e-02
1.198718547821044922e-01
3.298516273498535156e-01
1.216685771942138672e-01
8.514547348022460938e-02
1.505906581878662109e-01
1.427350044250488281e-01
2.165436744689941406e-02
2.541542053222656250e-02
6.933784484863281250e-02
4.269075393676757812e-02
6.115674972534179688e-03
1.657247543334960938e-02
9.826183319091796875e-03
2.560305595397949219e-02
1.050312519073486328e-01
5.009219291210174561e+02
2.215255713462829590e+01
5.291700363159179688e-03
2.480571269989013672e-01
1.925084590911865234e-01
4.399728775024414062e-01
1.563851833343505859e-01
1.579332351684570312e-02
1.045761108398437500e-01
4.015588760375976562e-02
7.628018856048583984e-01
9.372544288635253906e-02
9.293794631958007812e-03
1.401367187500000000e-01
8.838295936584472656e-02
4.030179977416992188e-02
2.136516571044921875e-02
3.501725196838378906e-02
8.720993995666503906e-02
8.491063117980957031e-02
7.341623306274414062e-03
1.598951816558837891e-01
1.688337326049804688e-01
8.206348800659179688e+01
9.553837776184082031e-01
4.123752117156982422e-01
8.105874061584472656e-02
5.541443824768066406e-02
5.423903465270996094e-02
4.365968704223632812e-02
5.347366333007812500e-01
2.535533905029296875e-02
1.298115253448486328e-01
2.412676811218261719e-02
2.883505821228027344e-02
9.907722473144531250e-03
5.595803260803222656e-02
3.851804058551788330e+02
1.948523521423339844e-02
1.696760654449462891e-01
9.402871131896972656e-02
1.436334848403930664e+00
2.597143650054931641e-01
3.076410293579101562e-02
1.029586791992187500e-02
3.246426582336425781e-02
1.475379467010498047e-01
5.516815185546875000e-02
1.392549633979797363e+01
4.403424263000488281e-02
3.349447250366210938e-02
1.116538286209106445e+00
1.320433616638183594e-02
1.622822284698486328e-01
2.883197307586669922e+00
5.000181550979614258e+02
1.053955554962158203e-01
1.919558525085449219e+01
1.774630546569824219e-01
1.916170120239257812e-02
4.203816652297973633e+00
3.354001045227050781e-02
5.022001266479492188e-02
4.267621040344238281e-02
5.611300468444824219e-02
2.369761466979980469e-02
2.031397819519042969e-02
4.622840881347656250e-02
2.090787887573242188e-01
1.542067527770996094e-02
8.287191390991210938e-02
9.752750396728515625e-03
1.879973411560058594e-01
6.336712837219238281e-01
1.415839195251464844e-01
1.633286476135253906e-01
6.881480216979980469e-01
3.372597694396972656e-02
4.960346221923828125e-02
4.165291786193847656e-02
5.146553456783294678e+02
8.423852920532226562e-02
1.822662353515625000e-02
5.161552429199218750e-01
5.000207061767578125e+02
2.371311187744140625e-02
1.628112792968750000e-02
2.029132843017578125e-02
3.538060903549194336e+00
1.658619165420532227e+00
4.241204261779785156e-02
8.987688064575195312e+00
4.976201057434082031e-02
3.413414955139160156e-02
2.289382791519165039e+01
5.000031821727752686e+02
1.001057624816894531e-01
1.940464973449707031e-02
1.962280273437500000e-01
1.052043437957763672e-01
1.993768215179443359e-01
2.711236834526062012e+01
2.023100852966308594e-02
1.157170772552490234e+00
1.556949615478515625e-01
1.649761199951171875e-02
7.899689674377441406e-02
6.754827499389648438e-02
1.514544486999511719e-01
4.139351844787597656e-02
3.487992286682128906e-02
2.907354593276977539e+00
4.286479949951171875e-02
7.637071609497070312e-02
1.077055931091308594e-01
2.058601379394531250e-02
1.001341342926025391e-01
1.257467269897460938e-02
1.331486701965332031e-01
5.167317390441894531e-02
2.602179050445556641e-01
5.000033760070800781e+02
7.939386367797851562e-02
8.776855468750000000e-02
3.007864952087402344e-02
1.400966644287109375e-01
1.138813495635986328e-01
5.305385589599609375e-02
3.013517265319824219e+02
1.279239654541015625e-01
6.713485717773437500e-02
2.018153667449951172e+00
1.516835689544677734e-01
2.560889720916748047e-01
2.759218215942382812e-02
7.163554644584655762e+01
1.588070392608642578e-01
1.891779899597167969e-02
4.604101181030273438e-03
3.478264808654785156e-02
4.555821418762207031e-02
1.624345779418945312e-02
1.324450969696044922e-01
2.785515785217285156e-02
5.883455276489257812e-02
2.841520309448242188e-02
4.999995231628417969e-02
1.040315628051757812e-02
1.562185287475585938e-01
3.054308891296386719e-02
5.478596687316894531e-02
2.983236312866210938e-02
3.199472427368164062e-01
1.753311157226562500e-01
1.620197296142578125e-01
1.541697978973388672e-01
