4.344727993011474609e-01
2.966595649719238281e+00
5.249020099639892578e+00
2.372669458389282227e+00
3.136625766754150391e+00
4.216187000274658203e-01
2.663429498672485352e+00
7.499058246612548828e-01
2.266119718551635742e+00
1.612577915191650391e+00
4.835519790649414062e-01
2.308528423309326172e-01
2.108886575698852539e+01
3.722945213317871094e+00
3.526499509811401367e+00
1.253714799880981445e+00
2.376309871673583984e+00
7.488667964935302734e-01
2.871448278427124023e+00
2.316935539245605469e+00
4.699881076812744141e+00
3.226189613342285156e-01
8.049526214599609375e-01
5.309502840042114258e+00
1.346808910369873047e+00
3.204558372497558594e+00
3.138610363006591797e+00
3.689923286437988281e+00
5.848314762115478516e-01
3.234863996505737305e+00
5.032308816909790039e+00
6.224332809448242188e+00
1.914231443405151367e+01
3.421058654785156250e-01
5.597324371337890625e-01
4.529426097869873047e-01
1.856593370437622070e+00
2.465861797332763672e+00
2.260327339172363281e-01
1.193083047866821289e+00
3.095052242279052734e-01
6.408346652984619141e+00
2.462486505508422852e+00
1.262654304504394531e+00
3.273935317993164062e-01
1.367035865783691406e+00
1.270672082901000977e+00
1.222601652145385742e+00
1.211020708084106445e+00
3.039395809173583984e-01
2.252409458160400391e-01
1.185425281524658203e+00
9.347380638122558594e+00
5.898768901824951172e-01
2.257852315902709961e+00
2.171036243438720703e+00
4.109645128250122070e+00
1.364134311676025391e+00
2.806122303009033203e+00
1.728029060363769531e+01
1.458299398422241211e+00
1.499499559402465820e+00
8.584885597229003906e-01
9.345987796783447266e+00
5.372561693191528320e+00
1.022952795028686523e+00
3.113185644149780273e+00
4.857817411422729492e+00
1.030723810195922852e+00
5.625879526138305664e+00
2.790372610092163086e+00
1.176221132278442383e+00
2.337367296218872070e+00
2.753351449966430664e+00
1.239665269851684570e+00
2.784745216369628906e+00
1.691620349884033203e+00
6.933989524841308594e-01
5.818305492401123047e+00
3.282058954238891602e+00
9.788346290588378906e-01
1.374541282653808594e+00
1.012479066848754883e+00
4.547405719757080078e+00
1.618440389633178711e+00
6.185301303863525391e+00
5.199168920516967773e+00
1.777950048446655273e+00
1.027374982833862305e+00
1.900801420211791992e+00
4.078426599502563477e+00
1.867234230041503906e+00
3.724343776702880859e-01
2.198187398910522461e+01
4.689648389816284180e+00
3.175992488861083984e+00
3.109691143035888672e-01
3.166942596435546875e-01
2.418500423431396484e+00
5.002529382705688477e+00
2.975215911865234375e-01
6.009491682052612305e+00
2.681630849838256836e+00
9.615836143493652344e-01
8.745563030242919922e-01
8.079295158386230469e-01
2.551177978515625000e+00
5.534829854965209961e+00
3.066725969314575195e+00
4.580460071563720703e+00
2.043360710144042969e+00
1.142227411270141602e+00
5.873185873031616211e+00
2.239903450012207031e+00
5.126100540161132812e+00
4.075487613677978516e+00
8.012364625930786133e+00
1.176053977012634277e+01
4.623253107070922852e+00
9.685451984405517578e-01
3.271073102951049805e+00
9.316014289855957031e+00
4.146749973297119141e-01
2.319799089431762695e+01
1.471838712692260742e+00
2.002732992172241211e+00
3.243248701095581055e+00
5.603253841400146484e-01
3.294618844985961914e+00
4.038939476013183594e-01
2.525105476379394531e+00
2.482512712478637695e+00
1.520053863525390625e+00
2.552322864532470703e+00
3.251669406890869141e+00
2.511664390563964844e+00
5.251441001892089844e-01
5.467312335968017578e-01
4.179824590682983398e+00
1.282291412353515625e+00
1.345373630523681641e+00
9.270572662353515625e-01
5.032877922058105469e-01
1.521774768829345703e+00
1.003205060958862305e+00
2.532888889312744141e+00
9.577788829803466797e+00
1.286812067031860352e+00
2.561078310012817383e+00
4.919192075729370117e+00
8.651101589202880859e-01
9.864580631256103516e-01
1.039002656936645508e+00
6.249521970748901367e+00
1.195960044860839844e+00
1.627027988433837891e+00
2.556982517242431641e+00
4.484023571014404297e+00
5.557896852493286133e+00
5.487222671508789062e-01
6.002975940704345703e+00
2.722913026809692383e+00
5.060017824172973633e+00
1.461057186126708984e+00
4.511080503463745117e+00
9.324008464813232422e+00
9.595453739166259766e-01
5.956566333770751953e-01
4.668064117431640625e+00
1.373234510421752930e+00
2.842761039733886719e+00
1.847541332244873047e-01
2.529537200927734375e+00
3.095285892486572266e-01
5.248929262161254883e+00
1.013219356536865234e+00
9.025611877441406250e-01
2.420859336853027344e-01
7.426106929779052734e-01
1.299749135971069336e+00
5.834974527359008789e+00
2.988096952438354492e+00
2.028882741928100586e+00
8.976767063140869141e-01
5.111444473266601562e+00
1.034802913665771484e+00
1.489437532424926758e+01
1.933330535888671875e+00
9.674310684204101562e-01
4.574549198150634766e-01
7.591343641281127930e+00
2.653463840484619141e+00
3.046948909759521484e-01
3.026259660720825195e+00
1.137791156768798828e+00
9.805965423583984375e+00
1.036326694488525391e+01
3.406822681427001953e-01
3.091621637344360352e+00
3.952476263046264648e+00
