4.227018356323242188e-01
2.697151422500610352e+00
4.761181592941284180e+00
2.099972963333129883e+00
2.769796609878540039e+00
3.634250164031982422e-01
2.471543550491333008e+00
7.194936275482177734e-01
2.001986742019653320e+00
1.395115852355957031e+00
4.591884613037109375e-01
2.426083087921142578e-01
1.887431335449218750e+01
3.446960687637329102e+00
3.151600122451782227e+00
1.124324560165405273e+00
2.141107797622680664e+00
6.755065917968750000e-01
2.582175970077514648e+00
2.024218797683715820e+00
4.391070842742919922e+00
2.557394504547119141e-01
7.437653541564941406e-01
4.817241430282592773e+00
1.289971590042114258e+00
2.727890968322753906e+00
2.854591131210327148e+00
3.392518758773803711e+00
5.472517013549804688e-01
2.941434383392333984e+00
4.439139127731323242e+00
5.725158929824829102e+00
1.655682611465454102e+01
2.713768482208251953e-01
5.198054313659667969e-01
3.739147186279296875e-01
1.719524383544921875e+00
2.102955102920532227e+00
2.352533340454101562e-01
1.059505701065063477e+00
2.690882682800292969e-01
5.687369108200073242e+00
2.253139495849609375e+00
1.180035352706909180e+00
3.461897373199462891e-01
1.363672494888305664e+00
1.157940626144409180e+00
9.926543235778808594e-01
1.188225507736206055e+00
2.807891368865966797e-01
2.280368804931640625e-01
1.122530460357666016e+00
8.391099691390991211e+00
5.489141941070556641e-01
2.041978120803833008e+00
2.014687061309814453e+00
3.658018350601196289e+00
1.304087162017822266e+00
2.576097011566162109e+00
1.614624953269958496e+01
1.429251432418823242e+00
1.513296127319335938e+00
8.229050636291503906e-01
9.110946893692016602e+00
5.210596323013305664e+00
8.574697971343994141e-01
2.791767835617065430e+00
4.356155872344970703e+00
9.169900417327880859e-01
5.107604742050170898e+00
2.468671083450317383e+00
1.111215591430664062e+00
2.093715906143188477e+00
2.384071588516235352e+00
1.123945236206054688e+00
2.542167186737060547e+00
1.484210729598999023e+00
6.166965961456298828e-01
5.325964927673339844e+00
2.874773263931274414e+00
9.306042194366455078e-01
1.229278326034545898e+00
9.311583042144775391e-01
4.119439840316772461e+00
1.536984920501708984e+00
5.549576282501220703e+00
4.669651985168457031e+00
1.775406122207641602e+00
9.529588222503662109e-01
1.731690883636474609e+00
3.479618787765502930e+00
1.709074735641479492e+00
2.950963973999023438e-01
1.929045677185058594e+01
4.070904731750488281e+00
2.796514272689819336e+00
2.989633083343505859e-01
2.742569446563720703e-01
1.998540639877319336e+00
4.338579893112182617e+00
2.906594276428222656e-01
5.439440965652465820e+00
2.406646013259887695e+00
7.951276302337646484e-01
9.026339054107666016e-01
6.595313549041748047e-01
2.446912765502929688e+00
4.865190982818603516e+00
2.605962991714477539e+00
4.260548591613769531e+00
1.775520086288452148e+00
1.027238845825195312e+00
5.458262681961059570e+00
2.080034017562866211e+00
4.619646787643432617e+00
3.551111936569213867e+00
6.964000463485717773e+00
1.018933820724487305e+01
4.107256889343261719e+00
8.877744674682617188e-01
2.888045549392700195e+00
8.434104204177856445e+00
3.757932186126708984e-01
2.004997158050537109e+01
1.346820116043090820e+00
1.741919279098510742e+00
2.808362245559692383e+00
5.120689868927001953e-01
2.728824615478515625e+00
3.666939735412597656e-01
2.373384475708007812e+00
2.163336515426635742e+00
1.248646020889282227e+00
2.259389877319335938e+00
2.895230531692504883e+00
2.218641042709350586e+00
4.126067161560058594e-01
4.560918807983398438e-01
3.602223634719848633e+00
1.001763582229614258e+00
1.229422569274902344e+00
8.049495220184326172e-01
3.718466758728027344e-01
1.284542083740234375e+00
9.061207771301269531e-01
2.239642620086669922e+00
8.601319313049316406e+00
1.135760784149169922e+00
2.385150671005249023e+00
4.389276504516601562e+00
8.567502498626708984e-01
8.986835479736328125e-01
9.534385204315185547e-01
5.479520797729492188e+00
1.144805431365966797e+00
1.533062696456909180e+00
2.212589502334594727e+00
3.941828727722167969e+00
4.732676744461059570e+00
4.467306137084960938e-01
5.380348205566406250e+00
2.521843433380126953e+00
4.456120014190673828e+00
1.278014421463012695e+00
4.135213136672973633e+00
8.131871700286865234e+00
8.561763763427734375e-01
5.202553272247314453e-01
4.136158943176269531e+00
1.274371862411499023e+00
2.571595668792724609e+00
1.518328189849853516e-01
2.106812477111816406e+00
2.791714668273925781e-01
4.491327285766601562e+00
8.500573635101318359e-01
8.698437213897705078e-01
2.320146560668945312e-01
6.130607128143310547e-01
1.239528417587280273e+00
5.322933197021484375e+00
2.589402914047241211e+00
1.811341285705566406e+00
7.987318038940429688e-01
4.610292196273803711e+00
8.287677764892578125e-01
1.277798891067504883e+01
1.385388851165771484e+00
7.631614208221435547e-01
3.946290016174316406e-01
6.176169157028198242e+00
2.335713386535644531e+00
2.618944644927978516e-01
2.617903232574462891e+00
1.031229734420776367e+00
8.219473361968994141e+00
9.175872564315795898e+00
3.126671314239501953e-01
2.729516983032226562e+00
3.573575973510742188e+00
