4.108755588531494141e-01
2.577568292617797852e+00
4.296323299407958984e+00
1.911942720413208008e+00
7.366928339004516602e+00
3.395595550537109375e-01
2.455336332321166992e+00
8.544572591781616211e+00
1.898913860321044922e+00
1.331738471984863281e+00
4.605579376220703125e-01
2.328598499298095703e-01
1.920484924316406250e+01
3.516342401504516602e+00
3.072891950607299805e+00
1.159637928009033203e+00
2.308995723724365234e+00
6.910707950592041016e-01
2.688514232635498047e+00
1.994896888732910156e+00
4.307256221771240234e+00
2.529060840606689453e-01
7.781615257263183594e-01
4.708838939666748047e+00
1.094300270080566406e+00
2.757133245468139648e+00
2.706085920333862305e+00
3.359848499298095703e+00
5.636169910430908203e-01
2.714714288711547852e+00
4.315777778625488281e+00
5.426354885101318359e+00
1.624489641189575195e+01
2.552194595336914062e-01
5.191333293914794922e-01
1.941003799438476562e-01
1.576900243759155273e+00
1.381468296051025391e+00
2.118215560913085938e-01
9.539351463317871094e-01
2.658886909484863281e-01
5.366335630416870117e+00
2.123374223709106445e+00
1.124010086059570312e+00
2.928242683410644531e-01
1.202463150024414062e+00
1.181885480880737305e+00
1.013470411300659180e+00
1.045269727706909180e+00
2.620878219604492188e-01
2.079713344573974609e-01
1.686425209045410156e-01
8.227352380752563477e+00
5.132784843444824219e-01
1.880426645278930664e+00
1.781313657760620117e+00
3.504208564758300781e+00
1.096804380416870117e+00
2.386229515075683594e+00
1.605596733093261719e+01
1.393415212631225586e+00
1.339984655380249023e+00
7.722651958465576172e-01
8.096487045288085938e+00
5.331763029098510742e+00
8.971056938171386719e-01
2.673118829727172852e+00
4.562540769577026367e+00
8.806633949279785156e-01
5.222036361694335938e+00
2.387386798858642578e+00
2.728586196899414062e-01
2.168907642364501953e+00
2.207138538360595703e-01
1.129936218261718750e+00
2.593846797943115234e+00
1.377832412719726562e+00
2.733292579650878906e-01
5.262540578842163086e+00
3.021312952041625977e+00
9.134089946746826172e-01
6.906211376190185547e-01
8.455023765563964844e-01
4.207425594329833984e+00
1.395878314971923828e+00
5.548007249832153320e+00
4.578174591064453125e+00
1.564435482025146484e+00
8.664360046386718750e-01
3.606607913970947266e-01
3.365877866744995117e+00
1.610555648803710938e+00
3.067061901092529297e-01
1.929920768737792969e+01
4.047108888626098633e+00
2.786273241043090820e+00
2.953414916992187500e-01
2.693910598754882812e-01
2.023518800735473633e+00
4.465402603149414062e+00
2.831792831420898438e-01
5.294677495956420898e+00
1.521178722381591797e+00
9.939715862274169922e-01
7.407619953155517578e-01
7.360908985137939453e-01
2.398309469223022461e+00
4.831366539001464844e+00
2.192167043685913086e+00
4.530188083648681641e+00
2.042427062988281250e-01
9.489045143127441406e-01
5.236385345458984375e+00
2.055633068084716797e+00
4.550447940826416016e+00
3.703743457794189453e+00
7.050667762756347656e+00
1.038128304481506348e+01
3.862525701522827148e+00
8.884537220001220703e-01
2.857807159423828125e+00
8.462512016296386719e+00
3.714611530303955078e-01
2.034234690666198730e+01
1.421922683715820312e+00
1.809590578079223633e+00
2.673428773880004883e+00
3.896789550781250000e-01
2.695007085800170898e+00
4.795374870300292969e-01
2.130674600601196289e+00
1.514785766601562500e+00
8.510277271270751953e-01
2.073471307754516602e+00
2.986622810363769531e+00
2.186434984207153320e+00
4.319925308227539062e-01
4.517862796783447266e-01
3.386411190032958984e+00
9.758176803588867188e-01
1.164209127426147461e+00
8.349835872650146484e-01
3.995883464813232422e-01
9.510912895202636719e-01
9.294354915618896484e-01
1.670440435409545898e+00
8.454945564270019531e+00
1.145788431167602539e+00
2.422419548034667969e+00
4.382719039916992188e+00
8.807902336120605469e-01
8.527586460113525391e-01
9.857738018035888672e-01
5.477676153182983398e+00
1.134946823120117188e+00
1.388612031936645508e+00
2.280603885650634766e+00
4.262558460235595703e+00
4.779398202896118164e+00
5.024607181549072266e-01
5.605053424835205078e+00
2.593077659606933594e+00
4.489042758941650391e+00
5.497303009033203125e-01
4.250755071640014648e+00
8.341086626052856445e+00
8.280506134033203125e-01
5.312917232513427734e-01
7.388155221939086914e+00
1.292496919631958008e+00
2.565592527389526367e+00
1.901540756225585938e-01
2.306102037429809570e+00
3.276429176330566406e-01
4.680937767028808594e+00
9.060883522033691406e-01
8.682296276092529297e-01
2.528893947601318359e-01
6.350183486938476562e-01
8.165798187255859375e-01
5.309153079986572266e+00
2.621744155883789062e+00
1.917404890060424805e+00
7.934303283691406250e-01
7.175424337387084961e+00
9.078931808471679688e-01
1.319148993492126465e+01
1.559206008911132812e+00
8.085854053497314453e-01
3.997075557708740234e-01
6.258257389068603516e+00
2.427858591079711914e+00
2.847542762756347656e-01
2.617325544357299805e+00
1.018575668334960938e+00
8.499062776565551758e+00
9.558217525482177734e+00
3.345527648925781250e-01
2.758800029754638672e+00
3.637573242187500000e+00
