9.874496459960937500e-01
1.080061674118041992e+00
1.253362894058227539e+00
5.877804756164550781e-01
2.177386283874511719e+00
1.953083038330078125e+00
7.860300540924072266e-01
9.213881492614746094e-01
1.405821800231933594e+00
5.371582508087158203e-01
1.975202798843383789e+00
1.232115983963012695e+00
1.358867645263671875e+00
9.191799163818359375e-01
1.858433485031127930e+00
4.670562744140625000e-01
1.964368820190429688e+00
1.378211975097656250e+00
1.350490570068359375e+00
1.003816843032836914e+00
1.230620384216308594e+00
1.035433053970336914e+00
7.695431709289550781e-01
1.613143682479858398e+00
1.333517313003540039e+00
1.045892000198364258e+00
8.776943683624267578e-01
6.902062892913818359e-01
3.164390087127685547e+00
1.627045392990112305e+00
1.159980058670043945e+00
1.538561344146728516e+00
6.623404026031494141e-01
1.667347908020019531e+00
1.318721771240234375e+00
9.563286304473876953e-01
1.068466186523437500e+00
1.064426898956298828e+00
1.167821884155273438e+00
8.128063678741455078e-01
7.972385883331298828e-01
1.239102363586425781e+00
8.283736705780029297e-01
1.477202653884887695e+00
1.919188261032104492e+00
1.090947866439819336e+00
1.274836778640747070e+00
7.987654209136962891e-01
1.612286567687988281e+00
1.103366613388061523e+00
1.035156965255737305e+00
9.864346981048583984e-01
5.079021453857421875e-01
1.360090970993041992e+00
9.779114723205566406e-01
5.464987754821777344e-01
8.608803749084472656e-01
7.869267463684082031e-01
8.904356956481933594e-01
1.017768144607543945e+00
1.324457645416259766e+00
2.388409614562988281e+00
1.334924697875976562e+00
8.886673450469970703e-01
1.452103614807128906e+00
2.158688545227050781e+00
1.561955451965332031e+00
1.393711805343627930e+00
1.618162393569946289e+00
5.669732093811035156e-01
2.075742006301879883e+00
2.020433187484741211e+00
6.821403503417968750e-01
1.581982135772705078e+00
6.836524009704589844e-01
1.047236204147338867e+00
1.949705123901367188e+00
9.051640033721923828e-01
5.245955705642700195e+00
6.615643501281738281e-01
5.037419795989990234e-01
5.829021930694580078e-01
4.236836433410644531e-01
7.879045009613037109e-01
7.963118553161621094e-01
1.425426959991455078e+00
1.131532192230224609e+00
1.199625253677368164e+00
9.560208320617675781e-01
6.702380180358886719e-01
1.348710060119628906e+00
1.260367631912231445e+00
1.759082078933715820e+00
5.120627880096435547e-01
1.506756305694580078e+00
1.123282432556152344e+00
1.053098440170288086e+00
1.244042634963989258e+00
1.565587043762207031e+00
9.895064830780029297e-01
2.222465515136718750e+00
1.103549003601074219e+00
1.598585367202758789e+00
1.866979122161865234e+00
7.688438892364501953e-01
1.000046491622924805e+00
1.070071220397949219e+00
8.163986206054687500e-01
8.196537494659423828e-01
1.656958818435668945e+00
7.435758113861083984e-01
1.065629005432128906e+00
1.176274538040161133e+00
1.160364866256713867e+00
3.134179353713989258e+00
9.571030139923095703e-01
1.588136196136474609e+00
1.124027490615844727e+00
1.196167469024658203e+00
1.126398801803588867e+00
5.777330398559570312e-01
9.504120349884033203e-01
7.726571559906005859e-01
1.432824611663818359e+00
1.643321990966796875e+00
1.380362033843994141e+00
1.218725204467773438e+00
1.476410865783691406e+00
1.225459337234497070e+00
1.491433620452880859e+00
8.452353477478027344e-01
7.272851467132568359e-01
9.502966403961181641e-01
6.817381381988525391e-01
1.044276714324951172e+00
1.255738735198974609e+00
7.646007537841796875e-01
1.477909803390502930e+00
1.137750864028930664e+00
5.486829280853271484e-01
1.135790348052978516e+00
1.007398366928100586e+00
1.273807048797607422e+00
7.863988876342773438e-01
9.322848320007324219e-01
1.154041767120361328e+00
1.070451021194458008e+00
8.421821594238281250e-01
1.115832328796386719e+00
9.428164958953857422e-01
1.704384326934814453e+00
7.766385078430175781e-01
1.303859710693359375e+00
1.776499748229980469e+00
2.469473600387573242e+00
1.020040035247802734e+00
8.579294681549072266e-01
1.191517353057861328e+00
6.741354465484619141e-01
7.197148799896240234e-01
1.725770950317382812e+00
1.229327440261840820e+00
7.913675308227539062e-01
1.347190618515014648e+00
1.378144979476928711e+00
9.787116050720214844e-01
9.070172309875488281e-01
1.002058744430541992e+00
1.162915229797363281e+00
5.916824340820312500e-01
7.268769741058349609e-01
4.633817672729492188e-01
1.149387359619140625e+00
9.902081489562988281e-01
9.096632003784179688e-01
1.020618915557861328e+00
1.658164024353027344e+00
1.319920539855957031e+00
5.358991622924804688e-01
1.566645383834838867e+00
9.548342227935791016e-01
9.066524505615234375e-01
1.829009532928466797e+00
1.023403406143188477e+00
8.821518421173095703e-01
1.420081853866577148e+00
1.530342102050781250e+00
1.130645751953125000e+00
9.957046508789062500e-01
9.709424972534179688e-01
1.183547019958496094e+00
1.132101774215698242e+00
6.688311100006103516e-01
7.735030651092529297e-01
8.499879837036132812e-01
8.537340164184570312e-01
8.619742393493652344e-01
1.095643520355224609e+00
8.681366443634033203e-01
6.559438705444335938e-01
