8.774969577789306641e-01
1.193367242813110352e+00
1.092705965042114258e+00
5.615580081939697266e-01
1.042854547500610352e+00
1.709838867187500000e+00
8.821454048156738281e-01
7.726101875305175781e-01
1.511256933212280273e+00
5.078508853912353516e-01
1.996035337448120117e+00
1.251592636108398438e+00
1.261154651641845703e+00
9.494800567626953125e-01
1.497073650360107422e+00
5.086874961853027344e-01
1.825533866882324219e+00
1.352442741394042969e+00
1.224669694900512695e+00
1.036650419235229492e+00
1.057444810867309570e+00
1.092683553695678711e+00
7.471637725830078125e-01
1.338267087936401367e+00
1.592340946197509766e+00
9.415946006774902344e-01
9.564714431762695312e-01
5.305399894714355469e-01
2.857535123825073242e+00
1.532080650329589844e+00
1.174006938934326172e+00
1.572615385055541992e+00
6.706819534301757812e-01
1.489562511444091797e+00
1.278863906860351562e+00
9.782834053039550781e-01
1.167928695678710938e+00
1.009774923324584961e+00
1.272720098495483398e+00
8.083231449127197266e-01
8.462812900543212891e-01
1.326020002365112305e+00
8.079628944396972656e-01
1.486284255981445312e+00
2.028675079345703125e+00
1.142525434494018555e+00
1.279159307479858398e+00
1.097320318222045898e+00
1.641887903213500977e+00
1.006805419921875000e+00
1.100768804550170898e+00
9.374189376831054688e-01
5.264992713928222656e-01
1.528410911560058594e+00
9.410026073455810547e-01
5.517430305480957031e-01
1.041410446166992188e+00
7.038450241088867188e-01
1.002405643463134766e+00
1.140102863311767578e+00
1.430401325225830078e+00
2.420088291168212891e+00
1.328367710113525391e+00
1.057429313659667969e+00
1.351782083511352539e+00
1.225243091583251953e+00
1.353197336196899414e+00
1.409005403518676758e+00
1.592107772827148438e+00
5.458047389984130859e-01
1.837897300720214844e+00
2.050704956054687500e+00
6.665425300598144531e-01
1.599323272705078125e+00
5.349526405334472656e-01
1.085289239883422852e+00
1.847987174987792969e+00
8.894326686859130859e-01
5.284140348434448242e+00
6.808509826660156250e-01
5.180139541625976562e-01
6.187772750854492188e-01
5.301928520202636719e-01
7.660870552062988281e-01
8.104410171508789062e-01
1.304753065109252930e+00
1.056700706481933594e+00
1.260449647903442383e+00
9.444856643676757812e-01
9.691469669342041016e-01
1.336494445800781250e+00
1.211141109466552734e+00
1.745706319808959961e+00
5.709939002990722656e-01
1.697386980056762695e+00
1.103928565979003906e+00
1.017642498016357422e+00
1.206161975860595703e+00
1.505777120590209961e+00
1.014515876770019531e+00
2.371150493621826172e+00
1.074747323989868164e+00
1.658195734024047852e+00
2.055697679519653320e+00
5.615673065185546875e-01
1.155545949935913086e+00
1.160210609436035156e+00
7.390477657318115234e-01
9.655315876007080078e-01
1.592522144317626953e+00
6.984779834747314453e-01
1.188217878341674805e+00
1.046102046966552734e+00
1.333423137664794922e+00
2.903867959976196289e+00
8.651852607727050781e-01
1.762073755264282227e+00
1.269281625747680664e+00
1.092813730239868164e+00
1.236955404281616211e+00
6.595909595489501953e-01
9.427413940429687500e-01
6.969566345214843750e-01
1.427845716476440430e+00
1.645687341690063477e+00
1.477907896041870117e+00
1.251320123672485352e+00
1.422751665115356445e+00
1.225068092346191406e+00
1.522578954696655273e+00
8.212571144104003906e-01
4.894790649414062500e-01
8.572273254394531250e-01
7.307035923004150391e-01
8.679242134094238281e-01
1.275077819824218750e+00
9.758813381195068359e-01
1.426253795623779297e+00
1.399748086929321289e+00
5.675795078277587891e-01
1.081511497497558594e+00
1.172466039657592773e+00
1.106090784072875977e+00
8.297753334045410156e-01
1.242891788482666016e+00
1.268728733062744141e+00
1.112163066864013672e+00
8.969209194183349609e-01
1.026807785034179688e+00
1.094791650772094727e+00
1.753113746643066406e+00
7.228391170501708984e-01
1.112114191055297852e+00
2.010315418243408203e+00
2.498317956924438477e+00
9.388554096221923828e-01
8.948833942413330078e-01
9.985263347625732422e-01
6.596231460571289062e-01
1.032164573669433594e+00
1.587380409240722656e+00
1.263515233993530273e+00
7.183420658111572266e-01
1.282690763473510742e+00
1.390337944030761719e+00
9.747557640075683594e-01
1.010607242584228516e+00
9.983224868774414062e-01
1.174454212188720703e+00
6.783056259155273438e-01
6.831502914428710938e-01
4.713871479034423828e-01
1.183607816696166992e+00
9.647135734558105469e-01
8.732354640960693359e-01
1.057257175445556641e+00
1.646986722946166992e+00
1.524741888046264648e+00
5.178949832916259766e-01
1.372755289077758789e+00
1.059640407562255859e+00
9.234218597412109375e-01
1.780960798263549805e+00
9.958515167236328125e-01
7.407805919647216797e-01
1.397511720657348633e+00
1.545766830444335938e+00
1.068095207214355469e+00
1.043486356735229492e+00
9.269120693206787109e-01
1.312739610671997070e+00
1.036781311035156250e+00
7.768228054046630859e-01
7.417814731597900391e-01
8.109135627746582031e-01
7.749068737030029297e-01
9.132370948791503906e-01
1.029090404510498047e+00
8.857557773590087891e-01
6.485292911529541016e-01
