9.381475448608398438e-01
1.013356924057006836e+00
1.279694080352783203e+00
6.099052429199218750e-01
1.080742597579956055e+00
1.703723907470703125e+00
7.948946952819824219e-01
6.995360851287841797e-01
1.412464857101440430e+00
5.773656368255615234e-01
1.986906051635742188e+00
1.293272733688354492e+00
1.201469421386718750e+00
1.141402482986450195e+00
1.534650087356567383e+00
5.059869289398193359e-01
1.939160346984863281e+00
1.471510171890258789e+00
1.263969421386718750e+00
1.021611928939819336e+00
1.170148849487304688e+00
1.132778644561767578e+00
8.081424236297607422e-01
1.423716306686401367e+00
1.485949277877807617e+00
9.405119419097900391e-01
1.149638175964355469e+00
5.821335315704345703e-01
2.900681257247924805e+00
1.478814125061035156e+00
1.204146385192871094e+00
1.604681730270385742e+00
6.616828441619873047e-01
1.472787141799926758e+00
1.246590137481689453e+00
1.007086515426635742e+00
1.325440645217895508e+00
9.352943897247314453e-01
1.082268476486206055e+00
7.290112972259521484e-01
8.194794654846191406e-01
1.419358968734741211e+00
8.112623691558837891e-01
1.551013946533203125e+00
2.165742397308349609e+00
1.093364000320434570e+00
1.166474342346191406e+00
7.278139591217041016e-01
1.541487932205200195e+00
1.004451751708984375e+00
1.030409336090087891e+00
9.323427677154541016e-01
5.474774837493896484e-01
1.657766819000244141e+00
1.024947166442871094e+00
5.734212398529052734e-01
1.045228242874145508e+00
7.670326232910156250e-01
9.197597503662109375e-01
1.073942661285400391e+00
1.345095396041870117e+00
2.315348625183105469e+00
1.935031414031982422e+00
8.872282505035400391e-01
1.397498369216918945e+00
1.249951839447021484e+00
1.465439319610595703e+00
1.397411823272705078e+00
1.587819099426269531e+00
5.362491607666015625e-01
2.069297552108764648e+00
2.132805109024047852e+00
6.871521472930908203e-01
1.665526866912841797e+00
5.579657554626464844e-01
1.133142232894897461e+00
2.013841629028320312e+00
8.479285240173339844e-01
5.709118843078613281e+00
7.057809829711914062e-01
4.949204921722412109e-01
6.371974945068359375e-01
4.270985126495361328e-01
8.683865070343017578e-01
8.657622337341308594e-01
1.325246572494506836e+00
1.025405168533325195e+00
1.486246585845947266e+00
7.549455165863037109e-01
5.968370437622070312e-01
1.592429876327514648e+00
1.174689054489135742e+00
1.757024526596069336e+00
5.576231479644775391e-01
2.009177446365356445e+00
1.089536190032958984e+00
9.865303039550781250e-01
1.473665714263916016e+00
1.557965040206909180e+00
1.044602632522583008e+00
2.304052591323852539e+00
1.059879541397094727e+00
1.533524036407470703e+00
2.376204252243041992e+00
5.859444141387939453e-01
1.027240276336669922e+00
1.150376558303833008e+00
7.662742137908935547e-01
7.806763648986816406e-01
1.715171813964843750e+00
7.665128707885742188e-01
1.141563653945922852e+00
1.042145013809204102e+00
1.369909048080444336e+00
3.057101726531982422e+00
8.342430591583251953e-01
1.654445648193359375e+00
1.377494812011718750e+00
1.235146760940551758e+00
1.177207946777343750e+00
6.022169589996337891e-01
9.910006523132324219e-01
7.998981475830078125e-01
1.297369718551635742e+00
1.668828964233398438e+00
1.464841127395629883e+00
1.327074527740478516e+00
1.529848814010620117e+00
1.230800390243530273e+00
1.628843069076538086e+00
9.426839351654052734e-01
5.405058860778808594e-01
9.272871017456054688e-01
8.346779346466064453e-01
8.442242145538330078e-01
1.315179347991943359e+00
7.762279510498046875e-01
1.609380006790161133e+00
1.477564573287963867e+00
6.585149765014648438e-01
1.059439659118652344e+00
1.296214818954467773e+00
1.107633590698242188e+00
8.113868236541748047e-01
9.576032161712646484e-01
1.260957002639770508e+00
1.237758874893188477e+00
8.707749843597412109e-01
1.048068523406982422e+00
9.935138225555419922e-01
1.533382892608642578e+00
7.236270904541015625e-01
1.230688810348510742e+00
1.961503267288208008e+00
2.800111055374145508e+00
1.005648136138916016e+00
9.904797077178955078e-01
9.107778072357177734e-01
6.525158882141113281e-01
7.063283920288085938e-01
1.639426708221435547e+00
1.222341299057006836e+00
7.460927963256835938e-01
1.164577245712280273e+00
1.693758487701416016e+00
8.918938636779785156e-01
1.070112705230712891e+00
1.015748023986816406e+00
1.193827390670776367e+00
6.090183258056640625e-01
8.533146381378173828e-01
5.557241439819335938e-01
1.201646804809570312e+00
8.162398338317871094e-01
1.071132183074951172e+00
9.601855278015136719e-01
1.650121450424194336e+00
1.346341609954833984e+00
6.058702468872070312e-01
2.377289056777954102e+00
1.008055210113525391e+00
1.001872539520263672e+00
2.020560741424560547e+00
9.613156318664550781e-01
7.280354499816894531e-01
1.378968477249145508e+00
1.426944971084594727e+00
9.873032569885253906e-01
1.100167751312255859e+00
9.283909797668457031e-01
1.229349136352539062e+00
1.020230770111083984e+00
7.660653591156005859e-01
8.121306896209716797e-01
8.418278694152832031e-01
7.851700782775878906e-01
9.233841896057128906e-01
1.025433540344238281e+00
9.979834556579589844e-01
6.801643371582031250e-01
