1.290841102600097656e+00
1.112224102020263672e+00
1.187537431716918945e+00
5.536625385284423828e-01
9.712839126586914062e-01
1.617506980895996094e+00
7.436084747314453125e-01
7.229964733123779297e-01
1.269872665405273438e+00
5.015757083892822266e-01
1.784236669540405273e+00
1.073492527008056641e+00
1.105764627456665039e+00
8.648769855499267578e-01
1.654468059539794922e+00
4.143562316894531250e-01
1.910247564315795898e+00
1.390237331390380859e+00
1.102421045303344727e+00
9.853324890136718750e-01
1.950490474700927734e+00
1.176994800567626953e+00
8.131580352783203125e-01
1.381156921386718750e+00
1.593139886856079102e+00
9.130291938781738281e-01
9.646799564361572266e-01
5.648043155670166016e-01
3.282018661499023438e+00
1.531170368194580078e+00
1.243406534194946289e+00
1.529532432556152344e+00
6.265645027160644531e-01
1.501332521438598633e+00
1.209702730178833008e+00
1.141227722167968750e+00
1.124215364456176758e+00
1.015727519989013672e+00
1.111525535583496094e+00
8.078448772430419922e-01
8.006110191345214844e-01
1.204804420471191406e+00
8.303894996643066406e-01
1.467166185379028320e+00
1.879886627197265625e+00
1.226441144943237305e+00
1.332439899444580078e+00
8.128871917724609375e-01
1.665477514266967773e+00
1.203688383102416992e+00
1.000080108642578125e+00
1.032181978225708008e+00
5.380144119262695312e-01
1.421000957489013672e+00
9.873309135437011719e-01
7.419013977050781250e-01
8.938362598419189453e-01
6.673772335052490234e-01
1.085886240005493164e+00
9.954390525817871094e-01
1.362854242324829102e+00
2.444606065750122070e+00
1.429902315139770508e+00
8.894360065460205078e-01
1.372165679931640625e+00
1.154365777969360352e+00
1.419511556625366211e+00
1.549913406372070312e+00
1.565570116043090820e+00
5.719988346099853516e-01
2.000487565994262695e+00
2.146504402160644531e+00
6.739466190338134766e-01
1.637660026550292969e+00
5.515856742858886719e-01
1.115720033645629883e+00
1.886019468307495117e+00
8.554995059967041016e-01
5.912258386611938477e+00
6.984674930572509766e-01
5.089480876922607422e-01
7.932314872741699219e-01
4.526736736297607422e-01
7.325773239135742188e-01
8.068330287933349609e-01
1.382913589477539062e+00
1.173740148544311523e+00
1.572627067565917969e+00
7.631266117095947266e-01
6.224062442779541016e-01
1.753939867019653320e+00
1.234309911727905273e+00
1.629204511642456055e+00
6.372201442718505859e-01
1.636066675186157227e+00
1.014569520950317383e+00
9.072852134704589844e-01
1.227040052413940430e+00
1.567205905914306641e+00
1.200572252273559570e+00
2.185211658477783203e+00
1.052315950393676758e+00
1.970142602920532227e+00
1.863781690597534180e+00
6.286723613739013672e-01
1.025757312774658203e+00
1.260575056076049805e+00
7.127640247344970703e-01
8.086416721343994141e-01
1.727322816848754883e+00
8.206937313079833984e-01
1.059686660766601562e+00
1.087549448013305664e+00
1.350085020065307617e+00
3.027841806411743164e+00
8.684561252593994141e-01
1.619154214859008789e+00
1.425727367401123047e+00
1.268303871154785156e+00
1.258013725280761719e+00
7.008228302001953125e-01
1.417577981948852539e+00
7.536954879760742188e-01
1.345591306686401367e+00
1.540847539901733398e+00
1.510841846466064453e+00
1.135692834854125977e+00
1.454315900802612305e+00
1.218396902084350586e+00
1.485214948654174805e+00
8.413648605346679688e-01
7.718451023101806641e-01
9.384877681732177734e-01
7.412447929382324219e-01
8.795843124389648438e-01
1.327442407608032227e+00
7.624161243438720703e-01
1.549496173858642578e+00
1.239793300628662109e+00
6.116485595703125000e-01
1.022734403610229492e+00
1.142952203750610352e+00
1.277716875076293945e+00
7.766392230987548828e-01
9.816856384277343750e-01
1.131679773330688477e+00
1.157444715499877930e+00
8.305816650390625000e-01
1.109571456909179688e+00
9.628593921661376953e-01
1.708540678024291992e+00
6.833748817443847656e-01
1.419659852981567383e+00
1.844909429550170898e+00
2.825028657913208008e+00
1.061118364334106445e+00
8.683474063873291016e-01
1.182909965515136719e+00
7.055635452270507812e-01
7.624433040618896484e-01
1.603499412536621094e+00
1.238890647888183594e+00
7.358925342559814453e-01
1.424077510833740234e+00
1.461150169372558594e+00
9.295384883880615234e-01
9.629583358764648438e-01
1.066135406494140625e+00
1.263777017593383789e+00
6.056189537048339844e-01
7.363109588623046875e-01
4.706687927246093750e-01
1.270622491836547852e+00
8.856952190399169922e-01
9.130592346191406250e-01
1.152983903884887695e+00
1.737923145294189453e+00
1.500546693801879883e+00
5.306949615478515625e-01
1.522804260253906250e+00
9.669797420501708984e-01
1.187050104141235352e+00
1.929814100265502930e+00
1.010298490524291992e+00
7.356436252593994141e-01
1.419251441955566406e+00
1.493467330932617188e+00
9.703564643859863281e-01
1.043451786041259766e+00
9.194693565368652344e-01
1.256642818450927734e+00
1.156207084655761719e+00
6.908223628997802734e-01
9.387912750244140625e-01
8.637964725494384766e-01
8.155910968780517578e-01
9.705660343170166016e-01
1.006088495254516602e+00
1.036783456802368164e+00
7.731244564056396484e-01
