1.023837089538574219e+00
1.026211738586425781e+00
1.251157283782958984e+00
5.978624820709228516e-01
1.241026639938354492e+00
2.230765819549560547e+00
7.859671115875244141e-01
7.626354694366455078e-01
1.529477596282958984e+00
5.474221706390380859e-01
2.007334470748901367e+00
1.191826105117797852e+00
1.560365438461303711e+00
9.248626232147216797e-01
1.794648408889770508e+00
4.751422405242919922e-01
2.118399858474731445e+00
1.645483970642089844e+00
1.124642610549926758e+00
1.163722515106201172e+00
1.172855854034423828e+00
9.566667079925537109e-01
9.617552757263183594e-01
1.412617921829223633e+00
1.315905094146728516e+00
1.072946786880493164e+00
9.503409862518310547e-01
5.837495326995849609e-01
2.877264022827148438e+00
1.600223779678344727e+00
1.170594930648803711e+00
1.622088909149169922e+00
7.517435550689697266e-01
1.549686908721923828e+00
1.301180124282836914e+00
9.931969642639160156e-01
1.237800836563110352e+00
1.103888988494873047e+00
9.348475933074951172e-01
9.173974990844726562e-01
7.819662094116210938e-01
1.256148338317871094e+00
9.377622604370117188e-01
1.699553966522216797e+00
2.103020906448364258e+00
1.254093408584594727e+00
1.155562162399291992e+00
8.312084674835205078e-01
1.520204782485961914e+00
1.205328941345214844e+00
1.045397758483886719e+00
9.918148517608642578e-01
5.076539516448974609e-01
1.389720439910888672e+00
1.188520431518554688e+00
5.989739894866943359e-01
1.060897588729858398e+00
6.088912487030029297e-01
9.147510528564453125e-01
1.050598144531250000e+00
1.302095890045166016e+00
2.433391094207763672e+00
1.287359714508056641e+00
1.093630075454711914e+00
1.667492866516113281e+00
1.495785713195800781e+00
1.337922573089599609e+00
1.429580211639404297e+00
1.564548730850219727e+00
5.553104877471923828e-01
1.846815109252929688e+00
2.149964570999145508e+00
6.771163940429687500e-01
1.781362056732177734e+00
5.262811183929443359e-01
1.046442508697509766e+00
1.927253961563110352e+00
9.676096439361572266e-01
5.376468420028686523e+00
7.459306716918945312e-01
5.163352489471435547e-01
6.413316726684570312e-01
5.951645374298095703e-01
7.742609977722167969e-01
8.374917507171630859e-01
1.325273990631103516e+00
1.148380041122436523e+00
1.194806337356567383e+00
7.393724918365478516e-01
6.233954429626464844e-01
1.420447111129760742e+00
1.236425161361694336e+00
1.768550634384155273e+00
5.889005661010742188e-01
1.741540431976318359e+00
1.085393190383911133e+00
9.171795845031738281e-01
1.335582017898559570e+00
1.431947708129882812e+00
9.488005638122558594e-01
2.226640224456787109e+00
1.023559570312500000e+00
1.601583003997802734e+00
2.033162832260131836e+00
5.704219341278076172e-01
8.790400028228759766e-01
1.141232728958129883e+00
8.068220615386962891e-01
7.618560791015625000e-01
1.698171615600585938e+00
6.966643333435058594e-01
1.095379352569580078e+00
1.085987567901611328e+00
1.382722854614257812e+00
2.992026090621948242e+00
9.280493259429931641e-01
1.704810142517089844e+00
1.164809226989746094e+00
1.221052408218383789e+00
1.684710264205932617e+00
6.663100719451904297e-01
9.584205150604248047e-01
9.123518466949462891e-01
1.322476387023925781e+00
1.621593713760375977e+00
1.305582284927368164e+00
1.177121639251708984e+00
1.506881713867187500e+00
1.352266311645507812e+00
1.513269186019897461e+00
8.299424648284912109e-01
5.094046592712402344e-01
9.378862380981445312e-01
7.388551235198974609e-01
8.264863491058349609e-01
1.205199956893920898e+00
7.953128814697265625e-01
1.523005723953247070e+00
1.201241254806518555e+00
5.413272380828857422e-01
9.158577919006347656e-01
1.107095003128051758e+00
1.010165214538574219e+00
9.053483009338378906e-01
1.005163431167602539e+00
1.014184951782226562e+00
1.193230390548706055e+00
8.182413578033447266e-01
1.265961408615112305e+00
9.316024780273437500e-01
1.875635623931884766e+00
6.989123821258544922e-01
1.191454410552978516e+00
1.926476240158081055e+00
2.404184818267822266e+00
9.590816497802734375e-01
9.059615135192871094e-01
1.316767215728759766e+00
6.574416160583496094e-01
7.703571319580078125e-01
1.570918083190917969e+00
1.538740873336791992e+00
7.040400505065917969e-01
1.268448352813720703e+00
1.349387884140014648e+00
1.083861112594604492e+00
1.018100261688232422e+00
1.002142190933227539e+00
1.305863142013549805e+00
6.109304428100585938e-01
7.376062870025634766e-01
4.655809402465820312e-01
1.309780597686767578e+00
7.860214710235595703e-01
1.068938016891479492e+00
1.073429584503173828e+00
1.687887191772460938e+00
1.369172334671020508e+00
6.451947689056396484e-01
1.441899299621582031e+00
1.014122247695922852e+00
1.073579311370849609e+00
1.837927579879760742e+00
1.010554313659667969e+00
7.558314800262451172e-01
1.423552274703979492e+00
1.525631904602050781e+00
1.025757551193237305e+00
1.215857744216918945e+00
9.399507045745849609e-01
1.579699993133544922e+00
1.106294870376586914e+00
9.001548290252685547e-01
8.474767208099365234e-01
8.233969211578369141e-01
7.939608097076416016e-01
1.020372390747070312e+00
9.935498237609863281e-01
8.750545978546142578e-01
7.770860195159912109e-01
