9.410774707794189453e-01
1.019338846206665039e+00
1.347317934036254883e+00
5.757377147674560547e-01
1.036132574081420898e+00
1.891507625579833984e+00
7.518820762634277344e-01
9.877250194549560547e-01
1.413412094116210938e+00
5.404286384582519531e-01
1.955819129943847656e+00
1.203456163406372070e+00
1.402768373489379883e+00
8.406548500061035156e-01
1.706153392791748047e+00
4.359059333801269531e-01
1.970439195632934570e+00
1.623171329498291016e+00
1.144486665725708008e+00
1.173959970474243164e+00
1.149579763412475586e+00
9.461169242858886719e-01
9.091238975524902344e-01
1.460378885269165039e+00
1.427539587020874023e+00
1.019621372222900391e+00
8.816552162170410156e-01
5.713360309600830078e-01
3.320241928100585938e+00
1.654208183288574219e+00
1.216569185256958008e+00
1.625146150588989258e+00
6.433198451995849609e-01
1.799240112304687500e+00
1.177583932876586914e+00
1.146321535110473633e+00
1.043409585952758789e+00
1.262069225311279297e+00
9.486467838287353516e-01
8.248651027679443359e-01
8.277204036712646484e-01
1.244357824325561523e+00
8.166527748107910156e-01
1.627182722091674805e+00
1.978092908859252930e+00
1.019097805023193359e+00
1.280307531356811523e+00
8.805458545684814453e-01
1.588798522949218750e+00
1.077953815460205078e+00
1.237613916397094727e+00
8.888821601867675781e-01
7.321789264678955078e-01
1.478046655654907227e+00
1.055027484893798828e+00
7.931399345397949219e-01
9.965734481811523438e-01
7.116892337799072266e-01
1.118092060089111328e+00
1.050451517105102539e+00
1.402981758117675781e+00
2.426190137863159180e+00
1.382917165756225586e+00
9.285807609558105469e-01
1.625674724578857422e+00
1.180035114288330078e+00
1.552788019180297852e+00
1.495905876159667969e+00
1.565275669097900391e+00
5.764205455780029297e-01
1.839866638183593750e+00
2.121378183364868164e+00
7.191264629364013672e-01
1.715813159942626953e+00
5.302934646606445312e-01
1.047148466110229492e+00
2.063706636428833008e+00
8.498804569244384766e-01
5.868152141571044922e+00
6.795876026153564453e-01
5.368299484252929688e-01
6.494159698486328125e-01
4.485960006713867188e-01
8.856918811798095703e-01
8.719787597656250000e-01
1.373553514480590820e+00
1.352295637130737305e+00
1.270447254180908203e+00
1.019823551177978516e+00
5.959799289703369141e-01
1.702260971069335938e+00
1.327084064483642578e+00
1.951021671295166016e+00
5.483224391937255859e-01
1.451422452926635742e+00
1.221220493316650391e+00
1.053321599960327148e+00
1.235740900039672852e+00
1.545405149459838867e+00
1.271613836288452148e+00
2.243348121643066406e+00
1.089594364166259766e+00
1.591970682144165039e+00
2.066138744354248047e+00
6.127238273620605469e-01
1.100143194198608398e+00
1.260413169860839844e+00
7.271001338958740234e-01
7.748324871063232422e-01
1.746367216110229492e+00
7.801275253295898438e-01
1.027144193649291992e+00
1.107404947280883789e+00
1.338987588882446289e+00
3.086134672164916992e+00
8.827455043792724609e-01
1.570920705795288086e+00
1.265416860580444336e+00
1.159001827239990234e+00
1.192774772644042969e+00
6.016910076141357422e-01
9.929563999176025391e-01
8.375105857849121094e-01
1.480223178863525391e+00
1.688190460205078125e+00
1.414006948471069336e+00
1.201820135116577148e+00
1.683128356933593750e+00
1.270026206970214844e+00
1.791486501693725586e+00
1.011344909667968750e+00
4.922363758087158203e-01
1.027768373489379883e+00
7.204480171203613281e-01
8.025896549224853516e-01
1.284557104110717773e+00
8.707289695739746094e-01
1.442316532135009766e+00
1.488992691040039062e+00
6.311717033386230469e-01
1.066232681274414062e+00
1.122622728347778320e+00
1.229882955551147461e+00
7.481753826141357422e-01
9.179663658142089844e-01
1.319562673568725586e+00
1.162364006042480469e+00
9.057393074035644531e-01
1.322377681732177734e+00
9.440317153930664062e-01
1.759618759155273438e+00
7.774641513824462891e-01
1.391825199127197266e+00
1.839287281036376953e+00
2.428910017013549805e+00
1.331968545913696289e+00
9.014196395874023438e-01
1.165293455123901367e+00
6.908779144287109375e-01
7.462816238403320312e-01
1.591479301452636719e+00
1.260665178298950195e+00
7.537155151367187500e-01
1.283832550048828125e+00
1.562937259674072266e+00
8.715181350708007812e-01
8.199424743652343750e-01
1.049288272857666016e+00
1.122611284255981445e+00
5.615980625152587891e-01
6.827845573425292969e-01
5.077142715454101562e-01
1.146189928054809570e+00
9.822397232055664062e-01
9.164867401123046875e-01
1.023585557937622070e+00
1.628705263137817383e+00
1.666810512542724609e+00
5.178439617156982422e-01
1.372879266738891602e+00
1.073281049728393555e+00
9.143686294555664062e-01
1.823328971862792969e+00
9.587459564208984375e-01
8.283724784851074219e-01
1.397695779800415039e+00
1.542463064193725586e+00
1.115882635116577148e+00
1.005256652832031250e+00
9.347860813140869141e-01
1.277703285217285156e+00
1.098093032836914062e+00
8.244621753692626953e-01
8.261070251464843750e-01
8.160367012023925781e-01
7.987935543060302734e-01
8.655276298522949219e-01
9.912440776824951172e-01
1.060094118118286133e+00
6.682817935943603516e-01
