4.136562347412109375e-04
1.194477081298828125e-04
9.274482727050781250e-05
1.344680786132812500e-04
1.084804534912109375e-04
8.726119995117187500e-05
8.392333984375000000e-05
1.108646392822265625e-04
8.273124694824218750e-05
9.942054748535156250e-05
9.083747863769531250e-05
1.068115234375000000e-04
8.797645568847656250e-05
8.916854858398437500e-05
8.368492126464843750e-05
8.511543273925781250e-05
7.605552673339843750e-05
7.176399230957031250e-05
1.306533813476562500e-04
8.511543273925781250e-05
1.029968261718750000e-04
7.891654968261718750e-05
9.155273437500000000e-05
1.080036163330078125e-04
8.130073547363281250e-05
8.726119995117187500e-05
7.128715515136718750e-05
6.794929504394531250e-05
7.534027099609375000e-05
1.125335693359375000e-04
1.556873321533203125e-04
1.268386840820312500e-04
9.012222290039062500e-05
9.226799011230468750e-05
9.679794311523437500e-05
8.392333984375000000e-05
8.583068847656250000e-05
8.678436279296875000e-05
1.213550567626953125e-04
8.893013000488281250e-05
9.703636169433593750e-05
8.630752563476562500e-05
9.179115295410156250e-05
1.311302185058593750e-04
1.170635223388671875e-04
9.250640869140625000e-05
1.366138458251953125e-04
1.294612884521484375e-04
1.163482666015625000e-04
1.025199890136718750e-04
8.869171142578125000e-05
8.702278137207031250e-05
7.271766662597656250e-05
9.131431579589843750e-05
1.254081726074218750e-04
1.516342163085937500e-04
1.180171966552734375e-04
1.289844512939453125e-04
1.108646392822265625e-04
9.775161743164062500e-05
9.894371032714843750e-05
1.220703125000000000e-04
9.942054748535156250e-05
9.369850158691406250e-05
1.041889190673828125e-04
1.029968261718750000e-04
1.053810119628906250e-04
9.727478027343750000e-05
1.523494720458984375e-04
1.354217529296875000e-04
1.227855682373046875e-04
1.125335693359375000e-04
1.273155212402343750e-04
1.239776611328125000e-04
9.608268737792968750e-05
9.989738464355468750e-05
9.965896606445312500e-05
8.964538574218750000e-05
8.964538574218750000e-05
1.196861267089843750e-04
1.068115234375000000e-04
1.003742218017578125e-04
9.369850158691406250e-05
8.249282836914062500e-05
9.942054748535156250e-05
1.115798950195312500e-04
1.494884490966796875e-04
1.187324523925781250e-04
1.049041748046875000e-04
1.113414764404296875e-04
1.134872436523437500e-04
1.006126403808593750e-04
8.869171142578125000e-05
1.351833343505859375e-04
1.738071441650390625e-04
1.046657562255859375e-04
8.344650268554687500e-05
8.821487426757812500e-05
9.441375732421875000e-05
9.393692016601562500e-05
9.107589721679687500e-05
9.202957153320312500e-05
8.535385131835937500e-05
8.153915405273437500e-05
7.915496826171875000e-05
7.462501525878906250e-05
8.106231689453125000e-05
8.344650268554687500e-05
7.486343383789062500e-05
8.034706115722656250e-05
8.583068847656250000e-05
7.605552673339843750e-05
7.629394531250000000e-05
8.583068847656250000e-05
7.605552673339843750e-05
8.749961853027343750e-05
7.462501525878906250e-05
7.581710815429687500e-05
8.606910705566406250e-05
7.462501525878906250e-05
8.010864257812500000e-05
7.581710815429687500e-05
8.130073547363281250e-05
7.605552673339843750e-05
6.961822509765625000e-05
7.748603820800781250e-05
7.462501525878906250e-05
7.438659667968750000e-05
6.937980651855468750e-05
1.273155212402343750e-04
1.053810119628906250e-04
1.404285430908203125e-04
1.051425933837890625e-04
1.361370086669921875e-04
1.091957092285156250e-04
8.869171142578125000e-05
1.077651977539062500e-04
1.165866851806640625e-04
8.368492126464843750e-05
1.084804534912109375e-04
8.416175842285156250e-05
7.700920104980468750e-05
8.535385131835937500e-05
7.271766662597656250e-05
8.153915405273437500e-05
8.201599121093750000e-05
8.702278137207031250e-05
7.796287536621093750e-05
7.629394531250000000e-05
8.010864257812500000e-05
7.390975952148437500e-05
7.820129394531250000e-05
7.700920104980468750e-05
8.964538574218750000e-05
8.320808410644531250e-05
8.225440979003906250e-05
8.440017700195312500e-05
5.912780761718750000e-05
6.508827209472656250e-05
1.285076141357421875e-04
1.482963562011718750e-04
1.289844512939453125e-04
1.091957092285156250e-04
1.099109649658203125e-04
1.211166381835937500e-04
1.187324523925781250e-04
8.463859558105468750e-05
9.727478027343750000e-05
9.083747863769531250e-05
7.748603820800781250e-05
8.916854858398437500e-05
8.559226989746093750e-05
9.012222290039062500e-05
7.319450378417968750e-05
7.390975952148437500e-05
1.358985900878906250e-04
7.438659667968750000e-05
7.605552673339843750e-05
1.521110534667968750e-04
1.316070556640625000e-04
1.235008239746093750e-04
1.113414764404296875e-04
1.032352447509765625e-04
1.029968261718750000e-04
1.950263977050781250e-04
2.830028533935546875e-04
1.432895660400390625e-04
1.153945922851562500e-04
7.200241088867187500e-05
6.937980651855468750e-05
9.560585021972656250e-05
7.605552673339843750e-05
7.081031799316406250e-05
6.532669067382812500e-05
7.104873657226562500e-05
6.222724914550781250e-05
9.632110595703125000e-05
9.369850158691406250e-05
1.306533813476562500e-04
9.131431579589843750e-05
