2.528357505798339844e-02
2.007484436035156250e-04
9.560585021972656250e-05
1.065731048583984375e-04
1.146793365478515625e-04
9.512901306152343750e-05
7.891654968261718750e-05
1.018047332763671875e-04
7.700920104980468750e-05
8.344650268554687500e-05
7.677078247070312500e-05
7.343292236328125000e-05
7.295608520507812500e-05
7.581710815429687500e-05
7.700920104980468750e-05
9.059906005859375000e-05
7.486343383789062500e-05
9.131431579589843750e-05
1.211166381835937500e-04
9.298324584960937500e-05
9.441375732421875000e-05
8.869171142578125000e-05
1.022815704345703125e-04
9.417533874511718750e-05
8.535385131835937500e-05
9.608268737792968750e-05
6.961822509765625000e-05
6.651878356933593750e-05
6.699562072753906250e-05
6.890296936035156250e-05
6.985664367675781250e-05
7.128715515136718750e-05
6.508827209472656250e-05
7.534027099609375000e-05
9.632110595703125000e-05
8.201599121093750000e-05
7.891654968261718750e-05
1.020431518554687500e-04
1.633167266845703125e-04
1.616477966308593750e-04
1.504421234130859375e-04
1.375675201416015625e-04
1.192092895507812500e-04
1.409053802490234375e-04
1.177787780761718750e-04
1.099109649658203125e-04
1.351833343505859375e-04
1.339912414550781250e-04
1.420974731445312500e-04
1.099109649658203125e-04
9.799003601074218750e-05
9.083747863769531250e-05
8.940696716308593750e-05
1.006126403808593750e-04
9.679794311523437500e-05
1.134872436523437500e-04
8.988380432128906250e-05
8.487701416015625000e-05
9.036064147949218750e-05
7.700920104980468750e-05
8.535385131835937500e-05
8.130073547363281250e-05
7.295608520507812500e-05
7.200241088867187500e-05
9.703636169433593750e-05
1.285076141357421875e-04
1.137256622314453125e-04
9.942054748535156250e-05
1.025199890136718750e-04
9.703636169433593750e-05
1.084804534912109375e-04
9.560585021972656250e-05
1.063346862792968750e-04
9.632110595703125000e-05
9.417533874511718750e-05
9.155273437500000000e-05
1.022815704345703125e-04
1.788139343261718750e-04
1.294612884521484375e-04
1.599788665771484375e-04
1.275539398193359375e-04
1.151561737060546875e-04
1.184940338134765625e-04
1.053810119628906250e-04
1.206398010253906250e-04
1.304149627685546875e-04
1.208782196044921875e-04
1.292228698730468750e-04
1.201629638671875000e-04
1.196861267089843750e-04
1.287460327148437500e-04
1.120567321777343750e-04
1.161098480224609375e-04
1.227855682373046875e-04
1.070499420166015625e-04
1.044273376464843750e-04
1.461505889892578125e-04
1.182556152343750000e-04
1.163482666015625000e-04
1.304149627685546875e-04
1.029968261718750000e-04
1.044273376464843750e-04
1.001358032226562500e-04
1.013278961181640625e-04
1.094341278076171875e-04
1.039505004882812500e-04
1.080036163330078125e-04
1.020431518554687500e-04
8.487701416015625000e-05
9.894371032714843750e-05
9.322166442871093750e-05
8.368492126464843750e-05
8.726119995117187500e-05
1.783370971679687500e-04
1.406669616699218750e-04
1.368522644042968750e-04
1.094341278076171875e-04
1.049041748046875000e-04
1.149177551269531250e-04
1.006126403808593750e-04
9.894371032714843750e-05
1.146793365478515625e-04
1.113414764404296875e-04
1.027584075927734375e-04
9.727478027343750000e-05
1.034736633300781250e-04
9.942054748535156250e-05
1.001358032226562500e-04
9.584426879882812500e-05
1.304149627685546875e-04
1.084804534912109375e-04
1.118183135986328125e-04
1.046657562255859375e-04
1.101493835449218750e-04
1.044273376464843750e-04
9.584426879882812500e-05
1.070499420166015625e-04
1.215934753417968750e-04
1.082420349121093750e-04
1.134872436523437500e-04
9.846687316894531250e-05
1.003742218017578125e-04
1.139640808105468750e-04
9.822845458984375000e-05
1.244544982910156250e-04
1.261234283447265625e-04
1.080036163330078125e-04
9.918212890625000000e-05
9.131431579589843750e-05
8.511543273925781250e-05
9.131431579589843750e-05
9.083747863769531250e-05
9.799003601074218750e-05
8.869171142578125000e-05
8.821487426757812500e-05
9.441375732421875000e-05
8.368492126464843750e-05
8.964538574218750000e-05
8.559226989746093750e-05
8.583068847656250000e-05
8.392333984375000000e-05
1.099109649658203125e-04
9.417533874511718750e-05
9.083747863769531250e-05
8.559226989746093750e-05
9.799003601074218750e-05
8.344650268554687500e-05
9.489059448242187500e-05
1.289844512939453125e-04
1.158714294433593750e-04
1.201629638671875000e-04
1.361370086669921875e-04
1.220703125000000000e-04
1.082420349121093750e-04
1.058578491210937500e-04
1.122951507568359375e-04
1.285076141357421875e-04
1.101493835449218750e-04
1.106262207031250000e-04
1.013278961181640625e-04
9.703636169433593750e-05
1.058578491210937500e-04
1.068115234375000000e-04
1.010894775390625000e-04
1.263618469238281250e-04
1.027584075927734375e-04
9.918212890625000000e-05
1.044273376464843750e-04
1.163482666015625000e-04
8.773803710937500000e-05
8.583068847656250000e-05
7.891654968261718750e-05
9.155273437500000000e-05
7.653236389160156250e-05
7.891654968261718750e-05
7.295608520507812500e-05
7.438659667968750000e-05
8.010864257812500000e-05
7.963180541992187500e-05
8.249282836914062500e-05
