9.010539054870605469e-01
3.073925566673278809e+01
1.453815937042236328e+00
8.445235729217529297e+00
6.535837650299072266e-01
3.430418968200683594e+00
2.188275194168090820e+01
4.447691917419433594e+00
1.756925821304321289e+00
1.032823324203491211e+01
1.311709983348846436e+02
4.614942336082458496e+01
8.060961246490478516e+00
2.295735383033752441e+01
2.187452077865600586e+00
7.042117118835449219e-01
7.211684465408325195e+00
8.146922588348388672e-01
8.093792581558227539e+01
2.046925194263458252e+02
6.008651256561279297e-01
2.120997905731201172e+00
8.539922237396240234e-01
2.329921722412109375e-01
2.428237199783325195e+00
1.062412977218627930e+00
3.627567052841186523e+00
3.026723861694335938e-01
9.053095245361328125e+01
2.947954416275024414e+00
4.269896268844604492e+00
2.625598907470703125e-01
1.562065958976745605e+01
3.531525135040283203e-01
7.042577505111694336e+00
2.088517117500305176e+01
1.425960063934326172e+00
1.312700271606445312e+00
5.763733625411987305e+00
1.015944004058837891e+00
1.799163818359375000e-01
9.189195394515991211e+00
4.573899507522583008e+00
1.128659248352050781e+00
2.766262531280517578e+00
3.337406492233276367e+01
3.598256111145019531e-01
2.105016946792602539e+00
8.876833200454711914e+01
5.945596694946289062e-01
6.338922882080078125e+01
8.118591308593750000e-01
1.643745422363281250e+02
7.259023189544677734e-01
7.524873971939086914e+00
4.569864273071289062e-01
2.203028202056884766e-01
1.159045147895812988e+01
1.803528070449829102e+00
1.229579448699951172e+00
2.865252733230590820e+00
1.113976716995239258e+00
6.624622344970703125e-01
1.527690410614013672e+01
2.041308403015136719e+00
6.641591310501098633e+00
5.424996376037597656e+00
1.124484539031982422e+00
8.275794982910156250e-01
3.002736806869506836e+00
3.626290559768676758e+00
1.285671329498291016e+01
1.738873863220214844e+01
6.914198398590087891e-01
7.160418033599853516e-01
2.598816871643066406e+00
1.067829132080078125e+00
1.841855049133300781e-01
7.153837680816650391e-01
1.442559957504272461e+00
7.978246212005615234e-01
4.137679004669189453e+01
4.031884670257568359e+00
4.296142649650573730e+01
6.438426971435546875e+00
1.877252817153930664e+00
7.160870313644409180e+00
1.209368109703063965e+01
6.402411460876464844e-01
4.115343093872070312e-01
1.398818731307983398e+00
4.991812705993652344e-01
4.919302463531494141e-01
1.752861070632934570e+01
2.625556802749633789e+01
1.626942157745361328e+00
4.349715471267700195e+00
5.600163936614990234e-01
5.537020421028137207e+01
2.580846071243286133e+00
2.240897178649902344e+00
6.743739128112792969e+00
1.507088184356689453e+01
6.600608587265014648e+00
1.501062369346618652e+01
2.239977121353149414e+00
8.793952465057373047e-01
2.834098339080810547e-01
3.033645153045654297e-01
1.433116436004638672e+00
2.586562633514404297e-01
6.683402061462402344e-01
1.040468859672546387e+01
2.627959728240966797e+00
1.482798814773559570e+00
4.263673543930053711e+00
1.825872278213500977e+01
1.501679277420043945e+01
4.427129030227661133e+00
2.380599975585937500e-01
6.383702754974365234e-01
5.329029560089111328e-01
6.117010116577148438e-01
3.841917514801025391e-01
2.265639305114746094e-01
2.807776927947998047e-01
5.841287374496459961e+00
5.043885707855224609e-01
1.679944133758544922e+01
1.514757633209228516e+00
9.004840373992919922e+00
5.052194118499755859e+00
1.341887149810791016e+02
3.072362661361694336e+00
2.009545326232910156e+00
1.375525689125061035e+01
9.169046878814697266e-01
2.414915561676025391e-01
8.450366258621215820e+00
1.112362384796142578e+00
3.730298280715942383e+00
1.280642437934875488e+01
9.971458435058593750e+00
2.623893260955810547e+00
2.494677782058715820e+00
5.306033849716186523e+00
3.991141319274902344e-01
2.481426954269409180e+00
9.934303283691406250e+00
2.499402523040771484e+01
3.411479711532592773e+00
2.056407928466796875e-01
4.476524829864501953e+00
5.288462638854980469e+00
4.099359512329101562e-01
2.645032405853271484e-01
2.212718319892883301e+01
6.708664417266845703e+00
2.490921020507812500e-01
5.061038970947265625e+00
5.037667751312255859e-01
5.501527786254882812e-01
1.041320085525512695e+00
3.993525147438049316e+01
5.378785133361816406e+00
4.479811191558837891e-01
2.381298780441284180e+00
7.380316901206970215e+01
4.771450996398925781e+00
3.008601665496826172e-01
9.658694267272949219e-01
2.599214792251586914e+00
4.017956018447875977e+00
6.226063609123229980e+01
1.579284906387329102e+00
5.567160844802856445e+00
4.932433366775512695e+00
1.485214233398437500e-01
1.775773191452026367e+01
3.926115036010742188e-01
4.835416388511657715e+01
8.576564788818359375e-01
2.015902996063232422e-01
8.928556442260742188e-01
2.483010053634643555e+00
3.607177734375000000e-01
2.926895928382873535e+01
7.902219057083129883e+00
1.006232738494873047e+01
2.276532411575317383e+00
8.920674204826354980e+01
7.951770782470703125e+00
2.015383481979370117e+00
7.702657055854797363e+01
2.468359470367431641e-01
4.166779637336730957e+01
1.120171070098876953e+00
2.874576091766357422e+00
3.024383783340454102e+00
7.431397771835327148e+01
