9.655497074127197266e-01
3.227013611793518066e+01
1.544874191284179688e+00
8.822394371032714844e+00
6.866140365600585938e-01
3.526595354080200195e+00
2.214228868484497070e+01
4.540539979934692383e+00
1.272773742675781250e-01
1.070289039611816406e+01
1.495601043701171875e+02
4.940027952194213867e+01
7.528273344039916992e+00
2.549070787429809570e+01
2.283605575561523438e+00
7.010798454284667969e-01
7.660106182098388672e+00
8.679318428039550781e-01
8.712062907218933105e+01
2.938763940334320068e+02
2.465475106239318848e+01
3.168380498886108398e+00
1.010714507102966309e+01
2.512753009796142578e-01
2.497055530548095703e+00
1.243816852569580078e+00
4.595789432525634766e+00
3.346433639526367188e-01
9.421248912811279297e+01
3.204643011093139648e+00
7.550163269042968750e+00
2.798833847045898438e-01
1.547582626342773438e+01
3.551521301269531250e-01
6.247276067733764648e+00
2.050433826446533203e+01
1.382129192352294922e+00
1.418488740921020508e+00
6.063990116119384766e+00
9.990894794464111328e-01
1.927938461303710938e-01
9.410479784011840820e+00
4.846868038177490234e+00
1.076082706451416016e+00
2.896539926528930664e+00
3.688517355918884277e+01
4.179549217224121094e-01
2.514111995697021484e-01
9.619911241531372070e+01
5.107750892639160156e-01
6.651684689521789551e+01
8.037791252136230469e-01
1.783434884548187256e+02
7.463979721069335938e-01
8.320405006408691406e+00
4.831295013427734375e-01
2.026293277740478516e-01
1.156730890274047852e+01
2.112053632736206055e+00
1.374251127243041992e+00
3.069570779800415039e+00
1.199513196945190430e+00
7.549767494201660156e-01
1.628020811080932617e+01
2.121449232101440430e+00
4.888379573822021484e+00
6.274026870727539062e+00
1.219240903854370117e+00
8.958888053894042969e-01
2.828598022460937500e+00
2.236894607543945312e+00
1.370266270637512207e+01
1.865024852752685547e+01
7.084057331085205078e-01
7.911324501037597656e-01
2.760694026947021484e+00
1.129208326339721680e+00
1.956295967102050781e-01
7.919960021972656250e-01
1.650432586669921875e+00
8.136286735534667969e-01
2.032800984382629395e+01
4.222630739212036133e+00
2.333963227272033691e+01
6.762589454650878906e+00
3.172409534454345703e-01
7.725090503692626953e+00
1.223671174049377441e+01
5.737328529357910156e-01
4.074335098266601562e-01
2.069137096405029297e-01
5.323264598846435547e-01
5.226202011108398438e-01
1.767431592941284180e+01
2.811230945587158203e+01
1.388735532760620117e+00
5.533007383346557617e+00
6.185021400451660156e-01
5.903464174270629883e+01
2.647999286651611328e+00
2.180894374847412109e+00
1.655464887619018555e+00
1.532531213760375977e+01
6.744606256484985352e+00
1.602842402458190918e+01
2.282173633575439453e+00
1.301014423370361328e-01
2.963421344757080078e-01
3.230488300323486328e-01
1.588479042053222656e+00
2.713897228240966797e-01
5.795350074768066406e-01
4.697487831115722656e+00
2.938373088836669922e-01
9.202010631561279297e-01
4.544144392013549805e+00
1.999411559104919434e+01
1.638820886611938477e+01
4.586625099182128906e+00
2.312366962432861328e-01
6.498970985412597656e-01
3.218922615051269531e-01
5.481097698211669922e-01
3.718225955963134766e-01
2.144095897674560547e-01
2.680656909942626953e-01
6.051622867584228516e+00
5.160708427429199219e-01
1.848570227622985840e+01
1.528488874435424805e+00
9.302728891372680664e+00
9.195935964584350586e+00
3.069296045303344727e+02
2.533123660087585449e+01
3.913022279739379883e+00
2.366650032997131348e+01
9.407963752746582031e-01
2.351953983306884766e-01
3.501496076583862305e+00
1.091074228286743164e+00
5.141781806945800781e+00
1.423086524009704590e+01
1.086398363113403320e+01
5.031782150268554688e+00
2.736133098602294922e+00
5.679055452346801758e+00
4.184815883636474609e-01
3.352241754531860352e+00
1.097219061851501465e+01
2.673725628852844238e+01
3.509322643280029297e+00
2.167530059814453125e-01
4.884799480438232422e+00
3.741884469985961914e+00
4.571144580841064453e-01
2.893199920654296875e-01
2.438304734230041504e+01
6.981008291244506836e+00
2.057929039001464844e-01
3.687678813934326172e+00
4.959366321563720703e-01
5.623562335968017578e-01
1.642323970794677734e+00
4.126383781433105469e+01
5.569851398468017578e+00
3.733239173889160156e-01
2.059714794158935547e+00
8.075951099395751953e+01
5.015961170196533203e+00
2.945966720581054688e-01
2.548575401306152344e+00
2.169794559478759766e+00
4.328454971313476562e+00
6.455610966682434082e+01
1.821524858474731445e+00
6.094713211059570312e+00
5.547038793563842773e+00
1.855964660644531250e-01
1.907618045806884766e+01
3.566133975982666016e-01
5.317855739593505859e+01
7.293045520782470703e-01
2.372398376464843750e-01
1.762943267822265625e-01
2.635724067687988281e+00
3.867864608764648438e-01
3.083425617218017578e+01
8.180277109146118164e+00
8.266872406005859375e+00
2.464093923568725586e+00
7.875029826164245605e+01
8.367503881454467773e+00
2.187318086624145508e+00
8.001202344894409180e+01
2.856237888336181641e-01
4.204066061973571777e+01
1.138463497161865234e+00
2.983376979827880859e+00
3.268928289413452148e+00
7.446311450004577637e+01
