1.017948627471923828e+00
3.365650081634521484e+01
2.909190893173217773e+00
9.397551536560058594e+00
7.322270870208740234e-01
3.794312715530395508e+00
2.371871018409729004e+01
4.829539775848388672e+00
1.896281003952026367e+00
1.135510826110839844e+01
7.964498646259307861e+02
9.213974213600158691e+01
1.628553605079650879e+01
2.601466965675354004e+01
3.488950490951538086e+00
5.964057445526123047e+00
7.793276071548461914e+00
9.214067459106445312e-01
8.887257409095764160e+01
5.249787743091583252e+02
2.573971581459045410e+01
3.359575033187866211e+00
9.672187566757202148e+00
2.558403015136718750e-01
3.272118806838989258e+00
1.240085363388061523e+00
4.794456481933593750e+00
3.417220115661621094e-01
1.024838459491729736e+02
3.533839702606201172e+00
7.850320339202880859e+00
3.226981163024902344e-01
1.708623576164245605e+01
3.398704528808593750e-01
7.866431713104248047e+00
2.376118731498718262e+01
1.685508012771606445e+00
1.606592178344726562e+00
6.403074264526367188e+00
1.098746538162231445e+00
3.464136123657226562e-01
9.933235883712768555e+00
5.111766099929809570e+00
1.456583976745605469e+00
3.016485452651977539e+00
3.756676959991455078e+01
4.411430358886718750e-01
2.254312038421630859e+00
9.667474603652954102e+01
4.845952987670898438e-01
7.048807597160339355e+01
8.410530090332031250e-01
1.814518158435821533e+02
7.769939899444580078e-01
8.782483816146850586e+00
5.123281478881835938e-01
2.125487327575683594e-01
1.260567355155944824e+01
1.973662614822387695e+00
1.360474109649658203e+00
3.208188295364379883e+00
1.198386907577514648e+00
7.841114997863769531e-01
1.675561690330505371e+01
2.157036542892456055e+00
7.177668571472167969e+00
5.898116827011108398e+00
1.215644836425781250e+00
9.220929145812988281e-01
3.406436443328857422e+00
4.043390750885009766e+00
1.399679565429687500e+01
1.904449486732482910e+01
8.027830123901367188e-01
8.324048519134521484e-01
2.893192291259765625e+00
1.431814908981323242e+00
2.217872142791748047e-01
8.738408088684082031e-01
1.545943260192871094e+00
1.545968770980834961e+00
4.633485817909240723e+01
4.542492389678955078e+00
4.714639830589294434e+01
7.027971506118774414e+00
1.962916135787963867e+00
8.017588853836059570e+00
1.339313793182373047e+01
7.936320304870605469e-01
4.475948810577392578e-01
1.540052413940429688e+00
5.754892826080322266e-01
5.363967418670654297e-01
1.957571721076965332e+01
2.920276117324829102e+01
1.786233425140380859e+00
5.672296762466430664e+00
6.100535392761230469e-01
6.091412162780761719e+01
2.947824954986572266e+00
2.394759654998779297e+00
7.692222356796264648e+00
1.650027751922607422e+01
7.407126426696777344e+00
1.664768600463867188e+01
2.356592655181884766e+00
9.578680992126464844e-01
3.251287937164306641e-01
3.377408981323242188e-01
1.602662801742553711e+00
2.796282768249511719e-01
6.703019142150878906e-01
1.126907944679260254e+01
2.867077350616455078e+00
1.641676187515258789e+00
4.796702623367309570e+00
2.130848050117492676e+01
1.682495498657226562e+01
5.012288808822631836e+00
2.999889850616455078e-01
7.081544399261474609e-01
6.474211215972900391e-01
5.814950466156005859e-01
4.268567562103271484e-01
2.397444248199462891e-01
3.117158412933349609e-01
6.532293319702148438e+00
5.435395240783691406e-01
1.862065100669860840e+01
1.584462642669677734e+00
9.854726791381835938e+00
5.655485868453979492e+00
3.608403222560882568e+02
4.365841674804687500e+01
4.022648572921752930e+00
1.501876187324523926e+01
1.021038532257080078e+00
2.427992820739746094e-01
1.442323184013366699e+01
1.242900371551513672e+00
3.980492830276489258e+00
1.415818953514099121e+01
1.117188787460327148e+01
8.761913299560546875e+00
2.633113861083984375e+00
5.874106407165527344e+00
4.678566455841064453e-01
2.711354732513427734e+00
1.123554944992065430e+01
2.709881448745727539e+01
3.720935583114624023e+00
2.560224533081054688e-01
4.887069225311279297e+00
5.792554378509521484e+00
4.206593036651611328e-01
3.081014156341552734e-01
2.457663893699645996e+01
7.422461748123168945e+00
2.375333309173583984e-01
6.075619935989379883e+00
4.924585819244384766e-01
6.001987457275390625e-01
1.171272039413452148e+00
4.439969158172607422e+01
6.134738445281982422e+00
4.019160270690917969e-01
2.602795124053955078e+00
2.100557717561721802e+03
4.699952197074890137e+01
3.673257350921630859e+00
7.955619096755981445e+00
3.505840539932250977e+00
4.675267696380615234e+00
7.121136856079101562e+01
1.983548641204833984e+00
6.418197393417358398e+00
6.154676914215087891e+00
4.069254398345947266e-01
2.075022864341735840e+01
3.878073692321777344e-01
5.555375909805297852e+01
4.344820976257324219e+00
4.512500762939453125e-01
1.161933898925781250e+00
2.812597990036010742e+00
4.819889068603515625e-01
3.366093587875366211e+01
9.495651245117187500e+00
1.186655545234680176e+01
2.729113578796386719e+00
1.017545876502990723e+02
9.310679435729980469e+00
2.333565473556518555e+00
8.704246568679809570e+01
2.758328914642333984e-01
4.663234734535217285e+01
1.174321889877319336e+00
3.240176677703857422e+00
3.598793983459472656e+00
8.275464320182800293e+01
