7697.830438613892
288.0125045776367
247.10988998413086
560.8115196228027
969.9139595031738
9636.41381263733
53013.77272605896
15225.489139556885
506.73484802246094
275.71582794189453
2176.931858062744
16461.801052093506
79726.64427757263
3807.525157928467
5026.912450790405
6688.310384750366
942.8596496582031
495.93210220336914
912.9559993743896
1616.43385887146
3310.988664627075
213.1059169769287
46286.667346954346
519.2911624908447
246.4923858642578
229.66957092285156
6365.581035614014
3119.6954250335693
381.1535835266113
1092.214584350586
1489.3815517425537
18684.307098388672
1281.8963527679443
21007.1804523468
1452.96049118042
1657.1247577667236
4313.651084899902
195258.32414627075
1078.9682865142822
4906.903505325317
4603.510618209839
42204.96940612793
19348.264694213867
5007.611989974976
841.7685031890869
150.17962455749512
811.3102912902832
5254.584550857544
1363.1417751312256
3849.968910217285
11650.066375732422
689.5570755004883
868.0577278137207
229256.78038597107
2203.7007808685303
75404.44827079773
179.08382415771484
750.7908344268799
3577.6572227478027
1811.0435009002686
125.55670738220215
20661.394834518433
222.16129302978516
45935.07957458496
233552.98924446106
160.20512580871582
1565.3486251831055
1919.539213180542
8289.182424545288
173.77519607543945
6371.07515335083
1628.4961700439453
6227.653026580811
178.4811019897461
3650.4034996032715
307.82055854797363
509.6473693847656
586.9340896606445
166135.68258285522
8008.889198303223
2818.3753490448
283.7526798248291
251.34730339050293
64042.82069206238
1417.7327156066895
1135.150671005249
6930.002689361572
21009.943962097168
8721.261978149414
5865.590333938599
196.8224048614502
1630.3672790527344
1086.7242813110352
1170.229196548462
10133.256435394287
4463.329315185547
81636.47150993347
283.60700607299805
29081.483602523804
2190.0248527526855
3724.69162940979
1739.6931648254395
4593.297243118286
661.4494323730469
301.5565872192383
24972.23401069641
698.7965106964111
231.7352294921875
2403.7764072418213
121.03486061096191
156.80503845214844
124.9399185180664
11764.53685760498
17694.252252578735
145.49732208251953
5142.06600189209
4347.958564758301
7379.931926727295
5629.907608032227
461.50898933410645
509.26828384399414
428.35211753845215
27204.062461853027
4586.573839187622
176.42498016357422
463929.70085144043
1370.7458972930908
15832.924604415894
544.9564456939697
4934.418439865112
899.5451927185059
790.4093265533447
6622.066497802734
252.58135795593262
510.2050304412842
3062.3676776885986
32472.368240356445
40790.38953781128
37530.16996383667
16837.3544216156
190.55557250976562
788.4838581085205
12256.328344345093
76.1106014251709
6002.72011756897
210.90078353881836
5376.015424728394
46532.389879226685
899.1272449493408
3853.14679145813
456.6302299499512
5936.354637145996
120.94950675964355
1174.0105152130127
285206.8133354187
1074.3141174316406
5474.58291053772
141.54052734375
314735.2879047394
2035.1200103759766
149.9168872833252
2300.5664348602295
21682.85083770752
197408.17832946777
562.0205402374268
1426.4297485351562
5797.034978866577
905.0102233886719
197.96228408813477
166.6700839996338
3870.2001571655273
830.589771270752
13355.99422454834
4180.2263259887695
424.1962432861328
62700.48904418945
428.23147773742676
161.79132461547852
198.30608367919922
14528.20873260498
715.0661945343018
177001.61576271057
4132.671594619751
542.9117679595947
151.04007720947266
289.67928886413574
37251.47986412048
352852.87737846375
1354.6733856201172
34331.257820129395
289.9584770202637
57963.3150100708
164.67833518981934
32102.686405181885
2966.6216373443604
4657.434463500977
29504.201650619507
24063.815593719482
25937.41464614868
165.2829647064209
