4.017455577850341797e-01
2.695971488952636719e+00
4.772441148757934570e+00
2.108413696289062500e+00
2.750666141510009766e+00
3.627371788024902344e-01
2.449388265609741211e+00
8.165075778961181641e-01
2.017549037933349609e+00
1.267422437667846680e+00
4.595367908477783203e-01
2.353096008300781250e-01
1.901473760604858398e+01
3.359868526458740234e+00
3.059707403182983398e+00
1.096159219741821289e+00
1.987862348556518555e+00
6.515014171600341797e-01
2.401965856552124023e+00
1.877145528793334961e+00
4.193385839462280273e+00
2.174398899078369141e-01
6.840620040893554688e-01
4.794684648513793945e+00
1.195321798324584961e+00
2.699919462203979492e+00
2.665495395660400391e+00
3.190407752990722656e+00
5.376827716827392578e-01
2.935661077499389648e+00
4.283138513565063477e+00
5.489560365676879883e+00
1.631813716888427734e+01
2.729978561401367188e-01
4.933147430419921875e-01
3.564503192901611328e-01
1.596315145492553711e+00
2.073135614395141602e+00
2.092363834381103516e-01
9.694726467132568359e-01
2.630045413970947266e-01
5.480916023254394531e+00
2.132395267486572266e+00
1.221874237060546875e+00
2.774662971496582031e-01
1.202506303787231445e+00
1.040961742401123047e+00
9.507215023040771484e-01
1.337663650512695312e+00
2.549588680267333984e-01
2.039575576782226562e-01
1.023819208145141602e+00
8.110550403594970703e+00
5.183773040771484375e-01
2.041925191879272461e+00
1.835720062255859375e+00
3.627112865447998047e+00
1.096484899520874023e+00
2.465404748916625977e+00
1.623179745674133301e+01
1.331478595733642578e+00
1.466539621353149414e+00
8.500442504882812500e-01
8.417051315307617188e+00
5.012529134750366211e+00
9.900820255279541016e-01
2.734671115875244141e+00
4.182103395462036133e+00
8.352534770965576172e-01
4.921894788742065430e+00
2.434935808181762695e+00
9.667632579803466797e-01
2.107823371887207031e+00
2.249845027923583984e+00
9.953618049621582031e-01
2.498825550079345703e+00
1.363675355911254883e+00
5.648484230041503906e-01
5.133583545684814453e+00
3.038281679153442383e+00
7.948410511016845703e-01
1.106602668762207031e+00
9.010510444641113281e-01
4.041555404663085938e+00
1.408456325531005859e+00
5.182500839233398438e+00
4.724003791809082031e+00
1.576774358749389648e+00
9.205119609832763672e-01
1.554686307907104492e+00
3.259356975555419922e+00
1.647819995880126953e+00
2.905545234680175781e-01
1.872608399391174316e+01
4.142698764801025391e+00
2.785737276077270508e+00
3.083364963531494141e-01
2.656552791595458984e-01
1.972381830215454102e+00
4.306592941284179688e+00
2.719042301177978516e-01
5.420979976654052734e+00
2.240702629089355469e+00
8.667309284210205078e-01
7.387020587921142578e-01
7.089674472808837891e-01
2.278214693069458008e+00
4.838553905487060547e+00
2.466573476791381836e+00
4.009861707687377930e+00
1.669333219528198242e+00
9.515902996063232422e-01
5.226922750473022461e+00
2.042282581329345703e+00
4.437690496444702148e+00
3.455343961715698242e+00
6.787246227264404297e+00
9.926198720932006836e+00
3.959794521331787109e+00
8.973834514617919922e-01
2.903877019882202148e+00
8.234131574630737305e+00
3.832893371582031250e-01
2.003332400321960449e+01
1.258407354354858398e+00
1.565278530120849609e+00
2.677528381347656250e+00
4.874947071075439453e-01
2.593956470489501953e+00
3.359751701354980469e-01
2.111368417739868164e+00
2.062640428543090820e+00
1.146620512008666992e+00
2.150423765182495117e+00
2.893041372299194336e+00
2.037747383117675781e+00
3.966662883758544922e-01
4.385273456573486328e-01
3.542000532150268555e+00
9.860818386077880859e-01
1.166783571243286133e+00
7.261712551116943359e-01
3.490960597991943359e-01
1.302559852600097656e+00
8.569176197052001953e-01
2.104639053344726562e+00
8.302912235260009766e+00
1.106041908264160156e+00
2.165944337844848633e+00
4.142857789993286133e+00
8.012130260467529297e-01
7.132024765014648438e-01
9.584667682647705078e-01
5.459100484848022461e+00
1.049321413040161133e+00
1.400959730148315430e+00
2.183416366577148438e+00
3.782568216323852539e+00
4.762860059738159180e+00
3.882732391357421875e-01
5.249426603317260742e+00
2.431944608688354492e+00
4.330122709274291992e+00
1.236773967742919922e+00
4.091164350509643555e+00
7.955233573913574219e+00
7.894644737243652344e-01
4.720468521118164062e-01
4.077921867370605469e+00
1.317057132720947266e+00
2.343384504318237305e+00
1.744577884674072266e-01
2.169967889785766602e+00
3.119871616363525391e-01
4.502486705780029297e+00
7.955708503723144531e-01
8.519914150238037109e-01
2.301592826843261719e-01
5.430638790130615234e-01
1.075522184371948242e+00
4.767069816589355469e+00
2.517906665802001953e+00
1.663290500640869141e+00
7.539665699005126953e-01
4.571990966796875000e+00
8.833820819854736328e-01
1.231732821464538574e+01
1.353924989700317383e+00
7.853217124938964844e-01
3.810987472534179688e-01
5.975069999694824219e+00
2.293445348739624023e+00
2.553000450134277344e-01
2.587552309036254883e+00
8.837463855743408203e-01
7.875658750534057617e+00
8.893947362899780273e+00
3.028125762939453125e-01
2.650112867355346680e+00
3.357946872711181641e+00
