4.644768238067626953e-01
2.970449686050415039e+00
5.119979381561279297e+00
2.331929683685302734e+00
3.120762825012207031e+00
3.889632225036621094e-01
2.669768095016479492e+00
7.910990715026855469e-01
2.168245553970336914e+00
1.572806835174560547e+00
5.003471374511718750e-01
2.547180652618408203e-01
2.039544415473937988e+01
3.872539281845092773e+00
3.375868082046508789e+00
1.281911373138427734e+00
2.419046401977539062e+00
7.290132045745849609e-01
2.834910392761230469e+00
2.269772529602050781e+00
4.708069801330566406e+00
2.680163383483886719e-01
8.707809448242187500e-01
5.279133319854736328e+00
1.427105188369750977e+00
3.122557878494262695e+00
3.101873159408569336e+00
3.501807928085327148e+00
7.016716003417968750e-01
3.310152292251586914e+00
4.999779701232910156e+00
6.259243249893188477e+00
1.876166701316833496e+01
3.042578697204589844e-01
6.482577323913574219e-01
4.087204933166503906e-01
1.897121429443359375e+00
2.491946697235107422e+00
2.628803253173828125e-01
1.138539314270019531e+00
3.209676742553710938e-01
6.226147174835205078e+00
2.536303043365478516e+00
1.299658060073852539e+00
3.503556251525878906e-01
1.447653770446777344e+00
1.270853757858276367e+00
1.135698795318603516e+00
1.197633028030395508e+00
2.934978008270263672e-01
2.500154972076416016e-01
1.224102735519409180e+00
9.325923919677734375e+00
5.912058353424072266e-01
2.245160341262817383e+00
2.127794504165649414e+00
4.056186199188232422e+00
1.387821912765502930e+00
2.754027843475341797e+00
1.788711881637573242e+01
1.585640430450439453e+00
1.591699838638305664e+00
9.557204246520996094e-01
9.632623195648193359e+00
5.728556394577026367e+00
9.070439338684082031e-01
2.945858716964721680e+00
4.668395996093750000e+00
9.571895599365234375e-01
5.408810615539550781e+00
2.713845968246459961e+00
1.172161817550659180e+00
2.268849849700927734e+00
2.625168323516845703e+00
1.209276676177978516e+00
2.796485424041748047e+00
1.506496429443359375e+00
6.661190986633300781e-01
5.758291006088256836e+00
3.209621191024780273e+00
8.966708183288574219e-01
1.330842256546020508e+00
1.029375553131103516e+00
4.385148048400878906e+00
1.499226570129394531e+00
5.681208610534667969e+00
4.939290761947631836e+00
1.817108154296875000e+00
9.376287460327148438e-01
1.922391891479492188e+00
3.688265800476074219e+00
1.859906673431396484e+00
3.463926315307617188e-01
2.089946460723876953e+01
4.524939298629760742e+00
3.278625249862670898e+00
3.262534141540527344e-01
3.176884651184082031e-01
2.220998764038085938e+00
4.920674562454223633e+00
3.204851150512695312e-01
5.799526453018188477e+00
2.747575998306274414e+00
8.758213520050048828e-01
9.244501590728759766e-01
7.463808059692382812e-01
2.632859468460083008e+00
5.488215446472167969e+00
2.977132797241210938e+00
4.550432682037353516e+00
1.976900339126586914e+00
1.116563320159912109e+00
5.976563930511474609e+00
2.310544490814208984e+00
5.069631576538085938e+00
4.263285875320434570e+00
7.673360347747802734e+00
1.131031894683837891e+01
4.559812307357788086e+00
9.844651222229003906e-01
3.163887977600097656e+00
9.146127939224243164e+00
3.975138664245605469e-01
2.249409699440002441e+01
1.435212373733520508e+00
1.923439502716064453e+00
3.025757074356079102e+00
5.718224048614501953e-01
3.006456136703491211e+00
3.816213607788085938e-01
2.475894451141357422e+00
2.309932708740234375e+00
1.279698133468627930e+00
2.423483610153198242e+00
3.137556076049804688e+00
2.321931123733520508e+00
4.399750232696533203e-01
5.459473133087158203e-01
3.901638746261596680e+00
1.191004753112792969e+00
1.264110326766967773e+00
8.746333122253417969e-01
4.031145572662353516e-01
1.450209140777587891e+00
1.012158870697021484e+00
2.436570644378662109e+00
9.329724550247192383e+00
1.269452810287475586e+00
2.587033510208129883e+00
4.762869834899902344e+00
8.666374683380126953e-01
8.008396625518798828e-01
1.002396583557128906e+00
6.093772649765014648e+00
1.214094638824462891e+00
1.616392612457275391e+00
2.450668096542358398e+00
4.298241376876831055e+00
5.052136182785034180e+00
4.623470306396484375e-01
5.769014835357666016e+00
2.521627664566040039e+00
4.848276853561401367e+00
1.387881040573120117e+00
4.470880031585693359e+00
8.884330749511718750e+00
8.110086917877197266e-01
5.657873153686523438e-01
4.279375314712524414e+00
1.353167533874511719e+00
2.748430728912353516e+00
2.030434608459472656e-01
2.446052074432373047e+00
3.413312435150146484e-01
4.982615470886230469e+00
9.777762889862060547e-01
9.191529750823974609e-01
2.609989643096923828e-01
6.460981369018554688e-01
1.282810688018798828e+00
5.614345550537109375e+00
2.749973535537719727e+00
1.906037569046020508e+00
8.746993541717529297e-01
4.874133825302124023e+00
1.105805635452270508e+00
1.417156815528869629e+01
1.578708410263061523e+00
8.271989822387695312e-01
4.122514724731445312e-01
6.628031492233276367e+00
2.499301910400390625e+00
2.769663333892822266e-01
2.901002883911132812e+00
1.055975198745727539e+00
9.051492691040039062e+00
1.026483845710754395e+01
3.689277172088623047e-01
2.979452133178710938e+00
3.732389688491821289e+00
