4.339435100555419922e-01
2.985409736633300781e+00
5.017612934112548828e+00
2.274746656417846680e+00
3.018040180206298828e+00
3.743131160736083984e-01
2.624654054641723633e+00
8.590445518493652344e-01
2.228939294815063477e+00
1.448064327239990234e+00
4.815990924835205078e-01
2.560360431671142578e-01
2.073043227195739746e+01
4.007410287857055664e+00
3.406875133514404297e+00
1.241838932037353516e+00
2.395627975463867188e+00
7.886898517608642578e-01
2.859927892684936523e+00
2.238518238067626953e+00
4.662568092346191406e+00
2.474584579467773438e-01
8.467497825622558594e-01
5.297461032867431641e+00
1.460832118988037109e+00
3.015281915664672852e+00
3.003944396972656250e+00
3.714657783508300781e+00
6.568772792816162109e-01
3.217108964920043945e+00
5.104058265686035156e+00
6.370642185211181641e+00
1.844230341911315918e+01
3.287322521209716797e-01
6.202557086944580078e-01
4.558680057525634766e-01
1.965074539184570312e+00
2.493704795837402344e+00
2.580435276031494141e-01
1.155937910079956055e+00
3.178391456604003906e-01
6.081205129623413086e+00
2.301928043365478516e+00
1.239273548126220703e+00
3.136560916900634766e-01
1.339419603347778320e+00
1.256657123565673828e+00
1.031840562820434570e+00
1.139258146286010742e+00
3.122522830963134766e-01
2.283389568328857422e-01
1.233288526535034180e+00
9.198918342590332031e+00
6.007831096649169922e-01
2.249518394470214844e+00
2.041097640991210938e+00
4.043607473373413086e+00
1.271795749664306641e+00
2.805388212203979492e+00
1.753284001350402832e+01
1.545029401779174805e+00
1.609418869018554688e+00
9.611957073211669922e-01
1.050682997703552246e+01
5.676955699920654297e+00
1.023517608642578125e+00
3.047841310501098633e+00
4.699678897857666016e+00
1.001972675323486328e+00
5.374849081039428711e+00
2.707308292388916016e+00
1.160891532897949219e+00
2.273795366287231445e+00
2.598610639572143555e+00
1.122330427169799805e+00
2.788124084472656250e+00
1.492921352386474609e+00
6.804172992706298828e-01
5.731638669967651367e+00
3.201561689376831055e+00
1.001179218292236328e+00
1.336086750030517578e+00
1.045345783233642578e+00
4.523754119873046875e+00
1.607936859130859375e+00
5.851521968841552734e+00
4.961415529251098633e+00
1.803103685379028320e+00
1.040989875793457031e+00
1.880269765853881836e+00
3.717326879501342773e+00
1.859112739562988281e+00
3.907420635223388672e-01
2.093157958984375000e+01
4.283527135848999023e+00
3.090824604034423828e+00
3.379278182983398438e-01
3.365309238433837891e-01
2.238101005554199219e+00
4.872353553771972656e+00
3.117039203643798828e-01
5.888467311859130859e+00
2.720324039459228516e+00
9.337136745452880859e-01
8.855559825897216797e-01
7.493472099304199219e-01
2.535636663436889648e+00
5.274620532989501953e+00
3.026149988174438477e+00
4.842451333999633789e+00
1.993290424346923828e+00
1.166644573211669922e+00
5.863058567047119141e+00
2.297572374343872070e+00
5.075628995895385742e+00
3.877265453338623047e+00
7.748421430587768555e+00
1.130795907974243164e+01
4.533016204833984375e+00
8.947613239288330078e-01
3.131552457809448242e+00
8.740015029907226562e+00
4.212996959686279297e-01
2.178886580467224121e+01
1.416399955749511719e+00
1.930171966552734375e+00
3.034092187881469727e+00
5.746042728424072266e-01
2.944672346115112305e+00
4.247145652770996094e-01
2.487896203994750977e+00
2.345873117446899414e+00
1.381786108016967773e+00
2.501204490661621094e+00
3.085540294647216797e+00
2.380706787109375000e+00
4.729816913604736328e-01
5.498142242431640625e-01
3.797069072723388672e+00
1.160477876663208008e+00
1.337439298629760742e+00
8.311970233917236328e-01
4.315032958984375000e-01
1.455004930496215820e+00
9.795625209808349609e-01
2.336511611938476562e+00
9.074871301651000977e+00
1.199541568756103516e+00
2.561714172363281250e+00
4.666748762130737305e+00
9.237327575683593750e-01
9.958300590515136719e-01
1.005324602127075195e+00
6.024628639221191406e+00
1.151875257492065430e+00
1.634741783142089844e+00
2.578109025955200195e+00
4.380310297012329102e+00
5.316961765289306641e+00
5.494174957275390625e-01
6.154579639434814453e+00
2.695814847946166992e+00
5.041369199752807617e+00
1.422547340393066406e+00
4.472585201263427734e+00
8.953649520874023438e+00
9.374382495880126953e-01
5.727107524871826172e-01
4.480607748031616211e+00
1.342294931411743164e+00
2.727714061737060547e+00
1.898310184478759766e-01
2.418651819229125977e+00
3.308308124542236328e-01
4.911266326904296875e+00
1.030287027359008789e+00
9.108374118804931641e-01
2.715356349945068359e-01
6.491212844848632812e-01
1.380035638809204102e+00
5.732869625091552734e+00
2.868286371231079102e+00
2.084438800811767578e+00
9.362945556640625000e-01
5.070447444915771484e+00
9.778575897216796875e-01
1.355100750923156738e+01
1.583826780319213867e+00
7.969670295715332031e-01
4.359505176544189453e-01
6.589319944381713867e+00
2.412418842315673828e+00
3.129544258117675781e-01
2.776988029479980469e+00
1.043340682983398438e+00
9.055037498474121094e+00
1.004950070381164551e+01
3.567781448364257812e-01
2.947439193725585938e+00
3.909895658493041992e+00
