2560.931444168091
42.56629943847656
577.7072906494141
7148.595094680786
28986.27758026123
110.62812805175781
17972.96190261841
10089.547157287598
13668.891906738281
867.8805828094482
586.4918231964111
2497.1299171447754
17281.126737594604
1071.7887878417969
27382.965326309204
2893.359899520874
78.30405235290527
46113.30771446228
5169.338226318359
12240.677118301392
304.3787479400635
269.9286937713623
1316.1048889160156
120.8198070526123
26495.60785293579
347.597599029541
26931.550979614258
320.0109004974365
3451.6870975494385
128563.44842910767
56906.6948890686
1159.8560810089111
484.3575954437256
1721.3802337646484
4959.167003631592
12534.469604492188
6930.002689361572
1503.3702850341797
616.7764663696289
5376.015424728394
144.5317268371582
2090.2445316314697
1625.8597373962402
56985.814809799194
161126.81913375854
1306.4398765563965
162.27340698242188
19199.84793663025
23048.707485198975
515.0966644287109
1043.8346862792969
76282.56249427795
87983.31451416016
2359.4846725463867
1289.0923023223877
39301.59687995911
7601.791858673096
8861.390829086304
229256.78038597107
2649.8453617095947
101.95732116699219
1286.668300628662
278.39016914367676
329504.2304992676
691.6670799255371
501.5065670013428
1054.1133880615234
51.51772499084473
651.8754959106445
11773.980140686035
4225.580453872681
449.7556686401367
46258.48317146301
7973.602056503296
154.50453758239746
43065.067291259766
27664.46590423584
6365.581035614014
1661.2944602966309
10855.244636535645
200.4711627960205
49128.84855270386
13192.250490188599
51410.72154045105
19950.228929519653
68142.46606826782
2134.221076965332
4969.667196273804
380.0621032714844
9429.308414459229
50648.26512336731
201.27344131469727
13011.288166046143
17798.240184783936
35158.870458602905
2227.060317993164
665.032148361206
15225.489139556885
152902.64701843262
4505.383253097534
3946.505546569824
34102.16498374939
33743.555784225464
554.3060302734375
8911.645412445068
89.47944641113281
268.1126594543457
11331.222772598267
177001.61576271057
55759.61136817932
49858.362913131714
45257.75194168091
6688.310384750366
186.0198974609375
10586.887121200562
10133.256435394287
9721.461772918701
7002.288579940796
1930.0892353057861
942.5849914550781
980.4325103759766
3796.933889389038
23834.233283996582
9289.777040481567
4540.283441543579
2592.1406745910645
1899.214267730713
1453.2830715179443
283.308744430542
1274.7938632965088
331080.828666687
3458.958387374878
5233.177661895752
891.2873268127441
14348.913192749023
56831.5052986145
4881.763219833374
6001.564979553223
63168.368339538574
50124.31192398071
4087.980031967163
25860.99600791931
49693.705558776855
9487.812519073486
12553.418159484863
920.4480648040771
350747.06196784973
629.101037979126
742518.406867981
259559.6466064453
65469.146966934204
64042.82069206238
616.1189079284668
65365.39530754089
16196.170091629028
1237.6728057861328
71634.44590568542
149.50108528137207
403.87964248657227
1863.1935119628906
48001.67536735535
115421.38767242432
188.36092948913574
723.5150337219238
7590.080261230469
2332.857370376587
3411.6575717926025
2140.246868133545
34578.56035232544
444365.5014038086
6399.608373641968
95.02649307250977
11695.71328163147
57055.68766593933
419.7380542755127
263978.21974754333
9594.616651535034
58.82072448730469
198.55070114135742
550.2908229827881
29148.295164108276
10913.330793380737
11517.919063568115
19955.02018928528
3153.371572494507
190.45352935791016
7868.252277374268
697.3011493682861
858.095645904541
4625.988721847534
500.8578300476074
40300.49538612366
16222.555160522461
138767.48251914978
2833.2953453063965
1021.3162899017334
887.4471187591553
189414.33215141296
901.8759727478027
6137.829780578613
