9.920954704284667969e-02
8.210158348083496094e-02
6.002593040466308594e-02
1.289756298065185547e-01
2.320375442504882812e-01
9.073591232299804688e-02
3.186874389648437500e-01
6.106889247894287109e-01
4.098367691040039062e-02
7.263159751892089844e-02
4.945286083221435547e+01
7.048988342285156250e-02
1.616127490997314453e-01
7.360792160034179688e-02
3.483860492706298828e-01
4.728024005889892578e-01
4.532909393310546875e-02
9.054517745971679688e-02
5.198717117309570312e-02
7.892298698425292969e-02
9.235262870788574219e-02
1.711091995239257812e-01
5.161817002296447754e+01
9.984416723251342773e+00
1.612546443939208984e-01
2.592175483703613281e+00
1.308467388153076172e-01
7.387375831604003906e-02
4.542851448059082031e-02
8.281636238098144531e-02
1.007616519927978516e-01
8.861018514633178711e+01
3.699619770050048828e-01
1.169791221618652344e-01
8.232927322387695312e-02
5.310773849487304688e-02
4.142196178436279297e-01
9.372661113739013672e-01
8.100533485412597656e-02
2.120859622955322266e-01
7.103457450866699219e-01
1.877379417419433594e-01
6.325292587280273438e-02
6.725263595581054688e-02
5.955650329589843750e+00
6.162846088409423828e-01
8.128237724304199219e-02
5.942487716674804688e-02
7.123780250549316406e-02
1.574771404266357422e-01
5.086708068847656250e-02
3.838896751403808594e-02
4.267930984497070312e-02
2.545568943023681641e-01
2.340226173400878906e-01
1.039397716522216797e-01
4.413938522338867188e-02
1.404936313629150391e-01
1.530027389526367188e-01
5.774950981140136719e-02
1.218454837799072266e-01
4.051065444946289062e-02
1.067247390747070312e-01
8.212113380432128906e-02
1.000242233276367188e-01
4.916262626647949219e-02
2.653694534301757812e+01
6.784057617187500000e-02
5.049705505371093750e-02
4.971010110378265381e+02
1.119539737701416016e-01
1.539916992187500000e-01
2.575304508209228516e-01
8.461236953735351562e-02
4.866051673889160156e-02
9.824228286743164062e-02
1.904444217681884766e+00
1.041712760925292969e-01
4.107308387756347656e-02
2.799010276794433594e-02
5.454087257385253906e-02
6.446814537048339844e-02
9.827399253845214844e-02
6.786942481994628906e-02
1.820455551147460938e+00
1.285021305084228516e-01
3.154060840606689453e-01
9.757065773010253906e-01
6.054401397705078125e-02
6.759262084960937500e-02
6.794977188110351562e-02
8.179235458374023438e-02
1.011524200439453125e-01
8.033728599548339844e-02
5.108189582824707031e-02
4.062628746032714844e-02
6.583642959594726562e-02
6.831121444702148438e-02
3.855299949645996094e-02
7.924556732177734375e-02
1.280453205108642578e-01
1.267840862274169922e-01
1.135492324829101562e-01
1.059529781341552734e-01
1.281931400299072266e-01
4.812002182006835938e-02
6.802558898925781250e-02
1.526606082916259766e-01
1.264326572418212891e-01
4.299092292785644531e-02
4.138686656951904297e-01
9.930205345153808594e-02
8.204317092895507812e-02
4.299402236938476562e-02
9.843587875366210938e-02
2.443151473999023438e-01
4.970359802246093750e-02
7.679486274719238281e-02
5.215904712677001953e-01
1.391930580139160156e-01
7.961106300354003906e-02
4.323220252990722656e-02
4.171586036682128906e-02
7.010030746459960938e-02
1.116280555725097656e-01
2.864330530166625977e+00
9.544324874877929688e-02
4.751920700073242188e-02
1.125016212463378906e-01
5.845546722412109375e-02
8.045601844787597656e-02
5.702614784240722656e-02
4.355382919311523438e-02
7.071192502975463867e+00
4.584741592407226562e-02
5.613160133361816406e-02
5.128717422485351562e-02
1.780829429626464844e-01
9.728312492370605469e-02
6.414580345153808594e-02
2.326159477233886719e-01
6.081366539001464844e-02
7.084345817565917969e-02
2.168707847595214844e-01
1.772770881652832031e-01
7.724523544311523438e-02
9.567022323608398438e-02
4.963684082031250000e-02
7.320117950439453125e-02
6.915831565856933594e-02
2.887279987335205078e-01
8.792831182479858398e+00
5.067396163940429688e-02
4.271006584167480469e-02
5.258321762084960938e-02
5.730009078979492188e-02
6.240344047546386719e-02
7.226371765136718750e-02
1.282873153686523438e-01
3.489160537719726562e-02
8.564496040344238281e-02
8.669185638427734375e-02
7.750242662429809570e+01
9.123470067977905273e+00
3.783496701717376709e+02
7.708525657653808594e-02
4.540491104125976562e-02
1.163868904113769531e-01
3.125698566436767578e-01
4.182076454162597656e-02
6.016373634338378906e-02
2.801711797714233398e+00
5.553960800170898438e-02
8.334183692932128906e-02
5.277419090270996094e-02
4.482510089874267578e-01
1.415479183197021484e-01
1.968615055084228516e-01
5.302882194519042969e-02
7.585048675537109375e-02
6.325554847717285156e-02
1.584470272064208984e-01
7.314538955688476562e-02
5.809807777404785156e-02
7.661604881286621094e-02
1.225851161479949951e+02
1.398608899116516113e+01
6.968712806701660156e-02
5.696010589599609375e-02
2.892448902130126953e-01
1.598737239837646484e-01
4.903912544250488281e-02
1.336932182312011719e-01
4.985499382019042969e-02
6.986713409423828125e-02
9.825658798217773438e-02
7.101702690124511719e-02
6.335568428039550781e-02
7.710790634155273438e-02
8.646385669708251953e-01
