9.052133560180664062e-02
7.914996147155761719e-02
6.324934959411621094e-02
1.343669891357421875e-01
2.492046356201171875e-01
1.266119480133056641e-01
2.712016105651855469e-01
5.145804882049560547e-01
4.306840896606445312e-02
7.215094566345214844e-02
4.502675938606262207e+01
6.328916549682617188e-02
1.501774787902832031e-01
7.299637794494628906e-02
2.224278450012207031e-01
3.760089874267578125e-01
1.168406009674072266e-01
1.098275184631347656e-01
5.269479751586914062e-02
8.349537849426269531e-02
8.755564689636230469e-02
1.706414222717285156e-01
5.232760524749755859e+01
8.776997804641723633e+00
1.196215152740478516e-01
2.527949094772338867e+00
1.185467243194580078e-01
5.183768272399902344e-02
4.574728012084960938e-02
8.552193641662597656e-02
1.133346557617187500e-01
8.241570687294006348e+01
1.259686946868896484e-01
1.204631328582763672e-01
8.558988571166992188e-02
4.922032356262207031e-02
4.212834835052490234e-01
9.394321441650390625e-01
8.578348159790039062e-02
2.107346057891845703e-01
3.134293556213378906e-01
1.940233707427978516e-01
7.360458374023437500e-02
9.472465515136718750e-02
6.113289356231689453e+00
2.759923934936523438e-01
5.835890769958496094e-02
5.269503593444824219e-02
7.454633712768554688e-02
1.490631103515625000e-01
5.181312561035156250e-02
4.019069671630859375e-02
4.274773597717285156e-02
2.432808876037597656e-01
2.696397304534912109e-01
7.863426208496093750e-02
4.156875610351562500e-02
4.813361167907714844e-02
1.082663536071777344e-01
5.531072616577148438e-02
1.219959259033203125e-01
5.020093917846679688e-02
1.061697006225585938e-01
8.425831794738769531e-02
1.040101051330566406e-01
4.604244232177734375e-02
2.724332761764526367e+01
5.978250503540039062e-02
5.043172836303710938e-02
5.313557512760162354e+02
1.247553825378417969e-01
1.086957454681396484e-01
2.479000091552734375e-01
1.231222152709960938e-01
4.755806922912597656e-02
1.495785713195800781e-01
1.945292711257934570e+00
1.019797325134277344e-01
5.253458023071289062e-02
2.758741378784179688e-02
5.587911605834960938e-02
1.237347126007080078e-01
1.034061908721923828e-01
6.030845642089843750e-02
1.963023185729980469e+00
1.219952106475830078e-01
3.474357128143310547e-01
1.122855186462402344e+00
6.038904190063476562e-02
9.119367599487304688e-02
7.226753234863281250e-02
7.664275169372558594e-02
1.041455268859863281e-01
7.161927223205566406e-02
5.291867256164550781e-02
4.234313964843750000e-02
6.686401367187500000e-02
7.374262809753417969e-02
3.973317146301269531e-02
8.978891372680664062e-02
1.333143711090087891e-01
1.970729827880859375e-01
1.187543869018554688e-01
1.081359386444091797e-01
1.206779479980468750e-01
6.354928016662597656e-02
7.256674766540527344e-02
1.501190662384033203e-01
1.361403465270996094e-01
4.213237762451171875e-02
4.729857444763183594e-01
1.247246265411376953e-01
8.354115486145019531e-02
5.028581619262695312e-02
1.011755466461181641e-01
2.815988063812255859e-01
5.182003974914550781e-02
7.886695861816406250e-02
5.016369819641113281e-01
1.527945995330810547e-01
8.410215377807617188e-02
4.066777229309082031e-02
4.413270950317382812e-02
5.080509185791015625e-02
1.206998825073242188e-01
2.435577154159545898e+00
9.421658515930175781e-02
4.470324516296386719e-02
8.666992187500000000e-02
4.855346679687500000e-02
6.853175163269042969e-02
6.846165657043457031e-02
3.738427162170410156e-02
7.259475946426391602e+00
4.242110252380371094e-02
5.781888961791992188e-02
5.244302749633789062e-02
1.787166595458984375e-01
1.134784221649169922e-01
8.561706542968750000e-02
2.261128425598144531e-01
5.718350410461425781e-02
7.128739356994628906e-02
2.014007568359375000e-01
1.763329505920410156e-01
8.429121971130371094e-02
1.161057949066162109e-01
6.166362762451171875e-02
6.574249267578125000e-02
1.376459598541259766e-01
2.648890018463134766e-01
9.567527532577514648e+00
8.270096778869628906e-02
5.931878089904785156e-02
4.819154739379882812e-02
5.049967765808105469e-02
6.149530410766601562e-02
5.920791625976562500e-02
1.349468231201171875e-01
2.625060081481933594e-02
7.776665687561035156e-02
8.206224441528320312e-02
7.823621773719787598e+01
9.469395637512207031e+00
3.817913010120391846e+02
6.054568290710449219e-02
4.622530937194824219e-02
1.067707538604736328e-01
1.307823657989501953e-01
4.309773445129394531e-02
5.242156982421875000e-02
2.546120643615722656e+00
6.889057159423828125e-02
8.878850936889648438e-02
5.082249641418457031e-02
3.662989139556884766e-01
1.502320766448974609e-01
2.066326141357421875e-01
5.132412910461425781e-02
7.531571388244628906e-02
6.484889984130859375e-02
1.467711925506591797e-01
5.954766273498535156e-02
5.639529228210449219e-02
7.699561119079589844e-02
1.176741664409637451e+02
1.327419543266296387e+01
5.830216407775878906e-02
5.963397026062011719e-02
1.577517986297607422e-01
1.372344493865966797e-01
4.536485671997070312e-02
1.275286674499511719e-01
5.439877510070800781e-02
6.856107711791992188e-02
9.464955329895019531e-02
7.056474685668945312e-02
6.241178512573242188e-02
7.638025283813476562e-02
7.904026508331298828e-01
