0.39040112495422363
0.036527395248413086
0.15007543563842773
0.1348872184753418
0.024195432662963867
0.0920419692993164
0.2646799087524414
0.04862380027770996
0.04216957092285156
0.7022724151611328
2.6832199096679688
0.5374701023101807
0.06379365921020508
6.521195888519287
0.08878135681152344
0.10604357719421387
0.14513850212097168
0.046669960021972656
0.07070255279541016
0.14684414863586426
0.03735089302062988
0.07774233818054199
129.52597904205322
0.17140460014343262
0.06183195114135742
0.022378206253051758
0.033968448638916016
2.4169209003448486
0.22780799865722656
0.06938457489013672
0.025571823120117188
0.028739213943481445
148.71312832832336
0.459719181060791
0.03885173797607422
0.14513254165649414
0.12996530532836914
0.07384109497070312
0.028024911880493164
0.045473575592041016
0.24910664558410645
0.3297708034515381
0.10845589637756348
0.0770423412322998
0.026099681854248047
0.13670802116394043
0.11241626739501953
0.09604501724243164
0.03562593460083008
0.03605151176452637
0.06230759620666504
0.14620208740234375
0.07054471969604492
0.03334164619445801
0.07617378234863281
0.13325095176696777
0.0507810115814209
0.1413710117340088
0.0260775089263916
0.06805038452148438
0.11310076713562012
0.06505250930786133
0.10000801086425781
0.12255287170410156
0.04886770248413086
0.0509033203125
0.08591866493225098
0.028053760528564453
1.677281141281128
1.2318181991577148
0.04764962196350098
0.09410452842712402
0.02495431900024414
0.16548657417297363
0.03538393974304199
0.07636594772338867
0.03627586364746094
0.07695341110229492
0.043062448501586914
0.0409693717956543
0.03155660629272461
0.1361691951751709
0.17368483543395996
0.11224484443664551
0.14220142364501953
0.08445334434509277
0.03406858444213867
0.07396960258483887
0.030751705169677734
0.0608828067779541
0.05214715003967285
0.06591343879699707
0.052579641342163086
0.06855607032775879
0.21652579307556152
0.026677846908569336
0.036818742752075195
0.07096385955810547
0.07515335083007812
7.109663248062134
0.3220682144165039
22.052114725112915
0.06851434707641602
0.1020197868347168
10.212059736251831
0.10847806930541992
0.0693359375
0.02103114128112793
0.2352278232574463
0.027602195739746094
0.015612602233886719
0.033149003982543945
0.05541205406188965
0.19829821586608887
0.686577320098877
0.023205041885375977
0.04720044136047363
0.046657562255859375
0.21540379524230957
0.0700380802154541
0.019690990447998047
0.13761472702026367
0.09975457191467285
3.9793946743011475
2.356196641921997
0.04468727111816406
0.050737857818603516
0.049802541732788086
0.04709887504577637
81.08822917938232
0.020205259323120117
39.60779929161072
0.02680230140686035
0.02998661994934082
5.84206223487854
0.05874919891357422
0.04848027229309082
0.16258525848388672
0.058928728103637695
0.1258389949798584
0.22089314460754395
5.373304128646851
0.04715919494628906
0.38679027557373047
0.028859376907348633
0.6020121574401855
0.026778697967529297
0.06365609169006348
0.09875988960266113
1.6361422538757324
0.031922340393066406
0.045293331146240234
0.04955744743347168
0.12262797355651855
0.04600214958190918
0.14370107650756836
0.08217239379882812
0.07016611099243164
0.03747200965881348
0.044051408767700195
0.037337303161621094
0.06478166580200195
0.03704833984375
0.04525947570800781
0.4643881320953369
15.488041877746582
0.03332948684692383
0.022527456283569336
0.1281743049621582
0.04260087013244629
0.13969016075134277
0.023353099822998047
0.06337141990661621
0.9582076072692871
0.04303312301635742
0.9814767837524414
0.02791142463684082
0.11506509780883789
0.03039407730102539
0.12393951416015625
0.05618906021118164
0.12037825584411621
0.3464958667755127
0.05802512168884277
5.838557958602905
9.240395784378052
0.029395103454589844
0.14448904991149902
0.06701040267944336
0.03587007522583008
4.05695366859436
0.08965349197387695
0.09223794937133789
0.059105634689331055
0.029209375381469727
0.036390066146850586
0.03923845291137695
0.02643108367919922
0.019701004028320312
0.01922321319580078
