4.096450805664062500e-01
2.752668857574462891e+00
4.737562417984008789e+00
2.129060268402099609e+00
2.764014720916748047e+00
3.914885520935058594e-01
2.471071720123291016e+00
7.156944274902343750e-01
1.991508007049560547e+00
1.393442392349243164e+00
4.700930118560791016e-01
2.312195301055908203e-01
1.891875553131103516e+01
3.381264686584472656e+00
3.160798788070678711e+00
1.095629215240478516e+00
2.187534332275390625e+00
6.707739830017089844e-01
2.615768909454345703e+00
2.136539459228515625e+00
4.281070470809936523e+00
2.396025657653808594e-01
7.914803028106689453e-01
4.776912689208984375e+00
1.342704057693481445e+00
2.777749300003051758e+00
2.836554288864135742e+00
3.378931045532226562e+00
6.002984046936035156e-01
2.987987041473388672e+00
4.448403358459472656e+00
5.631312370300292969e+00
1.660968589782714844e+01
3.099820613861083984e-01
5.378468036651611328e-01
3.881878852844238281e-01
1.769652128219604492e+00
2.158795833587646484e+00
2.228744029998779297e-01
9.817824363708496094e-01
2.832851409912109375e-01
5.622264623641967773e+00
2.260084629058837891e+00
1.231164693832397461e+00
3.065621852874755859e-01
1.311768770217895508e+00
1.105796098709106445e+00
1.041990518569946289e+00
1.086015462875366211e+00
2.826488018035888672e-01
2.245447635650634766e-01
1.127247571945190430e+00
8.620734930038452148e+00
5.686759948730468750e-01
2.042458772659301758e+00
1.981576919555664062e+00
3.700434923171997070e+00
1.225930690765380859e+00
2.509868621826171875e+00
1.619834685325622559e+01
1.407422065734863281e+00
1.422500848770141602e+00
8.248662948608398438e-01
8.964988470077514648e+00
5.215179681777954102e+00
8.832654953002929688e-01
2.761941194534301758e+00
4.487839460372924805e+00
9.197485446929931641e-01
5.280155658721923828e+00
2.484215259552001953e+00
1.063084125518798828e+00
2.100927114486694336e+00
2.360161542892456055e+00
1.084219694137573242e+00
2.565056085586547852e+00
1.479148387908935547e+00
6.182742118835449219e-01
5.284557104110717773e+00
2.877116918563842773e+00
9.187111854553222656e-01
1.234282970428466797e+00
9.381241798400878906e-01
4.148370027542114258e+00
1.552301883697509766e+00
5.383864879608154297e+00
4.713020563125610352e+00
1.672818899154663086e+00
9.458739757537841797e-01
1.693588495254516602e+00
3.423628330230712891e+00
1.718192338943481445e+00
3.316795825958251953e-01
1.925771069526672363e+01
4.051768302917480469e+00
2.994527339935302734e+00
2.904469966888427734e-01
2.877829074859619141e-01
2.072737216949462891e+00
4.427663564682006836e+00
2.870404720306396484e-01
5.417364835739135742e+00
2.449289560317993164e+00
8.534624576568603516e-01
7.776594161987304688e-01
7.496697902679443359e-01
2.354053974151611328e+00
5.003030061721801758e+00
2.613762140274047852e+00
4.118037223815917969e+00
1.860695600509643555e+00
1.027530193328857422e+00
5.296399116516113281e+00
2.145325183868408203e+00
4.575419902801513672e+00
3.626521825790405273e+00
7.077504396438598633e+00
1.012134885787963867e+01
4.095189094543457031e+00
8.661606311798095703e-01
2.950132608413696289e+00
8.259995937347412109e+00
3.460638523101806641e-01
2.007104325294494629e+01
1.287328720092773438e+00
1.732610464096069336e+00
2.841202020645141602e+00
5.038259029388427734e-01
2.900453090667724609e+00
3.506510257720947266e-01
2.312549352645874023e+00
2.106058597564697266e+00
1.194288015365600586e+00
2.240179777145385742e+00
2.928471803665161133e+00
2.162170171737670898e+00
4.206802845001220703e-01
4.829745292663574219e-01
3.555989265441894531e+00
1.081691026687622070e+00
1.207461833953857422e+00
8.309090137481689453e-01
3.991830348968505859e-01
1.323858976364135742e+00
9.160821437835693359e-01
2.192745923995971680e+00
8.539802312850952148e+00
1.054376363754272461e+00
2.395079374313354492e+00
4.406916379928588867e+00
8.316817283630371094e-01
7.643256187438964844e-01
9.637064933776855469e-01
5.546863079071044922e+00
1.084705829620361328e+00
1.496153116226196289e+00
2.281945705413818359e+00
3.970262527465820312e+00
4.766862154006958008e+00
4.386625289916992188e-01
5.429904699325561523e+00
2.504302978515625000e+00
4.441988229751586914e+00
1.312698125839233398e+00
4.171676635742187500e+00
8.221270084381103516e+00
8.097867965698242188e-01
5.119190216064453125e-01
4.164876222610473633e+00
1.292939662933349609e+00
2.571731805801391602e+00
1.689293384552001953e-01
2.228079795837402344e+00
3.283526897430419922e-01
4.464976787567138672e+00
9.459090232849121094e-01
7.960569858551025391e-01
2.435975074768066406e-01
5.712339878082275391e-01
1.173221111297607422e+00
5.343347311019897461e+00
2.502728700637817383e+00
1.721890687942504883e+00
8.017547130584716797e-01
4.387575626373291016e+00
9.220957756042480469e-01
1.261654973030090332e+01
1.495588064193725586e+00
7.475433349609375000e-01
3.924496173858642578e-01
6.078525781631469727e+00
2.338886260986328125e+00
2.557110786437988281e-01
2.528181552886962891e+00
9.822833538055419922e-01
8.049648284912109375e+00
9.202400922775268555e+00
3.138937950134277344e-01
2.695949792861938477e+00
3.494621753692626953e+00
