4.421725273132324219e-01
2.775366067886352539e+00
4.684329509735107422e+00
2.181510925292968750e+00
8.163488149642944336e+00
3.601603507995605469e-01
2.337729692459106445e+00
7.237110853195190430e+00
1.863539218902587891e+00
1.450265407562255859e+00
3.968698978424072266e-01
2.097012996673583984e-01
1.947311210632324219e+01
3.430943727493286133e+00
3.174818515777587891e+00
1.160760164260864258e+00
2.248100757598876953e+00
6.745009422302246094e-01
2.515393733978271484e+00
2.009548425674438477e+00
4.258283853530883789e+00
2.297527790069580078e-01
6.879594326019287109e-01
4.816063880920410156e+00
1.087419509887695312e+00
2.787886142730712891e+00
2.812516689300537109e+00
3.132629156112670898e+00
5.555379390716552734e-01
2.928449392318725586e+00
4.338754177093505859e+00
5.635622739791870117e+00
1.713665962219238281e+01
2.754869461059570312e-01
5.621914863586425781e-01
1.899981498718261719e-01
1.496055603027343750e+00
1.542631864547729492e+00
1.793379783630371094e-01
1.083828687667846680e+00
2.781553268432617188e-01
5.860599756240844727e+00
1.686654329299926758e+00
1.243108987808227539e+00
3.147895336151123047e-01
1.125699043273925781e+00
1.072671413421630859e+00
1.086231946945190430e+00
1.158192157745361328e+00
3.027369976043701172e-01
2.354593276977539062e-01
1.870908737182617188e-01
8.810335636138916016e+00
3.392233848571777344e-01
2.004806041717529297e+00
1.916845798492431641e+00
3.694159030914306641e+00
1.229475736618041992e+00
2.499935865402221680e+00
1.706396579742431641e+01
1.461784839630126953e+00
1.483511924743652344e+00
8.754763603210449219e-01
9.177321434020996094e+00
5.273215055465698242e+00
9.034931659698486328e-01
2.868049621582031250e+00
4.520091772079467773e+00
9.222633838653564453e-01
5.281144380569458008e+00
2.642878293991088867e+00
2.984898090362548828e-01
2.291898488998413086e+00
2.297561168670654297e-01
1.106041431427001953e+00
2.665820360183715820e+00
1.457483053207397461e+00
2.872326374053955078e-01
5.464818000793457031e+00
3.116971969604492188e+00
9.165561199188232422e-01
6.155254840850830078e-01
9.769434928894042969e-01
4.246444225311279297e+00
1.360194206237792969e+00
5.616009950637817383e+00
4.789441823959350586e+00
1.598296403884887695e+00
8.867802619934082031e-01
4.105031490325927734e-01
3.536879301071166992e+00
1.847537040710449219e+00
3.342280387878417969e-01
2.032690882682800293e+01
4.161255359649658203e+00
2.932483196258544922e+00
3.158509731292724609e-01
3.074285984039306641e-01
2.169517993927001953e+00
4.606446027755737305e+00
3.158576488494873047e-01
5.699632644653320312e+00
1.479719400405883789e+00
9.647264480590820312e-01
8.319044113159179688e-01
7.070560455322265625e-01
2.471000909805297852e+00
5.052854776382446289e+00
2.865401268005371094e+00
4.800948143005371094e+00
1.972765922546386719e-01
1.079754590988159180e+00
5.531188964843750000e+00
2.129901170730590820e+00
4.731687545776367188e+00
3.685777425765991211e+00
7.236737489700317383e+00
1.063809823989868164e+01
4.260397911071777344e+00
8.950407505035400391e-01
3.017683506011962891e+00
8.675734519958496094e+00
3.857905864715576172e-01
2.084308552742004395e+01
1.369228363037109375e+00
3.289790630340576172e+00
2.722599506378173828e+00
4.134800434112548828e-01
2.900629281997680664e+00
3.714370727539062500e-01
1.848025560379028320e+00
1.298708677291870117e+00
7.373569011688232422e-01
2.342983007431030273e+00
2.889830827713012695e+00
2.282717466354370117e+00
4.189374446868896484e-01
5.123817920684814453e-01
3.676006793975830078e+00
1.099225759506225586e+00
1.222808361053466797e+00
7.877612113952636719e-01
4.237763881683349609e-01
1.068455219268798828e+00
9.496510028839111328e-01
1.412492990493774414e+00
8.872247934341430664e+00
1.143019437789916992e+00
2.452056169509887695e+00
4.552129268646240234e+00
7.810456752777099609e-01
8.443713188171386719e-01
9.605638980865478516e-01
5.807581663131713867e+00
1.201936483383178711e+00
1.560712099075317383e+00
2.316549539566040039e+00
4.082645893096923828e+00
4.879776954650878906e+00
4.146296977996826172e-01
5.716321468353271484e+00
2.606966257095336914e+00
4.408825397491455078e+00
5.063836574554443359e-01
3.555443763732910156e+00
8.400133371353149414e+00
8.967440128326416016e-01
5.293555259704589844e-01
7.202490091323852539e+00
1.458525657653808594e+00
2.579250097274780273e+00
1.959910392761230469e-01
2.221215486526489258e+00
3.141820430755615234e-01
4.671449422836303711e+00
9.404313564300537109e-01
8.587687015533447266e-01
2.437958717346191406e-01
6.109292507171630859e-01
5.932180881500244141e-01
4.753628253936767578e+00
2.690915107727050781e+00
1.215487241744995117e+00
8.023703098297119141e-01
7.047531843185424805e+00
8.437130451202392578e-01
1.316276621818542480e+01
1.511709213256835938e+00
7.966282367706298828e-01
3.751137256622314453e-01
6.360574245452880859e+00
2.400110244750976562e+00
2.635164260864257812e-01
2.659962892532348633e+00
9.838972091674804688e-01
8.632298946380615234e+00
9.408367395401000977e+00
3.174610137939453125e-01
2.839635133743286133e+00
3.649739742279052734e+00
