4.719073772430419922e-01
3.116281270980834961e+00
5.271556615829467773e+00
2.348785400390625000e+00
3.242635011672973633e+00
3.977150917053222656e-01
2.621377229690551758e+00
1.300557374954223633e+00
2.129279136657714844e+00
1.452052354812622070e+00
4.497654438018798828e-01
2.369596958160400391e-01
1.995268917083740234e+01
3.521798372268676758e+00
3.342067480087280273e+00
1.116739273071289062e+00
2.228748321533203125e+00
7.153565883636474609e-01
2.745199441909790039e+00
2.265578746795654297e+00
4.327132463455200195e+00
3.303484916687011719e-01
8.412320613861083984e-01
4.842011928558349609e+00
1.416248798370361328e+00
3.012393236160278320e+00
3.087762117385864258e+00
3.600128650665283203e+00
6.398055553436279297e-01
3.245112419128417969e+00
4.984400033950805664e+00
6.040390968322753906e+00
1.860067868232727051e+01
3.347797393798828125e-01
6.356060504913330078e-01
4.561960697174072266e-01
1.928597927093505859e+00
2.462292432785034180e+00
2.732532024383544922e-01
1.176462888717651367e+00
3.315589427947998047e-01
6.337012767791748047e+00
2.672008275985717773e+00
1.370629072189331055e+00
3.513917922973632812e-01
1.472245216369628906e+00
1.301788091659545898e+00
1.198775291442871094e+00
1.320488214492797852e+00
3.226053714752197266e-01
2.580728530883789062e-01
1.256360769271850586e+00
9.273133516311645508e+00
6.559917926788330078e-01
2.323735237121582031e+00
2.212928295135498047e+00
4.016829490661621094e+00
1.462676525115966797e+00
2.873374700546264648e+00
1.753445696830749512e+01
1.608057498931884766e+00
1.516413927078247070e+00
9.257605075836181641e-01
1.002522325515747070e+01
5.593422412872314453e+00
9.835593700408935547e-01
3.235407829284667969e+00
4.701896905899047852e+00
1.308048248291015625e+00
5.540437459945678711e+00
2.763422250747680664e+00
1.193087577819824219e+00
2.360611677169799805e+00
2.651024341583251953e+00
1.221936464309692383e+00
2.881382226943969727e+00
1.638752937316894531e+00
1.274088621139526367e+00
6.007982730865478516e+00
3.342953681945800781e+00
1.030551910400390625e+00
1.406773805618286133e+00
1.199882507324218750e+00
4.597429752349853516e+00
1.635542154312133789e+00
6.293341159820556641e+00
5.291800975799560547e+00
1.828516483306884766e+00
1.069725751876831055e+00
1.840479612350463867e+00
4.152770519256591797e+00
2.020521640777587891e+00
3.722615242004394531e-01
2.187845373153686523e+01
4.558969259262084961e+00
3.272310733795166016e+00
3.217411041259765625e-01
3.019547462463378906e-01
2.444314479827880859e+00
4.878386974334716797e+00
3.152706623077392578e-01
5.961981534957885742e+00
2.699529647827148438e+00
9.871671199798583984e-01
9.958093166351318359e-01
8.612432479858398438e-01
2.667869806289672852e+00
5.511124849319458008e+00
3.037371158599853516e+00
6.347561120986938477e+00
1.968219518661499023e+00
1.182453870773315430e+00
5.692938566207885742e+00
2.347639799118041992e+00
4.983666419982910156e+00
4.145781517028808594e+00
7.551956653594970703e+00
1.115992236137390137e+01
4.494822025299072266e+00
9.808156490325927734e-01
3.162504673004150391e+00
9.186741352081298828e+00
3.994879722595214844e-01
2.217078590393066406e+01
1.458476781845092773e+00
1.878843784332275391e+00
3.177603006362915039e+00
5.786075592041015625e-01
3.115546703338623047e+00
3.980703353881835938e-01
2.520349740982055664e+00
2.263867855072021484e+00
1.416125059127807617e+00
2.536156177520751953e+00
3.181047677993774414e+00
2.364819765090942383e+00
4.677307605743408203e-01
5.728504657745361328e-01
3.921816349029541016e+00
1.159430503845214844e+00
1.386275053024291992e+00
9.659259319305419922e-01
4.385414123535156250e-01
1.503320932388305664e+00
1.044041872024536133e+00
2.390155553817749023e+00
9.399144172668457031e+00
1.327342033386230469e+00
2.548568964004516602e+00
4.750294685363769531e+00
9.132306575775146484e-01
9.698071479797363281e-01
1.109607219696044922e+00
6.097192525863647461e+00
1.247544765472412109e+00
1.592538356781005859e+00
2.483747005462646484e+00
4.224021673202514648e+00
5.199154615402221680e+00
5.016045570373535156e-01
5.778235673904418945e+00
2.662112474441528320e+00
4.712112188339233398e+00
1.383976697921752930e+00
4.272847414016723633e+00
9.002255678176879883e+00
9.333236217498779297e-01
5.872390270233154297e-01
4.566984653472900391e+00
1.443549156188964844e+00
2.718171834945678711e+00
1.778261661529541016e-01
2.388437747955322266e+00
3.553781509399414062e-01
5.005645275115966797e+00
1.022202730178833008e+00
9.587013721466064453e-01
2.599918842315673828e-01
6.329958438873291016e-01
1.321529150009155273e+00
5.590293407440185547e+00
2.849228143692016602e+00
2.019465684890747070e+00
9.524164199829101562e-01
4.926722526550292969e+00
1.011646032333374023e+00
1.393246221542358398e+01
1.554173707962036133e+00
8.270497322082519531e-01
4.300158023834228516e-01
6.920684814453125000e+00
2.599903583526611328e+00
2.868838310241699219e-01
2.862822771072387695e+00
1.112476587295532227e+00
9.230773210525512695e+00
1.030965757369995117e+01
3.517832756042480469e-01
3.088694810867309570e+00
3.946015357971191406e+00
