56.86664581298828
2880.0721168518066
232.8815460205078
6756.688117980957
8101.39536857605
292.2861576080322
2593.4572219848633
1383.509874343872
2312.459707260132
1684.9191188812256
373.5671043395996
11208.103656768799
4031.20756149292
486.39678955078125
623.5342025756836
40210.67571640015
191.8928623199463
3407.489538192749
135.2083683013916
188.74859809875488
4183.227062225342
6055.293560028076
1143.2850360870361
6426.011800765991
446.2125301361084
4145.215034484863
75.6673812866211
328.0653953552246
603.9845943450928
4997.089147567749
4563.512563705444
5501.989364624023
19066.149711608887
157.00912475585938
38833.77170562744
147.0959186553955
1716.5958881378174
1496.647596359253
141.73483848571777
9184.777975082397
581.5317630767822
5664.515018463135
4185.152530670166
6651.924610137939
2685.814380645752
938.4651184082031
32301.915407180786
420.29833793640137
532.6988697052002
473.59514236450195
150.44403076171875
310.2991580963135
9980.5428981781
265.9327983856201
497.36690521240234
109.26675796508789
465.83080291748047
918.1482791900635
25308.589220046997
17521.66247367859
2160.292863845825
2225.067138671875
5649.855136871338
8765.085697174072
3853.4762859344482
1141.5750980377197
2858.527421951294
240549.39675331116
710.0026607513428
856.5495014190674
3236.043691635132
494.0228462219238
461.58337593078613
245.75018882751465
1866.1842346191406
1587.4559879302979
1704.6551704406738
63536.93413734436
173.86436462402344
1775.8216857910156
1055.1280975341797
710.2017402648926
824.5234489440918
230.78227043151855
129.78529930114746
4807.503938674927
260.88523864746094
799.5913028717041
881.8604946136475
1343.4739112854004
2636.256456375122
1919.379472732544
1625.645399093628
19830.13391494751
4338.825225830078
6372.818470001221
6489.57896232605
151.22270584106445
120.94950675964355
55.8772087097168
229.86364364624023
2839.4100666046143
7292.856216430664
117064.64791297913
1065.3910636901855
4793.339252471924
1384.1707706451416
19312.15500831604
3763.594388961792
7552.381753921509
156.63599967956543
9567.23666191101
771.0950374603271
2113.3933067321777
5188.843727111816
4250.317096710205
685.7726573944092
10480.719327926636
259473.88005256653
1171.7302799224854
930.3264617919922
2568.0582523345947
298.80714416503906
20699.831008911133
1108.2117557525635
136.26861572265625
305.4633140563965
787.4405384063721
1835.2386951446533
1525.1071453094482
1695.347785949707
1208.3778381347656
621.4289665222168
245.15748023986816
568.0191516876221
67210.68000793457
2678.62868309021
86691.8261051178
3954.158067703247
1043.6081886291504
1428.309440612793
257.81869888305664
47.05953598022461
875.0700950622559
831.9876194000244
871.8669414520264
9606.06861114502
6947.44873046875
2381.9618225097656
5192.490816116333
938.2452964782715
156.77618980407715
970.4577922821045
235.23592948913574
11050.673007965088
1662.764549255371
14531.819581985474
5342.636585235596
4644.6826457977295
44.934749603271484
732.6817512512207
825.0336647033691
5131.467342376709
430.4068088531494
5117.195129394531
1014.8780345916748
962.3255729675293
375176.46956443787
1349.2767810821533
91.07637405395508
97.73826599121094
118.86358261108398
463.43207359313965
1534.806728363037
107.79261589050293
1120.936632156372
767.4148082733154
940.1233196258545
507.9455375671387
1405.364990234375
4840.052604675293
3354.865074157715
952.232837677002
42944.27490234375
5936.354637145996
37142.54832267761
148.27775955200195
774.8227119445801
2260.7340812683105
899.5451927185059
5944.631814956665
11115.621328353882
255.3420066833496
594.6657657623291
955.1475048065186
3099.1973876953125
249.14145469665527
934.2267513275146
3038.3076667785645
3668.031692504883
