1.998651027679443359e-01
1.718666553497314453e-01
7.044148445129394531e-02
6.585898399353027344e-01
1.070718765258789062e-01
1.773178577423095703e-01
1.594209671020507812e-01
4.254998345375061035e+02
1.216557502746582031e+00
1.733510494232177734e-01
1.315806150436401367e+00
2.166757583618164062e-01
1.873169422149658203e+00
2.556147575378417969e-01
1.868207454681396484e-01
1.197946071624755859e-01
2.136404514312744141e+00
2.698488950729370117e+00
4.090549945831298828e-01
1.791044974327087402e+01
1.851563453674316406e-01
7.666137218475341797e-01
7.171130180358886719e-01
6.600084304809570312e-01
1.498780250549316406e-01
6.233620643615722656e-02
2.246472835540771484e-01
4.403185844421386719e-02
1.384596824645996094e-01
1.126039028167724609e-01
1.134140491485595703e-01
6.433999538421630859e-01
1.038838863372802734e+01
1.308679580688476562e-01
4.054619312286376953e+00
1.236731290817260742e+00
4.463980197906494141e-01
1.083579063415527344e-01
1.467068195343017578e-01
8.694328713417053223e+01
8.414649963378906250e-02
6.655859947204589844e-02
1.438419818878173828e-01
1.613228321075439453e-01
8.964347839355468750e-02
1.561839580535888672e-01
1.713443040847778320e+01
3.520696163177490234e-01
1.395709514617919922e-01
1.034629750251770020e+01
5.082333087921142578e-01
1.432020664215087891e-01
5.056333541870117188e-02
9.821748733520507812e-02
1.491551399230957031e-01
2.204605340957641602e+00
8.951075077056884766e-01
1.429982185363769531e-01
2.234573364257812500e-01
1.125418226718902588e+02
1.059129238128662109e-01
1.591286778450012207e+01
1.316547393798828125e-01
1.288151741027832031e-01
1.027300357818603516e-01
5.855600833892822266e-01
7.460756301879882812e-01
9.936380386352539062e-02
4.491457939147949219e-01
2.952049970626831055e+00
1.196475028991699219e-01
1.072611331939697266e+00
3.880419259071350098e+02
2.672169208526611328e-01
4.512059688568115234e-01
1.245307922363281250e-01
2.344034910202026367e+00
1.646707057952880859e-01
2.159469604492187500e+00
1.008484363555908203e-01
3.049309253692626953e-01
1.785914897918701172e-01
2.907321453094482422e-01
1.057964777946472168e+01
2.303135871887207031e+00
4.816355705261230469e-01
1.382005214691162109e-01
2.604448795318603516e-01
8.082103729248046875e-02
3.782093524932861328e-01
6.915104389190673828e-01
6.755201578140258789e+00
1.019334793090820312e-01
5.403362751007080078e+00
1.872222423553466797e-01
1.062803268432617188e-01
3.802657127380371094e-01
1.025586700439453125e+01
1.738061904907226562e-01
9.247112274169921875e-02
5.359067916870117188e-01
1.662235260009765625e-01
1.155037879943847656e-01
1.982262587547302246e+01
1.507229804992675781e-01
1.287560462951660156e-01
1.213753223419189453e-01
7.413744926452636719e-02
1.676933765411376953e-01
1.544454097747802734e-01
3.269791603088378906e-01
9.911274909973144531e-02
1.673665046691894531e-01
4.480240345001220703e-01
5.221080780029296875e-02
2.143006324768066406e-01
2.569532394409179688e+00
6.450423717498779297e+00
7.685732841491699219e-02
1.102561950683593750e-01
1.857404708862304688e-01
2.583091259002685547e-01
1.278202533721923828e-01
1.439287662506103516e-01
6.517124176025390625e-02
2.336570501327514648e+00
1.970942020416259766e+00
1.812908649444580078e-01
4.189558029174804688e-01
3.467662334442138672e-01
3.231621503829956055e+00
1.233112812042236328e-01
6.413571834564208984e-01
2.624940872192382812e-01
7.538124799728393555e+00
8.045587539672851562e-01
4.653061866760253906e+00
1.726508140563964844e-01
1.150102615356445312e-01
6.963619232177734375e+00
9.339659214019775391e-01
1.235492229461669922e-01
2.295002937316894531e-01
2.380695343017578125e-01
2.271616458892822266e-01
7.826902866363525391e-01
6.192476272583007812e+00
1.128275394439697266e-01
9.760155677795410156e-01
1.755573749542236328e-01
2.125965638160705566e+02
1.351206302642822266e-01
2.576376438140869141e+00
8.132116794586181641e-01
1.163678169250488281e-01
1.907682418823242188e-01
8.811113834381103516e-01
1.741044521331787109e-01
5.061047077178955078e-01
7.135512828826904297e-01
2.552615165710449219e+00
9.689474105834960938e-02
1.358339786529541016e-01
2.810990810394287109e-01
1.817837476730346680e+00
1.580123424530029297e+00
1.042305946350097656e+00
1.318027973175048828e-01
1.475100517272949219e-01
1.701884031295776367e+00
2.296869754791259766e-01
4.879972934722900391e-01
2.418088912963867188e-01
1.663522720336914062e-01
3.005576848983764648e+00
5.809001922607421875e-01
6.758476018905639648e+00
5.077576637268066406e-02
3.847622871398925781e-01
1.291022300720214844e-01
4.148441076278686523e+00
1.143331527709960938e-01
6.690218687057495117e+00
2.519445419311523438e-01
6.914013147354125977e+00
4.186913967132568359e-01
1.136677265167236328e-01
4.969844102859497070e+00
2.993562221527099609e-01
1.035989999771118164e+00
4.864485502243041992e+00
1.733794212341308594e-01
9.454677343368530273e+00
1.168705940246582031e+00
3.195319175720214844e-01
6.223893165588378906e-02
4.897828102111816406e-01
1.388458967208862305e+01
7.783913612365722656e-01
1.576784133911132812e+00
