1.261594295501708984e-01
1.348035335540771484e-01
6.995224952697753906e-02
6.448941230773925781e-01
9.525609016418457031e-02
1.644134521484375000e-01
1.586878299713134766e-01
3.898052346706390381e+02
1.035720825195312500e+00
9.626746177673339844e-02
1.286704540252685547e+00
1.342885494232177734e-01
1.168769836425781250e+00
2.321135997772216797e-01
1.786789894104003906e-01
1.140136718750000000e-01
2.019032239913940430e+00
2.550290584564208984e+00
4.069347381591796875e-01
1.795115327835083008e+01
1.644160747528076172e-01
7.540409564971923828e-01
6.730036735534667969e-01
6.425542831420898438e-01
1.106376647949218750e-01
5.665087699890136719e-02
2.078964710235595703e-01
3.847980499267578125e-02
1.232974529266357422e-01
1.054365634918212891e-01
1.026449203491210938e-01
3.147029876708984375e-01
1.024494767189025879e+01
9.578132629394531250e-02
3.853801488876342773e+00
8.190546035766601562e-01
4.297838211059570312e-01
1.172258853912353516e-01
1.346597671508789062e-01
7.608321976661682129e+01
7.317972183227539062e-02
5.324149131774902344e-02
1.191582679748535156e-01
1.428678035736083984e-01
9.024834632873535156e-02
1.601908206939697266e-01
1.652462649345397949e+01
3.453993797302246094e-01
1.378982067108154297e-01
9.783422708511352539e+00
5.212910175323486328e-01
1.263725757598876953e-01
4.361557960510253906e-02
9.324407577514648438e-02
1.281318664550781250e-01
2.111903190612792969e+00
8.608098030090332031e-01
1.345038414001464844e-01
2.123043537139892578e-01
1.037754404544830322e+02
9.326672554016113281e-02
1.466130089759826660e+01
1.508126258850097656e-01
1.167275905609130859e-01
9.874296188354492188e-02
5.207157135009765625e-01
6.284787654876708984e-01
9.907269477844238281e-02
4.076957702636718750e-01
3.081402301788330078e+00
1.054205894470214844e-01
9.784486293792724609e-01
3.515748631954193115e+02
2.237417697906494141e-01
4.281086921691894531e-01
1.048543453216552734e-01
2.023662567138671875e+00
1.567234992980957031e-01
1.886358976364135742e+00
1.021926403045654297e-01
2.866613864898681641e-01
1.755816936492919922e-01
2.093472480773925781e-01
8.767694473266601562e+00
1.998471736907958984e+00
3.884148597717285156e-01
1.032121181488037109e-01
2.027046680450439453e-01
6.500887870788574219e-02
3.046257495880126953e-01
5.548930168151855469e-01
5.881577491760253906e+00
8.248972892761230469e-02
4.575654029846191406e+00
1.615674495697021484e-01
1.107139587402343750e-01
3.064100742340087891e-01
8.799255371093750000e+00
1.652793884277343750e-01
8.472776412963867188e-02
4.386057853698730469e-01
1.388473510742187500e-01
9.873437881469726562e-02
1.735725188255310059e+01
1.299474239349365234e-01
1.130104064941406250e-01
9.705018997192382812e-02
6.742858886718750000e-02
1.479325294494628906e-01
1.358075141906738281e-01
2.735941410064697266e-01
8.794641494750976562e-02
1.608200073242187500e-01
3.919303417205810547e-01
4.652452468872070312e-02
1.757280826568603516e-01
2.051735639572143555e+00
5.548113584518432617e+00
6.919002532958984375e-02
1.047449111938476562e-01
1.376800537109375000e-01
2.149503231048583984e-01
1.085114479064941406e-01
1.202142238616943359e-01
4.648160934448242188e-02
1.910876989364624023e+00
1.753710269927978516e+00
1.572821140289306641e-01
3.953533172607421875e-01
3.762669563293457031e-01
2.752271175384521484e+00
1.127603054046630859e-01
5.909161567687988281e-01
2.353007793426513672e-01
6.588836431503295898e+00
7.196037769317626953e-01
4.307776689529418945e+00
1.112847328186035156e-01
1.075949668884277344e-01
6.130962371826171875e+00
1.333280801773071289e+00
1.532235145568847656e-01
2.185571193695068359e-01
2.117877006530761719e-01
2.234344482421875000e-01
7.662665843963623047e-01
5.693954467773437500e+00
1.167232990264892578e-01
9.648468494415283203e-01
1.648619174957275391e-01
1.862196087837219238e+02
1.249105930328369141e-01
2.407905578613281250e+00
7.580897808074951172e-01
1.090755462646484375e-01
1.889808177947998047e-01
6.844532489776611328e-01
1.626672744750976562e-01
5.125837326049804688e-01
4.312674999237060547e-01
2.257068157196044922e+00
8.779549598693847656e-02
1.204631328582763672e-01
2.462143898010253906e-01
1.545281410217285156e+00
1.588440418243408203e+00
1.010414123535156250e+00
1.335668563842773438e-01
1.546223163604736328e-01
1.322577476501464844e+00
2.426481246948242188e-01
1.337945461273193359e-01
2.377321720123291016e-01
1.607315540313720703e-01
2.982475757598876953e+00
2.835612297058105469e-01
6.802510023117065430e+00
4.366660118103027344e-02
4.264183044433593750e-01
1.223824024200439453e-01
4.040038585662841797e+00
1.040284633636474609e-01
6.500708580017089844e+00
1.611244678497314453e-01
6.789758443832397461e+00
3.618760108947753906e-01
1.166715621948242188e-01
4.794019460678100586e+00
2.954936027526855469e-01
1.075787305831909180e+00
4.864522457122802734e+00
1.650958061218261719e-01
9.346605777740478516e+00
1.239890813827514648e+00
2.108001708984375000e-01
6.607580184936523438e-02
5.176720619201660156e-01
1.329322052001953125e+01
7.019793987274169922e-01
1.578835010528564453e+00
