1.392493247985839844e-01
1.358764171600341797e-01
6.604313850402832031e-02
7.756102085113525391e-01
9.401249885559082031e-02
1.552855968475341797e-01
1.490700244903564453e-01
3.708130047321319580e+02
1.532204389572143555e+00
1.073408126831054688e-01
1.234365701675415039e+00
1.430716514587402344e-01
1.626041412353515625e+00
2.149736881256103516e-01
6.556339263916015625e-01
1.211907863616943359e-01
1.947192907333374023e+00
3.247582912445068359e+00
3.940813541412353516e-01
1.686609745025634766e+01
6.559565067291259766e-01
1.126861333847045898e+00
6.399145126342773438e-01
8.236842155456542969e-01
1.121556758880615234e-01
5.460095405578613281e-02
2.337560653686523438e-01
4.157567024230957031e-02
1.274802684783935547e-01
1.019275188446044922e-01
1.052339076995849609e-01
6.710629463195800781e-01
9.535195827484130859e+00
1.618859767913818359e-01
3.597437143325805664e+00
1.938525676727294922e+00
4.706878662109375000e-01
1.070909500122070312e-01
1.296770572662353516e-01
7.659471964836120605e+01
1.173903942108154297e-01
7.692265510559082031e-02
1.337881088256835938e-01
2.361781597137451172e-01
7.905578613281250000e-02
1.740760803222656250e-01
1.555544090270996094e+01
3.114457130432128906e-01
1.177999973297119141e-01
9.463786125183105469e+00
4.463269710540771484e-01
1.249659061431884766e-01
3.753066062927246094e-02
1.326296329498291016e-01
1.186950206756591797e-01
1.974204301834106445e+00
8.031685352325439453e-01
1.309897899627685547e-01
2.705168724060058594e-01
1.004825747013092041e+02
9.317493438720703125e-02
1.645403242111206055e+01
1.273014545440673828e-01
1.253025531768798828e-01
1.025056838989257812e-01
6.176950931549072266e-01
5.956864356994628906e-01
1.011662483215332031e-01
3.919551372528076172e-01
3.146472454071044922e+00
1.180155277252197266e-01
9.158065319061279297e-01
3.470454723834991455e+02
5.755484104156494141e-01
4.286069869995117188e-01
1.109371185302734375e-01
2.194537401199340820e+00
1.458580493927001953e-01
1.963663578033447266e+00
9.491014480590820312e-02
6.348094940185546875e-01
1.557538509368896484e-01
2.203037738800048828e-01
9.204066514968872070e+00
2.072804927825927734e+00
1.157708644866943359e+00
1.110241413116455078e-01
6.625418663024902344e-01
8.492684364318847656e-02
3.425459861755371094e-01
8.991231918334960938e-01
6.211440563201904297e+00
1.190323829650878906e-01
4.957559108734130859e+00
1.780519485473632812e-01
1.374733448028564453e-01
3.125631809234619141e-01
9.339583158493041992e+00
2.776036262512207031e-01
4.726142883300781250e-01
4.423744678497314453e-01
1.693565845489501953e-01
1.128590106964111328e-01
1.917533588409423828e+01
1.953358650207519531e-01
1.331510543823242188e-01
5.472865104675292969e-01
6.699085235595703125e-02
1.546998023986816406e-01
1.346895694732666016e-01
3.006858825683593750e-01
9.212207794189453125e-02
1.550424098968505859e-01
8.078153133392333984e-01
4.441618919372558594e-02
2.421243190765380859e-01
2.282134771347045898e+00
6.166662931442260742e+00
4.637722969055175781e-01
1.048076152801513672e-01
1.673216819763183594e-01
2.342543601989746094e-01
1.094212532043457031e-01
1.135187149047851562e-01
4.888343811035156250e-02
2.317057371139526367e+00
1.862791061401367188e+00
1.662559509277343750e-01
4.038712978363037109e-01
1.418384313583374023e+00
2.899914503097534180e+00
1.244764328002929688e-01
6.068060398101806641e-01
7.056865692138671875e-01
6.833403587341308594e+00
7.651379108428955078e-01
4.041502475738525391e+00
1.155991554260253906e-01
1.093349456787109375e-01
5.731882333755493164e+00
1.377294063568115234e+00
1.082110404968261719e-01
3.326342105865478516e-01
2.075603008270263672e-01
1.994168758392333984e-01
9.842569828033447266e-01
5.569880723953247070e+00
1.323351860046386719e-01
7.994680404663085938e-01
4.467329978942871094e-01
1.885314114093780518e+02
1.421761512756347656e-01
2.494220018386840820e+00
6.160891056060791016e-01
1.102030277252197266e-01
1.808786392211914062e-01
6.218988895416259766e-01
1.515297889709472656e-01
5.339741706848144531e-01
1.186574697494506836e+00
2.899444341659545898e+00
9.325265884399414062e-02
5.126535892486572266e-01
3.422577381134033203e-01
2.475272893905639648e+00
1.397023200988769531e+00
9.434943199157714844e-01
6.900305747985839844e-01
1.537261009216308594e-01
1.698724746704101562e+00
2.297482490539550781e-01
1.380672454833984375e-01
2.150754928588867188e-01
1.476831436157226562e-01
2.727845430374145508e+00
2.776889801025390625e-01
6.554294586181640625e+00
6.394767761230468750e-02
4.053595066070556641e-01
2.082827091217041016e-01
3.972774505615234375e+00
1.157872676849365234e-01
6.496043443679809570e+00
2.424139976501464844e-01
6.488258600234985352e+00
3.005433082580566406e-01
1.052837371826171875e-01
4.468703508377075195e+00
2.629222869873046875e-01
9.507656097412109375e-01
4.650792837142944336e+00
1.816475391387939453e-01
8.569487571716308594e+00
1.588293313980102539e+00
2.345478534698486328e-01
6.640386581420898438e-02
4.295804500579833984e-01
1.407297897338867188e+01
6.296999454498291016e-01
1.421893119812011719e+00
