0.08745813369750977
0.40574145317077637
0.11121988296508789
2.002807140350342
0.07654190063476562
0.12947344779968262
0.11964297294616699
332.09329104423523
3.3346145153045654
0.07909536361694336
1.132643222808838
0.11612629890441895
2.200418472290039
0.256176233291626
0.486797571182251
0.08955574035644531
2.1001834869384766
5.325885057449341
0.3163573741912842
0.14560198783874512
0.1997833251953125
2.2007410526275635
0.5598354339599609
2.330415725708008
0.09236741065979004
0.08594369888305664
0.23566484451293945
0.17191720008850098
0.10656905174255371
0.09194254875183105
0.09405922889709473
0.35521411895751953
8.587556838989258
0.08293890953063965
6.082500696182251
0.8386874198913574
0.36409687995910645
0.08124947547912598
0.11202311515808105
64.24301481246948
0.08516407012939453
0.08789253234863281
0.08579063415527344
1.0557098388671875
0.1663200855255127
0.22023725509643555
24.97168278694153
0.25794267654418945
0.46045780181884766
8.811123132705688
0.8994195461273193
0.12115788459777832
1.359102487564087
0.07831168174743652
0.31156039237976074
4.76844048500061
0.6960599422454834
0.10487031936645508
0.24773359298706055
94.32761263847351
1.8620824813842773
1.2812352180480957
0.09086322784423828
0.08536195755004883
0.07683467864990234
0.36144161224365234
1.9691095352172852
0.0772402286529541
0.3136253356933594
4.460320711135864
0.1966698169708252
0.6886427402496338
287.0148379802704
0.28322339057922363
1.4507396221160889
0.08475995063781738
6.056142330169678
0.6879708766937256
5.967442274093628
0.19115447998046875
0.20791339874267578
0.2521097660064697
0.1876375675201416
31.876423597335815
6.405031681060791
0.8735733032226562
0.0945742130279541
0.4369385242462158
0.0775601863861084
0.17964482307434082
1.8565709590911865
19.885069131851196
0.2797865867614746
17.453850507736206
0.12836194038391113
0.07945680618286133
0.30820345878601074
30.835521459579468
0.28238606452941895
0.1790916919708252
0.2663240432739258
0.3220040798187256
0.17192792892456055
0.23096323013305664
0.24089503288269043
0.12740731239318848
0.09217405319213867
0.08061695098876953
0.1386559009552002
0.11763191223144531
0.22841906547546387
0.07633352279663086
0.1570281982421875
1.4748256206512451
0.08063101768493652
0.18320751190185547
6.5312745571136475
5.934640645980835
0.08417081832885742
0.08385038375854492
0.18056511878967285
0.24186301231384277
0.08531951904296875
0.09966611862182617
0.14957737922668457
2.2065467834472656
11.319291591644287
0.12965106964111328
0.3239247798919678
2.983978748321533
10.482580423355103
0.09250211715698242
2.221315622329712
0.24345660209655762
16.870258569717407
1.4310400485992432
10.871328592300415
0.0889136791229248
0.10057997703552246
12.376851797103882
1.1806385517120361
0.14402294158935547
0.199660062789917
0.2897961139678955
0.19151091575622559
2.3806538581848145
16.038393259048462
0.08700394630432129
2.0644454956054688
0.14841103553771973
166.26404285430908
0.08162355422973633
1.8829669952392578
1.6838064193725586
0.08442902565002441
0.18648672103881836
0.5669505596160889
0.21291112899780273
0.5246801376342773
1.479170799255371
1.6147947311401367
0.1693251132965088
0.10286426544189453
0.28717803955078125
3.7808001041412354
5.413776636123657
5.427548170089722
0.16071248054504395
0.11695694923400879
2.594160795211792
0.19822144508361816
0.10860681533813477
0.18921971321105957
0.19256854057312012
1.731443166732788
0.24183082580566406
18.436370134353638
0.264697790145874
5.749931335449219
0.09152007102966309
16.930556297302246
0.0812075138092041
18.740838289260864
0.1635580062866211
19.554814100265503
0.3654146194458008
0.08675885200500488
2.6025707721710205
0.23985719680786133
1.6702425479888916
4.244366407394409
0.0949409008026123
8.095980167388916
1.8577263355255127
0.206740140914917
0.09385871887207031
0.4126567840576172
12.068471908569336
0.558178186416626
5.450247764587402
