1.182296276092529297e-01
8.646488189697265625e-02
6.885218620300292969e-02
1.440286636352539062e-01
2.522072792053222656e-01
9.524321556091308594e-02
2.803347110748291016e-01
5.546030998229980469e-01
4.486918449401855469e-02
7.708859443664550781e-02
4.780868959426879883e+01
1.025793552398681641e-01
1.651742458343505859e-01
8.383464813232421875e-02
2.461235523223876953e-01
5.793030261993408203e-01
7.984757423400878906e-02
7.938528060913085938e-02
5.125784873962402344e-02
8.185887336730957031e-02
9.736442565917968750e-02
1.702613830566406250e-01
5.490777921676635742e+01
9.913766384124755859e+00
1.409707069396972656e-01
2.496567726135253906e+00
1.558065414428710938e-01
4.742455482482910156e-02
4.420495033264160156e-02
8.360719680786132812e-02
1.051883697509765625e-01
8.974880170822143555e+01
1.293866634368896484e-01
1.802291870117187500e-01
7.368540763854980469e-02
5.204200744628906250e-02
6.135971546173095703e-01
7.749958038330078125e-01
8.269429206848144531e-02
3.861958980560302734e-01
3.878383636474609375e-01
1.816036701202392578e-01
7.495522499084472656e-02
6.957840919494628906e-02
5.750458717346191406e+00
3.429946899414062500e-01
5.735087394714355469e-02
4.839086532592773438e-02
7.350468635559082031e-02
1.907117366790771484e-01
5.298686027526855469e-02
3.822207450866699219e-02
4.190301895141601562e-02
2.462925910949707031e-01
2.573254108428955078e-01
8.231520652770996094e-02
4.264092445373535156e-02
4.521441459655761719e-02
1.254978179931640625e-01
6.111955642700195312e-02
1.297109127044677734e-01
4.040670394897460938e-02
1.072468757629394531e-01
9.251356124877929688e-02
1.022088527679443359e-01
4.976010322570800781e-02
2.722350764274597168e+01
9.110021591186523438e-02
5.430698394775390625e-02
5.301023929119110107e+02
1.982824802398681641e-01
1.017072200775146484e-01
4.905228614807128906e-01
8.296370506286621094e-02
4.599404335021972656e-02
1.256072521209716797e-01
2.235246419906616211e+00
1.032528877258300781e-01
4.104781150817871094e-02
8.937144279479980469e-02
6.691932678222656250e-02
6.640458106994628906e-02
8.001923561096191406e-02
6.781578063964843750e-02
2.009827136993408203e+00
1.669418811798095703e-01
4.250817298889160156e-01
1.333771467208862305e+00
5.284643173217773438e-02
6.509137153625488281e-02
7.118535041809082031e-02
7.551026344299316406e-02
9.585666656494140625e-02
6.889414787292480469e-02
6.117177009582519531e-02
5.489826202392578125e-02
6.908655166625976562e-02
8.564019203186035156e-02
6.643080711364746094e-02
1.057484149932861328e-01
1.337437629699707031e-01
1.675274372100830078e-01
1.298604011535644531e-01
1.127653121948242188e-01
1.304991245269775391e-01
5.172252655029296875e-02
6.935858726501464844e-02
1.547977924346923828e-01
1.882607936859130859e-01
8.329510688781738281e-02
4.266402721405029297e-01
1.001822948455810547e-01
8.663201332092285156e-02
5.082011222839355469e-02
2.403092384338378906e-01
3.420729637145996094e-01
5.544137954711914062e-02
7.774424552917480469e-02
7.413685321807861328e-01
1.458644866943359375e-01
1.305582523345947266e-01
5.115771293640136719e-02
4.903149604797363281e-02
5.007815361022949219e-02
1.180157661437988281e-01
3.433797836303710938e+00
1.134328842163085938e-01
4.222464561462402344e-02
9.718108177185058594e-02
5.460190773010253906e-02
7.066798210144042969e-02
5.474162101745605469e-02
3.819656372070312500e-02
7.455445051193237305e+00
5.322194099426269531e-02
5.585527420043945312e-02
5.280637741088867188e-02
4.773147106170654297e-01
1.488413810729980469e-01
7.120037078857421875e-02
2.400460243225097656e-01
5.658435821533203125e-02
7.338476181030273438e-02
4.732856750488281250e-01
2.382342815399169922e-01
8.945178985595703125e-02
9.794306755065917969e-02
4.983234405517578125e-02
6.903338432312011719e-02
6.385564804077148438e-02
2.671182155609130859e-01
1.723027372360229492e+01
3.557102680206298828e-01
3.654479980468750000e-02
4.709577560424804688e-02
5.129575729370117188e-02
5.991411209106445312e-02
6.171965599060058594e-02
1.691691875457763672e-01
5.040764808654785156e-02
8.027052879333496094e-02
8.872461318969726562e-02
8.223975396156311035e+01
1.023856520652770996e+01
3.932786686420440674e+02
7.046413421630859375e-02
5.607056617736816406e-02
1.138083934783935547e-01
1.004908084869384766e-01
4.757380485534667969e-02
1.067569255828857422e-01
2.892296791076660156e+00
5.199193954467773438e-02
9.353661537170410156e-02
4.512667655944824219e-02
3.478705883026123047e-01
1.325180530548095703e-01
2.719993591308593750e-01
5.104422569274902344e-02
7.598567008972167969e-02
6.332111358642578125e-02
1.379601955413818359e-01
8.538126945495605469e-02
5.542325973510742188e-02
7.296371459960937500e-02
1.256298968791961670e+02
1.415744209289550781e+01
7.406044006347656250e-02
5.500531196594238281e-02
1.661019325256347656e-01
1.751606464385986328e-01
5.031180381774902344e-02
4.142413139343261719e-01
4.620361328125000000e-02
7.417678833007812500e-02
9.271526336669921875e-02
7.232546806335449219e-02
6.376004219055175781e-02
7.717466354370117188e-02
8.080203533172607422e-01
