8.573889732360839844e-02
9.845924377441406250e-02
6.033849716186523438e-02
1.520233154296875000e-01
2.190301418304443359e-01
9.016776084899902344e-02
2.956995964050292969e-01
5.707185268402099609e-01
4.120230674743652344e-02
6.936120986938476562e-02
4.488058042526245117e+01
5.935788154602050781e-02
1.536188125610351562e-01
7.111406326293945312e-02
2.873253822326660156e-01
4.115033149719238281e-01
4.029440879821777344e-02
7.094621658325195312e-02
5.427718162536621094e-02
7.975816726684570312e-02
8.902335166931152344e-02
1.596755981445312500e-01
5.213282394409179688e+01
8.663134574890136719e+00
1.174316406250000000e-01
2.556330680847167969e+00
1.322968006134033203e-01
8.284616470336914062e-02
3.951382637023925781e-02
8.889079093933105469e-02
1.018445491790771484e-01
8.069341683387756348e+01
7.165622711181640625e-02
1.202898025512695312e-01
8.268380165100097656e-02
5.813097953796386719e-02
4.732544422149658203e-01
6.825788021087646484e-01
9.797787666320800781e-02
1.864485740661621094e-01
3.608338832855224609e-01
1.525447368621826172e-01
6.043791770935058594e-02
7.621860504150390625e-02
5.635459184646606445e+00
2.390584945678710938e-01
5.728721618652343750e-02
4.331517219543457031e-02
6.765246391296386719e-02
1.405622959136962891e-01
4.938006401062011719e-02
3.935813903808593750e-02
3.982925415039062500e-02
2.432341575622558594e-01
2.693626880645751953e-01
8.003854751586914062e-02
5.294275283813476562e-02
4.982852935791015625e-02
1.043155193328857422e-01
5.035543441772460938e-02
1.184766292572021484e-01
3.964471817016601562e-02
1.004951000213623047e-01
7.866048812866210938e-02
9.771919250488281250e-02
4.761838912963867188e-02
2.601726484298706055e+01
5.658197402954101562e-02
5.128574371337890625e-02
5.029721198081970215e+02
9.896421432495117188e-02
9.194731712341308594e-02
2.441005706787109375e-01
1.189212799072265625e-01
4.239439964294433594e-02
9.084796905517578125e-02
2.027776241302490234e+00
1.029651165008544922e-01
4.309988021850585938e-02
2.780365943908691406e-02
1.260607242584228516e-01
9.176564216613769531e-02
8.173108100891113281e-02
6.895494461059570312e-02
1.943336725234985352e+00
1.259775161743164062e-01
3.843657970428466797e-01
1.067004919052124023e+00
4.586124420166015625e-02
6.381702423095703125e-02
7.448983192443847656e-02
7.420015335083007812e-02
1.001350879669189453e-01
7.047200202941894531e-02
5.197238922119140625e-02
4.399251937866210938e-02
7.821846008300781250e-02
7.104706764221191406e-02
4.090523719787597656e-02
8.421015739440917969e-02
1.311955451965332031e-01
1.308243274688720703e-01
1.575262546539306641e-01
1.182429790496826172e-01
1.427183151245117188e-01
4.698610305786132812e-02
8.082008361816406250e-02
1.515161991119384766e-01
1.414940357208251953e-01
4.283213615417480469e-02
4.307074546813964844e-01
1.337172985076904297e-01
8.053708076477050781e-02
4.350948333740234375e-02
9.770703315734863281e-02
2.481632232666015625e-01
4.806232452392578125e-02
7.825708389282226562e-02
5.179638862609863281e-01
1.410055160522460938e-01
7.903838157653808594e-02
3.585386276245117188e-02
4.329371452331542969e-02
4.971861839294433594e-02
1.126003265380859375e-01
2.567927122116088867e+00
9.072899818420410156e-02
4.210066795349121094e-02
9.442591667175292969e-02
5.348181724548339844e-02
6.779503822326660156e-02
5.443859100341796875e-02
3.722047805786132812e-02
7.371038675308227539e+00
4.077291488647460938e-02
5.309462547302246094e-02
5.147099494934082031e-02
2.392158508300781250e-01
1.271183490753173828e-01
6.738471984863281250e-02
2.403347492218017578e-01
5.438518524169921875e-02
7.075524330139160156e-02
2.206971645355224609e-01
1.813988685607910156e-01
7.816648483276367188e-02
1.197576522827148438e-01
6.243324279785156250e-02
6.698346138000488281e-02
6.500577926635742188e-02
2.603731155395507812e-01
8.490160703659057617e+00
4.973936080932617188e-02
3.540992736816406250e-02
4.345560073852539062e-02
5.044007301330566406e-02
5.756211280822753906e-02
5.940628051757812500e-02
1.206057071685791016e-01
2.837705612182617188e-02
7.568764686584472656e-02
7.570123672485351562e-02
8.389973592758178711e+01
9.997210741043090820e+00
3.855605845451354980e+02
4.938268661499023438e-02
5.059123039245605469e-02
1.147782802581787109e-01
1.010034084320068359e-01
4.193496704101562500e-02
5.003595352172851562e-02
2.642302513122558594e+00
5.425643920898437500e-02
8.176159858703613281e-02
4.704117774963378906e-02
3.732693195343017578e-01
1.342773437500000000e-01
1.898767948150634766e-01
5.043077468872070312e-02
6.700658798217773438e-02
7.844948768615722656e-02
1.463081836700439453e-01
6.223130226135253906e-02
5.798101425170898438e-02
9.863305091857910156e-02
1.222603611946105957e+02
1.422895669937133789e+01
6.167745590209960938e-02
5.233907699584960938e-02
1.624107360839843750e-01
1.342711448669433594e-01
4.469680786132812500e-02
1.199946403503417969e-01
4.396605491638183594e-02
7.269287109375000000e-02
9.464979171752929688e-02
7.269668579101562500e-02
6.607508659362792969e-02
1.555001735687255859e-01
9.226429462432861328e-01
