2.735699796676635742e+01
1.090148472785949707e+01
1.584352803230285645e+01
2.097804784774780273e+01
3.914229869842529297e+00
5.610134899616241455e+02
6.431368782520294189e+02
4.206281242370605469e+02
2.226913261413574219e+01
5.005713376998901367e+02
1.621904468536376953e+01
3.430819272994995117e+00
2.209591007232666016e+01
2.356280827522277832e+01
8.222754240036010742e+00
3.958065299987792969e+02
4.340640149116516113e+02
9.016371881961822510e+02
5.002286016941070557e+02
2.200558710098266602e+01
8.964681625366210938e+00
1.072330260276794434e+01
1.804264307022094727e+01
1.047349262237548828e+01
6.574884271621704102e+01
1.791239254474639893e+02
2.173194174766540527e+02
4.450179409980773926e+01
7.980061531066894531e+00
3.375547885894775391e+00
5.786943435668945312e+00
5.001269161701202393e+02
3.218215465545654297e+00
8.306377410888671875e+00
8.887498617172241211e+00
2.124385905265808105e+01
6.145596981048583984e+00
2.337662837505340576e+02
3.711634945869445801e+01
6.725912780761718750e+02
2.692367625236511230e+01
1.138910343647003174e+02
2.894008216857910156e+02
4.093979787826538086e+01
2.006038064956665039e+02
4.079465270042419434e+01
3.196901726722717285e+01
5.000625476837158203e+02
5.475885102748870850e+02
8.858900785446166992e+00
5.417495207786560059e+02
6.342334332466125488e+02
1.723590183258056641e+01
2.152319431304931641e+00
1.806843733787536621e+01
2.124887084960937500e+01
2.709594321250915527e+01
2.382296204566955566e+01
3.164859170675277710e+03
1.530417127609252930e+02
1.149075478053092957e+04
1.382388970851898193e+02
2.171976447105407715e+01
5.273567199707031250e+00
2.605671846866607666e+02
1.030032134056091309e+01
5.166251876354217529e+02
2.526569271087646484e+01
1.021574119567871094e+03
2.801600694656372070e+01
6.324302673339843750e+00
8.635067395448684692e+03
8.368304553985595703e+03
6.970550012588500977e+01
3.444169163703918457e+01
5.901884555816650391e+00
1.619751362800598145e+02
3.998869180679321289e+00
3.502424716949462891e+00
4.553131818771362305e+00
2.801700830459594727e+00
1.477165460586547852e+00
2.421019554138183594e+00
4.038751363754272461e+00
4.145900478363037109e+02
1.406026244163513184e+01
1.528306484222412109e+00
1.564141667366027832e+03
1.830468835830688477e+02
5.068139314651489258e+00
2.164713406562805176e+01
1.850431919097900391e+00
2.632932901382446289e+01
2.089122772216796875e+00
1.166825532913208008e+00
2.071395201683044434e+02
3.638627545833587646e+02
2.669765233993530273e+00
7.558056831359863281e+00
2.542134690284729004e+01
1.748220920562744141e+00
9.399595022201538086e+00
1.666487455368041992e+00
3.180128812789916992e+00
3.620634555816650391e+00
4.065203313827514648e+02
3.751952028274536133e+01
9.736157822608947754e+01
3.254133152961730957e+01
5.001886844635009766e+00
4.023911237716674805e+00
1.629022359848022461e+00
1.311651289463043213e+02
1.568404483795166016e+01
5.777678966522216797e+00
1.678639912605285645e+01
5.685473418235778809e+01
1.339913988113403320e+01
3.294340372085571289e+00
4.714965438842773438e+01
6.820493698120117188e+00
7.548027038574218750e+00
6.252920389175415039e+00
2.821112017631530762e+02
1.349020242691040039e+00
2.030544805526733398e+01
2.024993493556976318e+02
8.099972105026245117e+01
3.118718123435974121e+01
1.472446918487548828e+00
1.457221746444702148e+00
3.561856031417846680e+00
4.863964796066284180e+00
1.383598542213439941e+01
2.439823269844055176e+01
6.510151729583740234e+02
2.179830551147460938e+00
3.519203662872314453e+00
8.507994651794433594e+00
2.256809711456298828e+01
5.647849559783935547e+00
2.708945512771606445e+00
1.316705822944641113e+01
5.465296888351440430e+01
2.106541371345520020e+01
1.370866298675537109e+00
1.261284613609313965e+01
1.538353586196899414e+01
9.539744138717651367e+00
1.274054265022277832e+01
8.683978319168090820e+00
9.000844001770019531e+00
8.657075881958007812e+00
8.002486228942871094e+01
9.842897176742553711e+00
2.885981798171997070e+00
1.077681159973144531e+01
1.465686106681823730e+01
5.962949991226196289e+01
1.424527168273925781e+00
3.206804990768432617e+00
2.327316284179687500e+00
1.304498672485351562e+01
4.466177463531494141e+00
1.829706573486328125e+01
1.772439408302307129e+01
3.432793927192687988e+02
1.763840508460998535e+01
2.820533514022827148e+00
7.206056833267211914e+00
2.985701084136962891e+00
6.045128107070922852e+00
8.168058872222900391e+00
9.295220851898193359e+00
4.480568647384643555e+00
1.837789201736450195e+01
3.119250774383544922e+00
7.846101984977722168e+02
3.704541635513305664e+01
7.703434467315673828e+00
9.002621002197265625e+02
1.428067014217376709e+02
1.085449459552764893e+02
4.813691237211227417e+03
2.848060131072998047e+00
4.699415922164916992e+00
1.646091132164001465e+02
1.451228213310241699e+01
9.874230861663818359e+00
6.996417856216430664e+01
1.036251807212829590e+01
8.158814430236816406e+00
1.931148052215576172e+00
1.324292874336242676e+01
5.619717121124267578e+00
4.838921785354614258e+00
2.826717615127563477e+00
2.462527415752410889e+02
7.839196920394897461e+00
6.883014297485351562e+01
