1.080671800000000000e+07
1.097916750000000000e+06
1.537292500000000000e+06
1.790741625000000000e+06
2.432637000000000000e+06
2.513035000000000000e+05
8.009601875000000000e+05
2.151129218750000000e+05
2.563845250000000000e+06
3.975390234375000000e+04
6.675446093750000000e+04
1.212916171875000000e+05
4.150446562500000000e+05
6.240833500000000000e+06
6.344017500000000000e+05
1.364447375000000000e+06
1.495939250000000000e+06
2.627024000000000000e+06
1.800784125000000000e+06
1.819021375000000000e+06
4.554493000000000000e+06
1.393730500000000000e+06
6.303425000000000000e+05
6.174765000000000000e+05
2.611621250000000000e+06
7.662384800000000000e+07
7.584708800000000000e+07
7.688751200000000000e+07
4.171492400000000000e+07
2.603092500000000000e+06
3.677375000000000000e+05
2.805430250000000000e+06
5.121281500000000000e+06
1.655262000000000000e+07
7.374562500000000000e+05
5.652083500000000000e+06
3.087386500000000000e+06
1.033755812500000000e+06
2.097774062500000000e+05
5.609873125000000000e+05
5.061752000000000000e+06
3.601755625000000000e+05
2.148332812500000000e+05
3.356433437500000000e+05
2.231276400000000000e+07
1.173420375000000000e+06
7.394068500000000000e+06
4.617193500000000000e+06
1.370539000000000000e+06
3.369140750000000000e+06
4.679476000000000000e+06
3.766678750000000000e+06
4.962396000000000000e+06
1.056997750000000000e+06
1.379975625000000000e+06
2.884698750000000000e+06
1.495943500000000000e+06
3.162578125000000000e+05
4.636902187500000000e+05
5.003537187500000000e+05
4.602900500000000000e+06
1.142714875000000000e+06
2.821534500000000000e+06
2.064495000000000000e+06
2.684665600000000000e+07
2.954837000000000000e+06
3.392713500000000000e+06
2.700968000000000000e+06
2.019756375000000000e+06
2.984791562500000000e+05
3.795981250000000000e+04
1.087786093750000000e+05
4.136524500000000000e+06
9.258021875000000000e+04
8.821828906250000000e+04
1.832822031250000000e+05
4.554493000000000000e+06
1.042031015625000000e+05
1.355822187500000000e+05
1.189835078125000000e+05
1.932512400000000000e+07
2.771196750000000000e+06
1.044301812500000000e+06
2.350386250000000000e+06
1.018754800000000000e+07
2.938636000000000000e+06
3.512169750000000000e+06
4.251992500000000000e+06
1.895229875000000000e+06
7.395593125000000000e+05
5.276756875000000000e+05
7.744161250000000000e+05
5.965077500000000000e+06
2.273215750000000000e+06
1.577676375000000000e+06
2.661775000000000000e+06
4.554493000000000000e+06
1.167672500000000000e+06
3.039897500000000000e+06
1.281977625000000000e+06
5.331632500000000000e+06
1.044301812500000000e+06
5.672030000000000000e+06
5.102902000000000000e+06
4.818107000000000000e+06
2.580186000000000000e+06
2.799272750000000000e+06
4.507067500000000000e+06
4.237836562500000000e+05
6.594735000000000000e+05
1.640952750000000000e+06
1.077855375000000000e+06
2.458570000000000000e+06
6.257008125000000000e+05
9.960691875000000000e+05
1.041443375000000000e+06
1.845099600000000000e+07
1.118509472656250000e+04
2.696045898437500000e+04
1.100666484375000000e+05
1.462132200000000000e+07
7.153553600000000000e+07
7.523028800000000000e+07
8.145808000000000000e+07
2.432637000000000000e+06
4.258803125000000000e+05
4.442053437500000000e+05
4.211964687500000000e+05
4.554493000000000000e+06
2.905788437500000000e+05
9.085683125000000000e+05
4.895033437500000000e+05
2.231276400000000000e+07
4.246465937500000000e+05
2.000420000000000000e+06
1.321830875000000000e+06
1.946683000000000000e+06
8.595368750000000000e+05
6.282330000000000000e+05
8.070528125000000000e+05
1.946683000000000000e+06
2.400743593750000000e+05
1.439732519531250000e+04
2.037453906250000000e+05
2.621727500000000000e+05
6.574784375000000000e+05
5.816496875000000000e+05
2.600876250000000000e+05
1.370539000000000000e+06
5.638675390625000000e+04
5.790794531250000000e+04
9.256538281250000000e+04
1.080671800000000000e+07
2.923421500000000000e+06
5.245370000000000000e+06
6.085617500000000000e+06
4.766675200000000000e+07
3.150393600000000000e+07
7.838818125000000000e+05
4.702182800000000000e+07
1.353120700000000000e+07
5.767782500000000000e+05
1.765024400000000000e+07
1.407082000000000000e+07
2.228269750000000000e+06
3.170080250000000000e+06
1.403483375000000000e+06
2.662613000000000000e+06
4.136524500000000000e+06
6.269665000000000000e+06
6.164944500000000000e+06
9.782368000000000000e+06
2.926144000000000000e+06
4.436451500000000000e+06
9.395546875000000000e+05
3.374497750000000000e+06
1.909724625000000000e+06
1.641528125000000000e+04
1.122335781250000000e+05
8.021211718750000000e+04
4.136524500000000000e+06
3.532708250000000000e+06
6.140054500000000000e+06
8.387563500000000000e+06
5.652288500000000000e+06
5.638675390625000000e+04
1.348073281250000000e+05
1.767807343750000000e+05
4.818107000000000000e+06
1.839914125000000000e+06
2.511830500000000000e+06
2.979690750000000000e+06
3.651466000000000000e+06
4.484815625000000000e+05
9.568476250000000000e+05
6.682761875000000000e+05
2.837130000000000000e+07
1.250243750000000000e+06
1.221923750000000000e+06
1.352291000000000000e+06
5.061752000000000000e+06
6.246163125000000000e+05
4.494205312500000000e+05
8.108291875000000000e+05
4.685536000000000000e+06
9.450571250000000000e+05
2.058274687500000000e+05
7.597780000000000000e+05
4.818107000000000000e+06
1.049200250000000000e+06
9.071916250000000000e+05
1.395536625000000000e+06
1.895486250000000000e+06
2.217044335937500000e+04
1.122335781250000000e+05
1.551896718750000000e+05
4.136524500000000000e+06
8.522609375000000000e+05
2.643457187500000000e+05
6.368021250000000000e+05
5.061752000000000000e+06
3.711339599609375000e+03
3.101465087890625000e+03
8.402676757812500000e+03
8.335900000000000000e+05
3.712977500000000000e+05
5.295192500000000000e+05
2.766124687500000000e+05
1.013678984375000000e+05
5.263257500000000000e+05
1.197549250000000000e+06
5.286407500000000000e+05
2.432637000000000000e+06
1.401320468750000000e+05
4.933547812500000000e+05
2.495895468750000000e+05
4.171492400000000000e+07
1.425835125000000000e+06
2.339486400000000000e+07
2.699072400000000000e+07
3.355160500000000000e+06
8.375850400000000000e+07
8.406066400000000000e+07
8.543444000000000000e+07
2.228269750000000000e+06
6.105596400000000000e+07
6.215411200000000000e+07
6.485157600000000000e+07
5.078547812500000000e+05
3.535839062500000000e+05
5.042478125000000000e+05
2.541777812500000000e+05
5.061752000000000000e+06
1.736459218750000000e+05
3.533795937500000000e+05
3.090041875000000000e+05
2.432637000000000000e+06
9.641123125000000000e+05
6.005718750000000000e+05
6.545748125000000000e+05
1.080671800000000000e+07
8.112120625000000000e+05
1.279556875000000000e+06
1.669461875000000000e+06
4.657319687500000000e+05
3.585924687500000000e+05
3.562133750000000000e+05
3.421611562500000000e+05
3.547275200000000000e+07
6.172180000000000000e+06
5.358720500000000000e+06
8.523029000000000000e+06
2.432637000000000000e+06
9.644093125000000000e+05
6.008445625000000000e+05
6.548495000000000000e+05
1.763664875000000000e+06
7.979071200000000000e+07
7.642446400000000000e+07
8.843928000000000000e+07
4.554493000000000000e+06
1.002595625000000000e+06
1.498825625000000000e+05
4.704908750000000000e+05
2.621727500000000000e+05
5.785660937500000000e+04
3.106384179687500000e+04
2.980575195312500000e+04
4.602900500000000000e+06
8.768663200000000000e+07
8.114391200000000000e+07
9.110040000000000000e+07
4.136524500000000000e+06
3.805932750000000000e+06
1.916422125000000000e+06
4.098881250000000000e+06
1.932512400000000000e+07
5.418836328125000000e+04
8.621349218750000000e+04
7.884316406250000000e+04
2.432637000000000000e+06
1.837764000000000000e+06
7.077818125000000000e+05
2.359720500000000000e+06
2.161557250000000000e+06
4.114747500000000000e+06
3.117752750000000000e+06
2.640771250000000000e+06
4.136524500000000000e+06
5.894261000000000000e+06
3.954763250000000000e+06
8.663855000000000000e+06
2.432637000000000000e+06
3.211554375000000000e+05
5.464203125000000000e+04
1.275342812500000000e+05
1.013678984375000000e+05
2.049262968750000000e+05
2.408065000000000000e+05
7.499164843750000000e+04
5.061752000000000000e+06
5.262514375000000000e+05
4.279281562500000000e+05
7.847831250000000000e+05
4.554493000000000000e+06
2.408065000000000000e+05
8.491536875000000000e+05
4.433259687500000000e+05
6.760853500000000000e+06
2.563500500000000000e+06
6.599603500000000000e+06
3.715344000000000000e+06
1.109283375000000000e+06
7.978447200000000000e+07
7.754229600000000000e+07
8.043692000000000000e+07
2.606853500000000000e+06
4.943054000000000000e+06
1.462616000000000000e+06
2.409120500000000000e+06
7.799243000000000000e+06
9.593164375000000000e+05
1.138545375000000000e+06
1.217354875000000000e+06
2.661412000000000000e+07
4.408360156250000000e+04
3.471930859375000000e+04
8.348973437500000000e+04
2.228269750000000000e+06
9.891890000000000000e+05
6.188270500000000000e+06
3.959983000000000000e+06
1.509101875000000000e+06
1.041203062500000000e+06
1.349640156250000000e+05
3.034427500000000000e+05
6.873335500000000000e+06
4.766133437500000000e+05
4.763279375000000000e+05
4.765987500000000000e+05
2.485893000000000000e+06
1.391658500000000000e+06
6.607665625000000000e+05
1.068231000000000000e+06
7.315255000000000000e+05
1.666080375000000000e+06
1.385257750000000000e+06
1.191615000000000000e+06
2.479937750000000000e+06
2.502684500000000000e+06
2.860530500000000000e+06
2.978392750000000000e+06
2.018774125000000000e+06
7.899856800000000000e+07
8.012470400000000000e+07
8.175880000000000000e+07
7.198819500000000000e+06
3.719332250000000000e+06
1.327143750000000000e+06
3.080903750000000000e+06
1.088447900000000000e+07
5.724705000000000000e+06
2.287342000000000000e+06
4.547883000000000000e+06
4.554493000000000000e+06
2.006371625000000000e+06
5.368945000000000000e+05
1.338288750000000000e+06
3.015079000000000000e+06
3.379292187500000000e+05
1.402642656250000000e+05
4.055415000000000000e+05
1.895229875000000000e+06
1.516961500000000000e+06
6.391079375000000000e+05
1.294279250000000000e+06
4.554493000000000000e+06
5.784192500000000000e+05
5.503253500000000000e+06
3.931163500000000000e+06
9.564407500000000000e+05
9.409179687500000000e+04
1.397626093750000000e+05
9.078478125000000000e+04
8.335900000000000000e+05
2.967851562500000000e+05
1.269234765625000000e+05
1.663473125000000000e+05
1.970122125000000000e+06
1.095942625000000000e+06
1.228143750000000000e+06
1.346220125000000000e+06
1.932512400000000000e+07
9.723477500000000000e+05
2.950452750000000000e+06
1.892287875000000000e+06
1.370539000000000000e+06
8.054884800000000000e+07
7.847460000000000000e+07
8.099871200000000000e+07
1.080671800000000000e+07
7.138396800000000000e+07
7.285341600000000000e+07
7.904801600000000000e+07
8.335900000000000000e+05
3.728057187500000000e+05
8.064811875000000000e+05
4.462643125000000000e+05
3.087386500000000000e+06
6.681788125000000000e+05
1.147453250000000000e+06
8.286796875000000000e+05
2.427052500000000000e+06
4.360404687500000000e+05
1.715703375000000000e+06
8.146783750000000000e+05
1.895229875000000000e+06
1.806445507812500000e+04
9.101004882812500000e+03
3.611508203125000000e+04
3.087386500000000000e+06
5.717638750000000000e+05
3.781785625000000000e+05
4.762302812500000000e+05
5.061752000000000000e+06
1.160433750000000000e+05
1.673620625000000000e+05
2.335695468750000000e+05
8.335900000000000000e+05
3.729025390625000000e+04
7.310669531250000000e+04
4.533355078125000000e+04
8.681011250000000000e+05
1.888557500000000000e+06
2.359829375000000000e+05
9.193491875000000000e+05
6.873335500000000000e+06
1.969515250000000000e+06
4.963262000000000000e+06
6.945634000000000000e+06
1.380955125000000000e+06
1.188217375000000000e+06
2.388451500000000000e+06
1.288206000000000000e+06
3.510752800000000000e+07
8.611746875000000000e+05
6.531405625000000000e+05
8.224378750000000000e+05
1.221849250000000000e+06
5.972397500000000000e+05
8.979368750000000000e+05
6.273696250000000000e+05
3.898053200000000000e+07
8.115087200000000000e+07
8.302652000000000000e+07
8.360225600000000000e+07
5.314426800000000000e+07
7.703239200000000000e+07
7.795752800000000000e+07
8.563086400000000000e+07
1.895229875000000000e+06
5.933327500000000000e+06
3.345434750000000000e+06
6.045871000000000000e+06
4.962396000000000000e+06
1.513095250000000000e+06
9.643816875000000000e+05
1.593379125000000000e+06
2.231276400000000000e+07
1.218192375000000000e+06
2.561447500000000000e+06
2.287693250000000000e+06
5.700717500000000000e+06
2.935608250000000000e+06
2.663118250000000000e+06
3.375650250000000000e+06
2.432637000000000000e+06
4.493849687500000000e+05
1.044301812500000000e+06
3.958495312500000000e+05
1.932512400000000000e+07
1.452728613281250000e+04
3.403428515625000000e+04
3.853253906250000000e+04
1.442350875000000000e+06
3.115045250000000000e+06
1.218007625000000000e+06
1.812826875000000000e+06
2.585949687500000000e+05
8.360639200000000000e+07
8.473208800000000000e+07
8.687622400000000000e+07
1.237154500000000000e+07
5.913043500000000000e+06
1.057288400000000000e+07
1.573037400000000000e+07
2.432637000000000000e+06
7.219600781250000000e+04
1.887154062500000000e+05
8.242847656250000000e+04
1.932512400000000000e+07
3.647589000000000000e+06
2.619316250000000000e+06
4.239804500000000000e+06
5.061752000000000000e+06
1.483343875000000000e+06
6.607539375000000000e+05
1.772949875000000000e+06
5.061752000000000000e+06
3.184496250000000000e+05
3.394524687500000000e+05
3.775227187500000000e+05
4.554493000000000000e+06
1.644471375000000000e+06
3.906330312500000000e+05
1.267665875000000000e+06
1.334834500000000000e+06
9.747041875000000000e+05
1.103000500000000000e+06
9.790436250000000000e+05
1.763664875000000000e+06
3.638600312500000000e+05
6.380446875000000000e+05
5.230472500000000000e+05
7.634306875000000000e+05
7.892838400000000000e+07
7.866042400000000000e+07
7.890700800000000000e+07
9.455286250000000000e+05
4.425461250000000000e+05
1.811807500000000000e+05
3.062552187500000000e+05
1.212973500000000000e+07
8.173635200000000000e+07
8.241576800000000000e+07
8.277558400000000000e+07
1.109283375000000000e+06
5.790794531250000000e+04
1.439732519531250000e+04
2.025986914062500000e+04
4.975141200000000000e+07
3.686891750000000000e+06
4.275344000000000000e+06
6.015096500000000000e+06
1.412115000000000000e+07
1.282097500000000000e+06
1.991348250000000000e+06
3.101587000000000000e+06
1.417061750000000000e+06
2.691038437500000000e+05
4.320892812500000000e+05
2.497540781250000000e+05
8.335900000000000000e+05
7.350261875000000000e+05
1.125404375000000000e+06
8.661181250000000000e+05
1.080671800000000000e+07
7.101372500000000000e+06
2.303626750000000000e+06
4.587658500000000000e+06
1.932512400000000000e+07
1.044301812500000000e+06
2.771196750000000000e+06
2.350386250000000000e+06
1.540666625000000000e+06
2.217044335937500000e+04
7.194959375000000000e+04
5.268753906250000000e+04
4.136524500000000000e+06
1.118509472656250000e+04
1.302743750000000000e+04
4.158583984375000000e+04
1.802613875000000000e+06
3.707483250000000000e+06
7.468018500000000000e+06
6.781982500000000000e+06
2.231276400000000000e+07
7.968153808593750000e+03
3.252454101562500000e+04
1.347985058593750000e+04
3.138144750000000000e+06
1.274444824218750000e+04
1.274222460937500000e+04
1.272684765625000000e+04
5.093265500000000000e+06
9.643100000000000000e+05
2.407349750000000000e+06
2.699368750000000000e+06
9.881778000000000000e+06
5.492808500000000000e+06
6.942084500000000000e+06
7.508724500000000000e+06
3.029626250000000000e+06
1.122335781250000000e+05
9.258021875000000000e+04
2.311700312500000000e+05
1.318934900000000000e+07
1.123853900000000000e+07
8.546823750000000000e+05
1.119965700000000000e+07
1.267947500000000000e+06
7.072881600000000000e+07
7.162400000000000000e+07
7.243083200000000000e+07
3.077688250000000000e+06
8.166810400000000000e+07
8.366111200000000000e+07
8.397782400000000000e+07
1.895229875000000000e+06
7.895161250000000000e+05
1.620094375000000000e+06
1.555032250000000000e+06
5.652288500000000000e+06
5.443086250000000000e+05
6.645538750000000000e+05
7.125735000000000000e+05
5.652288500000000000e+06
1.114368750000000000e+06
1.260283750000000000e+06
1.365375375000000000e+06
4.136524500000000000e+06
1.969515250000000000e+06
3.743552250000000000e+06
4.237455500000000000e+06
1.018855700000000000e+07
4.810381875000000000e+05
1.276507265625000000e+05
2.726688437500000000e+05
1.080671800000000000e+07
3.175463250000000000e+06
2.251122000000000000e+06
3.147505000000000000e+06
9.710240000000000000e+06
7.551151250000000000e+05
2.191724750000000000e+06
1.495645375000000000e+06
7.799243000000000000e+06
9.396703125000000000e+05
7.455474375000000000e+05
1.110516500000000000e+06
1.217572300000000000e+07
2.019637000000000000e+06
2.588735600000000000e+07
2.055626800000000000e+07
9.777689062500000000e+04
6.842133750000000000e+05
1.328801375000000000e+06
4.255989062500000000e+05
1.080671800000000000e+07
1.747495000000000000e+05
3.146612187500000000e+05
3.139561875000000000e+05
6.873335500000000000e+06
3.941686500000000000e+06
3.411612750000000000e+06
4.693559500000000000e+06
1.464577125000000000e+06
1.535189875000000000e+06
1.191429750000000000e+06
1.344872750000000000e+06
2.432637000000000000e+06
9.258021875000000000e+04
1.439732519531250000e+04
3.199900390625000000e+04
3.654026500000000000e+06
2.751118750000000000e+05
9.563623125000000000e+05
1.036076062500000000e+06
1.080671800000000000e+07
5.406341000000000000e+06
3.832569250000000000e+06
6.974508000000000000e+06
3.898053200000000000e+07
2.351860468750000000e+05
3.103566750000000000e+06
2.512745750000000000e+06
1.160619700000000000e+07
4.032330000000000000e+05
6.722733125000000000e+05
5.468836250000000000e+05
8.802296000000000000e+06
3.091679250000000000e+06
3.437727500000000000e+06
4.631328000000000000e+06
2.231276400000000000e+07
3.883904687500000000e+05
1.376771562500000000e+05
2.897570000000000000e+05
1.697209625000000000e+06
1.645042250000000000e+06
1.125404375000000000e+06
1.710927250000000000e+06
2.614588800000000000e+07
8.264399375000000000e+05
5.886816875000000000e+05
5.357706875000000000e+05
1.219975900000000000e+07
8.067307200000000000e+07
8.130937600000000000e+07
8.295434400000000000e+07
1.895229875000000000e+06
2.099016875000000000e+05
1.376470937500000000e+05
2.440830000000000000e+05
4.818107000000000000e+06
3.499527500000000000e+05
1.604231562500000000e+05
2.233163125000000000e+05
1.526770300000000000e+07
6.184536250000000000e+05
1.338707500000000000e+06
1.540779875000000000e+06
1.375916250000000000e+06
1.953784000000000000e+06
2.221456750000000000e+06
1.543955375000000000e+06
8.335900000000000000e+05
1.521369375000000000e+05
2.746038750000000000e+05
1.606502187500000000e+05
5.652288500000000000e+06
3.295189750000000000e+06
6.473147500000000000e+05
3.419208750000000000e+06
1.895229875000000000e+06
1.519394375000000000e+05
4.036111562500000000e+05
3.331278750000000000e+05
4.554493000000000000e+06
1.347876000000000000e+06
5.457181875000000000e+05
2.496812500000000000e+06
2.559774750000000000e+06
4.137018437500000000e+05
1.243585625000000000e+06
8.822158125000000000e+05
5.061752000000000000e+06
6.199706500000000000e+06
2.103417500000000000e+06
9.432568000000000000e+06
4.554493000000000000e+06
7.350261875000000000e+05
3.743552250000000000e+06
4.637179000000000000e+06
4.554493000000000000e+06
8.821828906250000000e+04
1.439732519531250000e+04
2.815408593750000000e+04
5.061752000000000000e+06
1.921412304687500000e+04
2.430423046875000000e+04
2.701832031250000000e+04
2.432637000000000000e+06
1.885113500000000000e+06
7.329367500000000000e+05
9.968532500000000000e+05
9.564407500000000000e+05
3.041820500000000000e+06
1.098548700000000000e+07
6.814041500000000000e+06
1.221849250000000000e+06
2.351336750000000000e+06
2.549557000000000000e+06
2.463703000000000000e+06
4.554493000000000000e+06
2.553432312011718750e+02
3.509591796875000000e+03
1.161046630859375000e+03
2.432637000000000000e+06
1.219062750000000000e+06
2.408065000000000000e+05
6.975313125000000000e+05
1.221849250000000000e+06
2.790160250000000000e+06
2.712175500000000000e+06
2.745504250000000000e+06
1.697216250000000000e+06
5.563420000000000000e+05
4.090295000000000000e+05
5.067164375000000000e+05
