1.653088300000000000e+07
3.792508750000000000e+05
2.693752250000000000e+06
3.432450250000000000e+06
3.652956562500000000e+05
3.075547500000000000e+05
2.849655937500000000e+05
1.743188906250000000e+05
3.727175625000000000e+05
3.412701875000000000e+05
7.218178000000000000e+06
3.150377500000000000e+05
1.050061562500000000e+05
1.427965100000000000e+07
9.302334375000000000e+04
7.319592968750000000e+04
8.109142500000000000e+05
1.848840750000000000e+06
1.613056500000000000e+06
9.153231875000000000e+05
8.739529000000000000e+06
1.621798000000000000e+07
9.052989375000000000e+05
4.587873000000000000e+06
1.533251250000000000e+06
5.831015000000000000e+05
1.737413281250000000e+05
4.807639062500000000e+05
2.188591250000000000e+06
9.890230000000000000e+05
4.012803437500000000e+05
8.175846250000000000e+05
4.769852812500000000e+05
1.301156625000000000e+06
3.070020625000000000e+05
4.304100625000000000e+05
4.006211250000000000e+05
2.834731875000000000e+05
8.582723125000000000e+05
4.631819687500000000e+05
2.797330312500000000e+05
6.505173750000000000e+05
2.930473125000000000e+05
1.920719062500000000e+05
1.064781000000000000e+06
8.817120000000000000e+05
3.606926000000000000e+06
1.042443125000000000e+06
6.880128906250000000e+04
6.553181250000000000e+04
6.597850000000000000e+04
2.518750000000000000e+04
1.722752000000000000e+06
1.887336875000000000e+06
1.374735750000000000e+06
1.311020375000000000e+06
8.109142500000000000e+05
1.917449375000000000e+06
3.159467187500000000e+05
3.799050000000000000e+05
5.630553000000000000e+06
2.598124375000000000e+05
1.941188000000000000e+06
1.286219750000000000e+06
1.815716125000000000e+06
6.563871093750000000e+04
1.536730156250000000e+05
2.013584218750000000e+05
5.500750500000000000e+06
8.230387000000000000e+06
7.848482500000000000e+05
5.360279500000000000e+06
4.288010500000000000e+06
1.121693750000000000e+06
1.103860500000000000e+07
4.305799500000000000e+06
8.739529000000000000e+06
6.326814062500000000e+04
1.123871718750000000e+05
1.592600625000000000e+05
2.245838500000000000e+06
1.505057375000000000e+06
7.482541875000000000e+05
1.589415000000000000e+06
2.726894062500000000e+05
9.974579687500000000e+04
9.916485937500000000e+04
8.631756250000000000e+04
1.557203500000000000e+06
3.963103750000000000e+05
1.038618000000000000e+07
6.747095000000000000e+05
7.193900000000000000e+05
9.343203750000000000e+05
1.034402625000000000e+06
1.172988500000000000e+06
8.739529000000000000e+06
9.243145625000000000e+05
1.840632000000000000e+07
7.145325000000000000e+06
3.402757187500000000e+05
7.482541875000000000e+05
3.310424062500000000e+05
3.320557812500000000e+05
3.970965000000000000e+05
5.474811875000000000e+05
1.504974125000000000e+06
2.775605937500000000e+05
1.150747656250000000e+05
1.614065468750000000e+05
1.652577250000000000e+06
1.715271406250000000e+05
6.545686250000000000e+05
1.489229375000000000e+05
3.210491875000000000e+05
2.384629062500000000e+05
1.482422000000000000e+06
8.086321093750000000e+04
2.938592773437500000e+04
9.723123437500000000e+04
1.440944700000000000e+07
3.158673250000000000e+06
3.036026800000000000e+07
3.294821600000000000e+07
3.652956562500000000e+05
1.160912109375000000e+04
1.089295507812500000e+04
9.688172851562500000e+03
8.739529000000000000e+06
1.861130250000000000e+06
2.848060400000000000e+07
1.696682400000000000e+07
1.064781000000000000e+06
1.449233875000000000e+06
7.901901500000000000e+06
1.938132375000000000e+06
3.671911562500000000e+05
5.168629296875000000e+04
1.459995800781250000e+04
5.023420703125000000e+04
3.671911562500000000e+05
4.775688125000000000e+05
9.632106875000000000e+05
3.658290312500000000e+05
2.082819062500000000e+05
1.741052343750000000e+05
6.687620625000000000e+05
2.014102656250000000e+05
6.880128906250000000e+04
7.872230000000000000e+05
3.483451875000000000e+05
6.902375781250000000e+04
1.653088300000000000e+07
1.230528375000000000e+06
4.620576500000000000e+06
1.469163000000000000e+07
2.811829250000000000e+06
2.402861000000000000e+06
9.711689375000000000e+05
2.408762250000000000e+06
7.334926250000000000e+05
1.995031562500000000e+05
1.033268937500000000e+06
7.219790000000000000e+05
4.619591250000000000e+05
9.054863125000000000e+05
8.530207812500000000e+04
1.244148906250000000e+05
4.288010500000000000e+06
5.250538750000000000e+05
1.047698900000000000e+07
2.392247250000000000e+06
8.059904687500000000e+04
3.851258750000000000e+05
1.848640312500000000e+05
8.017326562500000000e+04
1.187407500000000000e+06
1.381918000000000000e+06
1.576313750000000000e+06
1.189482625000000000e+06
4.288010500000000000e+06
8.288315000000000000e+05
6.596835500000000000e+06
2.747733500000000000e+06
2.819224375000000000e+05
7.872230000000000000e+05
4.871519375000000000e+05
2.821615312500000000e+05
3.970965000000000000e+05
5.385411250000000000e+05
1.235251375000000000e+06
2.382594531250000000e+05
5.078477000000000000e+06
1.456826250000000000e+06
1.550992000000000000e+06
2.852224750000000000e+06
1.165881000000000000e+06
5.218210937500000000e+05
2.661457812500000000e+05
7.816430000000000000e+05
2.797330312500000000e+05
8.661627500000000000e+05
6.163780000000000000e+05
2.008229843750000000e+05
8.006998125000000000e+05
2.971816562500000000e+05
6.977016250000000000e+05
8.082475625000000000e+05
3.970965000000000000e+05
3.671981875000000000e+05
2.088414250000000000e+06
5.600801875000000000e+05
3.175655625000000000e+05
3.727787187500000000e+05
1.576313750000000000e+06
3.184651250000000000e+05
4.288010500000000000e+06
2.163555750000000000e+06
3.118958437500000000e+05
1.402459875000000000e+06
2.797330312500000000e+05
1.265696679687500000e+04
6.474645507812500000e+03
9.235149414062500000e+03
2.766589062500000000e+05
9.546892500000000000e+05
4.924250625000000000e+05
2.390802343750000000e+05
1.592489843750000000e+05
2.357575781250000000e+05
5.892153125000000000e+05
1.518768593750000000e+05
3.652956562500000000e+05
5.073770000000000000e+05
3.338444062500000000e+05
1.772973906250000000e+05
2.188591250000000000e+06
1.758667875000000000e+06
2.585854250000000000e+06
2.029325125000000000e+06
5.937748125000000000e+05
3.942816406250000000e+04
2.403057421875000000e+04
4.551606250000000000e+04
4.619591250000000000e+05
4.650945937500000000e+05
1.170876600000000000e+07
5.667843125000000000e+05
2.055826406250000000e+05
2.589701250000000000e+05
1.158881953125000000e+05
1.369259375000000000e+05
2.797330312500000000e+05
2.904397812500000000e+05
1.517323250000000000e+06
3.195070312500000000e+05
3.652956562500000000e+05
6.758198125000000000e+05
9.116243125000000000e+05
2.552171406250000000e+05
1.653088300000000000e+07
8.131958125000000000e+05
4.200848000000000000e+06
5.417835500000000000e+06
3.118580625000000000e+05
5.321043945312500000e+03
3.280535156250000000e+04
1.183615625000000000e+04
2.643184800000000000e+07
1.176208300000000000e+07
1.208813750000000000e+06
1.879385600000000000e+07
3.652956562500000000e+05
6.760950625000000000e+05
9.115225000000000000e+05
2.552283281250000000e+05
2.659184375000000000e+05
2.963691250000000000e+05
3.983444250000000000e+06
3.480167812500000000e+05
8.739529000000000000e+06
7.984653500000000000e+06
7.128542500000000000e+05
6.990309000000000000e+06
2.082819062500000000e+05
1.781227905273437500e+03
7.511310058593750000e+03
3.831154785156250000e+03
5.630553000000000000e+06
4.506122000000000000e+06
1.109960625000000000e+06
5.256060500000000000e+06
4.288010500000000000e+06
1.101715200000000000e+07
1.099270375000000000e+06
4.278778500000000000e+06
2.245838500000000000e+06
8.245756875000000000e+05
4.164728750000000000e+05
5.114578750000000000e+05
3.652956562500000000e+05
1.099280875000000000e+06
9.729154375000000000e+05
3.628260625000000000e+05
2.438819531250000000e+05
3.309098437500000000e+05
7.580591406250000000e+04
1.350567187500000000e+05
4.288010500000000000e+06
6.461447500000000000e+06
7.324182500000000000e+05
2.458820750000000000e+06
3.652956562500000000e+05
7.772735625000000000e+05
5.761218750000000000e+05
2.625000000000000000e+05
1.592489843750000000e+05
2.571462500000000000e+05
9.775265625000000000e+05
1.529195156250000000e+05
2.797330312500000000e+05
5.678540000000000000e+05
6.235009375000000000e+05
2.253912968750000000e+05
8.739529000000000000e+06
9.775265625000000000e+05
1.065117600000000000e+07
8.270633000000000000e+06
6.157822500000000000e+05
7.879670312500000000e+04
1.365058437500000000e+05
1.074188515625000000e+05
1.245359687500000000e+05
6.012929687500000000e+03
1.044643945312500000e+04
3.393388671875000000e+03
2.083711093750000000e+05
2.070773125000000000e+05
1.769894218750000000e+05
1.054831171875000000e+05
2.523773125000000000e+05
1.016088984375000000e+05
3.577818750000000000e+05
1.471863906250000000e+05
9.054016250000000000e+05
7.796740625000000000e+04
4.025913281250000000e+04
7.841573437500000000e+04
4.619591250000000000e+05
3.397685937500000000e+05
7.498134000000000000e+06
4.190401562500000000e+05
2.246852343750000000e+05
2.366800781250000000e+05
4.030169375000000000e+05
2.392592968750000000e+05
4.426647812500000000e+05
3.334791250000000000e+05
3.362847500000000000e+05
3.385462812500000000e+05
2.830849687500000000e+05
1.190707375000000000e+06
3.242226875000000000e+05
3.433654062500000000e+05
1.062383750000000000e+05
7.329297500000000000e+05
9.525314843750000000e+04
1.132430468750000000e+05
2.832594375000000000e+05
1.668611523437500000e+04
1.426700488281250000e+04
1.407903515625000000e+04
4.051963125000000000e+05
2.548900976562500000e+04
8.680815429687500000e+03
1.849507031250000000e+04
4.572973000000000000e+06
4.467883500000000000e+06
5.226942187500000000e+05
1.740604125000000000e+06
6.463703000000000000e+06
2.343772000000000000e+06
8.812202500000000000e+05
5.500231000000000000e+06
8.739529000000000000e+06
7.889176000000000000e+06
8.058876250000000000e+05
3.526807250000000000e+06
4.736174062500000000e+05
2.634017500000000000e+05
3.095008437500000000e+05
2.630538437500000000e+05
1.557203500000000000e+06
3.263720750000000000e+06
3.064980312500000000e+05
9.894277500000000000e+05
8.739529000000000000e+06
7.663828125000000000e+05
1.090698500000000000e+07
8.872857000000000000e+06
9.933910937500000000e+04
1.994830000000000000e+05
2.349092187500000000e+05
1.435967343750000000e+05
2.766589062500000000e+05
4.722426562500000000e+05
8.141549375000000000e+05
3.348191250000000000e+05
1.090699250000000000e+06
1.129091625000000000e+06
1.383526875000000000e+06
9.742524375000000000e+05
2.245838500000000000e+06
6.827148750000000000e+05
4.756065000000000000e+06
9.291559375000000000e+05
6.880128906250000000e+04
2.166607656250000000e+05
2.061056093750000000e+05
1.176232968750000000e+05
1.653088300000000000e+07
8.227956250000000000e+05
2.703006250000000000e+06
5.222489000000000000e+06
2.766589062500000000e+05
8.762190000000000000e+05
3.250787500000000000e+05
3.608473750000000000e+05
4.006211250000000000e+05
6.282916875000000000e+05
1.427082500000000000e+05
1.514292343750000000e+05
3.871656562500000000e+05
6.214488125000000000e+05
7.933027500000000000e+05
2.671222187500000000e+05
1.557203500000000000e+06
4.985397265625000000e+04
9.293795898437500000e+03
3.601708593750000000e+04
4.006211250000000000e+05
2.038515000000000000e+05
9.521123750000000000e+05
3.745065625000000000e+05
2.797330312500000000e+05
6.243423125000000000e+05
5.700705625000000000e+05
2.264055781250000000e+05
2.766589062500000000e+05
3.503982812500000000e+05
3.849257500000000000e+05
2.806147812500000000e+05
2.105265625000000000e+05
3.467905937500000000e+05
3.026352812500000000e+05
1.642500781250000000e+05
4.426647812500000000e+05
1.117440125000000000e+06
4.864588750000000000e+05
4.426124375000000000e+05
1.240222890625000000e+05
3.767770937500000000e+05
7.402953125000000000e+05
1.264411875000000000e+05
1.758954875000000000e+06
4.690303750000000000e+05
2.864615000000000000e+05
6.257348125000000000e+05
2.093239531250000000e+05
1.324642968750000000e+05
1.075670859375000000e+05
7.951172656250000000e+04
5.751485625000000000e+05
2.478132968750000000e+05
2.779044062500000000e+05
1.562047031250000000e+05
3.217767250000000000e+06
6.148363125000000000e+05
1.388649125000000000e+06
1.901241750000000000e+06
1.557203500000000000e+06
1.051755300000000000e+07
6.671720625000000000e+05
1.634627000000000000e+06
1.722752000000000000e+06
5.105832500000000000e+06
6.760595625000000000e+05
6.021438125000000000e+05
1.064781000000000000e+06
6.217333125000000000e+05
8.567306875000000000e+05
6.495353750000000000e+05
6.094288750000000000e+05
8.990988125000000000e+05
5.927705625000000000e+05
5.299703750000000000e+05
3.652956562500000000e+05
4.982300312500000000e+05
7.482541875000000000e+05
2.512732812500000000e+05
2.245838500000000000e+06
7.903935937500000000e+04
3.837151171875000000e+04
9.970900000000000000e+04
2.770726562500000000e+05
1.465007343750000000e+05
1.684432187500000000e+05
8.504660156250000000e+04
1.595306562500000000e+05
4.826842500000000000e+05
1.731757500000000000e+05
7.989406250000000000e+04
7.533026250000000000e+05
4.656152187500000000e+05
1.461987000000000000e+06
5.363366250000000000e+05
3.652956562500000000e+05
8.213091250000000000e+05
1.002375625000000000e+06
3.389022812500000000e+05
2.245838500000000000e+06
6.028649375000000000e+05
6.019601250000000000e+05
8.562986250000000000e+05
2.797330312500000000e+05
7.494468125000000000e+05
6.233678125000000000e+05
2.101200000000000000e+05
2.797330312500000000e+05
6.371945625000000000e+05
4.987040000000000000e+05
3.536476250000000000e+05
8.739529000000000000e+06
2.142499250000000000e+06
2.148701562500000000e+05
2.254826250000000000e+06
7.360732031250000000e+04
1.658904218750000000e+05
4.993245625000000000e+05
1.156471953125000000e+05
2.659184375000000000e+05
3.484820625000000000e+05
2.908571500000000000e+06
2.815060000000000000e+05
1.062441484375000000e+05
1.175910078125000000e+05
9.418112500000000000e+04
1.063561718750000000e+05
1.578256562500000000e+05
2.253704000000000000e+06
4.106265000000000000e+05
2.900638750000000000e+05
1.542915000000000000e+07
1.015015812500000000e+06
7.574917500000000000e+05
2.339576000000000000e+06
1.245359687500000000e+05
3.483451875000000000e+05
9.632106875000000000e+05
1.244950078125000000e+05
8.511600000000000000e+06
8.859855625000000000e+05
3.485551875000000000e+05
1.419386750000000000e+06
1.497980750000000000e+06
1.078062125000000000e+06
1.317614750000000000e+06
1.582973875000000000e+06
1.226509375000000000e+05
2.037044062500000000e+05
1.443323593750000000e+05
4.562397265625000000e+04
2.766589062500000000e+05
9.744726875000000000e+05
7.879058125000000000e+05
2.767014062500000000e+05
1.653088300000000000e+07
1.032743200000000000e+07
1.151932125000000000e+06
1.585816400000000000e+07
2.245838500000000000e+06
7.482541875000000000e+05
1.505057375000000000e+06
1.589415000000000000e+06
2.619233593750000000e+05
3.727787187500000000e+05
2.976456000000000000e+06
2.626186875000000000e+05
4.288010500000000000e+06
8.086321093750000000e+04
1.313786328125000000e+04
9.184739062500000000e+04
5.500880000000000000e+05
1.735717500000000000e+05
4.377658000000000000e+06
4.731379375000000000e+05
1.064781000000000000e+06
1.400513281250000000e+05
8.206140000000000000e+05
3.951092187500000000e+05
3.131646562500000000e+05
2.367836875000000000e+05
1.174229062500000000e+05
1.999378125000000000e+05
2.490914500000000000e+06
6.760060625000000000e+05
3.446683250000000000e+06
1.585669500000000000e+06
2.743734750000000000e+06
9.947923750000000000e+05
1.653750375000000000e+06
2.427598750000000000e+06
1.326818375000000000e+06
1.576313750000000000e+06
1.121693750000000000e+06
1.329412500000000000e+06
1.041821875000000000e+06
1.050565875000000000e+06
5.612827500000000000e+05
1.155251375000000000e+06
2.750575312500000000e+05
2.363786875000000000e+05
3.760889062500000000e+05
2.998514375000000000e+05
1.025804937500000000e+06
1.251045078125000000e+05
1.453061875000000000e+06
2.492344218750000000e+05
1.557203500000000000e+06
3.024015937500000000e+05
1.644825875000000000e+06
9.980146250000000000e+05
2.819224375000000000e+05
4.005251464843750000e+03
8.704486328125000000e+03
1.039524414062500000e+04
2.819224375000000000e+05
3.322964111328125000e+03
4.925458496093750000e+03
4.286681640625000000e+03
4.288010500000000000e+06
1.117440125000000000e+06
1.104877900000000000e+07
4.287978000000000000e+06
8.851095000000000000e+06
7.596076000000000000e+06
7.228395000000000000e+05
5.356661500000000000e+06
1.653088300000000000e+07
2.722362250000000000e+06
4.597742812500000000e+05
5.434653500000000000e+06
9.264180000000000000e+06
1.047887312500000000e+06
1.149191600000000000e+07
8.124932000000000000e+06
2.523773125000000000e+05
2.233589062500000000e+05
2.749238125000000000e+05
1.567060468750000000e+05
2.436022000000000000e+06
5.451524000000000000e+06
9.316750625000000000e+05
2.176199250000000000e+06
1.474198593750000000e+05
1.176996171875000000e+05
8.426869375000000000e+05
9.433232812500000000e+04
1.653088300000000000e+07
3.252075750000000000e+06
4.236938500000000000e+06
7.138705500000000000e+06
4.426647812500000000e+05
2.560831562500000000e+05
4.211916562500000000e+05
2.142172656250000000e+05
4.950043125000000000e+05
1.145108593750000000e+05
7.617223750000000000e+05
1.570846093750000000e+05
3.652956562500000000e+05
1.121693750000000000e+06
9.632106875000000000e+05
3.652294687500000000e+05
8.119915625000000000e+05
1.064049125000000000e+06
5.257478125000000000e+05
9.417578750000000000e+05
1.653088300000000000e+07
1.090702600000000000e+07
1.859239125000000000e+06
1.462821200000000000e+07
5.751485625000000000e+05
4.146925937500000000e+05
8.530382500000000000e+05
3.943476562500000000e+05
1.151646625000000000e+06
2.802874062500000000e+05
5.094886250000000000e+05
4.541530000000000000e+05
1.573662031250000000e+05
6.062197656250000000e+04
2.473162968750000000e+05
7.668040625000000000e+04
1.064781000000000000e+06
8.236607500000000000e+05
6.225758125000000000e+05
6.720803125000000000e+05
1.193854625000000000e+06
1.573625250000000000e+06
7.879058125000000000e+05
1.193768125000000000e+06
1.498277875000000000e+06
3.204997500000000000e+05
5.825602734375000000e+04
1.852153906250000000e+05
2.932032500000000000e+06
5.601645625000000000e+05
2.602442250000000000e+06
1.598529625000000000e+06
1.557203500000000000e+06
1.680187200000000000e+07
4.472066875000000000e+05
1.503863625000000000e+06
3.970965000000000000e+05
1.836618375000000000e+06
3.288489375000000000e+05
4.030995937500000000e+05
7.687127500000000000e+05
1.537574531250000000e+05
4.663088437500000000e+05
2.680444687500000000e+05
1.106084687500000000e+05
1.841714218750000000e+05
8.968824218750000000e+04
4.493071484375000000e+04
2.766589062500000000e+05
6.112530625000000000e+05
1.250463125000000000e+06
4.165201250000000000e+05
2.819224375000000000e+05
8.321214375000000000e+05
3.391424687500000000e+05
4.346658437500000000e+05
1.557203500000000000e+06
6.911124375000000000e+05
3.291756750000000000e+06
1.055247125000000000e+06
8.739529000000000000e+06
7.210685500000000000e+06
1.099425625000000000e+06
5.399096500000000000e+06
5.908519140625000000e+04
3.858733203125000000e+04
2.510124687500000000e+05
2.718057617187500000e+04
2.797330312500000000e+05
8.230341875000000000e+05
4.672668750000000000e+05
2.247332343750000000e+05
8.739529000000000000e+06
9.744726875000000000e+05
1.104877900000000000e+07
8.739704000000000000e+06
8.739529000000000000e+06
1.103860500000000000e+07
9.632106875000000000e+05
8.724989000000000000e+06
2.797330312500000000e+05
1.705131835937500000e+04
2.041988867187500000e+04
1.779006054687500000e+04
3.652956562500000000e+05
6.205716875000000000e+05
3.874818125000000000e+05
2.233307968750000000e+05
9.933910937500000000e+04
8.914181250000000000e+04
6.756586250000000000e+05
7.454143750000000000e+04
2.093239531250000000e+05
7.125091406250000000e+04
2.195776367187500000e+04
4.526399609375000000e+04
8.739529000000000000e+06
1.999805859375000000e+04
7.328442187500000000e+04
9.554885156250000000e+04
3.652956562500000000e+05
1.163362000000000000e+06
9.775265625000000000e+05
3.653907500000000000e+05
2.093239531250000000e+05
2.176245468750000000e+05
8.413300000000000000e+04
8.366428906250000000e+04
1.193855875000000000e+06
1.164547890625000000e+05
9.483489375000000000e+05
5.636541875000000000e+05
