1.746652960000000000e+08
5.950610625000000000e+05
2.290671250000000000e+06
6.320482000000000000e+07
6.849393000000000000e+06
4.525084687500000000e+05
7.180013750000000000e+05
9.497563750000000000e+05
2.255133600000000000e+07
1.426193200000000000e+07
5.183650000000000000e+07
3.049590000000000000e+07
1.746062400000000000e+07
2.063861200000000000e+07
3.284289687500000000e+05
8.263230000000000000e+06
3.488245600000000000e+07
7.682664375000000000e+05
7.975703500000000000e+06
2.261180800000000000e+07
3.792490000000000000e+07
3.224149600000000000e+07
9.039657000000000000e+06
5.830547600000000000e+07
3.098689600000000000e+07
2.855575000000000000e+06
9.684840000000000000e+05
2.773269750000000000e+06
1.041327600000000000e+07
1.739761125000000000e+06
5.959880000000000000e+06
3.070578400000000000e+07
5.392664000000000000e+06
1.213286750000000000e+06
4.275374062500000000e+05
4.330285000000000000e+06
2.295061750000000000e+06
9.933693750000000000e+04
2.051287000000000000e+06
3.029822750000000000e+06
4.627787000000000000e+06
2.734905000000000000e+05
4.182053000000000000e+06
4.430888125000000000e+05
1.751258800000000000e+07
5.809500000000000000e+07
1.913352400000000000e+07
1.435486560000000000e+08
2.591455750000000000e+06
7.626345000000000000e+05
1.324420625000000000e+05
3.021565625000000000e+05
3.188758000000000000e+07
1.775322000000000000e+07
3.003814000000000000e+06
3.340426000000000000e+07
3.488225600000000000e+07
2.277850800000000000e+07
1.987152000000000000e+07
2.537111200000000000e+07
5.990016400000000000e+07
1.522514000000000000e+06
5.048769000000000000e+06
6.195923500000000000e+06
1.904646400000000000e+07
4.695964000000000000e+06
1.322742625000000000e+06
4.540848500000000000e+06
2.890236000000000000e+07
7.791392000000000000e+06
3.527339000000000000e+06
5.101276500000000000e+06
3.924671200000000000e+07
2.115921500000000000e+06
3.370852800000000000e+07
3.886434800000000000e+07
3.792490000000000000e+07
1.562319843750000000e+05
5.401561875000000000e+05
7.216789375000000000e+05
1.637288700000000000e+07
1.024521406250000000e+05
9.662412500000000000e+05
9.516726000000000000e+06
1.861529600000000000e+07
1.155757500000000000e+05
2.034650375000000000e+06
2.687776000000000000e+06
2.497062800000000000e+07
8.150536875000000000e+05
2.480510000000000000e+07
1.038893500000000000e+07
2.329774800000000000e+07
1.047744700000000000e+07
1.980484800000000000e+07
1.236779300000000000e+07
3.792490000000000000e+07
3.747198750000000000e+06
3.098370400000000000e+07
6.515322400000000000e+07
2.724819250000000000e+06
9.662412500000000000e+05
9.185683750000000000e+05
1.839366750000000000e+06
1.023083500000000000e+07
9.984668750000000000e+05
1.024633828125000000e+05
3.613760500000000000e+06
1.834810000000000000e+07
2.537650468750000000e+05
3.035968800000000000e+07
4.408013500000000000e+06
1.570489100000000000e+07
5.140985625000000000e+05
5.568648750000000000e+05
1.274472500000000000e+07
5.596305600000000000e+07
2.162503515625000000e+04
1.694351562500000000e+04
8.804323750000000000e+05
2.449588480000000000e+08
6.893292000000000000e+06
3.602119600000000000e+07
4.932314240000000000e+08
6.849393000000000000e+06
2.213583984375000000e+03
1.584563598632812500e+03
2.148537353515625000e+03
3.792490000000000000e+07
3.016140250000000000e+06
2.692676000000000000e+07
6.718141600000000000e+07
1.751258800000000000e+07
1.613239900000000000e+07
7.345495500000000000e+06
1.759996320000000000e+08
1.058398100000000000e+07
1.505206835937500000e+04
1.155390234375000000e+04
3.462638671875000000e+04
1.058398100000000000e+07
1.229790700000000000e+07
2.250611000000000000e+06
1.049070600000000000e+07
1.747943375000000000e+06
2.333386562500000000e+05
1.605795000000000000e+06
1.493768000000000000e+06
2.591455750000000000e+06
2.023292125000000000e+06
8.243733500000000000e+06
2.580589500000000000e+06
1.746652960000000000e+08
1.557718875000000000e+06
1.876699200000000000e+07
8.445649600000000000e+07
1.258851000000000000e+07
1.228401093750000000e+05
1.657961750000000000e+06
6.695993500000000000e+06
1.219398437500000000e+05
6.892449218750000000e+04
1.797860312500000000e+05
5.048895703125000000e+04
1.616828600000000000e+07
1.453422125000000000e+06
1.012379609375000000e+05
8.384639375000000000e+05
3.924671200000000000e+07
6.169585000000000000e+05
1.823342800000000000e+07
7.063157500000000000e+06
8.680299375000000000e+05
1.051112125000000000e+06
1.252921000000000000e+06
8.548813125000000000e+05
9.125546000000000000e+06
2.912327000000000000e+06
1.983932800000000000e+07
9.086849000000000000e+06
3.924671200000000000e+07
8.464063750000000000e+05
1.995907600000000000e+07
1.918387600000000000e+07
3.066727500000000000e+06
2.023292125000000000e+06
6.758319000000000000e+06
3.036293250000000000e+06
1.023083500000000000e+07
3.772686250000000000e+05
5.445962890625000000e+04
3.375579250000000000e+06
9.728080000000000000e+07
4.503582000000000000e+07
2.234178750000000000e+06
9.988997000000000000e+06
1.760361200000000000e+07
1.600601375000000000e+06
4.942950500000000000e+06
1.472459300000000000e+07
4.627787000000000000e+06
4.282236500000000000e+06
1.370775625000000000e+06
1.244625000000000000e+06
2.872079200000000000e+07
1.201050250000000000e+06
6.863600781250000000e+04
9.960558750000000000e+05
1.023083500000000000e+07
1.078714125000000000e+06
9.046465000000000000e+05
6.707293000000000000e+06
8.627438750000000000e+05
6.761020625000000000e+05
1.983932800000000000e+07
8.591598750000000000e+05
3.924671200000000000e+07
1.908739375000000000e+06
5.327838750000000000e+05
2.506561250000000000e+06
4.627787000000000000e+06
4.604854003906250000e+03
9.429903906250000000e+04
2.292287500000000000e+04
8.897371000000000000e+06
1.055030300000000000e+07
1.885814750000000000e+06
1.763385600000000000e+07
5.830376500000000000e+06
1.099417250000000000e+06
2.839192400000000000e+07
4.477434000000000000e+06
6.849393000000000000e+06
1.987015375000000000e+06
5.804080000000000000e+06
3.377521000000000000e+06
1.041327600000000000e+07
9.988502000000000000e+06
2.153017250000000000e+06
1.311099400000000000e+07
1.233916500000000000e+07
3.633606875000000000e+05
1.636933750000000000e+05
1.205119875000000000e+06
1.616828600000000000e+07
1.018018125000000000e+06
1.087149680000000000e+08
1.598525500000000000e+07
3.368802187500000000e+05
4.375492812500000000e+05
7.918730468750000000e+04
3.790335625000000000e+05
4.627787000000000000e+06
5.164826500000000000e+06
6.259675500000000000e+06
1.225184000000000000e+06
6.849393000000000000e+06
1.761432400000000000e+07
1.040243700000000000e+07
1.863917200000000000e+07
1.746652960000000000e+08
2.443372000000000000e+06
1.113110500000000000e+07
6.606283600000000000e+07
6.780301875000000000e+05
4.614802246093750000e+02
2.740450134277343750e+02
2.071580963134765625e+02
1.715743840000000000e+08
2.515807200000000000e+07
1.343951406250000000e+05
8.237223200000000000e+07
6.849393000000000000e+06
1.759116000000000000e+07
1.039042100000000000e+07
1.862179600000000000e+07
1.805313200000000000e+07
6.968212000000000000e+06
1.002941920000000000e+08
1.120747700000000000e+07
3.792490000000000000e+07
1.184843400000000000e+07
1.755944625000000000e+06
3.284537600000000000e+07
1.747943375000000000e+06
8.495960693359375000e+02
9.128067382812500000e+03
1.149518554687500000e+04
5.990016400000000000e+07
4.136591200000000000e+07
3.829960250000000000e+06
7.078212800000000000e+07
3.924671200000000000e+07
3.318864800000000000e+07
2.152941250000000000e+06
3.883848800000000000e+07
1.637288700000000000e+07
1.362679375000000000e+05
6.473586250000000000e+05
1.357715750000000000e+06
6.849393000000000000e+06
2.152826250000000000e+06
2.255738250000000000e+06
6.761737000000000000e+06
2.723920250000000000e+06
4.164303250000000000e+06
1.850456250000000000e+04
9.913686250000000000e+05
3.924671200000000000e+07
1.748032000000000000e+07
6.421952500000000000e+05
1.528757500000000000e+07
6.849393000000000000e+06
7.702208125000000000e+05
1.061180250000000000e+06
3.018989250000000000e+06
5.830376500000000000e+06
1.656332500000000000e+06
2.356232500000000000e+06
5.937341000000000000e+06
4.627787000000000000e+06
1.556128900000000000e+07
4.509707000000000000e+06
2.686177000000000000e+06
3.792490000000000000e+07
2.356232500000000000e+06
3.505332800000000000e+07
3.906687200000000000e+07
6.716600000000000000e+06
3.928634375000000000e+05
4.915668437500000000e+05
2.351247000000000000e+06
5.862889000000000000e+06
5.084551953125000000e+04
1.997379516601562500e+03
1.075237031250000000e+05
6.384525000000000000e+05
4.783071875000000000e+05
4.344598125000000000e+05
2.592777812500000000e+05
1.059369125000000000e+06
6.719330000000000000e+05
1.098803000000000000e+06
8.253553125000000000e+04
2.571482000000000000e+07
9.485235000000000000e+05
1.706182625000000000e+06
6.167391000000000000e+06
1.616828600000000000e+07
4.752553125000000000e+05
2.342192000000000000e+07
1.260030600000000000e+07
3.351561875000000000e+05
1.044195625000000000e+05
7.032086875000000000e+05
3.400973125000000000e+05
8.924497000000000000e+06
1.879720000000000000e+08
2.034571840000000000e+08
1.370328320000000000e+08
1.322693800000000000e+07
1.290246875000000000e+06
2.836870500000000000e+06
1.328871125000000000e+06
3.105642500000000000e+06
8.328796250000000000e+05
1.201195234375000000e+05
6.260804375000000000e+05
1.142329500000000000e+07
2.858001757812500000e+04
4.251879687500000000e+05
7.466992968750000000e+04
1.208643400000000000e+07
9.396509765625000000e+03
3.147078710937500000e+04
5.618391250000000000e+05
3.170176800000000000e+07
1.401642560000000000e+08
3.876810000000000000e+07
2.052073600000000000e+07
2.025623520000000000e+08
2.186843200000000000e+07
2.256517250000000000e+06
1.354508160000000000e+08
3.792490000000000000e+07
1.178681520000000000e+08
5.446736400000000000e+07
2.975170000000000000e+07
4.162147250000000000e+06
3.384643500000000000e+06
5.426434500000000000e+06
1.540607750000000000e+06
2.497062800000000000e+07
9.067182000000000000e+06
9.806528125000000000e+05
3.546690500000000000e+06
3.792490000000000000e+07
1.861840375000000000e+06
3.892963600000000000e+07
3.359857600000000000e+07
2.511145250000000000e+06
4.503247265625000000e+04
2.196546093750000000e+05
1.414368125000000000e+05
8.897371000000000000e+06
2.587282250000000000e+06
4.028627750000000000e+06
2.328253000000000000e+06
3.490694800000000000e+07
7.465334000000000000e+06
2.660184000000000000e+06
1.124252700000000000e+07
1.637288700000000000e+07
1.699279600000000000e+07
2.891275750000000000e+06
4.852870800000000000e+07
2.591455750000000000e+06
1.840472250000000000e+06
1.028498687500000000e+06
8.126879375000000000e+05
1.746652960000000000e+08
2.634072812500000000e+05
3.450728500000000000e+06
1.891591200000000000e+07
8.897371000000000000e+06
4.184659375000000000e+05
7.193858750000000000e+05
9.542886875000000000e+05
2.295061750000000000e+06
2.526545200000000000e+07
2.400166406250000000e+05
9.785862500000000000e+05
7.291704500000000000e+06
1.738818875000000000e+06
9.848083750000000000e+05
3.286854000000000000e+06
2.497062800000000000e+07
1.262610058593750000e+04
1.611190063476562500e+03
2.432832421875000000e+04
2.295061750000000000e+06
1.146383750000000000e+05
2.711185000000000000e+06
2.586290750000000000e+06
4.627787000000000000e+06
4.511441000000000000e+06
1.549790200000000000e+07
2.691318250000000000e+06
8.897371000000000000e+06
1.182005750000000000e+06
3.052696250000000000e+05
2.592914250000000000e+06
7.583482000000000000e+06
9.001769000000000000e+06
3.893810937500000000e+05
4.780716500000000000e+06
8.924497000000000000e+06
2.148555750000000000e+06
6.846212500000000000e+06
8.924905000000000000e+06
1.506914700000000000e+07
9.281106000000000000e+06
5.973160500000000000e+06
1.788116800000000000e+07
1.618642800000000000e+07
3.137691650390625000e+03
1.064034453125000000e+05
1.460101875000000000e+06
1.088193125000000000e+06
4.797402812500000000e+05
6.517691875000000000e+05
4.539261562500000000e+05
2.472786400000000000e+07
9.688378125000000000e+05
3.110385937500000000e+05
4.292323000000000000e+06
1.354665000000000000e+07
1.382827750000000000e+06
7.138197656250000000e+04
5.944202500000000000e+06
2.497062800000000000e+07
3.702066000000000000e+07
1.104562625000000000e+06
3.446074400000000000e+07
3.188758000000000000e+07
1.642405700000000000e+07
1.759364400000000000e+07
3.740814000000000000e+07
1.751258800000000000e+07
1.085761250000000000e+06
4.240464375000000000e+05
1.781740400000000000e+07
1.522048125000000000e+06
1.421641125000000000e+06
1.055085250000000000e+06
7.210631875000000000e+05
6.849393000000000000e+06
1.629866750000000000e+06
9.662412500000000000e+05
3.057695000000000000e+06
1.637288700000000000e+07
5.560879375000000000e+05
3.391282500000000000e+05
2.291971250000000000e+06
1.420332200000000000e+07
4.755948750000000000e+05
4.308054500000000000e+06
5.931280000000000000e+06
1.635002500000000000e+06
1.203537250000000000e+06
4.250708125000000000e+05
7.055725625000000000e+05
2.928910000000000000e+07
2.445670500000000000e+06
3.202406875000000000e+05
7.518964000000000000e+06
6.849393000000000000e+06
5.249637200000000000e+07
3.455018800000000000e+07
1.592411800000000000e+07
1.637288700000000000e+07
4.196692500000000000e+05
3.173666562500000000e+05
7.770141000000000000e+06
4.627787000000000000e+06
9.638345625000000000e+05
7.663724500000000000e+06
2.723442500000000000e+06
4.627787000000000000e+06
3.318675500000000000e+06
2.646123500000000000e+06
1.115832000000000000e+06
3.792490000000000000e+07
4.573867000000000000e+06
3.356379062500000000e+05
2.285597500000000000e+06
1.947460312500000000e+05
1.145153437500000000e+05
9.074275000000000000e+06
1.825909687500000000e+05
1.805313200000000000e+07
8.604667000000000000e+06
1.852194000000000000e+07
1.855560400000000000e+07
3.338957750000000000e+06
7.314047500000000000e+05
4.849631250000000000e+05
1.710801750000000000e+06
4.493256500000000000e+06
3.173171200000000000e+07
1.063024750000000000e+06
7.003955500000000000e+06
1.995634560000000000e+08
3.290959500000000000e+06
8.922693000000000000e+06
2.992722400000000000e+07
5.862889000000000000e+06
8.243733500000000000e+06
2.250611000000000000e+06
5.861893500000000000e+06
6.215150400000000000e+07
2.156698000000000000e+06
1.081827109375000000e+05
3.341318000000000000e+07
6.017809200000000000e+07
3.247142000000000000e+06
4.408403600000000000e+07
3.520798000000000000e+07
9.174728000000000000e+06
1.809426000000000000e+07
2.986068750000000000e+06
7.473076500000000000e+06
8.897371000000000000e+06
2.276450250000000000e+06
2.066356375000000000e+06
8.897778000000000000e+06
1.746652960000000000e+08
1.722392400000000000e+07
4.659056562500000000e+05
1.185465760000000000e+08
1.637288700000000000e+07
9.662412500000000000e+05
1.024521406250000000e+05
9.516726000000000000e+06
5.626194000000000000e+06
6.761020625000000000e+05
1.719264400000000000e+07
5.584248000000000000e+06
3.924671200000000000e+07
2.162503515625000000e+04
4.732333984375000000e+04
9.663810156250000000e+04
8.045407500000000000e+05
1.124049687500000000e+05
1.686670400000000000e+07
1.100731750000000000e+06
1.751258800000000000e+07
2.486002000000000000e+06
5.636217968750000000e+04
2.215549750000000000e+06
8.591277000000000000e+06
3.929271250000000000e+05
2.544096093750000000e+05
5.213778437500000000e+05
1.849370000000000000e+07
1.759867600000000000e+07
2.215691200000000000e+07
1.714431200000000000e+07
2.012572000000000000e+08
3.303927187500000000e+05
2.538355500000000000e+06
8.422905000000000000e+06
5.432031500000000000e+06
1.983940400000000000e+07
2.115921500000000000e+06
5.422570000000000000e+06
1.628975100000000000e+07
2.128912250000000000e+06
1.002091812500000000e+06
5.577169500000000000e+06
1.333220200000000000e+07
3.493532187500000000e+05
1.355479687500000000e+05
4.326422187500000000e+05
5.240168125000000000e+05
5.281101250000000000e+05
1.039004937500000000e+06
4.217764500000000000e+06
2.497062800000000000e+07
3.315882250000000000e+06
2.997784000000000000e+07
1.230583700000000000e+07
3.066727500000000000e+06
2.344318542480468750e+02
9.535445312500000000e+03
5.682273925781250000e+03
3.066727500000000000e+06
7.198980712890625000e+02
2.694292968750000000e+04
8.507739257812500000e+03
3.924671200000000000e+07
2.148555750000000000e+06
3.428301600000000000e+07
3.925098000000000000e+07
6.637024000000000000e+07
2.413934000000000000e+07
2.569408400000000000e+07
4.570273200000000000e+07
1.746652960000000000e+08
5.457213125000000000e+05
3.855080312500000000e+05
3.340922800000000000e+07
6.287860400000000000e+07
3.652437200000000000e+07
6.948938400000000000e+07
5.333140800000000000e+07
1.059369125000000000e+06
7.364814375000000000e+05
3.282424250000000000e+06
6.272302500000000000e+05
1.696330560000000000e+08
9.138842400000000000e+07
4.170598250000000000e+06
1.517119040000000000e+08
5.354312500000000000e+06
8.352778750000000000e+05
4.968636000000000000e+07
3.487398000000000000e+06
1.746652960000000000e+08
1.188351500000000000e+07
4.242165200000000000e+07
1.524891040000000000e+08
8.924497000000000000e+06
1.584254625000000000e+06
2.418223281250000000e+05
2.194989750000000000e+06
2.161093600000000000e+07
1.197002600000000000e+07
7.589314375000000000e+05
1.868494800000000000e+07
6.849393000000000000e+06
2.115921500000000000e+06
2.250611000000000000e+06
6.844613500000000000e+06
1.067808700000000000e+07
3.996082800000000000e+07
8.676605000000000000e+06
1.813281600000000000e+07
1.746652960000000000e+08
3.892948400000000000e+07
3.952633125000000000e+05
1.221198960000000000e+08
2.472786400000000000e+07
9.756276250000000000e+05
2.753612187500000000e+05
1.069596400000000000e+07
2.071994000000000000e+07
1.495747000000000000e+07
2.169467000000000000e+06
3.211776000000000000e+07
8.360427000000000000e+06
1.596498750000000000e+06
2.509761500000000000e+06
3.768051750000000000e+06
1.751258800000000000e+07
1.392760500000000000e+06
2.823348750000000000e+06
9.740477000000000000e+06
3.302069750000000000e+06
1.997530000000000000e+07
2.066356375000000000e+06
3.302337250000000000e+06
1.795461200000000000e+07
2.157035000000000000e+06
1.132359500000000000e+07
8.045850500000000000e+06
5.983050400000000000e+07
5.896010000000000000e+06
3.620904400000000000e+07
5.237695600000000000e+07
2.497062800000000000e+07
2.623646000000000000e+07
1.398849250000000000e+06
1.660251500000000000e+07
1.023083500000000000e+07
1.478684600000000000e+07
3.469484750000000000e+06
1.905405600000000000e+07
4.114798250000000000e+06
5.603568750000000000e+05
5.265556250000000000e+05
1.216848875000000000e+06
8.163129500000000000e+06
2.526261250000000000e+06
1.147966625000000000e+06
1.472263875000000000e+06
8.897371000000000000e+06
2.132960250000000000e+06
1.057040500000000000e+07
3.525932400000000000e+07
3.066727500000000000e+06
5.306067000000000000e+06
1.261610125000000000e+06
1.152024500000000000e+06
2.497062800000000000e+07
1.000249500000000000e+07
3.878851200000000000e+07
1.880956400000000000e+07
3.792490000000000000e+07
5.284345600000000000e+07
7.073511500000000000e+06
6.298663600000000000e+07
2.876054000000000000e+06
1.671389218750000000e+05
1.527202375000000000e+06
1.749519125000000000e+06
4.627787000000000000e+06
8.485885625000000000e+05
1.451049750000000000e+06
2.938347250000000000e+06
3.792490000000000000e+07
2.276450250000000000e+06
3.428301600000000000e+07
3.793098000000000000e+07
3.792490000000000000e+07
3.370852800000000000e+07
2.250611000000000000e+06
3.745283600000000000e+07
4.627787000000000000e+06
1.692987792968750000e+03
6.707394409179687500e+02
4.114550292968750000e+03
6.849393000000000000e+06
5.529561875000000000e+05
9.853053125000000000e+05
2.472004000000000000e+06
2.511145250000000000e+06
3.012487812500000000e+05
7.703310000000000000e+05
5.366810000000000000e+05
1.088193125000000000e+06
1.837619375000000000e+05
5.015369140625000000e+04
2.679159765625000000e+04
3.792490000000000000e+07
3.401555908203125000e+03
5.968229492187500000e+03
2.745328750000000000e+05
6.849393000000000000e+06
2.187206000000000000e+06
2.356232500000000000e+06
6.937002000000000000e+06
1.088193125000000000e+06
5.383993359375000000e+04
1.033272109375000000e+05
5.048317578125000000e+04
3.302072750000000000e+06
5.533871250000000000e+05
4.145853250000000000e+06
8.180541875000000000e+05
