2.000177734375000000e+04
2.843423125000000000e+05
3.923521484375000000e+04
1.395673144531250000e+04
3.908886000000000000e+07
1.830026875000000000e+06
1.991948625000000000e+06
1.637538700000000000e+07
1.759686375000000000e+06
1.156044875000000000e+06
1.464433300781250000e+04
1.744877125000000000e+06
6.335649375000000000e+05
1.678224218750000000e+04
9.023483750000000000e+05
8.361912500000000000e+05
6.268232421875000000e+04
5.684396875000000000e+05
5.220318359375000000e+04
5.621658984375000000e+04
4.769445500000000000e+06
6.919353906250000000e+04
6.343539500000000000e+06
3.775987250000000000e+06
6.734443750000000000e+05
4.951744531250000000e+04
1.127240000000000000e+06
4.870330312500000000e+05
7.432902400000000000e+07
1.628022625000000000e+06
4.227429500000000000e+06
2.058039200000000000e+07
3.407310800000000000e+07
6.104019375000000000e+05
1.412997125000000000e+06
2.744637600000000000e+07
3.183489200000000000e+07
1.565024125000000000e+06
3.335482500000000000e+06
2.013849600000000000e+07
1.022669900000000000e+07
5.233506250000000000e+05
5.592775500000000000e+06
8.027257500000000000e+06
1.976590400000000000e+07
1.830730400000000000e+07
3.988621500000000000e+06
3.199437200000000000e+07
2.584081750000000000e+06
8.248068750000000000e+05
1.987877343750000000e+05
1.046425187500000000e+06
4.143177250000000000e+06
1.346706542968750000e+04
4.505468500000000000e+06
3.718382000000000000e+06
6.268202734375000000e+04
2.884437250000000000e+06
3.504717812500000000e+05
3.871442187500000000e+05
4.819880000000000000e+06
3.317507750000000000e+06
2.721261562500000000e+05
9.397532000000000000e+06
1.754656000000000000e+07
8.930230000000000000e+05
2.247400781250000000e+05
6.526642500000000000e+06
3.178123250000000000e+06
6.998334375000000000e+04
1.053260800000000000e+07
1.962200000000000000e+07
5.630359000000000000e+06
3.990261500000000000e+06
1.300090039062500000e+04
5.512167000000000000e+06
4.769445500000000000e+06
6.673737000000000000e+06
4.966431875000000000e+05
5.407171500000000000e+06
4.875899200000000000e+07
3.933249062500000000e+05
2.304317000000000000e+06
2.433042800000000000e+07
5.059872800000000000e+07
8.848370312500000000e+04
5.516751250000000000e+05
6.759718500000000000e+06
6.971523125000000000e+05
1.031641187500000000e+06
4.564773437500000000e+04
1.054778250000000000e+06
4.696414453125000000e+04
2.021341875000000000e+05
1.417361875000000000e+06
4.125120625000000000e+05
4.769445500000000000e+06
4.500066500000000000e+06
2.284831640625000000e+04
4.395751500000000000e+06
8.777861000000000000e+06
2.304317000000000000e+06
3.826425390625000000e+04
5.330249500000000000e+06
4.398090400000000000e+07
5.289236250000000000e+05
3.932907812500000000e+05
2.388351200000000000e+07
6.029305000000000000e+05
5.791728000000000000e+06
4.427378125000000000e+05
7.495524500000000000e+06
3.023065600000000000e+07
1.050897625000000000e+06
2.843170937500000000e+05
7.401532500000000000e+06
5.326037000000000000e+06
2.545806640625000000e+03
1.156588500000000000e+06
9.810175625000000000e+05
2.355526953125000000e+04
6.808267500000000000e+05
1.621234863281250000e+04
2.833002539062500000e+04
3.908886000000000000e+07
3.977483593750000000e+04
3.668095703125000000e+04
6.068115234375000000e+04
4.769445500000000000e+06
2.751811250000000000e+06
1.526815039062500000e+04
3.289387250000000000e+06
1.976590400000000000e+07
8.875319000000000000e+06
2.448104500000000000e+06
3.776112400000000000e+07
3.013615750000000000e+06
6.794400878906250000e+03
5.706944140625000000e+04
5.758609375000000000e+04
3.013615750000000000e+06
1.607740136718750000e+04
3.559713250000000000e+06
2.984408750000000000e+06
1.401361000000000000e+07
1.533403500000000000e+06
2.910377750000000000e+06
1.192670300000000000e+07
2.584081750000000000e+06
1.309011500000000000e+06
1.339358750000000000e+06
2.571352750000000000e+06
2.000177734375000000e+04
1.104921875000000000e+06
2.552403906250000000e+04
5.145749218750000000e+04
6.979901600000000000e+07
9.148179375000000000e+05
3.821645250000000000e+06
5.559176400000000000e+07
1.751566000000000000e+07
1.059796625000000000e+06
1.921986000000000000e+06
3.920953250000000000e+06
8.473190000000000000e+05
5.606555078125000000e+04
1.868029750000000000e+06
8.255174375000000000e+05
5.630359000000000000e+06
6.702190000000000000e+06
1.974616406250000000e+04
1.049995400000000000e+07
5.277768750000000000e+05
1.324992812500000000e+05
8.236220000000000000e+06
3.047307750000000000e+06
1.999809625000000000e+06
3.406641500000000000e+06
6.209607812500000000e+04
1.974839875000000000e+06
5.630359000000000000e+06
2.130514500000000000e+06
4.998850585937500000e+03
2.488443000000000000e+06
8.127120000000000000e+05
1.309011500000000000e+06
4.011418359375000000e+04
8.083593125000000000e+05
4.398090400000000000e+07
4.452512500000000000e+05
3.434597500000000000e+05
1.659355700000000000e+07
2.897508500000000000e+06
7.144950500000000000e+06
1.270416750000000000e+06
1.124355600000000000e+07
3.387578800000000000e+07
4.691194062500000000e+05
2.887803250000000000e+06
2.309476000000000000e+07
1.022669900000000000e+07
5.315122500000000000e+06
5.408625000000000000e+06
2.986421600000000000e+07
2.247870312500000000e+05
1.560324531250000000e+05
6.125865000000000000e+05
2.123506250000000000e+05
4.398090400000000000e+07
4.853841875000000000e+05
7.248683750000000000e+05
1.047774800000000000e+07
1.650824250000000000e+06
1.713152750000000000e+06
6.209607812500000000e+04
1.626247375000000000e+06
5.630359000000000000e+06
2.960438281250000000e+04
4.406122500000000000e+06
4.564102500000000000e+06
1.022669900000000000e+07
4.338938125000000000e+05
3.479060000000000000e+06
2.038462875000000000e+06
1.492503800000000000e+07
3.374398000000000000e+06
1.538170750000000000e+06
1.286837100000000000e+07
9.790263000000000000e+06
2.884393250000000000e+06
1.963006625000000000e+06
8.686905000000000000e+06
3.908886000000000000e+07
4.457342000000000000e+06
2.062914625000000000e+06
3.703598800000000000e+07
7.432902400000000000e+07
1.113609500000000000e+07
5.647223500000000000e+06
6.601119200000000000e+07
5.084736800000000000e+07
1.424476171875000000e+04
2.396200781250000000e+04
5.624605000000000000e+05
8.473190000000000000e+05
4.929458500000000000e+06
1.662673750000000000e+05
4.807192500000000000e+06
1.577264500000000000e+07
2.721490250000000000e+06
1.684470875000000000e+06
1.722497200000000000e+07
1.022669900000000000e+07
1.317806000000000000e+07
1.779644800000000000e+07
3.544549600000000000e+07
3.908886000000000000e+07
1.955202400000000000e+07
7.098745500000000000e+06
5.739802000000000000e+07
2.000177734375000000e+04
8.971519375000000000e+05
1.236997109375000000e+05
5.425036718750000000e+04
5.168358000000000000e+07
1.868996289062500000e+04
3.500804296875000000e+04
5.869620312500000000e+04
3.333560937500000000e+04
9.549954101562500000e+03
7.429723750000000000e+05
2.460365820312500000e+04
3.908886000000000000e+07
1.953696400000000000e+07
7.091316000000000000e+06
5.739813600000000000e+07
1.591077250000000000e+06
1.353539875000000000e+06
8.425826562500000000e+04
2.839601750000000000e+06
4.769445500000000000e+06
1.841813085937500000e+04
3.008900500000000000e+06
6.120376500000000000e+06
1.401361000000000000e+07
2.887099062500000000e+05
9.602856875000000000e+05
3.357644500000000000e+06
4.819880000000000000e+06
7.507370605468750000e+03
3.218070750000000000e+06
5.897994500000000000e+06
5.630359000000000000e+06
1.335470117187500000e+04
4.039188000000000000e+06
5.676716000000000000e+06
4.875899200000000000e+07
1.772262000000000000e+06
1.091120900000000000e+07
5.863647600000000000e+07
3.908886000000000000e+07
4.039461750000000000e+06
3.581905750000000000e+06
3.893208400000000000e+07
4.561668800000000000e+07
1.974160000000000000e+06
7.038427500000000000e+05
2.234756000000000000e+07
5.630359000000000000e+06
4.350583007812500000e+03
2.010804125000000000e+06
2.380045250000000000e+06
3.908886000000000000e+07
2.376926750000000000e+06
2.568519500000000000e+06
2.528642400000000000e+07
9.790263000000000000e+06
1.137160750000000000e+06
3.597256000000000000e+06
9.767416000000000000e+06
1.022669900000000000e+07
5.901849000000000000e+06
7.601533000000000000e+06
2.915305600000000000e+07
4.769445500000000000e+06
3.597256000000000000e+06
1.327488964843750000e+04
4.764131500000000000e+06
9.516586400000000000e+07
7.734676875000000000e+05
3.185127812500000000e+05
7.365936500000000000e+06
1.617127600000000000e+07
7.036105468750000000e+04
3.943415937500000000e+05
2.312268250000000000e+06
2.787287750000000000e+06
2.341427187500000000e+05
1.861542250000000000e+06
1.123568700000000000e+07
9.175183000000000000e+06
8.054049500000000000e+06
8.475321000000000000e+06
1.158476600000000000e+07
3.265304800000000000e+07
9.758649375000000000e+05
8.717755000000000000e+05
1.716754400000000000e+07
8.473190000000000000e+05
1.008277687500000000e+06
6.369053710937500000e+03
4.270451250000000000e+05
5.618425000000000000e+06
2.261640250000000000e+06
1.756569375000000000e+06
5.617058500000000000e+06
9.309455000000000000e+06
9.102704000000000000e+06
3.661289000000000000e+06
2.555654800000000000e+07
3.448702000000000000e+06
9.804690000000000000e+06
6.265843600000000000e+07
5.063293440000000000e+08
3.640578800000000000e+07
6.367486875000000000e+05
1.819323125000000000e+06
3.473188800000000000e+07
2.026627200000000000e+07
2.568785156250000000e+04
7.600998437500000000e+04
1.385427656250000000e+05
3.508818000000000000e+07
9.208540625000000000e+05
5.493488125000000000e+05
6.753165000000000000e+06
4.980934500000000000e+06
6.364257500000000000e+05
3.097478000000000000e+07
1.101867120000000000e+08
2.270379882812500000e+04
2.063266210937500000e+04
5.713212500000000000e+05
2.432405664062500000e+04
4.769445500000000000e+06
2.155230000000000000e+05
2.000290400000000000e+07
2.474994800000000000e+07
6.255283500000000000e+06
1.766803125000000000e+04
1.890438875000000000e+06
7.089314500000000000e+06
6.971523125000000000e+05
1.237222343750000000e+05
9.248132000000000000e+06
1.180740500000000000e+06
4.769445500000000000e+06
3.385925500000000000e+06
9.005075195312500000e+03
3.164401750000000000e+06
6.395049000000000000e+06
1.814291625000000000e+06
8.844167000000000000e+06
4.733693000000000000e+06
1.492503800000000000e+07
5.064596000000000000e+06
8.754077000000000000e+06
3.829985200000000000e+07
7.276904687500000000e+04
1.708962187500000000e+05
1.871564000000000000e+06
4.493138437500000000e+05
4.875899200000000000e+07
1.911768800000000000e+07
1.355480125000000000e+06
1.705970560000000000e+08
2.584081750000000000e+06
1.277419375000000000e+06
1.036777937500000000e+06
3.281754500000000000e+06
2.000177734375000000e+04
1.639437000000000000e+06
9.416064843750000000e+04
1.501407812500000000e+05
1.492503800000000000e+07
8.053012500000000000e+06
8.818454000000000000e+06
5.250868800000000000e+07
3.183489200000000000e+07
2.064120875000000000e+06
6.931077500000000000e+05
5.824963500000000000e+06
3.874644000000000000e+07
2.197387750000000000e+06
2.308984750000000000e+06
1.967232400000000000e+07
6.971523125000000000e+05
1.110635864257812500e+03
3.702076875000000000e+05
6.242877734375000000e+04
3.183489200000000000e+07
2.258332000000000000e+06
3.580044750000000000e+06
3.140686400000000000e+07
1.022669900000000000e+07
7.506061500000000000e+06
5.779153500000000000e+06
2.888031600000000000e+07
1.492503800000000000e+07
3.969507250000000000e+06
9.584778750000000000e+05
3.281851500000000000e+06
1.853899250000000000e+06
8.931113281250000000e+03
8.920314375000000000e+05
1.116479125000000000e+06
9.309455000000000000e+06
4.065688250000000000e+06
4.070916406250000000e+04
9.309686000000000000e+06
1.380624700000000000e+07
1.609385750000000000e+06
2.608594500000000000e+06
1.592165800000000000e+07
4.946330400000000000e+07
2.352842968750000000e+05
9.910255625000000000e+05
7.417615500000000000e+06
1.061673600000000000e+07
1.017466812500000000e+06
1.836725125000000000e+06
2.336182500000000000e+06
2.341205200000000000e+07
2.459655750000000000e+06
3.901482812500000000e+05
8.156693000000000000e+06
6.245464400000000000e+07
1.974598875000000000e+06
4.492538125000000000e+05
2.775645600000000000e+07
6.971523125000000000e+05
3.908735546875000000e+04
5.387311875000000000e+05
3.045170937500000000e+05
4.143177250000000000e+06
7.739939843750000000e+04
1.953864000000000000e+07
2.375385200000000000e+07
1.976590400000000000e+07
2.257595500000000000e+06
3.180617187500000000e+05
1.540471400000000000e+07
5.361198400000000000e+07
8.907222500000000000e+05
5.199091562500000000e+05
3.581014000000000000e+07
3.908886000000000000e+07
2.225485500000000000e+06
2.304317000000000000e+06
1.986193200000000000e+07
4.875899200000000000e+07
3.088191562500000000e+05
7.937840625000000000e+05
1.273896600000000000e+07
1.559798900000000000e+07
3.984139375000000000e+05
1.761656000000000000e+06
6.601807000000000000e+06
3.777740800000000000e+07
1.467472500000000000e+06
2.849903437500000000e+05
1.852692000000000000e+07
8.475535937500000000e+04
1.049724140625000000e+05
3.346261250000000000e+06
3.916816250000000000e+05
3.908886000000000000e+07
1.908803200000000000e+07
1.217995100000000000e+07
1.504770240000000000e+08
4.875899200000000000e+07
1.249539125000000000e+06
2.529170156250000000e+05
1.983792800000000000e+07
1.022669900000000000e+07
3.858780937500000000e+05
8.655472000000000000e+06
1.334181900000000000e+07
1.022669900000000000e+07
3.364148000000000000e+06
1.734077600000000000e+07
1.225281200000000000e+07
4.769445500000000000e+06
4.421327734375000000e+04
3.396873750000000000e+06
2.049521250000000000e+06
7.667239200000000000e+07
5.834954500000000000e+06
8.493186000000000000e+06
5.345871600000000000e+07
1.591077250000000000e+06
1.377931875000000000e+06
1.308658984375000000e+04
1.609577500000000000e+06
3.602154000000000000e+07
1.350989687500000000e+05
1.133289250000000000e+06
4.273416000000000000e+06
4.387237812500000000e+05
8.873146875000000000e+04
5.135876000000000000e+06
6.380878500000000000e+06
2.110353125000000000e+04
3.079831500000000000e+06
4.733040312500000000e+05
5.206707812500000000e+05
1.617127600000000000e+07
1.339358750000000000e+06
3.559713250000000000e+06
1.597263500000000000e+07
1.220239531250000000e+05
3.981375122070312500e+02
4.861119375000000000e+05
2.128258984375000000e+04
9.026918750000000000e+04
9.654168750000000000e+05
3.090144726562500000e+04
9.483041406250000000e+04
1.513811300000000000e+07
2.619486250000000000e+06
2.457831500000000000e+06
5.520747500000000000e+06
1.492503800000000000e+07
3.601014250000000000e+06
1.320280000000000000e+06
1.492483900000000000e+07
2.000177734375000000e+04
7.005124023437500000e+03
4.189011250000000000e+05
1.340137500000000000e+04
4.875899200000000000e+07
2.304317000000000000e+06
3.933249062500000000e+05
2.433042800000000000e+07
8.455616875000000000e+05
1.713152750000000000e+06
1.279763867187500000e+04
8.261436250000000000e+05
5.630359000000000000e+06
2.545806640625000000e+03
1.351045875000000000e+06
1.635258375000000000e+06
3.305326800000000000e+07
5.830765500000000000e+06
3.502520250000000000e+06
6.562917200000000000e+07
1.976590400000000000e+07
2.198205250000000000e+06
3.798665937500000000e+05
1.061890400000000000e+07
5.115749600000000000e+07
6.927771875000000000e+04
3.203368945312500000e+04
1.054035625000000000e+05
5.400621000000000000e+06
1.954195600000000000e+07
1.097102343750000000e+05
3.862793200000000000e+07
1.236402656250000000e+05
6.023857000000000000e+06
4.463945312500000000e+05
1.311963500000000000e+06
5.705340500000000000e+06
6.209607812500000000e+04
3.990261500000000000e+06
5.635866000000000000e+06
6.627094000000000000e+07
9.587283125000000000e+05
3.686097000000000000e+06
2.437743600000000000e+07
1.552651300000000000e+07
7.376643500000000000e+06
7.123580000000000000e+06
6.119318000000000000e+07
4.986370400000000000e+07
5.967535500000000000e+06
5.056522000000000000e+06
1.803265600000000000e+07
6.971523125000000000e+05
6.067363000000000000e+06
4.445791875000000000e+05
4.491072000000000000e+06
8.127120000000000000e+05
4.906456640625000000e+04
2.230390625000000000e+02
1.889476367187500000e+04
8.127120000000000000e+05
3.671707421875000000e+04
7.092645874023437500e+02
2.418966992187500000e+04
5.630359000000000000e+06
4.065688250000000000e+06
1.325654296875000000e+04
5.630332500000000000e+06
4.359530500000000000e+06
1.886234531250000000e+05
5.594935500000000000e+06
1.453105100000000000e+07
2.000177734375000000e+04
6.479335546875000000e+04
4.602472500000000000e+05
3.492983984375000000e+04
4.407627000000000000e+06
7.049227500000000000e+06
1.443822031250000000e+05
7.833592500000000000e+06
9.175183000000000000e+06
6.731554000000000000e+06
4.753616000000000000e+06
8.289481500000000000e+06
1.139955937500000000e+05
1.314382812500000000e+04
1.117398500000000000e+06
9.315207812500000000e+04
1.005655600000000000e+07
5.334434500000000000e+06
4.842567500000000000e+06
2.060164000000000000e+07
2.000177734375000000e+04
1.848419375000000000e+06
1.686417187500000000e+05
1.659969218750000000e+05
9.309455000000000000e+06
5.259958496093750000e+03
7.019778125000000000e+05
1.243841875000000000e+06
1.990615200000000000e+07
2.146180500000000000e+06
2.766623125000000000e+05
2.151986800000000000e+07
3.908886000000000000e+07
3.990261500000000000e+06
3.559713250000000000e+06
3.873240000000000000e+07
4.546538500000000000e+06
2.804459250000000000e+06
1.431217656250000000e+05
3.610243750000000000e+06
2.000177734375000000e+04
9.005977539062500000e+03
4.563964375000000000e+05
1.486723242187500000e+04
2.341205200000000000e+07
2.827911000000000000e+06
4.544892187500000000e+05
1.024161200000000000e+07
1.272383700000000000e+07
5.565061000000000000e+06
1.362468250000000000e+06
7.504072000000000000e+06
3.970438750000000000e+06
5.182606875000000000e+05
9.675489044189453125e+01
1.871662812500000000e+05
1.976590400000000000e+07
7.563988750000000000e+05
5.773518000000000000e+06
1.052485800000000000e+07
2.043681500000000000e+06
6.290389843750000000e+04
1.320280000000000000e+06
2.043691250000000000e+06
1.877067600000000000e+07
4.107447812500000000e+05
2.092451375000000000e+06
1.089781500000000000e+07
3.344388500000000000e+06
2.014041600000000000e+07
5.465927500000000000e+05
2.694104000000000000e+07
6.971523125000000000e+05
1.387471093750000000e+04
1.100638250000000000e+06
5.823351875000000000e+05
4.398090400000000000e+07
1.356794125000000000e+06
4.826191500000000000e+06
5.340103600000000000e+07
5.159493200000000000e+07
1.535950125000000000e+06
3.561200000000000000e+05
2.881176400000000000e+07
1.797023600000000000e+07
2.349989750000000000e+06
2.478694000000000000e+06
4.004847500000000000e+06
1.492503800000000000e+07
3.820391750000000000e+06
2.236792500000000000e+06
1.122994700000000000e+07
8.127120000000000000e+05
2.394122031250000000e+05
8.645630000000000000e+06
1.843384750000000000e+06
6.971523125000000000e+05
4.685798400000000000e+07
6.576188125000000000e+05
1.499105700000000000e+07
4.769445500000000000e+06
1.493590625000000000e+04
3.156908500000000000e+06
3.674248500000000000e+06
5.426655625000000000e+05
8.704579375000000000e+05
2.084573906250000000e+05
1.605738500000000000e+06
1.022669900000000000e+07
5.058634500000000000e+06
1.125216500000000000e+06
1.051247900000000000e+07
4.769445500000000000e+06
3.601014250000000000e+06
1.325654296875000000e+04
4.769669000000000000e+06
4.769445500000000000e+06
1.300090039062500000e+04
3.559713250000000000e+06
4.721208500000000000e+06
1.022669900000000000e+07
1.075258875000000000e+06
4.571051875000000000e+05
6.082473125000000000e+05
3.908886000000000000e+07
1.290742750000000000e+06
1.676331625000000000e+06
1.449000600000000000e+07
6.395049000000000000e+06
1.454671900000000000e+07
1.408529200000000000e+07
2.691294800000000000e+07
1.061673600000000000e+07
1.236733007812500000e+04
5.190333984375000000e+04
1.116544140625000000e+05
4.769445500000000000e+06
1.386276625000000000e+06
3.358389160156250000e+03
2.365301500000000000e+06
3.908886000000000000e+07
4.067751500000000000e+06
3.597256000000000000e+06
3.903610800000000000e+07
1.061673600000000000e+07
1.037767062500000000e+06
2.581318250000000000e+06
1.643400500000000000e+06
2.043707000000000000e+06
3.402173437500000000e+05
1.662927148437500000e+04
5.778711250000000000e+05
