2.088858400000000000e+07
4.849162000000000000e+06
5.087622812500000000e+05
2.009858800000000000e+07
1.226224240000000000e+08
5.259164500000000000e+06
2.416033281250000000e+05
1.691328400000000000e+07
5.028980000000000000e+06
5.909339375000000000e+05
3.673463125000000000e+05
1.067910600000000000e+07
2.852888400000000000e+07
2.769205000000000000e+05
1.161984200000000000e+07
1.828507600000000000e+07
1.059338000000000000e+08
7.150335500000000000e+06
3.595349250000000000e+06
1.146383520000000000e+08
2.310551200000000000e+07
2.439281250000000000e+06
2.398669920000000000e+08
2.307878720000000000e+08
7.028195200000000000e+07
4.342171250000000000e+05
7.534440500000000000e+06
5.198329500000000000e+06
1.583190000000000000e+07
2.741148000000000000e+07
1.967563000000000000e+06
2.357385600000000000e+07
7.887101250000000000e+05
7.769400000000000000e+06
1.892710625000000000e+05
5.857483750000000000e+05
5.035111600000000000e+07
8.125025000000000000e+06
1.396931100000000000e+07
3.040993600000000000e+07
1.449556200000000000e+07
5.463317500000000000e+06
9.373047500000000000e+05
2.824347750000000000e+06
1.682202080000000000e+08
1.804285120000000000e+08
2.495234400000000000e+07
5.564547200000000000e+08
9.186600000000000000e+06
2.340029882812500000e+04
1.468376875000000000e+06
3.123292187500000000e+05
1.875475200000000000e+07
4.817649375000000000e+05
8.552653125000000000e+05
2.452523200000000000e+07
1.059331920000000000e+08
2.896322800000000000e+07
1.549580400000000000e+07
2.081442240000000000e+08
1.663104000000000000e+07
1.812244400000000000e+07
6.441476250000000000e+05
2.647736000000000000e+07
1.938789600000000000e+08
4.673888000000000000e+06
1.266819875000000000e+06
1.599898000000000000e+07
2.855523200000000000e+07
3.614715000000000000e+05
7.708987200000000000e+07
3.575888000000000000e+07
1.915641600000000000e+07
1.011274625000000000e+06
2.453680156250000000e+05
1.933581200000000000e+07
2.310551200000000000e+07
8.848416000000000000e+07
3.947298400000000000e+07
1.667462720000000000e+08
1.654536100000000000e+07
2.293832000000000000e+06
1.666518750000000000e+05
3.439157500000000000e+06
2.828533600000000000e+07
4.442109765625000000e+04
1.885439000000000000e+06
2.241101750000000000e+06
9.893400800000000000e+07
1.793318800000000000e+07
6.423343000000000000e+06
1.883243200000000000e+07
2.570486800000000000e+07
2.206935312500000000e+05
6.659959500000000000e+06
9.379983000000000000e+06
2.310551200000000000e+07
9.772004800000000000e+07
6.685477500000000000e+05
1.028972720000000000e+08
1.697472000000000000e+07
1.666518750000000000e+05
7.361254375000000000e+05
5.815582500000000000e+06
1.337000240000000000e+08
1.390463500000000000e+07
2.293705250000000000e+06
5.890124000000000000e+07
3.279729600000000000e+07
1.260994375000000000e+06
4.488393125000000000e+05
4.489697000000000000e+06
4.289054375000000000e+05
2.044332500000000000e+05
4.071570750000000000e+06
6.310925000000000000e+05
4.112832000000000000e+07
7.761789550781250000e+03
1.464940250000000000e+06
1.250464250000000000e+06
3.042618000000000000e+07
4.424543600000000000e+07
3.107360250000000000e+06
2.032392160000000000e+08
1.226224240000000000e+08
1.167454199218750000e+04
7.608297851562500000e+03
6.856285644531250000e+03
2.310551200000000000e+07
4.165084400000000000e+07
1.942410250000000000e+06
4.568382000000000000e+07
1.682202080000000000e+08
5.014805120000000000e+08
2.609507200000000000e+07
9.111642240000000000e+08
1.405456500000000000e+07
7.583787597656250000e+03
2.066554882812500000e+04
1.317281835937500000e+04
1.405456500000000000e+07
1.816686375000000000e+06
2.021276800000000000e+07
1.418778000000000000e+07
3.529343600000000000e+07
1.159624000000000000e+07
1.855440000000000000e+07
2.124227200000000000e+07
9.186600000000000000e+06
3.588733600000000000e+07
5.217130937500000000e+05
9.294197000000000000e+06
2.088858400000000000e+07
1.609125000000000000e+07
3.148601000000000000e+06
1.908322800000000000e+07
1.757030400000000000e+07
3.664492500000000000e+06
5.262433750000000000e+05
8.436926000000000000e+06
1.221617600000000000e+07
1.253919000000000000e+06
1.770390125000000000e+06
4.481317000000000000e+06
2.072980375000000000e+06
5.385164375000000000e+05
1.294484453125000000e+05
2.638654250000000000e+06
1.915641600000000000e+07
1.914633500000000000e+06
2.762294687500000000e+05
3.387326800000000000e+07
8.494806000000000000e+06
2.889693250000000000e+06
2.815566800000000000e+07
1.010709100000000000e+07
6.148238800000000000e+07
2.463418400000000000e+07
4.196167500000000000e+06
6.144053600000000000e+07
1.915641600000000000e+07
5.352278750000000000e+05
1.566828906250000000e+05
1.061499500000000000e+07
3.509876000000000000e+07
3.588733600000000000e+07
1.040099437500000000e+06
3.525434800000000000e+07
1.337000240000000000e+08
6.002386000000000000e+06
1.154076375000000000e+06
2.575669200000000000e+07
2.887337600000000000e+07
8.247468500000000000e+06
3.007360000000000000e+06
1.171687400000000000e+07
1.517231840000000000e+08
3.220004750000000000e+06
2.921796000000000000e+07
7.541432800000000000e+07
1.449556200000000000e+07
3.574170250000000000e+06
1.729998000000000000e+07
1.962420800000000000e+07
1.784237440000000000e+08
2.047297968750000000e+05
1.569759625000000000e+06
1.518229700000000000e+07
1.337000240000000000e+08
3.420894400000000000e+07
1.003712500000000000e+07
3.546652800000000000e+07
5.409007000000000000e+06
2.744470312500000000e+05
4.196167500000000000e+06
5.445870500000000000e+06
1.915641600000000000e+07
2.490980312500000000e+05
2.637637500000000000e+05
9.948384000000000000e+06
1.449556200000000000e+07
2.782361875000000000e+05
5.092646484375000000e+04
1.450269375000000000e+05
1.410866720000000000e+08
1.931720000000000000e+07
4.094649200000000000e+07
1.614872320000000000e+08
4.630589200000000000e+07
1.488924000000000000e+07
1.184495500000000000e+07
4.478637600000000000e+07
1.226224240000000000e+08
4.947336500000000000e+06
1.782726406250000000e+05
1.009023700000000000e+07
1.583190000000000000e+07
1.529400375000000000e+06
2.533963200000000000e+07
2.409232800000000000e+07
5.936475000000000000e+05
7.080553125000000000e+04
2.973404062500000000e+05
2.061276250000000000e+05
2.072980375000000000e+06
7.609461875000000000e+05
3.678602500000000000e+05
1.265950250000000000e+06
1.458642000000000000e+07
1.325057300000000000e+07
4.044036750000000000e+06
6.070071500000000000e+06
1.449556200000000000e+07
5.084911600000000000e+07
7.771089000000000000e+06
3.183355200000000000e+07
1.226224240000000000e+08
5.731271000000000000e+06
2.632630400000000000e+08
2.134516320000000000e+08
2.088858400000000000e+07
6.336223500000000000e+06
2.821128125000000000e+05
1.791647200000000000e+07
1.709555600000000000e+07
4.899362792968750000e+03
2.833228027343750000e+03
3.699505126953125000e+03
3.069928400000000000e+07
2.642511875000000000e+05
3.100425000000000000e+06
1.918900000000000000e+07
1.226224240000000000e+08
5.727195500000000000e+06
2.630672960000000000e+08
2.134947680000000000e+08
5.734425500000000000e+06
8.033592500000000000e+05
1.377574062500000000e+05
5.056585000000000000e+06
2.310551200000000000e+07
3.201011562500000000e+05
1.681880400000000000e+07
1.437527000000000000e+07
3.529343600000000000e+07
4.701828515625000000e+04
6.269641250000000000e+05
1.740902968750000000e+05
1.663104000000000000e+07
1.855958906250000000e+05
2.454362000000000000e+07
2.143196000000000000e+07
1.915641600000000000e+07
2.438601093750000000e+05
1.001894062500000000e+06
1.935463200000000000e+07
1.654536100000000000e+07
2.760277250000000000e+06
1.596281125000000000e+06
1.540337500000000000e+06
1.226224240000000000e+08
1.001924562500000000e+06
2.009640400000000000e+07
1.237740560000000000e+08
1.012891800000000000e+07
9.309508000000000000e+06
5.745209500000000000e+06
6.645278500000000000e+06
1.915641600000000000e+07
1.529761093750000000e+05
5.384291875000000000e+05
1.087632300000000000e+07
1.226224240000000000e+08
3.105220000000000000e+05
8.308848500000000000e+06
3.318352000000000000e+07
4.630589200000000000e+07
1.476382300000000000e+07
1.728912800000000000e+07
4.495266000000000000e+07
1.449556200000000000e+07
2.161829500000000000e+06
1.780734800000000000e+07
1.273179900000000000e+07
2.310551200000000000e+07
1.728912800000000000e+07
2.499403906250000000e+05
2.302763600000000000e+07
9.584366250000000000e+05
2.191775976562500000e+04
2.535712968750000000e+05
3.413094921875000000e+04
2.114699200000000000e+07
1.521235058593750000e+04
6.285913750000000000e+05
4.338809687500000000e+05
3.321088250000000000e+06
5.296289500000000000e+06
2.103257031250000000e+05
7.622033000000000000e+06
3.599527500000000000e+06
6.672547000000000000e+06
4.766324062500000000e+05
1.378257875000000000e+06
2.528479840000000000e+08
2.146096500000000000e+06
2.223703500000000000e+06
3.505380000000000000e+07
2.072980375000000000e+06
1.644701406250000000e+05
1.705336562500000000e+05
1.407731375000000000e+06
6.155620625000000000e+05
1.038029900000000000e+07
2.876589687500000000e+05
5.982407500000000000e+05
1.613362900000000000e+07
3.547708125000000000e+05
3.527116250000000000e+05
3.606835937500000000e+05
6.026184500000000000e+06
1.581845000000000000e+06
2.671726750000000000e+06
1.228215500000000000e+07
6.854513600000000000e+07
8.584307000000000000e+06
4.106644250000000000e+06
2.383313600000000000e+07
4.073088800000000000e+07
1.358279843750000000e+05
1.262390156250000000e+05
4.288203750000000000e+05
1.685539040000000000e+08
2.764479000000000000e+06
3.678444140625000000e+04
3.365299750000000000e+06
1.111561600000000000e+07
4.904465000000000000e+06
1.810092000000000000e+07
1.559642080000000000e+08
3.393049600000000000e+07
2.707771562500000000e+05
2.517197250000000000e+06
3.977369600000000000e+07
2.310551200000000000e+07
3.316851875000000000e+05
4.453873600000000000e+07
4.248748800000000000e+07
3.681179000000000000e+06
2.314261093750000000e+05
1.611028125000000000e+05
1.184645250000000000e+06
9.893400800000000000e+07
2.301875312500000000e+05
6.227136500000000000e+06
6.485147000000000000e+06
2.310551200000000000e+07
1.376509700000000000e+07
2.062800156250000000e+05
2.127256000000000000e+07
9.371721000000000000e+06
2.189439531250000000e+05
9.759382031250000000e+04
1.368799843750000000e+05
1.410866720000000000e+08
1.122604800000000000e+07
3.143209200000000000e+07
5.155607600000000000e+07
1.341915520000000000e+08
2.927885750000000000e+06
1.406486300000000000e+07
1.214465200000000000e+08
1.654536100000000000e+07
5.631766500000000000e+06
1.260518500000000000e+07
1.397784000000000000e+07
9.186600000000000000e+06
1.170544625000000000e+06
9.335184000000000000e+06
5.286595500000000000e+06
2.088858400000000000e+07
9.378408000000000000e+06
2.910924750000000000e+06
3.739826750000000000e+06
1.410866720000000000e+08
4.156616800000000000e+07
7.798455000000000000e+06
4.404394800000000000e+07
5.035111600000000000e+07
2.280154800000000000e+07
1.163146000000000000e+07
1.082088900000000000e+07
1.279141760000000000e+08
4.406669000000000000e+06
1.629031875000000000e+05
1.741090800000000000e+07
9.893400800000000000e+07
6.683053710937500000e+03
1.457854687500000000e+05
6.402793125000000000e+05
5.035111600000000000e+07
8.750696000000000000e+06
1.050690600000000000e+07
3.095546800000000000e+07
1.449556200000000000e+07
1.794858800000000000e+07
2.198658000000000000e+06
1.290506800000000000e+07
1.410866720000000000e+08
8.927016000000000000e+06
1.261855625000000000e+06
9.136100000000000000e+06
1.201062875000000000e+06
4.655943125000000000e+05
5.233153515625000000e+04
3.791163437500000000e+05
1.613362900000000000e+07
9.976672500000000000e+05
1.039671000000000000e+06
1.613196800000000000e+07
8.986850400000000000e+07
8.943124375000000000e+05
5.324786400000000000e+07
1.255755920000000000e+08
1.821048800000000000e+07
2.583667187500000000e+05
2.028463671875000000e+04
1.817331406250000000e+05
3.249949000000000000e+06
2.009492187500000000e+05
5.816248500000000000e+06
1.056952375000000000e+06
2.186906880000000000e+08
6.705936500000000000e+06
2.669590000000000000e+06
8.888946400000000000e+07
1.801340400000000000e+07
1.531490937500000000e+05
2.511689250000000000e+06
4.189885750000000000e+06
9.893400800000000000e+07
2.543978000000000000e+06
4.522088400000000000e+07
1.589763360000000000e+08
1.875475200000000000e+07
3.310258250000000000e+06
5.727610500000000000e+06
5.544849200000000000e+07
1.682202080000000000e+08
1.213322900000000000e+07
3.947065750000000000e+06
1.026428320000000000e+08
5.808514000000000000e+07
1.336117400000000000e+07
1.641957900000000000e+07
3.049805200000000000e+07
1.226224240000000000e+08
4.764104000000000000e+06
1.666518750000000000e+05
1.710625600000000000e+07
1.654536100000000000e+07
5.357063750000000000e+05
3.638942187500000000e+04
9.442103125000000000e+05
1.128948480000000000e+08
6.918489000000000000e+06
7.020567000000000000e+06
1.524398700000000000e+07
1.499303000000000000e+07
1.116331600000000000e+07
1.353798750000000000e+05
4.996229500000000000e+06
2.810367600000000000e+07
4.302861562500000000e+05
1.321609125000000000e+06
5.055205500000000000e+06
1.226224240000000000e+08
4.580736800000000000e+07
3.437918250000000000e+06
2.521592800000000000e+08
1.654536100000000000e+07
3.553722187500000000e+05
3.085158250000000000e+06
6.880930000000000000e+06
1.449556200000000000e+07
3.106933200000000000e+07
2.397303500000000000e+06
7.358509000000000000e+06
1.449556200000000000e+07
4.761106500000000000e+06
1.652370750000000000e+06
1.627921750000000000e+06
2.310551200000000000e+07
2.478664843750000000e+05
1.604122000000000000e+06
6.633039500000000000e+06
3.602013750000000000e+06
1.341577000000000000e+07
8.774552000000000000e+07
9.832595000000000000e+06
5.734425500000000000e+06
6.712195000000000000e+05
3.252266875000000000e+05
5.647385000000000000e+06
7.261799200000000000e+07
2.247822500000000000e+06
2.536519000000000000e+06
3.752699250000000000e+06
2.440493200000000000e+07
1.528102750000000000e+06
2.411329200000000000e+07
7.276065600000000000e+07
2.393280400000000000e+07
8.154151875000000000e+05
1.920730156250000000e+05
2.628926250000000000e+06
2.114699200000000000e+07
5.217130937500000000e+05
2.021276800000000000e+07
2.108166800000000000e+07
6.750265600000000000e+07
9.688745312500000000e+04
6.423710000000000000e+05
1.088628400000000000e+07
2.433522240000000000e+08
8.454095200000000000e+07
1.193287343750000000e+05
5.804374400000000000e+08
4.364205200000000000e+07
1.421416200000000000e+07
9.334841250000000000e+05
4.908164800000000000e+07
1.410866720000000000e+08
2.018483600000000000e+07
3.561335200000000000e+07
1.410950080000000000e+08
2.088858400000000000e+07
1.862030937500000000e+05
5.903459000000000000e+06
2.537963200000000000e+07
1.654536100000000000e+07
1.666518750000000000e+05
2.293832000000000000e+06
3.439157500000000000e+06
2.254897250000000000e+06
2.744470312500000000e+05
3.303923750000000000e+05
2.267103750000000000e+06
1.915641600000000000e+07
7.761789550781250000e+03
4.039821093750000000e+04
9.723550000000000000e+04
1.828483200000000000e+07
1.329862800000000000e+07
1.826416000000000000e+07
3.128597200000000000e+07
1.682202080000000000e+08
2.144519250000000000e+06
7.865934375000000000e+05
1.742732000000000000e+07
5.413624400000000000e+07
2.025552800000000000e+07
6.941223500000000000e+06
1.217110300000000000e+07
7.124442500000000000e+06
5.728528000000000000e+06
2.267904000000000000e+06
1.955512000000000000e+07
1.805975680000000000e+08
3.967131000000000000e+06
5.017280000000000000e+05
3.926064000000000000e+07
2.174183200000000000e+07
4.196211500000000000e+06
1.011274625000000000e+06
2.185421200000000000e+07
1.415755800000000000e+07
3.876189500000000000e+06
1.258251796875000000e+05
1.443550875000000000e+06
1.232783440000000000e+08
3.384811500000000000e+06
1.279170400000000000e+07
1.144770200000000000e+07
2.686284000000000000e+07
2.812626000000000000e+06
6.526113500000000000e+06
8.166734500000000000e+06
9.893400800000000000e+07
1.001181437500000000e+06
4.409747187500000000e+05
4.288338000000000000e+06
3.509876000000000000e+07
7.911128906250000000e+04
4.197909765625000000e+04
2.818100937500000000e+05
3.509876000000000000e+07
4.648507421875000000e+04
1.103843281250000000e+05
3.788268437500000000e+05
1.915641600000000000e+07
9.976672500000000000e+05
2.421160937500000000e+05
1.915302000000000000e+07
2.433646400000000000e+07
9.371474375000000000e+05
5.922602400000000000e+07
2.612610000000000000e+07
2.088858400000000000e+07
3.002200000000000000e+05
2.194964500000000000e+06
2.146297200000000000e+07
2.444536800000000000e+07
2.753845600000000000e+07
4.192520312500000000e+05
3.639682800000000000e+07
3.599527500000000000e+06
1.225509875000000000e+06
1.314370375000000000e+06
1.286233250000000000e+06
1.963571200000000000e+08
2.816120937500000000e+05
4.420663200000000000e+07
3.132497600000000000e+08
4.128724400000000000e+07
1.864461600000000000e+07
2.497667600000000000e+07
5.795920000000000000e+07
2.088858400000000000e+07
1.902282800000000000e+07
9.893040000000000000e+05
5.431102800000000000e+07
1.613362900000000000e+07
4.868268750000000000e+05
2.431295625000000000e+05
6.550194000000000000e+06
4.644972400000000000e+07
5.646924609375000000e+04
5.119038750000000000e+05
4.419627500000000000e+06
1.226224240000000000e+08
1.011274625000000000e+06
2.021276800000000000e+07
1.242182160000000000e+08
4.833121200000000000e+07
3.101817600000000000e+07
3.431468250000000000e+06
5.132580000000000000e+07
2.088858400000000000e+07
2.062975468750000000e+05
3.650303000000000000e+06
9.420432000000000000e+06
2.186906880000000000e+08
9.520266000000000000e+06
2.728228250000000000e+06
9.206409600000000000e+07
2.239895520000000000e+08
6.720743200000000000e+07
2.039431200000000000e+07
2.483109920000000000e+08
1.177746100000000000e+07
1.607279625000000000e+06
2.651923437500000000e+05
2.207183500000000000e+06
1.682202080000000000e+08
2.258435250000000000e+06
6.897460500000000000e+06
6.119540400000000000e+07
3.776984400000000000e+07
4.179693000000000000e+06
3.561335200000000000e+07
3.777423600000000000e+07
1.806189280000000000e+08
2.717763000000000000e+06
8.559333000000000000e+06
3.267217600000000000e+07
4.337906000000000000e+07
3.987221200000000000e+07
1.056040000000000000e+05
1.938862400000000000e+07
9.893400800000000000e+07
2.741224062500000000e+05
4.617483200000000000e+07
1.188436000000000000e+08
1.337000240000000000e+08
1.008944800000000000e+07
2.352687200000000000e+07
3.343919200000000000e+07
1.866380160000000000e+08
3.846608000000000000e+06
1.749177250000000000e+06
2.585144000000000000e+07
2.088237200000000000e+07
4.474996500000000000e+06
5.850895625000000000e+05
1.564816900000000000e+07
1.410866720000000000e+08
3.730361600000000000e+07
1.789297200000000000e+07
3.627983200000000000e+07
3.509876000000000000e+07
3.299241562500000000e+05
7.566577500000000000e+06
3.955073000000000000e+06
9.893400800000000000e+07
6.338538500000000000e+06
1.548414500000000000e+06
6.459309000000000000e+06
2.310551200000000000e+07
3.628997500000000000e+05
1.771439200000000000e+07
2.750554400000000000e+07
1.555114200000000000e+07
5.872491000000000000e+06
3.139569500000000000e+06
8.503762000000000000e+06
1.449556200000000000e+07
1.433814875000000000e+06
4.574738800000000000e+07
2.046128800000000000e+07
2.310551200000000000e+07
2.018483600000000000e+07
2.421160937500000000e+05
2.310872800000000000e+07
2.310551200000000000e+07
2.453680156250000000e+05
2.021276800000000000e+07
2.297814800000000000e+07
1.449556200000000000e+07
2.768843505859375000e+03
4.391590332031250000e+03
1.398678833007812500e+03
1.226224240000000000e+08
1.028321484375000000e+05
3.910616500000000000e+06
1.072343800000000000e+07
9.371721000000000000e+06
1.352731000000000000e+07
1.846486500000000000e+06
5.411798500000000000e+06
3.249949000000000000e+06
1.825320898437500000e+04
3.846875625000000000e+05
3.711526171875000000e+04
2.310551200000000000e+07
1.099879625000000000e+06
8.227452148437500000e+03
1.012099562500000000e+06
1.226224240000000000e+08
9.930217500000000000e+05
1.728912800000000000e+07
1.171741840000000000e+08
3.249949000000000000e+06
8.150840000000000000e+05
1.774816093750000000e+05
3.989964687500000000e+05
3.776969600000000000e+07
2.238279600000000000e+07
1.855825625000000000e+06
1.291368800000000000e+07
