1.157991886138916016e-01
7.936930656433105469e-02
1.852054357528686523e+00
3.758579037189483643e+02
4.000367403030395508e+00
3.176102638244628906e-01
4.998707771301269531e-02
2.432765960693359375e-01
7.616043090820312500e-02
5.716180801391601562e-02
1.040972805023193359e+01
4.517676830291748047e-01
6.423211097717285156e-02
3.990459442138671875e-02
8.502244949340820312e-02
9.727478027343750000e-02
7.920050621032714844e-02
5.478501319885253906e-02
2.031180858612060547e-01
5.870842933654785156e-02
6.174969673156738281e-02
5.348634719848632812e-02
5.706405639648437500e-02
1.892706632614135742e+00
8.566832542419433594e-02
5.742220878601074219e-01
1.154339313507080078e-01
6.363646984100341797e-01
7.925462722778320312e-02
5.721235275268554688e-02
5.378460884094238281e-02
2.990934848785400391e-01
4.904575297832489014e+02
6.074070930480957031e-02
4.542872905731201172e-01
3.443279266357421875e-01
6.295588254928588867e+00
1.125855445861816406e-01
4.091675281524658203e-01
1.461869955062866211e+00
7.974433898925781250e-02
1.537842750549316406e-01
1.394214630126953125e-01
6.923770904541015625e-02
8.878106832504272461e+00
1.813446283340454102e+00
9.492301940917968750e-02
4.570484161376953125e-02
1.091308593750000000e-01
4.146203994750976562e-01
2.087917327880859375e-01
7.420492172241210938e-02
4.456925392150878906e-02
6.258702278137207031e-02
3.559112548828125000e-02
8.283019065856933594e-02
1.022009849548339844e-01
2.796566486358642578e-01
3.881028213500976562e+02
3.860169410705566406e+00
1.093802452087402344e-01
1.091567039489746094e+00
1.162831511497497559e+02
3.957326412200927734e-01
6.197428703308105469e-02
8.725857734680175781e-02
1.959042549133300781e-01
3.464174270629882812e-02
2.320055007934570312e+00
9.940364360809326172e-01
1.179082393646240234e-01
1.111185550689697266e-01
6.517648696899414062e-02
7.292795181274414062e-02
1.902625560760498047e-01
4.977202415466308594e-02
9.194612503051757812e-02
6.616353988647460938e-02
1.141550540924072266e-01
8.700275421142578125e-02
2.419960975646972656e+00
2.304787635803222656e-01
5.962419509887695312e-02
2.201288223266601562e+00
2.478728294372558594e-01
7.324552536010742188e-02
1.377604007720947266e-01
5.835413932800292969e-02
8.026719093322753906e-02
1.480116844177246094e-01
5.700039863586425781e-02
9.555351734161376953e-01
1.754796504974365234e-01
9.229350090026855469e-02
5.436680316925048828e-01
2.594678401947021484e-01
1.202292442321777344e-01
7.389330863952636719e-02
1.789157390594482422e-01
5.041432380676269531e-02
9.743118286132812500e-02
4.544806480407714844e-02
4.110503196716308594e-02
1.089866161346435547e-01
3.082079887390136719e-01
3.985044956207275391e-01
4.840612411499023438e-02
1.607954502105712891e-01
2.494070529937744141e-01
5.956363677978515625e-02
7.996225357055664062e-02
4.215502738952636719e-02
4.414415359497070312e-02
2.691373825073242188e-01
1.859695911407470703e-01
1.523268222808837891e-01
1.869947910308837891e-01
6.967926025390625000e-02
1.644341945648193359e-01
1.543881893157958984e-01
1.293079853057861328e-01
4.434468746185302734e-01
9.842848777770996094e-02
2.001113891601562500e-01
1.063759326934814453e-01
1.119165420532226562e-01
1.622154712677001953e-01
1.030709743499755859e-01
1.670384407043457031e-01
6.955003738403320312e-02
6.394481658935546875e-02
3.822302818298339844e-02
4.680466651916503906e-02
1.020933246612548828e+02
1.431539058685302734e-01
3.582715988159179688e-01
8.963203430175781250e-02
1.457331180572509766e-01
1.590778827667236328e-01
6.512212753295898438e-02
9.725546836853027344e-02
1.098673343658447266e-01
9.781932830810546875e-02
2.276701927185058594e-01
6.949305534362792969e-02
6.927919387817382812e-02
1.058286905288696289e+00
1.335315704345703125e-01
1.381826400756835938e-01
7.972712779045104980e+01
3.191761970520019531e-01
3.087100982666015625e-01
2.736463546752929688e-01
1.014463901519775391e-01
1.135923933982849121e+01
1.921753883361816406e-01
1.954224586486816406e+01
5.839967727661132812e-02
1.819214901924133301e+02
3.108358383178710938e-02
2.071013450622558594e-01
1.631298065185546875e-01
1.563274860382080078e-01
7.310032844543457031e-02
5.181527137756347656e-02
2.423529624938964844e-01
3.201858520507812500e+00
5.093786396980285645e+02
7.059884071350097656e-02
1.088154315948486328e-01
3.794538974761962891e-01
1.313056945800781250e-01
1.401748657226562500e-01
4.649567604064941406e-02
1.561632156372070312e-01
5.699777603149414062e-02
2.688205242156982422e+00
8.555044174194335938e+00
2.196309566497802734e-01
1.094086170196533203e-01
8.755636215209960938e-02
6.044173240661621094e-02
2.765100002288818359e-01
5.658650398254394531e-02
1.076838970184326172e-01
1.110019683837890625e-01
8.498001098632812500e-02
1.370968818664550781e-01
4.624199867248535156e-02
8.123612403869628906e-02
7.021951675415039062e-02
1.192450523376464844e-01
2.071287631988525391e-01
2.049155235290527344e-01
7.577180862426757812e-02
2.849175930023193359e-01
3.178949594497680664e+00
8.953142166137695312e-02
8.809351921081542969e-02
4.562632560729980469e+00
