1.107649803161621094e-01
7.932114601135253906e-02
1.766405820846557617e+00
3.658095803260803223e+02
3.793840169906616211e+00
2.356114387512207031e-01
4.327225685119628906e-02
2.219221591949462891e-01
7.664442062377929688e-02
5.567717552185058594e-02
1.022794437408447266e+01
5.018236637115478516e-01
6.500792503356933594e-02
3.131842613220214844e-02
8.110022544860839844e-02
1.171786785125732422e-01
8.464002609252929688e-02
5.561733245849609375e-02
2.489116191864013672e-01
6.813168525695800781e-02
5.793404579162597656e-02
5.470776557922363281e-02
5.376458168029785156e-02
1.941257715225219727e+00
9.015417098999023438e-02
5.727179050445556641e-01
1.208186149597167969e-01
6.112065315246582031e-01
9.705591201782226562e-02
6.316304206848144531e-02
5.225348472595214844e-02
3.002674579620361328e-01
4.806801059246063232e+02
6.489276885986328125e-02
4.219291210174560547e-01
3.107116222381591797e-01
5.684531927108764648e+00
1.063406467437744141e-01
3.914625644683837891e-01
1.322755813598632812e+00
7.190442085266113281e-02
1.390187740325927734e-01
1.243517398834228516e-01
6.274056434631347656e-02
8.349023580551147461e+00
1.658938407897949219e+00
8.578538894653320312e-02
3.668928146362304688e-02
1.011040210723876953e-01
3.584353923797607422e-01
1.942651271820068359e-01
5.505704879760742188e-02
4.769825935363769531e-02
5.759024620056152344e-02
4.066109657287597656e-02
7.695960998535156250e-02
9.462618827819824219e-02
2.525413036346435547e-01
3.612276589870452881e+02
3.618105173110961914e+00
6.736898422241210938e-02
1.031022310256958008e+00
1.110078287124633789e+02
3.908202648162841797e-01
6.515717506408691406e-02
7.291460037231445312e-02
1.892209053039550781e-01
3.244876861572265625e-02
2.213913679122924805e+00
9.772915840148925781e-01
1.345162391662597656e-01
9.781861305236816406e-02
6.164598464965820312e-02
6.471323966979980469e-02
1.932120323181152344e-01
4.141521453857421875e-02
8.994078636169433594e-02
4.922366142272949219e-02
9.556937217712402344e-02
7.662200927734375000e-02
2.280795335769653320e+00
2.152264118194580078e-01
4.542493820190429688e-02
2.116423606872558594e+00
2.527527809143066406e-01
6.222796440124511719e-02
1.255345344543457031e-01
6.749367713928222656e-02
8.034849166870117188e-02
1.284422874450683594e-01
5.333638191223144531e-02
8.360018730163574219e-01
1.677463054656982422e-01
1.140658855438232422e-01
4.345121383666992188e-01
2.291793823242187500e-01
1.023132801055908203e-01
8.635950088500976562e-02
2.341835498809814453e-01
5.070900917053222656e-02
1.018671989440917969e-01
4.591274261474609375e-02
4.353356361389160156e-02
1.016755104064941406e-01
3.457643985748291016e-01
3.311026096343994141e-01
4.769349098205566406e-02
1.592235565185546875e-01
2.608213424682617188e-01
5.557298660278320312e-02
7.206201553344726562e-02
3.987908363342285156e-02
3.804683685302734375e-02
2.519097328186035156e-01
2.067894935607910156e-01
1.365115642547607422e-01
1.959071159362792969e-01
6.207799911499023438e-02
1.643836498260498047e-01
1.476788520812988281e-01
1.488597393035888672e-01
4.093492031097412109e-01
1.002166271209716797e-01
1.972551345825195312e-01
1.052730083465576172e-01
1.124660968780517578e-01
1.981663703918457031e-01
1.025514602661132812e-01
1.630983352661132812e-01
7.050299644470214844e-02
6.903743743896484375e-02
3.452730178833007812e-02
4.863166809082031250e-02
1.019463155269622803e+02
1.692724227905273438e-01
3.966338634490966797e-01
1.014440059661865234e-01
1.552665233612060547e-01
1.554458141326904297e-01
6.263446807861328125e-02
1.121902465820312500e-01
1.024124622344970703e-01
1.048893928527832031e-01
2.490231990814208984e-01
7.499980926513671875e-02
7.362103462219238281e-02
1.056211709976196289e+00
1.634829044342041016e-01
1.632964611053466797e-01
7.873431181907653809e+01
3.017663955688476562e-01
2.878463268280029297e-01
2.696347236633300781e-01
1.026661396026611328e-01
1.036579060554504395e+01
1.909589767456054688e-01
1.958257699012756348e+01
5.121970176696777344e-02
1.814900481700897217e+02
3.146171569824218750e-02
2.043485641479492188e-01
1.513595581054687500e-01
1.450097560882568359e-01
6.566214561462402344e-02
5.263328552246093750e-02
2.219488620758056641e-01
3.264621019363403320e+00
4.900169074535369873e+02
7.764434814453125000e-02
1.081583499908447266e-01
3.743991851806640625e-01
1.064519882202148438e-01
1.405274868011474609e-01
4.781150817871093750e-02
1.524176597595214844e-01
5.377554893493652344e-02
2.505304336547851562e+00
8.043281555175781250e+00
2.056298255920410156e-01
7.575130462646484375e-02
8.796548843383789062e-02
5.139279365539550781e-02
2.686476707458496094e-01
5.512022972106933594e-02
9.307384490966796875e-02
1.165862083435058594e-01
7.354593276977539062e-02
1.540782451629638672e-01
3.876590728759765625e-02
8.329415321350097656e-02
5.734610557556152344e-02
1.177783012390136719e-01
2.002208232879638672e-01
1.913816928863525391e-01
7.849669456481933594e-02
2.866611480712890625e-01
3.036921262741088867e+00
9.827876091003417969e-02
8.141064643859863281e-02
4.272246360778808594e+00
