1.301393508911132812e-01
8.665084838867187500e-02
3.011379241943359375e-01
3.529133665561676025e+02
6.345746755599975586e+00
2.209990024566650391e-01
6.946396827697753906e-02
2.133965492248535156e-01
8.333921432495117188e-02
7.961845397949218750e-02
9.512290000915527344e+00
3.812744617462158203e-01
8.790850639343261719e-02
4.160213470458984375e-02
5.906319618225097656e-02
9.500932693481445312e-02
8.306717872619628906e-02
6.715679168701171875e-02
2.164835929870605469e-01
7.278585433959960938e-02
5.979943275451660156e-02
6.846857070922851562e-02
5.684661865234375000e-02
9.456512928009033203e-01
8.612990379333496094e-02
4.689462184906005859e-01
9.662747383117675781e-02
7.686996459960937500e-02
7.688307762145996094e-02
8.573365211486816406e-02
8.089232444763183594e-02
2.962501049041748047e-01
4.641603426933288574e+02
8.289837837219238281e-02
2.619640827178955078e-01
3.493652343750000000e-01
6.256499767303466797e+00
9.907531738281250000e-02
3.065903186798095703e-01
1.364579200744628906e+00
6.983041763305664062e-02
7.248926162719726562e-02
1.114068031311035156e-01
6.577467918395996094e-02
8.927697658538818359e+00
4.031987190246582031e-01
1.004772186279296875e-01
7.295274734497070312e-02
1.041252613067626953e-01
3.646881580352783203e-01
2.372279167175292969e-01
7.408618927001953125e-02
6.404709815979003906e-02
6.673312187194824219e-02
3.351354598999023438e-02
8.111381530761718750e-02
9.254050254821777344e-02
2.705438137054443359e-01
3.586440396308898926e+02
5.208556652069091797e+00
6.103754043579101562e-02
9.405827522277832031e-01
1.151014266014099121e+02
3.057024478912353516e-01
7.986211776733398438e-02
7.328438758850097656e-02
1.681933403015136719e-01
6.307125091552734375e-02
3.620419025421142578e+00
1.003902435302734375e+00
7.897377014160156250e-02
9.583926200866699219e-02
7.529163360595703125e-02
6.939530372619628906e-02
1.384143829345703125e-01
7.126712799072265625e-02
8.074069023132324219e-02
5.464315414428710938e-02
5.743694305419921875e-02
7.734489440917968750e-02
2.316212892532348633e+00
2.062945365905761719e-01
4.852700233459472656e-02
1.340016365051269531e+00
3.556172847747802734e-01
9.124612808227539062e-02
9.553360939025878906e-02
1.042225360870361328e-01
8.188486099243164062e-02
8.833861351013183594e-02
6.996655464172363281e-02
8.385159969329833984e-01
1.700489521026611328e-01
8.819222450256347656e-02
4.770042896270751953e-01
2.400169372558593750e-01
1.112658977508544922e-01
7.583999633789062500e-02
1.637454032897949219e-01
6.148004531860351562e-02
9.279465675354003906e-02
6.152796745300292969e-02
7.318496704101562500e-02
1.050736904144287109e-01
3.862473964691162109e-01
3.500506877899169922e-01
7.108759880065917969e-02
1.464707851409912109e-01
2.361319065093994141e-01
6.139206886291503906e-02
6.673645973205566406e-02
6.338119506835937500e-02
6.509661674499511719e-02
2.575495243072509766e-01
1.756582260131835938e-01
8.890414237976074219e-02
1.131906509399414062e-01
7.687425613403320312e-02
1.614494323730468750e-01
1.053087711334228516e-01
2.422099113464355469e-01
2.649626731872558594e-01
1.041407585144042969e-01
1.973104476928710938e-01
1.038436889648437500e-01
1.041610240936279297e-01
1.589772701263427734e-01
9.811735153198242188e-02
1.180000305175781250e-01
7.396888732910156250e-02
6.778454780578613281e-02
5.986618995666503906e-02
5.791378021240234375e-02
1.850321292877197266e-01
1.920421123504638672e-01
3.519303798675537109e-01
1.219966411590576172e-01
1.748149394989013672e-01
9.513902664184570312e-02
7.428407669067382812e-02
1.012654304504394531e-01
9.544181823730468750e-02
9.183454513549804688e-02
2.306308746337890625e-01
7.209277153015136719e-02
7.510352134704589844e-02
1.086090803146362305e+00
1.408805847167968750e-01
1.264119148254394531e-01
7.649913048744201660e+01
3.120920658111572266e-01
1.576399803161621094e-01
2.543108463287353516e-01
1.013767719268798828e-01
8.264040946960449219e-02
1.771709918975830078e-01
1.941934394836425781e+01
7.431221008300781250e-02
7.855832457542419434e+01
5.669021606445312500e-02
2.687537670135498047e-01
1.588041782379150391e-01
1.180570125579833984e-01
9.025263786315917969e-02
6.610059738159179688e-02
2.251362800598144531e-01
3.181999921798706055e+00
5.013420352935791016e+02
6.958341598510742188e-02
1.024668216705322266e-01
2.984170913696289062e-01
6.811141967773437500e-02
1.261999607086181641e-01
5.546474456787109375e-02
1.406760215759277344e-01
7.566237449645996094e-02
2.476865053176879883e+00
2.304250240325927734e+00
9.858822822570800781e-02
7.792997360229492188e-02
7.315325736999511719e-02
7.196235656738281250e-02
2.971982955932617188e-01
7.350564002990722656e-02
8.657097816467285156e-02
1.003704071044921875e-01
7.190370559692382812e-02
1.418783664703369141e-01
6.553840637207031250e-02
6.730508804321289062e-02
6.561136245727539062e-02
1.193892955780029297e-01
2.008907794952392578e-01
2.038459777832031250e-01
7.673525810241699219e-02
7.430148124694824219e-02
3.163074493408203125e+00
7.668185234069824219e-02
7.572197914123535156e-02
4.636208534240722656e+00
