0.032042741775512695
0.012279510498046875
0.02329111099243164
0.11689066886901855
0.017241954803466797
0.019788265228271484
0.025512218475341797
1.4770267009735107
0.02592778205871582
0.47197699546813965
0.011084794998168945
1.540581226348877
1.4502384662628174
0.049213409423828125
0.022777080535888672
0.020238637924194336
9.551997900009155
0.0516054630279541
1.4770267009735107
0.020879745483398438
0.022867679595947266
0.07328462600708008
0.019494295120239258
0.0224761962890625
0.07415890693664551
0.21694135665893555
0.09290337562561035
0.04476356506347656
0.022639036178588867
0.044391632080078125
0.13088488578796387
0.02265024185180664
0.36954665184020996
17.242842197418213
0.10345959663391113
0.024029016494750977
1.540581226348877
0.02365875244140625
1.540581226348877
0.05192160606384277
0.0060596466064453125
0.03354048728942871
0.06362080574035645
0.02521038055419922
1.4770267009735107
0.037543535232543945
0.09531426429748535
5.874203443527222
0.021744728088378906
0.04980301856994629
0.16382861137390137
1.7669296264648438
0.03650355339050293
0.021490097045898438
0.07486104965209961
0.021490097045898438
2.888880729675293
0.15105509757995605
5.670498847961426
0.09290337562561035
1.5618152618408203
0.07935261726379395
0.034270286560058594
0.06470489501953125
0.039476633071899414
0.01454925537109375
0.03834390640258789
0.015299081802368164
0.03548932075500488
0.023467302322387695
18.995759963989258
0.021249055862426758
0.10904145240783691
0.0233156681060791
0.026558876037597656
0.012382984161376953
0.2966625690460205
0.09290337562561035
0.01395273208618164
17.871315479278564
0.08654069900512695
0.06505942344665527
0.0220334529876709
0.10147309303283691
0.06294751167297363
0.02436351776123047
0.08763623237609863
0.07476091384887695
0.02165055274963379
0.024572134017944336
1.4045705795288086
19.353798627853394
0.023761987686157227
0.30718040466308594
1.540581226348877
0.040424346923828125
0.043135643005371094
0.039417266845703125
0.23369574546813965
0.10863137245178223
0.020366191864013672
0.021490097045898438
0.11261606216430664
0.11689066886901855
1.7376234531402588
0.04741668701171875
6.566438674926758
1.540581226348877
0.012040376663208008
0.025716304779052734
19.353798627853394
0.03551006317138672
0.26994752883911133
0.024785757064819336
0.03717923164367676
0.02493119239807129
1.540581226348877
0.026843547821044922
0.04254770278930664
0.025621891021728516
0.039465904235839844
0.019403696060180664
0.034238576889038086
0.04454398155212402
0.028560400009155273
0.04647397994995117
1.540581226348877
0.0250091552734375
0.03464221954345703
0.3419499397277832
0.0223386287689209
0.03693866729736328
0.021490097045898438
0.14400219917297363
0.10079312324523926
0.027375221252441406
0.04465842247009277
0.020506620407104492
2.198184013366699
0.5089097023010254
0.2966625690460205
0.02324056625366211
0.05846762657165527
25.77562165260315
10.226211309432983
0.07013154029846191
0.08370041847229004
0.04965662956237793
18.590126514434814
0.03808760643005371
0.04903721809387207
0.09290337562561035
0.049294471740722656
0.033318281173706055
1.4770267009735107
0.1224515438079834
0.01310276985168457
0.09783530235290527
0.03861665725708008
0.023594141006469727
0.11689066886901855
0.06549835205078125
0.024448156356811523
1.4945030212402344
1.540581226348877
1.451103687286377
2.2052295207977295
0.18192768096923828
0.09290337562561035
0.260988712310791
1.7343533039093018
0.016597270965576172
19.353798627853394
2.232449531555176
0.04965662956237793
0.035051822662353516
0.023448705673217773
0.26841187477111816
0.05399489402770996
2.2000603675842285
0.2966625690460205
0.2966625690460205
0.03870868682861328
0.07387471199035645
0.34511709213256836
0.021490097045898438
0.02299642562866211
1.563072919845581
0.049837589263916016
0.020711898803710938
0.04400491714477539
0.04806804656982422
0.2856612205505371
0.025319814682006836
0.06599116325378418
0.07773542404174805
10.433165550231934
1.4705212116241455
0.05998420715332031
0.05760478973388672
