3.113746643066406250e-04
9.584426879882812500e-05
8.058547973632812500e-05
8.058547973632812500e-05
6.294250488281250000e-05
6.437301635742187500e-05
7.176399230957031250e-05
6.437301635742187500e-05
7.390975952148437500e-05
6.079673767089843750e-05
5.912780761718750000e-05
7.295608520507812500e-05
6.651878356933593750e-05
7.081031799316406250e-05
5.912780761718750000e-05
5.888938903808593750e-05
6.628036499023437500e-05
5.936622619628906250e-05
6.031990051269531250e-05
5.650520324707031250e-05
6.151199340820312500e-05
6.055831909179687500e-05
5.960464477539062500e-05
5.912780761718750000e-05
5.698204040527343750e-05
6.961822509765625000e-05
7.200241088867187500e-05
5.555152893066406250e-05
5.364418029785156250e-05
5.817413330078125000e-05
6.270408630371093750e-05
6.055831909179687500e-05
5.674362182617187500e-05
5.984306335449218750e-05
6.055831909179687500e-05
6.341934204101562500e-05
5.674362182617187500e-05
5.960464477539062500e-05
5.578994750976562500e-05
7.057189941406250000e-05
6.079673767089843750e-05
6.222724914550781250e-05
6.127357482910156250e-05
6.031990051269531250e-05
6.008148193359375000e-05
7.081031799316406250e-05
5.626678466796875000e-05
5.912780761718750000e-05
6.055831909179687500e-05
7.605552673339843750e-05
5.888938903808593750e-05
7.390975952148437500e-05
6.294250488281250000e-05
6.222724914550781250e-05
5.865097045898437500e-05
6.818771362304687500e-05
7.224082946777343750e-05
5.435943603515625000e-05
5.722045898437500000e-05
7.009506225585937500e-05
5.865097045898437500e-05
5.817413330078125000e-05
5.459785461425781250e-05
5.531311035156250000e-05
9.012222290039062500e-05
5.888938903808593750e-05
5.769729614257812500e-05
5.912780761718750000e-05
5.865097045898437500e-05
6.318092346191406250e-05
5.578994750976562500e-05
5.984306335449218750e-05
6.198883056640625000e-05
8.153915405273437500e-05
7.367134094238281250e-05
7.081031799316406250e-05
5.507469177246093750e-05
7.677078247070312500e-05
5.936622619628906250e-05
5.912780761718750000e-05
5.841255187988281250e-05
6.914138793945312500e-05
7.843971252441406250e-05
7.486343383789062500e-05
5.865097045898437500e-05
5.292892456054687500e-05
5.650520324707031250e-05
6.055831909179687500e-05
6.413459777832031250e-05
7.891654968261718750e-05
5.650520324707031250e-05
5.769729614257812500e-05
6.008148193359375000e-05
7.057189941406250000e-05
6.985664367675781250e-05
6.365776062011718750e-05
5.531311035156250000e-05
5.722045898437500000e-05
8.368492126464843750e-05
5.984306335449218750e-05
5.197525024414062500e-05
5.602836608886718750e-05
9.155273437500000000e-05
7.724761962890625000e-05
7.700920104980468750e-05
9.059906005859375000e-05
8.535385131835937500e-05
5.722045898437500000e-05
5.269050598144531250e-05
5.292892456054687500e-05
6.842613220214843750e-05
5.292892456054687500e-05
5.149841308593750000e-05
5.197525024414062500e-05
5.984306335449218750e-05
6.031990051269531250e-05
5.483627319335937500e-05
5.602836608886718750e-05
5.006790161132812500e-05
8.010864257812500000e-05
5.412101745605468750e-05
5.364418029785156250e-05
5.269050598144531250e-05
5.316734313964843750e-05
4.982948303222656250e-05
5.292892456054687500e-05
5.388259887695312500e-05
5.555152893066406250e-05
4.982948303222656250e-05
8.797645568847656250e-05
5.459785461425781250e-05
5.340576171875000000e-05
5.650520324707031250e-05
1.039505004882812500e-04
5.292892456054687500e-05
5.412101745605468750e-05
5.221366882324218750e-05
5.269050598144531250e-05
4.935264587402343750e-05
5.340576171875000000e-05
5.245208740234375000e-05
5.197525024414062500e-05
1.151561737060546875e-04
6.079673767089843750e-05
5.817413330078125000e-05
5.507469177246093750e-05
1.101493835449218750e-04
4.935264587402343750e-05
5.435943603515625000e-05
7.605552673339843750e-05
5.722045898437500000e-05
5.221366882324218750e-05
6.747245788574218750e-05
5.292892456054687500e-05
9.155273437500000000e-05
7.033348083496093750e-05
5.412101745605468750e-05
5.483627319335937500e-05
7.510185241699218750e-05
1.006126403808593750e-04
8.702278137207031250e-05
5.435943603515625000e-05
6.461143493652343750e-05
1.153945922851562500e-04
5.125999450683593750e-05
9.751319885253906250e-05
6.246566772460937500e-05
5.865097045898437500e-05
5.555152893066406250e-05
7.200241088867187500e-05
5.888938903808593750e-05
6.389617919921875000e-05
6.151199340820312500e-05
6.055831909179687500e-05
5.936622619628906250e-05
6.198883056640625000e-05
5.769729614257812500e-05
5.912780761718750000e-05
6.580352783203125000e-05
5.507469177246093750e-05
5.960464477539062500e-05
6.198883056640625000e-05
6.198883056640625000e-05
9.155273437500000000e-05
7.462501525878906250e-05
5.793571472167968750e-05
6.008148193359375000e-05
6.055831909179687500e-05
5.483627319335937500e-05
6.031990051269531250e-05
1.134872436523437500e-04
6.318092346191406250e-05
5.817413330078125000e-05
1.280307769775390625e-04
1.058578491210937500e-04
1.404285430908203125e-04
5.817413330078125000e-05
5.865097045898437500e-05
5.578994750976562500e-05
6.151199340820312500e-05
