3.473758697509765625e-04
9.226799011230468750e-05
7.867813110351562500e-05
1.335144042968750000e-04
5.221366882324218750e-05
5.483627319335937500e-05
5.459785461425781250e-05
5.459785461425781250e-05
6.222724914550781250e-05
5.221366882324218750e-05
4.982948303222656250e-05
1.094341278076171875e-04
7.319450378417968750e-05
5.745887756347656250e-05
5.459785461425781250e-05
1.029968261718750000e-04
7.271766662597656250e-05
6.914138793945312500e-05
7.319450378417968750e-05
8.583068847656250000e-05
6.389617919921875000e-05
5.793571472167968750e-05
5.626678466796875000e-05
6.318092346191406250e-05
5.722045898437500000e-05
6.532669067382812500e-05
5.722045898437500000e-05
1.010894775390625000e-04
5.030632019042968750e-05
5.221366882324218750e-05
7.796287536621093750e-05
6.031990051269531250e-05
5.698204040527343750e-05
5.793571472167968750e-05
5.817413330078125000e-05
5.722045898437500000e-05
5.793571472167968750e-05
5.912780761718750000e-05
5.245208740234375000e-05
6.461143493652343750e-05
9.179115295410156250e-05
7.295608520507812500e-05
5.698204040527343750e-05
7.343292236328125000e-05
5.173683166503906250e-05
1.034736633300781250e-04
7.081031799316406250e-05
5.388259887695312500e-05
6.079673767089843750e-05
6.270408630371093750e-05
5.936622619628906250e-05
5.507469177246093750e-05
9.179115295410156250e-05
5.078315734863281250e-05
1.440048217773437500e-04
7.891654968261718750e-05
1.180171966552734375e-04
8.177757263183593750e-05
7.653236389160156250e-05
6.961822509765625000e-05
6.127357482910156250e-05
5.888938903808593750e-05
7.295608520507812500e-05
5.817413330078125000e-05
6.771087646484375000e-05
5.793571472167968750e-05
5.841255187988281250e-05
5.984306335449218750e-05
6.389617919921875000e-05
5.555152893066406250e-05
6.103515625000000000e-05
6.294250488281250000e-05
6.031990051269531250e-05
6.198883056640625000e-05
6.842613220214843750e-05
5.984306335449218750e-05
5.865097045898437500e-05
5.555152893066406250e-05
6.341934204101562500e-05
7.057189941406250000e-05
5.817413330078125000e-05
5.388259887695312500e-05
5.507469177246093750e-05
8.058547973632812500e-05
8.511543273925781250e-05
7.414817810058593750e-05
6.890296936035156250e-05
7.700920104980468750e-05
1.091957092285156250e-04
8.678436279296875000e-05
8.821487426757812500e-05
9.393692016601562500e-05
9.012222290039062500e-05
8.344650268554687500e-05
8.416175842285156250e-05
8.559226989746093750e-05
7.247924804687500000e-05
7.510185241699218750e-05
6.937980651855468750e-05
8.082389831542968750e-05
6.866455078125000000e-05
7.343292236328125000e-05
8.177757263183593750e-05
7.343292236328125000e-05
7.843971252441406250e-05
7.581710815429687500e-05
7.057189941406250000e-05
9.298324584960937500e-05
7.677078247070312500e-05
7.009506225585937500e-05
6.961822509765625000e-05
6.794929504394531250e-05
7.677078247070312500e-05
7.581710815429687500e-05
8.630752563476562500e-05
7.462501525878906250e-05
7.677078247070312500e-05
7.462501525878906250e-05
6.699562072753906250e-05
6.651878356933593750e-05
7.510185241699218750e-05
6.961822509765625000e-05
6.794929504394531250e-05
8.511543273925781250e-05
7.057189941406250000e-05
8.368492126464843750e-05
8.320808410644531250e-05
8.153915405273437500e-05
7.009506225585937500e-05
6.651878356933593750e-05
6.580352783203125000e-05
6.604194641113281250e-05
8.082389831542968750e-05
8.082389831542968750e-05
7.867813110351562500e-05
7.796287536621093750e-05
7.653236389160156250e-05
7.462501525878906250e-05
6.651878356933593750e-05
7.200241088867187500e-05
7.176399230957031250e-05
6.818771362304687500e-05
6.890296936035156250e-05
8.440017700195312500e-05
7.510185241699218750e-05
6.818771362304687500e-05
8.511543273925781250e-05
7.677078247070312500e-05
7.748603820800781250e-05
8.797645568847656250e-05
7.343292236328125000e-05
7.081031799316406250e-05
6.842613220214843750e-05
7.891654968261718750e-05
7.128715515136718750e-05
7.390975952148437500e-05
6.890296936035156250e-05
7.128715515136718750e-05
7.390975952148437500e-05
6.866455078125000000e-05
7.438659667968750000e-05
1.406669616699218750e-04
9.012222290039062500e-05
7.915496826171875000e-05
7.486343383789062500e-05
7.724761962890625000e-05
8.273124694824218750e-05
7.367134094238281250e-05
6.771087646484375000e-05
7.367134094238281250e-05
7.438659667968750000e-05
7.319450378417968750e-05
7.367134094238281250e-05
8.487701416015625000e-05
7.796287536621093750e-05
8.845329284667968750e-05
1.163482666015625000e-04
8.749961853027343750e-05
1.597404479980468750e-04
8.797645568847656250e-05
8.845329284667968750e-05
7.939338684082031250e-05
7.867813110351562500e-05
7.581710815429687500e-05
7.343292236328125000e-05
7.843971252441406250e-05
1.058578491210937500e-04
1.091957092285156250e-04
8.797645568847656250e-05
1.056194305419921875e-04
1.361370086669921875e-04
1.087188720703125000e-04
9.179115295410156250e-05
9.799003601074218750e-05
1.049041748046875000e-04
1.211166381835937500e-04
1.018047332763671875e-04
9.632110595703125000e-05
1.025199890136718750e-04
9.965896606445312500e-05
