3.752849285362247489e+00
2.359530019456685945e+00
1.058075642332268806e+00
1.062672817188186958e+00
3.522248877555336666e+00
2.043966633160267499e+00
1.522669230734403634e+00
1.282480096878526687e+01
3.486469462389759855e+00
1.192084855921443420e+00
2.230336759605169750e+00
2.517786608092139389e+00
1.007751990324046165e+00
1.752710345657036983e+00
1.449563599341156639e+00
2.766266913532128502e+00
4.856277587929180406e+00
1.291099566317991609e+00
4.688411202559926494e+00
3.203603640635626526e+00
1.860341004512898744e+00
3.033523397477476458e+00
1.371746634679461563e+00
1.135173045126586722e+01
1.361268784274463295e+00
4.131409202051109730e+00
1.331561377632225929e+00
8.158061891933389376e+00
3.947932667518793792e+00
1.243975152934519635e+01
6.538376700803281594e+00
3.477665425969959756e+00
2.558129622722708163e+00
1.931319302039886443e+00
8.584598735127023872e+00
1.436087925562493872e+00
2.661737771754101978e+00
3.229146093890401303e+00
2.052034068998228822e+00
1.370258007062262529e+00
4.425296335114516921e+00
1.561210229730543686e+00
2.898902645138965894e+00
4.436455568021633766e+00
6.058352046479424935e+00
2.734957298367970413e+00
6.021404307319753180e+00
1.588725917536286669e+00
2.540699337889011922e+00
2.021340113067898514e+00
1.553364042759107999e+00
1.631436226698081082e+00
1.927253435607678922e+00
1.059020504389177830e+00
2.439260696579855558e+00
2.862728077899485690e+00
2.971666766403077364e+00
3.033556860761584151e+00
4.111327592714046908e+00
2.352913091612972796e+00
3.419447429254683257e+00
1.375484187443489548e+00
4.660157269416671078e+00
1.068190397988247664e+00
1.368551620932085910e+01
2.178488009086055666e+00
7.880045615281796145e+00
7.127939194703480474e+00
1.038692632334072607e+00
3.104156577043111653e+00
5.778047009034837700e+00
1.278920411192886242e+00
1.860439775261727435e+00
5.561124396438030359e+00
1.545027289053632735e+00
4.939910958154086984e+00
1.408682615860268550e+00
1.355987587733213706e+00
3.972433653076848703e+00
2.343765789445720671e+00
1.029199693853781961e+00
2.421499470769752360e+00
1.466088878972290344e+00
3.223382462728641151e+00
3.629910131452609878e+00
1.396370594705591106e+00
1.704508516269313878e+00
2.705429027661418129e+00
1.501814850877529528e+00
3.302849846204654494e+00
2.214927201095488485e+01
1.128329126285022577e+00
4.666139665122311264e+00
2.596012651722964915e+00
2.179388122653188375e+00
4.235736206291516481e+00
2.668401675615080570e+00
1.143796582669979189e+00
1.254265718216374559e+00
3.090239377639163898e+00
1.632690828530052096e+00
2.150170736046861819e+00
3.206342056386588979e+00
1.013978706025324028e+00
1.069572201649671817e+00
4.140654731167541236e+00
4.467743600888494981e+00
7.983679196389243060e+00
2.625505528190601012e+00
5.248610907147068794e+00
2.082883362255612436e+00
2.155017720606120513e+00
1.186660194790774447e+00
3.700854883233358539e+00
3.519554967385015942e+00
3.526119767260231352e+00
4.098309363938772876e+00
3.868282147313081065e+00
3.501633144406371301e+00
1.997945809492488900e+00
1.655829103409345748e+00
1.931808186826163176e+00
3.242536154276741023e+00
5.872991243725145694e+00
4.041337048477328331e+00
2.689005579382048872e+00
1.504727731821932757e+00
1.370612491967221125e+00
2.653235826876812364e+00
9.540638422595257850e+00
1.249561970767318675e+00
2.146011033599444229e+00
4.641765171165662451e+00
2.235287314703807926e+00
1.545849681429112721e+00
1.489867105041504214e+00
1.998125532202902122e+00
1.262821676383068192e+00
5.080347726809378628e+00
1.331436765857478388e+00
4.467088237238421300e+00
7.984486146965701359e+00
1.963724668958561459e+00
3.326870290739505798e+00
1.115105672870934583e+01
1.098254684635510348e+00
1.241167615574997773e+00
1.522744378568715584e+00
1.786866209178597176e+00
1.225518454397831469e+00
5.282160843800081551e+00
4.602164316486686779e+00
4.021448512222247196e+00
3.089052219695413992e+00
1.108343021393281447e+00
1.539197644770391449e+00
3.297053213514330228e+00
3.405426610789240804e+00
1.898372957884542078e+00
6.016745507852893304e+00
4.742241277601380034e+01
1.070403468877704878e+00
1.468996173402113969e+00
4.274835930461668987e+00
5.977589511192778815e+00
3.936423423209407080e+00
1.790839426688659142e+00
7.533595038794182130e+00
4.611526918185671953e+00
3.490057612196262760e+00
2.297090865557284811e+00
1.141588916983443225e+00
1.694812150379399807e+00
1.326901248837602409e+00
1.362416670595190782e+00
7.371672968621143518e+00
2.008508893050979349e+00
2.410486343213494198e+00
8.714188414587734854e+00
5.820120576671035550e+00
1.520647498216159743e+00
1.616558027926639385e+00
8.002338325128231844e+00
3.128745983250773577e+00
4.483870073727533878e+00
2.780892658595720768e+00
2.850506393734513644e+00
1.331388221758826429e+00
1.255683263324508525e+00
2.837403953866300732e+00
5.241242745859080898e+00
1.677069206862571660e+00
1.318720555773313929e+00
2.438208064886993931e+00
2.185822938850014996e+00
3.199700652349190211e+00
1.138743997945569353e+00
2.184977443899872807e+00
1.948586937525303986e+00
3.902637486161968816e+00
5.052401035394432860e+00
2.596886559572243680e+00
5.380710721716541300e+00
1.872418616768341204e+00
1.501029370392150009e+00
1.178995151031967392e+00
1.271811134292302636e+00
9.810803798180213420e+00
1.094769701015918528e+00
4.891492813524972227e+00
1.386338688699763066e+00
3.957100098863074678e+00
2.379919021995961170e+00
1.370924069285950342e+00
1.412934195301469575e+00
1.791549344471713434e+00
1.126367225971637298e+00
3.382621555685836778e+00
6.693399793458507219e+00
1.888111834947625134e+00
2.553700676170268480e+01
8.774296405268176002e+00
1.259050806548110524e+00
1.439146148992181296e+00
1.039719898741398474e+00
1.870610306607851880e+00
2.524056029909858445e+00
1.432528499783610298e+00
1.752654955253563074e+00
4.597905851429899826e+00
2.352198675165709130e+00
2.758691837601950247e+00
1.096545462321966591e+00
1.317526008262572157e+00
3.209811743873251189e+00
2.265398691986599822e+00
1.909825248118724517e+01
3.576433743792739595e+00
1.207411601175349736e+00
3.016072184837736536e+00
1.153048657745166627e+00
1.532039382927652627e+00
6.132614222295750928e+00
1.045833921848593473e+00
7.904008318366209096e+00
1.259209993025584451e+00
1.867435954629193651e+00
3.725880236911472299e+00
1.693875010927379465e+00
2.644291985795728994e+00
1.326649218318391554e+00
1.621821457628216390e+00
1.956739536823891124e+00
1.364214309356650112e+00
2.162698301661380107e+00
1.859972095673738224e+00
2.722435685473425071e+00
2.318646044886567026e+01
1.452333191401355306e+00
2.361435857939174543e+00
1.835396989011571778e+00
2.853016989165717998e+00
1.678959473722354767e+00
2.733502804794762486e+00
1.902621496625577224e+00
1.463889969103702615e+00
1.598802436357957157e+00
2.145548384328153535e+00
1.109483858709028326e+00
2.611621988045714993e+00
2.795355542137908600e+00
5.450853968579214559e+00
2.659397879145424692e+00
5.421303238796589596e+00
2.064777624231092013e+00
1.302856636262854417e+00
1.732975248144691616e+00
3.520282666906012103e+00
2.714494829597765779e+00
1.921453417923040918e+00
2.474047077244074355e+00
1.085828345342277013e+00
3.009962653857700232e+00
2.051535653519286129e+00
2.136286613553653790e+00
1.910994813095270750e+00
3.304303325566617211e+00
2.468031819547751748e+00
1.328616551020205039e+00
2.959235760523712955e+00
2.121289150024975978e+00
1.160497566775854850e+01
4.574444221105527397e+00
4.341299428413853967e+00
2.789609978953455194e+00
5.817844019172580872e+00
2.029790129248585817e+00
2.471862099632852861e+00
2.031751192982484522e+00
2.119567972766839947e+00
4.298052656666198956e+00
1.326347071270159272e+00
1.109598620348291265e+00
1.446611865176326894e+00
9.399271061626745194e+00
6.488871743759566435e+00
1.712136919272506441e+00
2.556210533669312834e+00
4.527846681608196810e+00
1.441187667622929380e+00
6.752226330314671010e+00
1.036405733966446086e+00
2.135109780212212982e+00
8.950543135928896277e+00
3.222761938450654284e+00
3.494241535000033316e+00
1.449375610676223669e+00
1.899648311927264022e+00
1.132762965633438146e+00
1.081539515684230013e+00
5.782898972213154742e+00
4.921455919702784065e+00
1.678513556095917236e+00
4.809734272287777834e+00
2.893661240766163267e+00
1.345818407732163324e+00
2.665347561560188705e+00
2.022637188088199700e+00
1.171493584048342029e+00
1.311508719634477460e+00
3.082688880572289403e+00
5.173340501278404169e+00
1.306940658096660046e+00
5.390040000934210873e+00
3.418957581845452953e+00
2.237927283259134814e+00
3.312830329425153764e+00
1.049453050544258303e+00
5.810516704872457971e+00
3.437235308074888973e+00
1.372185144126062184e+00
2.333341380408471277e+00
6.674152956502398482e+00
3.372901321450884726e+00
3.394638317465906496e+00
1.873134015716906742e+00
3.879241707300920883e+00
1.495712515285304134e+00
2.045109314356386321e+00
2.651699612721507560e+00
1.567126638674055661e+00
1.854009520122842813e+00
1.932456275195954198e+00
3.060351506524613630e+00
2.768611755916646544e+00
1.353148411580558097e+01
3.250960279001446462e+00
3.759264348742371808e+00
3.419781785056210222e+00
1.545663581842189771e+00
2.709959814424265367e+00
1.553355698075452818e+00
5.220280666528785751e+00
2.353862532492295490e+00
1.005931821357920697e+00
3.652269040513883791e+00
3.426435985124554051e+00
1.653918705040238191e+00
2.029898746642876617e+00
3.271184316850818785e+00
3.859861100619848440e+00
3.908435811509712199e+00
2.711565782265972668e+00
3.311747048127493986e+00
4.742728661699518788e+00
1.627540147111774083e+00
2.129380530349748835e+00
6.715161524944931237e+00
3.174552030622127763e+00
7.806041854579669703e+00
5.125992191857222657e+00
1.223933765742543756e+00
1.810553626201568234e+00
1.003517074464367997e+00
3.449293879759633086e+00
3.709193593992629712e+00
3.143747023970275389e+00
2.056001727624320097e+00
3.039158079258748923e+00
1.610845933774568906e+01
4.052289150676814167e+00
1.588635830433565266e+00
1.139040918325793461e+00
2.613872619937080088e+00
6.621053026386126028e+00
1.382631507730063491e+00
2.936311235916734041e+00
1.038492392159026556e+00
2.355810000135086568e+00
2.470183917140352126e+00
5.387961922451822261e+00
6.165709923359114164e+00
3.695889552736173922e+00
2.585768001087977108e+00
1.919816020403752210e+00
2.613098089023072390e+00
1.035422102151949186e+00
4.425011380992264876e+00
1.161281530689791675e+00
1.487978295855111321e+00
1.788545292877623760e+00
1.333064711555212556e+00
1.114746553662239625e+00
1.817826908274398523e+00
2.225272946570230559e+00
1.002853291920585033e+00
3.127903051872942264e+00
2.477350470412832184e+00
3.707583851045503476e+00
1.481413097690887248e+00
1.367968508220860357e+00
1.172158736891824704e+00
2.270565921304694257e+00
2.102233616425063900e+00
1.725170172252287415e+00
4.758369144125900618e+00
4.399044365679890767e+00
1.234051469389026101e+00
7.522935613824298429e+00
5.183788952389893900e+00
2.649781790329017284e+00
1.619443014541148917e+00
2.688863915819944772e+00
1.100064369692178134e+00
8.273140744260025770e+00
1.454206503174590326e+00
1.099215305974954315e+00
3.758702771208400684e+00
3.186114781969397569e+00
1.264065684599267936e+00
2.149343873378788405e+00
4.262431145203671612e+00
1.654612115159277863e+00
1.015545459127140671e+00
2.174294912625206244e+00
2.537551211330405732e+00
1.753518373698210064e+00
8.361362702165541450e+00
1.603955422026847266e+00
2.642892710005755763e+00
1.424929544993049113e+01
1.071310803416287261e+00
1.110331221533812140e+01
1.282461261590591040e+00
2.910037759641261434e+00
9.716838677856149076e+00
1.007452056890964398e+00
2.570065931683139571e+00
5.746928813559321725e+00
2.208819829167321558e+00
1.913438690121036956e+00
1.027682736400477470e+00
1.180309606908517939e+00
1.091704628131180410e+00
1.809579783061608715e+00
2.502999878165204528e+00
1.400204752776836870e+00
1.156824909873859664e+00
1.869497644247531287e+00
1.134125703273875629e+00
1.473584429864921663e+00
2.415059454649790549e+00
1.628881771446112126e+00
6.278395270747009427e+00
5.792941851559175959e+00
2.676745337453432239e+00
8.015863092148228120e+00
2.268680030013935145e+00
5.722372649310364601e+00
1.204867356435413539e+00
2.065954002913464649e+00
3.185402245597306781e+00
2.610493604817894830e+00
5.823770054190311463e+00
1.903122053672163583e+00
2.182240049903041434e+00
1.916814774032184587e+00
2.026439262932996144e+00
1.404784929442784103e+00
1.025698252112513087e+00
1.825074313730021602e+00
1.493814188037255741e+00
3.356641028129914162e+00
1.341793637693298402e+00
1.683206126248689483e+00
4.160005663064858084e+00
3.351946877176688933e+00
6.638832142426388749e+00
5.885770497398877588e+00
5.424013041867357998e+00
4.675915153390526768e+00
1.812750225757789213e+00
1.126067059602961162e+00
3.335651654243928288e+00
1.002454249461004476e+00
5.359842718036652798e+00
1.278273215713848554e+00
1.632918173207666079e+00
3.703775838808925247e+00
2.167029652612836976e+00
5.303635244127706372e+00
5.713137445344846022e+00
1.001043632633408009e+01
3.356532761377349239e+00
1.081061765801564656e+00
3.653950630608019168e+00
1.641103575478304544e+00
4.059118735077356099e+00
1.376176023489620981e+00
1.283482624416427242e+00
1.943352675144508712e+00
2.500514201367977307e+00
7.791115050709346512e+00
4.639320229927683670e+00
2.160027679327604311e+00
1.809659992636807546e+00
1.089592496141237543e+00
5.258509269487130489e+00
5.584343328972854792e+00
1.900952563304772358e+00
1.562980483854022440e+00
3.515991908070647654e+00
5.034373011876907000e+00
2.810537551037241677e+00
2.343051182327318127e+00
1.473733531580317502e+00
2.225342675307993012e+00
4.645969511723284207e+00
1.273686133368425510e+00
3.850430454148872528e+00
1.281200477102126145e+00
2.131139040748464275e+00
4.904714520547945433e+00
1.841858501421175687e+00
1.580886111368954738e+00
2.529959464251616108e+00
1.335348728261556950e+01
1.808354037975850037e+00
2.056647616078153273e+00
1.030488533859893252e+00
3.801882946714548961e+00
4.623878033821081424e+00
2.978492119663436188e+00
2.741774571943960126e+00
1.950507505697016697e+00
3.557168370221815756e+00
4.196905116642800415e+00
1.244792953955235371e+00
1.649365886512880852e+00
3.780847507067360613e+00
3.593139160030103252e+00
2.135246452908529768e+00
1.809759714948982356e+00
3.969113677852461830e+00
2.341472704191455811e+00
1.628104406890416023e+00
1.239619429554478236e+00
1.064922868653935817e+00
4.559481695555644976e+00
1.546664936858515027e+00
1.905094460426606684e+00
1.814820004457339042e+00
2.172275858575047014e+00
3.465236025829840472e+00
2.718168222240723075e+00
1.754489944014281155e+00
4.431339151393076214e+00
1.247559553362908469e+00
2.818754150066658859e+00
1.042825886718323769e+00
1.750228503449916762e+00
1.741611581711291024e+01
1.857605968716815603e+00
1.043484640701161315e+00
6.245741571998367547e+00
7.775528209823601600e+00
1.776453689306146444e+00
4.324411188481057877e+00
2.150066615615368715e+00
1.810825845146968760e+00
1.986533522438151067e+00
1.221193934469994025e+00
1.157084242695237908e+00
2.929996559515765320e+00
5.188704932062734976e+00
1.031434696215416169e+00
1.238674309162279386e+00
6.627468543971393622e+00
2.864849440813723724e+00
5.423850252393698668e+00
1.842262668578954266e+00
3.644680103295998119e+00
4.483369799647837439e+00
1.483124649367533632e+00
1.254451673609197737e+00
6.804885440698347665e+00
1.004752485378923366e+00
2.446944788069669308e+00
1.598121802280364046e+00
1.458831075211887596e+00
1.571305156521024537e+00
1.300145769599879708e+00
1.118809011367394080e+00
1.019349397056683237e+01
1.167319767376461037e+00
2.367351281732235968e+00
1.348085127674917505e+00
3.543766116792316900e+00
1.441220601081610653e+00
3.565049549743356305e+00
1.476322797218692973e+00
1.190139923119165211e+01
1.848424200645352400e+00
2.816011896273488802e+00
1.809896114104343479e+00
1.780863808282362681e+00
8.571469390181555070e+00
8.081182969374932412e+00
1.139224703219145374e+00
1.467434889715519830e+00
6.280311929015327088e+00
6.224665740348465093e+00
3.863859754040822825e+00
2.618784733316328772e+00
1.013198328851916408e+00
2.040911108672335494e+00
1.646891379235458031e+00
4.038562842108157191e+00
1.928532256434484005e+00
3.091911676344992532e+00
3.390589736347164873e+00
1.314905920347906987e+00
3.293906496264870309e+00
2.603447263510853649e+00
5.815322923429175006e+00
1.300605232735825290e+00
2.548792761418445796e+00
1.175077901782024092e+00
1.257920184414174525e+00
1.066012715975725111e+00
1.819972915836882255e+00
3.738768320148906366e+00
6.014488820888217901e+00
5.800653012763431704e+00
3.088156616482362615e+00
2.862353157349593502e+00
2.932760321418675709e+00
5.238135395680336259e+00
2.351724143782442766e+00
1.273634161886328720e+00
5.407585825601663565e+00
2.397162135013427342e+00
2.536788765545170854e+00
2.603498902632229051e+00
1.280132247973743809e+00
2.014002044959901205e+00
1.164124763067418744e+00
1.074224613080829727e+00
1.453529752986686630e+00
1.331666596651196910e+00
3.796384811080749877e+00
1.767477439995839505e+00
6.475367481341239184e+00
6.383451990458285152e+00
1.765931682619889864e+00
5.574094110461155438e+00
1.539054635231682067e+00
3.255369094918250994e+00
7.530008009503631250e+00
2.000903913069683071e+00
1.444047141423755676e+00
1.027410705489399723e+00
3.209477980580877965e+00
1.585836208671305592e+00
4.050317633748181656e+00
2.553210467586254584e+00
1.272526856532320227e+00
2.670497740325043168e+00
2.844910320448766683e+00
6.131551455022275832e+00
2.190259070225445637e+00
5.216951931415273691e+00
7.833782024131987320e+00
3.621159809408978969e+00
1.196469994715289697e+00
7.698210364693376384e+00
3.519070233990836627e+00
1.093946738278847697e+00
2.662909750699516742e+00
8.246431569640281012e+00
4.330687617467278372e+00
3.079410262982519075e+00
1.802263462502493363e+00
1.268158731197098321e+00
1.917031924208289384e+00
1.751580252455351649e+00
2.264028641698577093e+00
1.129454032212167780e+00
5.696503492529538804e+00
2.341078603182146889e+00
2.663106059991070307e+00
1.050375203319510842e+00
1.259246889267328529e+00
2.946214085356658074e+00
8.979327661286060192e+00
6.089926818101778494e+00
1.308213288435831778e+01
2.853486105251188842e+00
1.160212233225330403e+00
3.846715978834088112e+00
2.752256645816834713e+00
2.470832087003031141e+00
1.406916018017898118e+00
2.295084060052932973e+00
1.410080136821533214e+00
1.179145933548752412e+00
1.130911456182757124e+00
4.548932946554683276e+00
3.759581688249956866e+00
3.012022209252477989e+00
1.353632178699995636e+00
3.731671587519587607e+00
1.122503887766678643e+00
1.346964827767480610e+00
3.057231519894128269e+01
1.297141367314352811e+00
2.132139601898323633e+00
2.137288234671185005e+00
5.393274783405563433e+00
2.102662989520132530e+00
1.871422176661541092e+00
4.618057019021400755e+00
1.750975076594577073e+00
4.642816002537236031e+00
1.238723699974790815e+00
6.268943563165376709e+00
2.129835355824889476e+00
2.250806065309421289e+00
3.425591652776360352e+00
2.414991026004345454e+00
2.490306512394190097e+00
4.004137131306683806e+00
1.011597161186248206e+00
1.762522389747553708e+00
2.350752238428548413e+00
1.750239684493009262e+00
3.673530270146470045e+00
3.870428267428660085e+00
1.391842845078798740e+00
5.244248562239019584e+00
1.029192099866526711e+00
1.247486689651274405e+00
2.689511613481727181e+00
1.901932369478549489e+00
1.092655564471774143e+00
1.730209152744384804e+00
3.324163795056299442e+00
2.221559049376305328e+00
3.258031693718931088e+00
1.557652527247180396e+00
1.977831400604930900e+00
1.059311009375082158e+00
1.062580601718487117e+00
2.698677950470610654e+00
1.814616779332035357e+00
1.038538509977729785e+00
1.266448377367246581e+00
1.091083226852587185e+00
2.973268263524089239e+00
2.350293793519687924e+00
1.872856718672614607e+00
1.007079585004669209e+00
5.535206027935638318e+00
1.388429588314250118e+00
2.229306906365814189e+00
3.392697909213413077e+00
1.556421438511319533e+00
4.185552001764641261e+00
1.206069276734003992e+00
5.130900026842631689e+00
1.214568200276593180e+00
3.113497517232443279e+00
1.227165874961691605e+00
3.101818794877715835e+00
2.009608957909820859e+00
2.648649534709776265e+00
2.483531542732025699e+00
2.553169503926637773e+00
1.296711844884509635e+00
1.782920609626686526e+00
1.259526156029487032e+00
3.525206686470363948e+00
3.692515566020289963e+00
5.022985929060328480e+00
3.062157406919543412e+00
3.147871109584335247e+00
6.138356932170613511e+00
1.609640582284727284e+00
1.407170488844498912e+01
3.170790836556825365e+00
1.126029721365175096e+00
8.485113458031131373e+00
2.448841117715814253e+00
1.067649683247017478e+00
1.027363009529709714e+00
2.191977627732041078e+00
1.590739155859240528e+00
1.324165318316049778e+00
3.848664232022148468e+00
2.179457892891670134e+00
1.138671239739808438e+00
7.934846827643630363e+00
1.147041233142538452e+01
3.845435490851476068e+00
1.324145436634363904e+00
1.698051917090266594e+00
2.047938575287928220e+00
1.843606623051976978e+00
2.527800308006251662e+00
1.134879790112026887e+00
3.238336178609361848e+00
3.596384904427381013e+00
1.468949556075843210e+00
1.073846923429707445e+00
2.049780734007083716e+00
2.207193067685032872e+00
2.130211773418153598e+00
4.884086084845776554e+00
5.243700364354334731e+00
1.212121556504093256e+00
7.903372345499990459e+00
1.846976535130660180e+00
4.072593715871701825e+00
1.246037020789668492e+00
1.420550877361779429e+00
1.418955111708829708e+00
1.771734444930104457e+00
1.049387462786001368e+00
1.556416969501568603e+00
5.004805960671422582e+00
4.137232778755307372e+00
1.711512787299795280e+00
3.244347476212330772e+00
1.484831153647258972e+01
1.560934179584860138e+00
1.495824016419960101e+00
1.212414209186575054e+00
3.054231545026866446e+00
4.613576918959155115e+00
2.369418892076804450e+00
1.395780345993853366e+00
8.991607470827849724e+00
4.482207700383519011e+00
1.934736281440589512e+00
7.775826029250363369e+00
1.472843180363960558e+00
5.102318768160786000e+00
4.302464557306034720e+00
1.971932942275259171e+00
1.202460658492919165e+00
1.047793557332139303e+00
2.186887199331939868e+00
3.540743732938363308e+00
1.346768123345777290e+01
1.133540327019878946e+00
1.272501617681622843e+00
2.460054632606633263e+00
1.245569954482911079e+00
1.255897542425388647e+00
5.462715463797139570e+00
1.489446766544763046e+00
2.423923556383436040e+00
1.311562865137521294e+00
4.354933504118725374e+00
2.026163445696801624e+00
1.006917948743774271e+00
1.565951128081892074e+00
1.550461320215078320e+00
3.228809917276420638e+00
1.550039663278891533e+00
1.983696120657890027e+00
1.440167329582999312e+00
1.729843097205459035e+00
2.140370299618473471e+00
2.126502997721424926e+00
2.335853735039207457e+00
1.787972295254620647e+00
7.595157211592763247e+00
1.980236096589990780e+00
2.858633049089081002e+00
1.510050373631860454e+00
3.319711157285676784e+00
1.410955986903964288e+00
1.225140135595403690e+00
1.935475358712940519e+00
1.594611379736871726e+00
3.064882627162540008e+00
1.193078380423787666e+00
1.902079704910981217e+00
1.053182143367435097e+00
2.164115445142167360e+00
2.165839425918108851e+00
1.211119969026714482e+00
1.136326586713891196e+00
4.291141894502295884e+00
3.030217393753571020e+00
5.142818282181496947e+00
1.161231512594917525e+00
5.745767838785791781e+00
1.532154824278401550e+00
1.263702141379068333e+00
1.218666863403297773e+00
3.054012256166709349e+00
2.678785299289895949e+00
2.242776713472119265e+00
2.625252437997730670e+00
2.362922408700788957e+00
6.732113459316683368e+00
2.284389015795964539e+00
6.354755502112285903e+00
5.131913956704503121e+00
1.946608338412179062e+00
1.480554042046632324e+00
1.171626248871842746e+00
2.868369076569417864e+00
2.508110140832744861e+00
6.829424996214363830e+00
1.972824263673718326e+00
2.667183405540238805e+00
1.158584383973862098e+00
1.425044256760215511e+00
6.422824162490107902e+00
6.752534067642553595e+00
1.081801091804897919e+00
3.189017107350261337e+00
1.818024315030317695e+00
1.908832413869647304e+00
1.818387435850052247e+00
1.133575358954968637e+00
5.665546827794561757e+00
2.205074406433252143e+00
1.574325142455816229e+00
1.155396734556471960e+00
1.136872502548268749e+01
1.469617107769690900e+00
2.078876875437402294e+00
1.247874779258101974e+00
1.108891560045327074e+00
1.706769584126441641e+00
4.004473791679629358e+00
1.983258503373391823e+00
8.966837707730046958e+00
2.349551344863546110e+00
4.548181077664903427e+00
6.172460884742987375e+00
1.037252383671445122e+00
4.202460360943242712e+00
1.178329645800652470e+00
2.490067279441305903e+00
1.038407313657141007e+00
2.682132175202584623e+00
3.838312126473544694e+00
3.512727539749193717e+00
1.180558102638181950e+00
1.896222886246234696e+00
6.047182878086303504e+00
1.457500543787197067e+00
2.064162746783132718e+00
1.347138266516391569e+00
1.318458088502559411e+00
1.114489941260610184e+00
2.388623842120197516e+00
2.956648211547100669e+00
2.117549820396041227e+00
1.092752280878415805e+00
6.406625825277004971e+00
1.773060556460343662e+00
1.395833677303469678e+01
1.019725678770289523e+00
4.570180481641716419e+00
2.660042410714285932e+00
3.331642115805431459e+00
1.037993721329380614e+00
2.411020696663380480e+00
2.542209578609861076e+00
3.107857047932719219e+00
1.278736889580434744e+00
1.237433504255667449e+00
3.174416132239226140e+00
1.056798771934994541e+01
6.890792663085871794e+00
1.121793870122230974e+00
2.251158441276011501e+00
1.153725678916057484e+00
3.370697606167686100e+00
4.223817930586036162e+00
5.942688438928804828e+00
1.202201173747070406e+01
1.188693918180186326e+00
3.548708152282773476e+00
1.139890062551608407e+00
1.128820304268258967e+00
4.641871019559125067e+00
3.221224340525537855e+00
6.144663600186055952e+00
1.781348135370812047e+00
3.904881583475596329e+00
1.025113129425699210e+00
3.353797564730064629e+00
1.151312549218376446e+00
3.688886909351054122e+00
5.756633500996231945e+00
1.737139498126253123e+00
3.626030568230786066e+00
1.964179321239147180e+00
1.909532861938351811e+00
5.207717289459101728e+00
7.239824857551239390e+00
4.951076202611602639e+00
6.870745022871846075e+00
1.187559715367418667e+00
3.803977130817430830e+00
3.396425400936535333e+00
2.166552249828220589e+00
1.899481028394087723e+00
2.798893910753749825e+00
1.465904896436973415e+00
4.982562822070468300e+00
8.623558412098299542e+00
1.705188529160985400e+00
5.641654641389370894e+00
2.644474387621738032e+00
4.237057702246879387e+00
1.583243892385673757e+00
1.206913861431905266e+00
4.563844196028489009e+00
1.452600776955109696e+00
2.869820874292770441e+00
1.751797493166445063e+00
1.948416549810011666e+00
2.448059991861552209e+00
3.168305357065551942e+00
4.349719370290565656e+00
1.004591888929484922e+00
6.318656019012005132e+00
3.523225478963321944e+00
2.187480594292259717e+00
3.483742675528500587e+00
2.236451323037162098e+00
3.583567996864578831e+00
1.633811955434135044e+00
3.867690304137219037e+00
1.414008194577630606e+00
2.272076504730750290e+00
5.714683811089090071e+00
1.824551844216073082e+00
5.003986308179808162e+00
3.469891184502747805e+00
3.696773579123547204e+00
3.927420935518948220e+00
3.158167471546781790e+00
2.084580566831410131e+00
1.129476656653647382e+00
1.759190392795363600e+00
3.880788558747679584e+00
4.633100191977209903e+00
5.934140313723558435e+00
1.454743567473004040e+00
2.129592277969201319e+01
1.864642526830119440e+00
1.186179129165653157e+00
1.564972921066085654e+00
4.294025643531808711e+00
6.298029061112647931e+00
3.946470229055439649e+00
2.723001501222324539e+00
1.532033855030048075e+00
2.493163347434474986e+00
2.271867902432199049e+00
5.692731443760694177e+00
1.856479517527877876e+00
1.325780264298551669e+00
1.186821459416555147e+00
1.133185278949012442e+00
1.682606176861838776e+00
1.151092826692418303e+00
1.513602616907226306e+00
1.247572496252012719e+00
4.016803367148715331e+00
1.146033505881412173e+00
1.072172890954746993e+00
2.123565760573728589e+00
1.125186098819398905e+00
7.841578008093542884e+00
2.426689147560442184e+00
1.792908762558386382e+00
1.417999267056640811e+00
1.096519534583136224e+00
2.421827951022396785e+00
2.427283719069135870e+00
5.788700272652336665e+00
1.932666035944905936e+00
4.185414783860172072e+00
1.955529157754064329e+00
1.159046702105815507e+00
1.112332572912603901e+00
2.675597840970326491e+00
8.721302311471676560e+00
1.146517031317031421e+00
3.413583026857955005e+00
3.405620807105804726e+00
1.166783542976939314e+00
3.132784037275003985e+00
1.040052955332543716e+00
3.153471623705244031e+00
1.474771921646517603e+00
1.873706841867388562e+00
5.269170915856114412e+00
1.299354934553663465e+00
1.351060722990223839e+00
2.934702179807668898e+00
1.146947079184092111e+00
1.635140492418505342e+00
3.924696822217026870e+00
3.377471205694531076e+00
4.245520111804014007e+00
2.825388099291207045e+00
3.089792861371504440e+00
1.868437523377682652e+00
1.377519254895385847e+00
3.253388937725870900e+00
6.582379240791554231e+00
1.733163503137545414e+00
1.197973378059508764e+00
2.794869366077084027e+00
1.479203676586446692e+00
1.853969209786802352e+00
2.565220992086912677e+00
1.262285764023516998e+00
2.328257727734866833e+00
1.766717066815948867e+00
1.344908588858275245e+00
1.358656745851037240e+00
1.169712242393058599e+00
1.169232834621475314e+00
2.521282455103529330e+00
4.761870135534450377e+00
1.083263681848329441e+00
2.611345022460513032e+00
1.560139371825141286e+00
1.226748905267749379e+00
1.178941697693910218e+00
5.540260526832876842e+00
3.569751407398371601e+00
3.271727449783436548e+00
2.619602417115793003e+00
4.381201989871374991e+00
3.925952459688482055e+00
1.109247252221441382e+00
1.990466841078028404e+00
3.108325047860430068e+00
2.039608110200982871e+00
5.197966227602572431e+00
2.307821476840824282e+00
1.175550841516840972e+00
3.140437808503610206e+00
1.112344280132909802e+01
2.963554844477883421e+01
1.187820129666149027e+00
1.230687846768516280e+00
1.240689197543584976e+00
2.820712562287241543e+00
7.961863833136560764e+00
7.158226853391469469e+00
3.786843344535090417e+00
1.387685511981689146e+01
1.698335153250464025e+00
2.134558537964654334e+00
7.010818979027041209e+00
1.371692161929738418e+00
6.666792727272727426e+00
3.395935194596255702e+00
3.921016500080436895e+00
2.672250633947099274e+00
1.425261714218819087e+00
3.558915675031341763e+00
1.755527581696544459e+01
1.591950417726997857e+00
2.391712777067013462e+00
2.602396020206288352e+00
8.111192794832657427e+00
1.246399360430855197e+00
1.455674537675700542e+00
2.931804882542607071e+00
1.696039676784419248e+00
4.860337203062335298e+00
3.483238766271642639e+00
4.051824934173313686e+00
2.169627158738484241e+01
1.639835732995611250e+00
4.903356512714063697e+00
4.193963842425462829e+00
2.739902901443273642e+00
1.785459206629391504e+00
1.780100791757902146e+00
1.191552841877414393e+00
3.434244667075581070e+00
2.049652957083617277e+00
1.749408217746424521e+00
1.022767056940906638e+00
3.169955371780012410e+00
1.362632392680926507e+00
2.689579826229230974e+00
4.326341635009466557e+00
1.693859421196575177e+00
2.772868532654792162e+00
1.553211910248466721e+00
3.529001887454291886e+00
7.052339378366358602e+00
1.196850354398347749e+00
4.625892578134109812e+00
1.327323254886169535e+00
1.239750582761185882e+00
1.112366559521355658e+00
3.631421012068293486e+00
8.343589072102220783e+00
2.557142802366822565e+00
2.422129218393248795e+00
3.808712571505008082e+00
2.857333582108513514e+00
3.887982146794507710e+00
3.630731914677352457e+00
3.358217942048272953e+00
2.245961449498843354e+00
2.618661117643957592e+00
1.530033408563780561e+00
3.103716906228610739e+00
1.027935054816059957e+00
1.601065464436569163e+00
1.961117972409809118e+00
6.697045859000684054e+00
2.374958983739716256e+00
4.303014647038022389e+00
1.552461230965774375e+00
1.294293258292690041e+00
6.044049224130360720e+00
2.506016161232056394e+00
3.652305510974609870e+00
2.144413813097473032e+00
1.853460261587860369e+00
1.266345540229254274e+00
4.353282066719574850e+00
2.474187370349283377e+00
1.552989518707426075e+00
2.145542887508877783e+00
2.217311461530320660e+00
1.931504491687390912e+00
1.061677974297563498e+00
1.662558799443756508e+00
3.820231615981797724e+00
2.655980325702470335e+00
4.852208442863769733e+00
5.277627182207663914e+00
2.619185628168023250e+00
1.407326264876528343e+00
6.109335560189537162e+00
1.626222389904377730e+00
1.556010814118544028e+00
1.171134423611962738e+00
4.989401687131550744e+00
1.778429374330823931e+00
7.327311390477722064e+00
4.155139385539385444e+00
1.281644664837315206e+00
5.817274262723977074e+00
1.846660403971739806e+00
1.650942598210161094e+00
1.256995275773121090e+00
1.093914688670753144e+00
1.930920319976548560e+00
3.430455132819635544e+00
3.117245088343545856e+00
1.347782602344087755e+00
3.021885995886849585e+00
3.682869212805395254e+00
1.013083014645947078e+00
1.893756076631540664e+00
1.476982894216972708e+00
1.114633729698464526e+00
4.334623252917492842e+00
1.484634451392836896e+00
2.214345524854685276e+00
1.581046860959367306e+00
5.109249080757183314e+00
1.300500287370242924e+00
1.855474494278050335e+00
2.869351310758365248e+00
4.308748317290980623e+00
2.288036040415910133e+00
2.185030368398297895e+00
1.106616947769696324e+01
1.065210073380026046e+00
1.501336237977784815e+00
1.196041018867836092e+00
5.550495668867350574e+00
1.471711430319554648e+00
1.519042244790139051e+00
1.370263454984107510e+00
1.338279504569386091e+01
3.631214521833483477e+00
2.418545491893653754e+00
2.078840561491724248e+00
2.541644621381817792e+00
1.493180839700928519e+00
6.144537679536708374e+00
2.092613649148483912e+00
1.658570794044850638e+00
1.697678244075959908e+00
1.222591198689841008e+00
2.071451821606233867e+00
6.035663483621862113e+00
1.363389436322735904e+00
1.303516116447024142e+00
1.704215083537577780e+00
1.391389847575582817e+00
2.410972777959986768e+00
3.995473149772156951e+00
6.629139294974347507e+00
4.725514026264788114e+00
2.940368874673437993e+00
3.499748105768854867e+00
6.559569896458983251e+00
5.931776026111855948e+00
5.813416306698742986e+00
2.140431966939718489e+00
4.781982443543117967e+00
1.750354314163596881e+00
6.339413578041929398e+00
9.001558034761874438e+00
1.674515089248137079e+00
8.148180995863073761e+00
1.558367461944939469e+00
2.619498436572822442e+00
1.021393090020119798e+00
3.813547273180044606e+00
1.176906217678092670e+00
4.484788118138356872e+00
2.184456138568648953e+00
2.137915977109123844e+00
1.059476717715914562e+00
2.309969153384997753e+01
1.970454075345295708e+00
1.141070559854536093e+00
3.134632050461997554e+00
4.358672984720003640e+00
4.694620390739481230e+00
1.305995814268160915e+00
2.443303463744562087e+00
1.612479079248273051e+00
3.059887342367358265e+00
1.167599119083335912e+00
2.054214806288268580e+00
2.832481358745316147e+00
1.155240255265700400e+00
1.123394020391061510e+00
1.049158238558104728e+01
1.536771425526690216e+00
3.160486589016501924e+00
5.514038317352071061e+00
3.895853084020776347e+00
1.294279906031484373e+01
1.346986044927234616e+00
2.095206579311140072e+00
2.843992657822818071e+00
2.419290431235620709e+00
1.175441507649451989e+00
4.377253408934630663e+00
4.659053247931280062e+00
1.616595469490271331e+00
5.243309719771804822e+00
1.613156107115095494e+00
7.241605663353968048e+00
2.420354906994550248e+00
7.479390150298624640e+00
1.947873179041388125e+00
1.848940963545176119e+00
1.148499198648547992e+00
2.227583133972435547e+01
1.774752702645943314e+00
1.148709720255849387e+00
1.515587375163815809e+00
2.489885892361164643e+00
1.402217263383134016e+00
1.472165271223135230e+00
1.152367829437675573e+00
1.648464107774671783e+00
3.989274384047969857e+00
2.205994512940865349e+00
2.887703952336997393e+00
1.954562166041175830e+00
1.625134831502307531e+00
1.946768306402553383e+00
1.236086269422049178e+01
1.999476157350268180e+00
2.135334266370290113e+00
2.152525338740078453e+00
6.026017317734153167e+00
1.303873255462466352e+00
2.386566254974767265e+00
4.845109831957665314e+00
1.564460553298075540e+00
1.450325500258279776e+00
3.415913848599244851e+00
3.623973465812955652e+00
1.916763856293594692e+00
1.534096125659773158e+00
3.597609667926445098e+00
1.417552069181987839e+00
4.256188612782282554e+00
4.827852147373880243e+00
1.395280920610923570e+00
4.345540800659102310e+00
1.727283144533677817e+00
2.237351629061401059e+00
3.260628796067442714e+00
5.229052351890006278e+00
2.062692541611960362e+00
3.044170493225447860e+00
2.102431334885054959e+00
3.322990653421309393e+00
3.263172432215912355e+00
7.395649608269677877e+00
4.067381562433398656e+00
6.698599155050917631e+00
1.135187198891824067e+00
2.466563817904907641e+00
5.597049841278636251e+00
7.759447821080065033e+00
1.693488589082911666e+00
1.540441814751118077e+00
2.650234866876179041e+00
1.062130261659932184e+00
1.245458652888157713e+00
6.876533160229362451e+00
2.889059079509149974e+00
6.538347920031185367e+00
1.139646824359674682e+00
8.898456397479113988e+00
1.148638183958030012e+01
3.889706182701606174e+00
3.436813729874776513e+00
3.720996817848742921e+00
1.004097006365458178e+00
1.355466092638083486e+00
1.695307803218558007e+00
9.253027735834061573e+00
1.090201865547914650e+00
3.606597720483744496e+00
4.105644074492867723e+00
3.911432168561647771e+00
2.025151286642840276e+00
3.720418471919589631e+00
4.086888510389799833e+00
2.994303963227826326e+00
1.225517909764492375e+00
1.602099820977628042e+00
1.105653225563229425e+00
3.612409401812780363e+00
1.736819088063412009e+00
2.029318592458283277e+00
2.531010469888514969e+00
4.905389425052633534e+00
1.564863816608735414e+00
1.719405634289311147e+00
8.618891001767222448e+00
1.251015473977191483e+00
1.162065047376084514e+00
2.428221761306180504e+00
4.473993235333223240e+00
1.180508626198083055e+00
2.471051401148313786e+00
3.460728746574292636e+00
4.013365306388680942e+00
1.009155319253679961e+00
4.742729066353784440e+00
4.496881051276107932e+00
1.727165814361795837e+00
2.515232753022666135e+00
1.012223596002104209e+00
1.943019178882774156e+01
4.579834743829386490e+00
1.741615469164445207e+00
1.839533852530816027e+00
1.053653112302294970e+00
7.247152225916469348e+00
4.138643035673710280e+00
1.965156261779315239e+00
2.673798503112686298e+00
2.176174055736868507e+00
6.465771594678682455e+00
6.081019568489714366e+00
7.634104517271921964e+00
1.260775922760177581e+00
7.654084143038194732e+00
2.360955154041666226e+00
1.673070570050758876e+00
1.683822466982621613e+00
3.711852728484891006e+00
1.149064625802222794e+00
6.386586333994896947e+00
4.301168946433179485e+00
2.731755485219863111e+00
1.339433524386147933e+00
1.085586849786462693e+00
3.617304195366311870e+00
3.208869455932426451e+00
5.534376896700776705e+00
1.376709519990638952e+00
3.829343119204410506e+00
2.949450972472825949e+00
7.272788408433396690e+00
3.775402377551381861e+00
3.261105205717920175e+00
1.969902155771210417e+00
3.003224885592892246e+00
2.083733838993277132e+00
4.078003517293359081e+00
1.945751073863412506e+00
1.407007706525374502e+01
1.921561749604607350e+00
1.102130157332426696e+00
1.924524046635899932e+00
2.534378827720756622e+00
2.291820367720661444e+00
1.908931333872437008e+01
1.596808530430617434e+00
1.340053025550940413e+00
2.669500454295617331e+00
2.424828057423223715e+00
1.226667500213639572e+00
2.461075338932460443e+00
2.133901476575458478e+00
1.646569005836203026e+00
3.167818525097347404e+00
3.499879704962449711e+00
3.326812406910421238e+00
1.216859304575202749e+00
3.052448583401984106e+00
4.023482633092001493e+00
6.341297795194368980e+00
1.345167216022162604e+00
1.247185902813149116e+00
4.148996534027939553e+00
1.389611448437144903e+00
1.663118480049030623e+00
3.081244808392713974e+00
2.898236902436953422e+00
3.000628521357217693e+00
1.230324133793745833e+00
3.485562580529170340e+00
1.269294686993823973e+00
2.058768230729056459e+00
1.094350747831007276e+00
1.106101686346571578e+00
2.573470852017937016e+00
1.934158619335681006e+00
1.658071874881660079e+00
1.674976428211492951e+00
1.760292768179569034e+00
1.142673825217946026e+00
5.951352704254683879e+00
1.226007037646565712e+00
1.590947491949910475e+00
1.741944954128440415e+00
1.680104939295742339e+00
2.400555133126519802e+00
1.768072879849848400e+00
1.907504598270829854e+00
3.615685413139509308e+00
3.224570365868803190e+00
2.292176047066983191e+00
1.935253497349370022e+00
1.172021602896586412e+00
1.019018855620003050e+00
1.094520887908451590e+00
3.004131859513247349e+00
1.059302537245849329e+00
1.067492972230600135e+00
1.014683863169058498e+01
1.992880429880939941e+00
5.120586525310242720e+00
2.099448425415030073e+00
5.864472685659218421e+00
2.630227554371634024e+00
1.119489961253962607e+00
3.305001631083087865e+00
2.400339812016524910e+00
3.263756337040205402e+00
3.103694191296639815e+00
4.046772709274481628e+00
5.859417917522515395e+00
1.324178607985951661e+00
3.987957124279039700e+00
1.014470985204631859e+00
1.302381595649652901e+01
1.345319367150296763e+00
2.323079345615604474e+00
1.181549033871787557e+00
1.380558613531386314e+00
7.111490134786732753e+00
1.335287802068620744e+00
3.240056496018668408e+00
1.768685265590835165e+00
6.066288095155703886e+00
3.732109003307284567e+00
2.829472579722055237e+00
2.240635157970416014e+00
2.973937727469408543e+00
5.667278371720360752e+00
5.243051696179541921e+00
1.049810599509071629e+00
9.125569091815544098e+00
2.507731340518172924e+00
6.226465049628607140e+00
1.160749461404130045e+00
1.079274571747340650e+00
3.246487652975082128e+00
2.672748972668379963e+00
3.401905988782933488e+00
2.233270390862038379e+00
5.260148356097824163e+00
1.189097140862260371e+00
9.136579458764956030e+00
1.957546528983297840e+00
1.268217379797088595e+00
2.303216356247282270e+00
1.488266954428488331e+00
4.892486789216102139e+00
1.565444589388786500e+00
2.495527154098926559e+00
2.104268687187440090e+00
2.227720606431436323e+00
2.633530298337978692e+00
6.054370160845698123e+00
4.862903048954320795e+00
1.107821150056960136e+00
2.127261944272714533e+00
1.547587975608407662e+00
8.135078691366745218e+00
4.103758306088564289e+00
4.772973774294848148e+00
1.928914206058533809e+00
1.085625297967619751e+00
1.765781570962326574e+00
1.363686071650028753e+00
1.384355404791084654e+00
1.063083674238082033e+00
1.093675242359914312e+00
2.220085091638100749e+00
2.488564649478988144e+00
3.388324875896791433e+00
1.365412807863535916e+00
1.939679759980192486e+00
3.815658346527107447e+00
2.874558106096329002e+00
5.052866558020054022e+00
1.102785880948078834e+00
1.132006536778682904e+00
4.818003193061988654e+00
2.452932420489412735e+00
1.013345213985005655e+00
2.256892700600078072e+00
3.325736276258885127e+00
2.222959017026448159e+00
1.230719802955664965e+00
2.355656761868128335e+00
1.414327784765852414e+00
1.374084945464492113e+00
2.488769443286497740e+00
2.134434532907230064e+00
4.251842488135303633e+00
1.299004432703409151e+00
4.532378945599466746e+00
1.644389861468236846e+00
1.242765713743188671e+00
3.192225536418743292e+00
1.065731559726562194e+00
1.683035749621968780e+00
1.718459344909658126e+00
9.852257437729521783e+00
7.597500346095414692e+00
3.301084387578477219e+00
9.931742618333982975e+00
1.145256400795896745e+00
2.068926515699464730e+00
4.884644742052412170e+00
1.364792322633153088e+00
5.341127799877192217e+00
2.151072485693236391e+00
1.170577910158279389e+00
3.481526816451756989e+00
2.406346916919044343e+00
1.319966007410275699e+00
1.234921570639791355e+00
2.426549980738319956e+00
1.051208278977735278e+00
4.467681784042983217e+00
1.209530217351072467e+00
2.169543802154806578e+00
2.922727035117137717e+00
4.994883813388255156e+00
1.449902774880033274e+00
7.525094919942018734e+00
1.687466398065385453e+00
1.211864882478455696e+00
3.119273262640261724e+00
3.107171443141254485e+00
2.012694992309007169e+00
1.343388506092722867e+00
1.597945666551352284e+00
5.744417816547414901e+00
5.348593960082204113e+00
1.236220894701277828e+00
1.215535705409381384e+00
1.358627298744877532e+00
2.025057452407806213e+00
4.908649640834952699e+00
2.480539514847328597e+00
1.065815853733609764e+00
4.555348470966687380e+00
8.946193666858839322e+00
1.284692602625623126e+00
1.705737715448024883e+00
1.363120806273838026e+00
5.716569227504937345e+00
4.068525411772609957e+00
1.334206588687610440e+00
3.022991800963618303e+00
1.737606845135109657e+00
1.395008713346950424e+00
1.968004410827598694e+00
1.633323512343199058e+00
1.968282136146015882e+00
1.956205526999896138e+00
3.492249188494071621e+00
4.361897006336375782e+00
7.473821576175431858e+00
2.608597247226900340e+00
3.849087263268492709e+00
3.068909740746552206e+00
1.191750691619202662e+01
1.668019704225198740e+00
3.022219971996582100e+00
2.770691297251996144e+00
6.557319664795378422e+00
1.097546736479401375e+00
1.777153764602151353e+00
2.920016751528641485e+00
3.550426857149626247e+00
1.850148565707150139e+00
5.999355216571649940e+00
3.656243259134817514e+00
1.309883263035112266e+00
5.724826616256646794e+00
7.498978051785638144e+00
1.482348836146433646e+00
1.582690952801252715e+00
2.026847569560691120e+00
2.958522946441313639e+00
3.138598158514117387e+00
1.087579974687838513e+00
1.525452157882644322e+01
1.826793947558406961e+00
8.683491937125149107e+00
1.324677978182106086e+00
3.878287211654650957e+00
1.910483679975709670e+00
1.186316645012784665e+00
3.197757356018636532e+00
3.825216355272933022e+00
1.284074544525440897e+00
1.343295546712868660e+00
3.292847601118643830e+00
1.033301637318933652e+00
1.274138668506381578e+00
1.909479130412197190e+00
1.435664301816310440e+00
1.944161550817862016e+00
3.880250582232107615e+00
3.634916568295190498e+00
1.063286703531315069e+01
1.126640140915284638e+00
1.104387862061644965e+00
1.612098718688675936e+00
1.477797748636990871e+00
2.235896710293597600e+00
1.196305653587657503e+00
2.320540326327584779e+00
1.486949026337205826e+00
1.222523597243012849e+00
2.516479952479952598e+00
3.799446506918663591e+00
1.236073939118962128e+00
1.303961498743253511e+00
4.354912100305125655e+00
1.461687380673769798e+00
2.109396147795091103e+00
1.225350500073312698e+00
6.551996912555224206e+00
1.110376255254579059e+00
3.485204850980867519e+00
2.047802409439949400e+00
6.585615459354420942e+00
2.139696432089795763e+00
1.283496700010815061e+00
2.333905524295686096e+00
1.014808325818502999e+00
1.095155406355050598e+00
1.916353869690861744e+00
1.760654088491441449e+00
2.949048727608979625e+00
1.278239138689478249e+00
2.319783273926427913e+00
1.423634757824733033e+00
2.595108748571712365e+00
3.930970975904939824e+00
1.645044251053516593e+00
2.096441587769954928e+00
1.813313690852277338e+00
6.099959649211740498e+00
1.636726365083773560e+00
4.807297523210062984e+00
6.227780350609783966e+00
5.383569192470103459e+00
1.376037076474920351e+00
1.004976912568818603e+00
3.984113060439621989e+00
1.327492283556495956e+00
1.408815016853045110e+00
4.009129746125791982e+00
1.284624843313993070e+00
1.168054498303379152e+00
1.261563061754977344e+00
1.412086674488360893e+00
1.406523652662519552e+00
2.547097307811346578e+00
1.350396841621724242e+00
5.835489907427371392e+00
1.876452295944690984e+00
1.494182993481736554e+00
1.774651585712548663e+00
4.660998709662147910e+00
1.009117854218505306e+00
1.134674772202565629e+00
1.691880410890505448e+00
6.143359781743776615e+00
3.511063998279214893e+00
3.070613793310401629e+00
1.286595840241778088e+00
1.485228647967905324e+00
3.117123219241871634e+00
9.203323198651965242e+00
1.871577950480356245e+00
2.467466222788122998e+00
1.724384467511110408e+00
2.749931071804831095e+00
4.453025860681612436e+00
1.150291874874199483e+00
1.071493553913778207e+00
1.076083134148471121e+00
1.868686145042281810e+00
1.862444872832382581e+00
1.776417897691690007e+00
1.557773539472840918e+00
1.600190711712071057e+00
1.786468026873696768e+00
1.011054830608234756e+00
3.730344117764391232e+00
1.166947047911469415e+00
5.543794055030668133e+00
1.094565271455485433e+00
2.322269889769870588e+00
1.717872350437508899e+01
3.726942052724294463e+00
1.690257552086752213e+00
2.657837194285032734e+00
1.238815271770342452e+00
1.478399095088541726e+00
4.472630686000724332e+00
1.015000676086809506e+01
1.656727110154688987e+00
1.377370795089178035e+00
1.079868066131326465e+00
1.299035357905058641e+00
3.602874663859790605e+00
6.072255690796282579e+00
1.974058001045952748e+00
2.401073262869192870e+00
1.678350607314636367e+00
1.874324658377446662e+00
1.050872612030921527e+00
4.335867453329702137e+00
6.237277747670345818e+00
2.427770460356486026e+00
1.835172838444471211e+00
1.751991680740723867e+00
4.199831951506559413e+00
1.186064163137926508e+00
1.096764951167446434e+00
5.270998300678276571e+00
1.841932398409559024e+00
7.782786026691490555e+00
2.077305396597877607e+00
2.408727786502212531e+00
1.564549390604436541e+00
1.126561631093659255e+00
3.088399873347236202e+00
2.595530341082110670e+00
5.688997297916190021e+00
5.628866935531282145e+00
1.943903120633442061e+00
2.428016229406413817e+00
1.240904050941317616e+00
4.967010350919049522e+00
1.913491253820517768e+00
2.889578248940491090e+00
1.842394880770424903e+00
4.123198288097827735e+00
2.026670165389063527e+00
2.271998900195360882e+00
1.071180997879706887e+01
3.222010669641283354e+00
1.900176072687445483e+00
1.409859824269288353e+00
2.604901326216046087e+00
1.267186214972549907e+00
1.287936396570660502e+00
4.157653537703572155e+00
1.054912801074764150e+00
1.202093201546489576e+00
4.665374330394247870e+00
2.913881551253671098e+00
2.874350905679880341e+01
1.826355049387543117e+00
4.681617472290929172e+00
3.898534122016940273e+00
1.944268788009148707e+00
1.114415892971475142e+00
4.661329746127395701e+00
3.780443743280363034e+00
2.430700856710322544e+00
1.596446020941643118e+00
2.673320547592560104e+00
7.279271695577511636e+00
1.766790176222397424e+00
4.232801254321249651e+00
1.225769852485182332e+00
1.107085907433636551e+00
1.278982786978683173e+00
2.773623138786959430e+00
3.222367815322813911e+00
1.865320659411305426e+00
1.036051869949147886e+00
1.287455742010217508e+00
2.243819678277481078e+00
1.258140107495002491e+00
1.017019032853525351e+00
4.690731933534108222e+00
3.139505831234023159e+00
5.583074664693506328e+00
1.437864685490109595e+00
2.041602325906460624e+00
1.146624362133068065e+00
2.842137527335380387e+00
1.874394990519865134e+00
3.325232223643088680e+00
1.204856559844428521e+00
2.671989290909996040e+00
1.545662294048413044e+00
3.126500520978968023e+00
2.537456227156319244e+00
1.191777319438848792e+00
5.872510356613630300e+00
5.140258992805755156e+00
8.834716340908231658e+00
2.923262057879067566e+00
4.315901901762628334e+00
1.345607529948659398e+00
3.357926797495482507e+00
1.891863060030292365e+00
