20.444869995117188
139.7879123687744
118.04056167602539
85.05606651306152
127.79784202575684
26.54099464416504
65.70720672607422
40.46893119812012
177.14595794677734
29.50453758239746
141.59584045410156
129.8966407775879
16.08133316040039
39.624929428100586
25.617361068725586
185.7931613922119
135.83040237426758
573.7264156341553
81.64429664611816
169.3711280822754
273.0562686920166
140.7947540283203
552.1364212036133
81.1777114868164
62.5605583190918
26.876211166381836
88.58370780944824
226.88841819763184
231.80675506591797
128.31783294677734
138.05651664733887
318.4640407562256
25.1467227935791
375.22101402282715
18.20826530456543
138.25297355651855
107.04445838928223
26.114702224731445
64.18561935424805
41.99671745300293
151.92079544067383
40.07744789123535
105.38506507873535
79.6973705291748
25.876522064208984
105.6826114654541
144.6816921234131
33.14328193664551
244.33088302612305
189.9254322052002
78.78470420837402
104.31337356567383
22.113800048828125
104.95901107788086
93.55616569519043
152.24456787109375
61.621904373168945
65.65999984741211
158.95700454711914
17.750263214111328
34.54780578613281
21.15178108215332
91.35198593139648
35.58516502380371
47.94597625732422
25.47764778137207
79.55050468444824
155.05576133728027
52.710771560668945
279.529333114624
68.42684745788574
247.69997596740723
52.63805389404297
62.72077560424805
157.87100791931152
98.04463386535645
43.94245147705078
45.844316482543945
51.921844482421875
25.187253952026367
123.42596054077148
277.04906463623047
98.07777404785156
102.85115242004395
286.70740127563477
108.92987251281738
212.45050430297852
28.464555740356445
39.39175605773926
108.4442138671875
152.76312828063965
49.143314361572266
40.283203125
23.33521842956543
251.36160850524902
51.011085510253906
424.5424270629883
210.1454734802246
28.977394104003906
221.81320190429688
17.71998405456543
43.26200485229492
184.9052906036377
17.28534698486328
21.09837532043457
383.16917419433594
53.49278450012207
62.7291202545166
21.0421085357666
21.1029052734375
28.974056243896484
16.373634338378906
139.92905616760254
627.8824806213379
134.65142250061035
36.54193878173828
22.194385528564453
42.774200439453125
16.071081161499023
182.32059478759766
17.264127731323242
13.415813446044922
20.823955535888672
34.913063049316406
16.807079315185547
21.985292434692383
71.70343399047852
71.45500183105469
77.29792594909668
22.992372512817383
74.33748245239258
165.29083251953125
219.53892707824707
78.23562622070312
79.87523078918457
73.7755298614502
47.728776931762695
196.4418888092041
53.52950096130371
28.60713005065918
132.76433944702148
15.436172485351562
109.23504829406738
31.8911075592041
60.16135215759277
150.98190307617188
428.0209541320801
355.20172119140625
104.7372817993164
118.82376670837402
368.84403228759766
54.259300231933594
41.493892669677734
146.57998085021973
50.45294761657715
33.28871726989746
48.34246635437012
129.92358207702637
188.04526329040527
48.08640480041504
21.7130184173584
264.4157409667969
539.7610664367676
18.153905868530273
31.697511672973633
315.22583961486816
129.8384666442871
48.625946044921875
324.6188163757324
14.09459114074707
131.12592697143555
20.291805267333984
13.160943984985352
95.28779983520508
49.256324768066406
31.843185424804688
346.0431098937988
90.34514427185059
125.46277046203613
1034.8446369171143
221.72093391418457
62.728166580200195
269.0317630767822
27.474164962768555
168.32804679870605
46.91004753112793
19.843578338623047
55.916547775268555
233.13045501708984
51.36466026306152
43.33043098449707
33.51736068725586
21.71015739440918
14.608383178710938
19.953489303588867
17.76742935180664
181.14280700683594
39.911746978759766
195.82033157348633
17.684221267700195
343.34707260131836
25.637388229370117
134.14883613586426
180.16290664672852
67.07954406738281
112.8387451171875
33.00786018371582
812.4072551727295
26.616334915161133
81.50529861450195
21.61240577697754
396.500825881958
96.53806686401367
17.661094665527344
273.1785774230957
356.9834232330322
160.9177589416504
151.84307098388672
188.3244514465332
146.42667770385742
120.0869083404541
165.47513008117676
56.528329849243164
118.38221549987793
196.4588165283203
23.487091064453125
61.68389320373535
83.38499069213867
26.652097702026367
50.13704299926758
178.15136909484863
27.47511863708496
69.19384002685547
60.263633728027344
295.34053802490234
74.03039932250977
70.54448127746582
176.1324405670166
19.687414169311523
284.6229076385498
15.146732330322266
45.896053314208984
353.9419174194336
81.0089111328125
130.79500198364258
205.90591430664062
116.48297309875488
135.6668472290039
191.10703468322754
36.92889213562012
44.179677963256836
16.300678253173828
314.38469886779785
36.27514839172363
331.09021186828613
83.12058448791504
184.28421020507812
153.84316444396973
277.1279811859131
35.07208824157715
34.89255905151367
107.84912109375
26.54409408569336
74.74851608276367
126.87969207763672
641.8416500091553
65.43779373168945
282.5350761413574
33.519744873046875
20.727872848510742
263.5657787322998
76.32708549499512
108.27279090881348
17.21477508544922
207.3841094970703
125.81157684326172
229.70032691955566
37.668466567993164
38.67626190185547
374.65429306030273
70.30153274536133
295.53675651550293
58.75515937805176
19.632577896118164
259.0787410736084
104.81858253479004
179.5952320098877
35.77089309692383
322.5109577178955
87.4013900756836
356.5258979797363
58.78305435180664
83.50872993469238
156.75806999206543
57.6629638671875
74.33915138244629
208.0099582672119
90.63529968261719
204.2698860168457
11.970996856689453
66.73717498779297
13.698101043701172
33.304691314697266
22.73392677307129
217.529296875
93.81937980651855
21.750450134277344
37.0943546295166
19.939899444580078
139.2040252685547
358.62135887145996
25.257349014282227
1024.653673171997
153.42116355895996
51.105499267578125
48.83766174316406
194.17428970336914
25.3903865814209
179.57067489624023
233.73961448669434
33.28394889831543
143.0363655090332
30.559778213500977
108.14857482910156
234.9557876586914
43.37668418884277
142.01760292053223
68.65358352661133
106.42385482788086
75.19316673278809
52.904605865478516
121.4747428894043
71.35128974914551
105.5290699005127
120.84197998046875
90.46554565429688
76.62391662597656
40.85040092468262
18.31960678100586
18.83387565612793
49.07631874084473
112.49208450317383
141.3290500640869
95.40843963623047
22.77398109436035
47.94907569885254
316.0731792449951
28.23472023010254
23.233413696289062
233.3517074584961
219.91610527038574
46.984195709228516
15.206336975097656
75.41465759277344
33.209800720214844
19.674301147460938
23.076295852661133
16.026020050048828
75.20031929016113
53.017616271972656
94.35534477233887
192.40140914916992
47.07503318786621
56.95486068725586
137.88747787475586
50.013065338134766
165.86685180664062
327.5103569030762
63.550710678100586
112.86234855651855
161.45014762878418
34.58571434020996
44.50702667236328
242.49815940856934
294.9233055114746
135.69211959838867
182.8312873840332
242.68460273742676
22.022724151611328
104.81071472167969
76.66897773742676
233.57796669006348
79.21719551086426
60.1961612701416
46.999216079711914
364.7925853729248
135.52594184875488
255.88107109069824
24.562597274780273
27.276992797851562
305.9196472167969
34.03949737548828
39.247989654541016
34.05904769897461
54.67391014099121
208.024263381958
282.012939453125
120.24354934692383
138.2443904876709
78.43017578125
53.24530601501465
101.165771484375
125.42557716369629
24.49822425842285
62.126874923706055
20.877599716186523
174.99542236328125
40.28677940368652
14.065027236938477
16.582727432250977
50.91977119445801
157.27519989013672
13.767480850219727
20.908832550048828
29.486894607543945
16.205787658691406
72.662353515625
13.968706130981445
16.277551651000977
161.70167922973633
94.07901763916016
50.72784423828125
174.64709281921387
181.90693855285645
57.42931365966797
19.22297477722168
141.5257453918457
58.7615966796875
96.09627723693848
326.23815536499023
82.69309997558594
79.34761047363281
214.31589126586914
129.93216514587402
23.10943603515625
55.45973777770996
23.444414138793945
25.069475173950195
44.652700424194336
136.75856590270996
19.881248474121094
242.69509315490723
35.46285629272461
27.07672119140625
92.66877174377441
248.72159957885742
334.7043991088867
21.100282669067383
52.97994613647461
44.05999183654785
25.810956954956055
139.4491195678711
1075.3827095031738
276.395320892334
63.030242919921875
254.69589233398438
56.444644927978516
112.29658126831055
33.470869064331055
99.79939460754395
325.9761333465576
146.90780639648438
140.0775909423828
106.52875900268555
23.072481155395508
355.8082580566406
436.9845390319824
161.6659164428711
24.031639099121094
302.79040336608887
168.23697090148926
34.90328788757324
119.93575096130371
280.12967109680176
87.84008026123047
325.33860206604004
120.68319320678711
97.68438339233398
154.25777435302734
71.41804695129395
172.62959480285645
89.2033576965332
118.74032020568848
469.2959785461426
27.362585067749023
48.92134666442871
21.888256072998047
130.63597679138184
23.090124130249023
181.63681030273438
273.4389305114746
371.0927963256836
104.88438606262207
119.63510513305664
40.53664207458496
382.9038143157959
42.63639450073242
266.88075065612793
29.11520004272461
332.92198181152344
77.82196998596191
57.57784843444824
87.86368370056152
91.0792350769043
142.77338981628418
51.79119110107422
122.18785285949707
15.486001968383789
16.858816146850586
118.7741756439209
20.93052864074707
60.61887741088867
14.411687850952148
164.18123245239258
23.995399475097656
117.6142692565918
230.31926155090332
116.4698600769043
103.53469848632812
20.18117904663086
25.294065475463867
42.694091796875
284.7616672515869
157.00387954711914
122.38836288452148
35.43877601623535
128.96490097045898
108.05964469909668
173.797607421875
27.400970458984375
88.87910842895508
148.72002601623535
19.740581512451172
28.537750244140625
88.8831615447998
68.29142570495605
20.843029022216797
36.963462829589844
232.8805923461914
83.67371559143066
490.0491237640381
332.963228225708
59.23795700073242
120.90563774108887
231.13441467285156
66.32685661315918
53.52926254272461
20.592927932739258
35.10594367980957
21.125078201293945
142.39144325256348
230.76343536376953
168.9894199371338
40.22717475891113
202.03924179077148
127.73823738098145
56.828975677490234
267.98248291015625
543.5702800750732
161.18502616882324
76.29275321960449
19.110441207885742
19.65641975402832
32.56559371948242
170.52435874938965
244.39144134521484
75.03819465637207
580.0418853759766
213.18769454956055
16.645193099975586
23.890256881713867
85.45184135437012
165.0078296661377
195.00207901000977
33.173322677612305
20.42675018310547
223.4654426574707
53.620338439941406
329.23197746276855
60.96363067626953
18.897056579589844
73.03333282470703
116.28842353820801
116.82915687561035
54.93497848510742
1075.9241580963135
21.315574645996094
324.80883598327637
55.71126937866211
180.07183074951172
52.756547927856445
17.0137882232666
337.688684463501
23.678302764892578
86.35783195495605
47.85466194152832
470.11685371398926
137.17293739318848
192.92402267456055
179.25357818603516
51.53918266296387
14.313459396362305
13.671159744262695
1025.9275436401367
20.346403121948242
129.1208267211914
53.88236045837402
17.188072204589844
152.27556228637695
123.00610542297363
49.05581474304199
148.85187149047852
20.70784568786621
185.66632270812988
516.890287399292
93.94979476928711
47.70255088806152
233.40320587158203
82.68976211547852
23.10657501220703
48.711299896240234
141.78705215454102
165.39955139160156
130.61094284057617
155.85827827453613
102.51283645629883
199.06353950500488
24.430274963378906
195.4665184020996
282.0315361022949
35.981178283691406
43.82205009460449
82.04841613769531
59.43179130554199
1070.9445476531982
65.23704528808594
152.95648574829102
22.16625213623047
147.5355625152588
23.123502731323242
74.4175910949707
726.3236045837402
312.9129409790039
266.9658660888672
69.3368911743164
124.51720237731934
205.28721809387207
85.5400562286377
61.84577941894531
87.77880668640137
28.881311416625977
272.60327339172363
249.5434284210205
117.63215065002441
332.51309394836426
53.38406562805176
59.61418151855469
74.44906234741211
121.03772163391113
55.37700653076172
135.71906089782715
52.25419998168945
20.987987518310547
122.51615524291992
283.57744216918945
74.76949691772461
168.61939430236816
50.2011775970459
21.718263626098633
60.36782264709473
277.01854705810547
98.88005256652832
22.530794143676758
198.39048385620117
140.47503471374512
56.81777000427246
319.8692798614502
23.175477981567383
85.38413047790527
200.7730007171631
17.188549041748047
22.75538444519043
53.627967834472656
153.6428928375244
28.579235076904297
137.98761367797852
93.11389923095703
140.1193141937256
246.9625473022461
43.984174728393555
33.562660217285156
462.42356300354004
107.6960563659668
40.927886962890625
179.1210174560547
284.3017578125
51.201820373535156
242.91467666625977
75.3321647644043
62.31331825256348
53.32779884338379
106.59003257751465
68.31812858581543
154.70075607299805
16.613006591796875
113.44790458679199
19.113540649414062
89.10846710205078
44.16799545288086
133.14485549926758
163.04683685302734
16.130685806274414
185.60171127319336
14.540672302246094
217.77009963989258
71.05731964111328
19.031047821044922
112.26439476013184
94.59042549133301
22.784948348999023
51.142215728759766
112.38503456115723
1030.2677154541016
20.56407928466797
53.02309989929199
50.28820037841797
1099.3390083312988
92.31257438659668
168.38455200195312
37.46676445007324
34.890174865722656
19.351959228515625
152.09555625915527
185.31441688537598
30.571699142456055
467.3037528991699
31.981706619262695
49.7586727142334
51.19967460632324
192.66676902770996
445.2495574951172
43.88093948364258
200.40655136108398
23.66495132446289
287.06812858581543
197.1893310546875
160.81523895263672
174.51930046081543
163.4521484375
53.29298973083496
238.46435546875
1032.20796585083
443.96138191223145
195.09053230285645
109.09247398376465
54.73518371582031
14.358997344970703
13.027429580688477
451.6487121582031
41.177988052368164
81.16459846496582
56.47873878479004
147.14527130126953
42.74129867553711
37.03022003173828
46.33975028991699
26.32451057434082
225.19850730895996
348.2823371887207
209.95616912841797
95.60346603393555
19.321680068969727
249.70316886901855
90.36970138549805
260.99205017089844
119.2021369934082
49.001216888427734
109.24124717712402
1101.9840240478516
462.1405601501465
382.02548027038574
229.3224334716797
255.64956665039062
92.31996536254883
47.68180847167969
100.87156295776367
380.03015518188477
68.06635856628418
28.477907180786133
89.49685096740723
120.70131301879883
52.930355072021484
33.12397003173828
30.317306518554688
101.98163986206055
190.91534614562988
200.347900390625
84.31625366210938
86.61699295043945
57.618141174316406
38.69962692260742
242.4142360687256
28.52344512939453
65.18316268920898
136.95526123046875
21.94046974182129
108.56914520263672
23.650407791137695
62.98661231994629
172.66559600830078
138.38648796081543
126.70183181762695
24.99699592590332
362.6565933227539
64.36634063720703
363.63863945007324
216.38751029968262
504.3606758117676
377.5315284729004
252.54201889038086
297.2249984741211
69.54598426818848
14.485359191894531
15.891075134277344
17.8072452545166
56.11729621887207
87.13006973266602
273.6196517944336
26.056289672851562
43.94197463989258
172.21665382385254
69.46635246276855
375.3814697265625
74.23663139343262
353.58595848083496
45.163631439208984
199.80168342590332
36.49163246154785
56.59842491149902
22.938013076782227
20.24102210998535
419.86680030822754
332.0493698120117
244.95315551757812
662.5089645385742
220.72529792785645
97.89705276489258
42.151689529418945
46.148061752319336
109.76386070251465
645.5283164978027
64.14794921875
20.09749412536621
1050.0574111938477
138.01908493041992
48.28143119812012
261.01016998291016
68.5720443725586
126.03116035461426
122.68829345703125
38.93303871154785
46.096086502075195
269.08421516418457
281.34799003601074
72.48210906982422
161.4706516265869
24.792194366455078
70.05834579467773
31.80241584777832
65.53840637207031
105.26537895202637
138.03386688232422
106.09817504882812
93.06693077087402
317.52753257751465
135.6947422027588
96.8623161315918
35.08496284484863
287.3492240905762
84.14316177368164
37.233829498291016
73.6851692199707
55.538177490234375
1076.1196613311768
340.6500816345215
52.93703079223633
123.88420104980469
85.90960502624512
144.03033256530762
117.37227439880371
78.8724422454834
99.54547882080078
89.34640884399414
70.21903991699219
304.04114723205566
169.4467067718506
104.22515869140625
102.15473175048828
110.98670959472656
15.48457145690918
50.96292495727539
44.708251953125
320.324182510376
25.1309871673584
46.47064208984375
100.77714920043945
121.9789981842041
22.2625732421875
28.980255126953125
13.275623321533203
971.0488319396973
168.10917854309082
229.705810546875
125.66280364990234
34.74998474121094
447.9072093963623
307.94382095336914
24.22046661376953
50.74906349182129
399.2807865142822
183.53581428527832
53.13920974731445
14.972448348999023
29.76226806640625
140.80572128295898
58.82883071899414
137.70222663879395
83.17351341247559
242.661714553833
251.50656700134277
488.88254165649414
138.5059356689453
34.273386001586914
49.04341697692871
240.08965492248535
69.84114646911621
129.42767143249512
13.94796371459961
43.66755485534668
25.174617767333984
186.4011287689209
76.63607597351074
16.318082809448242
296.58031463623047
20.571231842041016
17.56739616394043
20.887136459350586
1085.3896141052246
37.29248046875
74.25856590270996
245.95403671264648
138.2908821105957
132.52019882202148
87.50772476196289
400.177001953125
248.5184669494629
277.18234062194824
59.05270576477051
66.6346549987793
442.0130252838135
41.14818572998047
360.8739376068115
206.77447319030762
58.960914611816406
361.70029640197754
17.466068267822266
337.62073516845703
331.4623832702637
48.538923263549805
58.228492736816406
68.40634346008301
150.4223346710205
57.131290435791016
149.9490737915039
24.486064910888672
117.5074577331543
146.68846130371094
49.78680610656738
51.42664909362793
49.12066459655762
94.49958801269531
165.49968719482422
239.58873748779297
1073.012113571167
59.921979904174805
145.4308032989502
191.1780834197998
58.309316635131836
42.02604293823242
16.659975051879883
30.895471572875977
158.49781036376953
180.47404289245605
15.953779220581055
26.075363159179688
124.02129173278809
173.25305938720703
323.1329917907715
84.80286598205566
54.02350425720215
193.89629364013672
19.757509231567383
215.55542945861816
75.67620277404785
33.84041786193848
36.53717041015625
37.83082962036133
138.20600509643555
87.62407302856445
33.82587432861328
20.66826820373535
54.338932037353516
45.938968658447266
57.49702453613281
34.893035888671875
1065.3765201568604
26.89957618713379
68.59636306762695
44.31009292602539
14.456510543823242
115.66925048828125
115.57197570800781
110.86797714233398
22.027254104614258
312.55650520324707
31.0361385345459
191.93410873413086
101.27377510070801
141.34740829467773
85.97469329833984
155.5461883544922
50.177812576293945
70.02639770507812
32.67216682434082
217.1456813812256
469.62857246398926
59.28611755371094
284.41715240478516
156.74090385437012
223.42777252197266
64.92304801940918
21.06022834777832
181.3652515411377
169.6634292602539
158.04100036621094
23.593425750732422
13.999223709106445
145.86448669433594
75.20008087158203
50.338029861450195
62.631845474243164
101.07588768005371
46.5700626373291
23.10633659362793
167.17934608459473
55.07302284240723
39.41202163696289
290.70115089416504
24.234533309936523
225.1565456390381
253.77988815307617
85.0532054901123
108.37483406066895
45.77946662902832
119.06886100769043
22.48835563659668
665.1387214660645
24.918079376220703
437.9909038543701
51.17630958557129
30.68375587463379
102.75793075561523
108.1843376159668
66.6043758392334
399.1518020629883
164.89839553833008
35.32123565673828
264.8451328277588
33.62631797790527
22.241592407226562
35.14909744262695
609.3177795410156
161.25226020812988
186.11907958984375
29.646873474121094
1037.097454071045
52.762746810913086
1068.9682960510254
83.63866806030273
128.82328033447266
54.343223571777344
20.2639102935791
239.15839195251465
134.72580909729004
103.30510139465332
722.2282886505127
37.10818290710449
150.89011192321777
38.76137733459473
52.605628967285156
85.92677116394043
101.01985931396484
247.24841117858887
250.06365776062012
18.788814544677734
68.28594207763672
185.84179878234863
66.77532196044922
125.74434280395508
239.57395553588867
31.960010528564453
366.0452365875244
136.7359161376953
36.14926338195801
191.8635368347168
145.00093460083008
359.025239944458
20.49875259399414
39.597511291503906
146.5752124786377
56.474924087524414
17.122983932495117
16.48736000061035
425.7218837738037
101.71246528625488
64.0108585357666
40.024518966674805
176.53560638427734
280.3351879119873
69.38505172729492
144.19937133789062
111.55962944030762
64.90015983581543
24.451017379760742
33.68258476257324
169.70157623291016
15.266656875610352
15.556812286376953
30.435800552368164
97.2754955291748
62.282562255859375
78.25994491577148
124.91536140441895
336.392879486084
33.86664390563965
148.93841743469238
32.05585479736328
147.97234535217285
90.47842025756836
200.01482963562012
57.62529373168945
262.8934383392334
1046.7026233673096
37.691593170166016
28.12480926513672
115.99516868591309
142.0297622680664
78.69625091552734
180.96661567687988
144.5624828338623
27.326107025146484
19.43182945251465
138.69762420654297
33.233642578125
175.71043968200684
245.8808422088623
272.35913276672363
121.4909553527832
181.46777153015137
446.6722011566162
21.96359634399414
152.59337425231934
40.13562202453613
86.81225776672363
12.797832489013672
69.77534294128418
200.6688117980957
156.9652557373047
28.7017822265625
95.11256217956543
34.45315361022949
16.10541343688965
32.21607208251953
24.979591369628906
20.882606506347656
79.75435256958008
326.10297203063965
101.01127624511719
16.11018180847168
27.168750762939453
118.36767196655273
131.7744255065918
81.88056945800781
80.71327209472656
34.82389450073242
97.51033782958984
119.97532844543457
123.66938591003418
17.669677734375
529.8593044281006
237.26868629455566
20.39647102355957
56.505680084228516
412.2281074523926
115.52071571350098
125.9305477142334
56.189775466918945
30.323266983032227
290.7850742340088
90.20709991455078
105.13758659362793
364.3364906311035
59.426069259643555
1059.8974227905273
172.743558883667
32.90820121765137
125.25296211242676
346.9657897949219
64.14628028869629
70.27101516723633
55.028438568115234
51.285743713378906
254.4229030609131
35.13526916503906
164.89744186401367
17.856597900390625
32.070159912109375
158.13136100769043
204.00762557983398
62.59036064147949
154.75201606750488
72.73101806640625
164.51168060302734
35.20345687866211
137.8471851348877
159.17658805847168
105.20100593566895
145.75552940368652
13.918399810791016
42.2971248626709
38.370370864868164
15.395879745483398
23.703575134277344
96.28677368164062
32.488107681274414
13.249874114990234
83.42194557189941
15.645742416381836
24.09958839416504
20.52617073059082
94.01440620422363
20.450353622436523
41.36085510253906
68.09592247009277
37.57524490356445
70.43933868408203
290.12179374694824
209.78760719299316
59.6308708190918
193.43829154968262
152.35137939453125
34.73234176635742
20.300865173339844
14.03188705444336
20.058393478393555
31.88800811767578
78.12237739562988
17.2574520111084
93.84942054748535
113.4638786315918
15.800714492797852
155.34567832946777
403.41639518737793
21.671295166015625
212.18323707580566
16.309022903442383
138.98158073425293
21.721601486206055
63.71617317199707
18.360614776611328
121.55890464782715
25.333404541015625
99.18928146362305
24.512290954589844
104.20680046081543
1051.0571002960205
28.3048152923584
38.73038291931152
206.284761428833
216.0513401031494
191.65539741516113
46.53787612915039
51.46336555480957
73.1050968170166
564.5143985748291
18.886804580688477
1046.6091632843018
139.86515998840332
104.31408882141113
80.66606521606445
360.59069633483887
145.21408081054688
40.27509689331055
302.490234375
114.92753028869629
133.21185111999512
27.40788459777832
314.805269241333
92.81659126281738
23.88167381286621
26.03435516357422
28.324127197265625
177.74629592895508
18.27096939086914
1120.025873184204
30.42888641357422
81.54082298278809
17.881155014038086
243.255615234375
290.15493392944336
157.63044357299805
596.4746475219727
25.354862213134766
20.253896713256836
134.44232940673828
123.94261360168457
33.384084701538086
164.137601852417
172.53732681274414
281.84986114501953
20.332813262939453
21.312713623046875
99.14803504943848
249.41587448120117
53.6043643951416
83.90021324157715
75.16026496887207
23.22554588317871
31.302690505981445
21.6214656829834
145.36809921264648
74.19466972351074
41.10240936279297
80.48820495605469
59.53383445739746
25.42281150817871
104.28476333618164
469.9666500091553
279.5989513397217
89.14446830749512
27.665376663208008
148.50711822509766
149.69372749328613
108.46328735351562
80.75118064880371
90.70682525634766
28.428077697753906
314.4996166229248
47.24287986755371
127.90966033935547
51.705360412597656
57.89065361022949
130.62548637390137
83.87327194213867
34.96360778808594
20.916223526000977
39.63208198547363
17.325639724731445
253.4310817718506
55.15551567077637
106.19187355041504
144.26898956298828
28.947830200195312
278.4252166748047
220.4277515411377
41.530609130859375
18.25118064880371
355.37028312683105
126.88159942626953
473.04558753967285
43.24913024902344
27.316570281982422
167.39892959594727
70.5864429473877
339.6577835083008
343.48297119140625
26.57938003540039
236.11068725585938
88.81425857543945
223.63567352294922
148.49400520324707
1066.5454864501953
245.93710899353027
17.603397369384766
392.9481506347656
61.04636192321777
41.005849838256836
56.59842491149902
50.21977424621582
29.903173446655273
25.079011917114258
116.80793762207031
170.74298858642578
33.85210037231445
25.215864181518555
263.28444480895996
250.8866786956787
312.69001960754395
48.27117919921875
58.679819107055664
245.18132209777832
184.3419075012207
106.80556297302246
32.87243843078613
84.64241027832031
218.0001735687256
81.40349388122559
328.87840270996094
106.17256164550781
95.62110900878906
27.443647384643555
105.69906234741211
36.61465644836426
50.24600028991699
190.0618076324463
54.924964904785156
31.31389617919922
215.80862998962402
116.6377067565918
25.826215744018555
41.51272773742676
13.51785659790039
14.875650405883789
219.32053565979004
43.115854263305664
61.342716217041016
25.395631790161133
12.492656707763672
264.5759582519531
113.2349967956543
164.0639305114746
17.361164093017578
305.18198013305664
135.34092903137207
42.578935623168945
21.511554718017578
103.96242141723633
75.45995712280273
22.01080322265625
186.39135360717773
195.50395011901855
46.62799835205078
81.1314582824707
93.24121475219727
16.246795654296875
154.7527313232422
35.584449768066406
101.69267654418945
15.38705825805664
45.775651931762695
93.49632263183594
123.64983558654785
148.23246002197266
578.2887935638428
96.80414199829102
826.3704776763916
111.6783618927002
249.5718002319336
70.27029991149902
22.048473358154297
31.874418258666992
109.99107360839844
28.620481491088867
192.15917587280273
38.86675834655762
57.79290199279785
45.13716697692871
165.85469245910645
14.211893081665039
19.402265548706055
128.1147003173828
76.41029357910156
321.0787773132324
323.1649398803711
126.20782852172852
34.17396545410156
19.82283592224121
69.88906860351562
68.41087341308594
240.27347564697266
47.61219024658203
201.92885398864746
124.81260299682617
383.6367130279541
33.42700004577637
62.65377998352051
18.65696907043457
63.3237361907959
327.4571895599365
96.31681442260742
44.760942459106445
167.6657199859619
68.6485767364502
26.31998062133789
330.2736282348633
50.516366958618164
30.557632446289062
155.8237075805664
168.53737831115723
197.56150245666504
272.6149559020996
156.67176246643066
260.5090141296387
230.71980476379395
87.12625503540039
23.998260498046875
70.30510902404785
101.12905502319336
43.13397407531738
28.394699096679688
17.316102981567383
136.45577430725098
28.165102005004883
23.716211318969727
12.418508529663086
112.6241683959961
52.94227600097656
368.6344623565674
91.53223037719727
75.35481452941895
64.89014625549316
109.77602005004883
299.90220069885254
47.30391502380371
95.6716537475586
255.31268119812012
31.759262084960938
33.179521560668945
149.22189712524414
289.75963592529297
13.773441314697266
112.44416236877441
241.86277389526367
165.2812957763672
23.181438446044922
53.25508117675781
322.16334342956543
163.59925270080566
47.75738716125488
310.6987476348877
112.38932609558105
14.552593231201172
686.2049102783203
240.06342887878418
166.03469848632812
134.34362411499023
96.95768356323242
404.36458587646484
141.5848731994629
14.490604400634766
123.05235862731934
114.07136917114258
40.708065032958984
1031.7163467407227
129.81557846069336
357.302188873291
21.98505401611328
72.92819023132324
29.745101928710938
100.27647018432617
39.66999053955078
112.04409599304199
191.38288497924805
215.27886390686035
18.650054931640625
15.043497085571289
71.51007652282715
16.44587516784668
34.91401672363281
15.289068222045898
316.61462783813477
75.59418678283691
109.42935943603516
30.669450759887695
28.369665145874023
66.82753562927246
99.16448593139648
18.58043670654297
64.4533634185791
104.73394393920898
20.689964294433594
1043.4634685516357
64.68367576599121
25.212526321411133
18.258094787597656
109.24363136291504
73.89020919799805
74.52225685119629
1079.972743988037
435.8963966369629
72.34859466552734
73.90666007995605
202.26502418518066
376.34897232055664
36.95869445800781
34.20829772949219
72.40676879882812
148.49567413330078
21.085262298583984
22.570371627807617
651.900053024292
26.5200138092041
37.738800048828125
168.38359832763672
125.5350112915039
116.74809455871582
165.97223281860352
321.16007804870605
27.73904800415039
129.7628879547119
28.410673141479492
166.93544387817383
183.09664726257324
139.3868923187256
125.75602531433105
111.04083061218262
58.231353759765625
301.236629486084
247.82633781433105
90.82245826721191
39.40773010253906
39.57986831665039
60.305118560791016
93.03951263427734
188.59553337097168
118.27421188354492
83.57691764831543
117.74849891662598
297.44768142700195
547.5797653198242
1058.4397315979004
456.13670349121094
374.39680099487305
24.94072914123535
31.192541122436523
34.83867645263672
139.71281051635742
42.88911819458008
21.990060806274414
28.08523178100586
163.37156295776367
207.72171020507812
26.530742645263672
42.13595390319824
85.44278144836426
30.184030532836914
80.36231994628906
68.30048561096191
140.32626152038574
66.31827354431152
311.39302253723145
161.75484657287598
14.877080917358398
24.35755729675293
98.02913665771484
66.95914268493652
45.59969902038574
449.34964179992676
156.1605930328369
236.28520965576172
91.44091606140137
217.21935272216797
218.9488410949707
320.7738399505615
81.43472671508789
14.746904373168945
269.44708824157715
174.02362823486328
43.863773345947266
518.3165073394775
27.645349502563477
101.4103889465332
1267.7702903747559
105.66353797912598
363.19851875305176
28.2135009765625
39.47567939758301
16.08109474182129
159.86275672912598
18.769025802612305
44.602155685424805
95.31044960021973
19.861698150634766
30.921220779418945
137.32504844665527
51.12886428833008
196.211576461792
193.69101524353027
56.79893493652344
264.484167098999
110.27765274047852
265.72370529174805
44.64221000671387
120.82719802856445
106.11462593078613
27.9233455657959
136.8560791015625
173.85411262512207
31.871318817138672
35.0031852722168
54.3062686920166
79.47397232055664
453.685998916626
22.345304489135742
218.78314018249512
618.6063289642334
84.19537544250488
79.64897155761719
144.44947242736816
150.9566307067871
226.46808624267578
184.13686752319336
210.64233779907227
263.80372047424316
12.942790985107422
387.73512840270996
32.019853591918945
28.943538665771484
54.595947265625
19.101381301879883
48.940181732177734
79.61058616638184
161.7758274078369
25.372028350830078
131.24752044677734
97.31435775756836
55.266380310058594
184.71479415893555
16.94631576538086
34.62696075439453
185.1186752319336
28.87749671936035
33.76364707946777
27.03261375427246
107.7730655670166
78.15933227539062
60.81557273864746
168.21599006652832
28.615474700927734
354.9180030822754
36.21816635131836
57.80196189880371
17.24839210510254
19.081830978393555
173.50435256958008
41.29433631896973
73.0295181274414
298.6745834350586
50.31442642211914
790.9963130950928
141.08777046203613
140.70439338684082
237.8559112548828
142.06576347351074
114.81690406799316
23.259401321411133
121.40440940856934
269.850492477417
232.47814178466797
328.033447265625
65.06037712097168
42.41061210632324
341.92848205566406
68.38178634643555
341.45188331604004
121.13189697265625
40.00067710876465
26.46780014038086
92.24176406860352
29.90412712097168
103.12056541442871
46.85688018798828
66.91122055053711
166.40114784240723
71.00725173950195
94.5734977722168
154.0064811706543
33.26749801635742
196.49529457092285
29.91008758544922
109.91954803466797
1128.2589435577393
41.47744178771973
100.28672218322754
298.7475395202637
29.52861785888672
69.93865966796875
283.8106155395508
120.68343162536621
46.65970802307129
22.958755493164062
18.377065658569336
38.889408111572266
119.72308158874512
60.67633628845215
209.69200134277344
35.86435317993164
249.86553192138672
132.0052146911621
278.75733375549316
97.49174118041992
99.77865219116211
173.24137687683105
395.6136703491211
88.89651298522949
61.49101257324219
13.463973999023438
123.4290599822998
16.994476318359375
186.7070198059082
106.46390914916992
14.791250228881836
154.89816665649414
290.9548282623291
57.56711959838867
421.2961196899414
84.77354049682617
284.15489196777344
213.1948471069336
241.55402183532715
29.649972915649414
60.411691665649414
158.5707664489746
16.867637634277344
195.38450241088867
84.37824249267578
22.12047576904297
64.14437294006348
132.57694244384766
80.7344913482666
33.423423767089844
279.7961235046387
14.472484588623047
32.18531608581543
56.51664733886719
58.596134185791016
115.7081127166748
70.65367698669434
62.85715103149414
76.46417617797852
228.2543182373047
92.93556213378906
77.36063003540039
125.49638748168945
21.80647850036621
119.4922924041748
21.472454071044922
361.3255023956299
218.92857551574707
119.45772171020508
154.12449836730957
15.632867813110352
55.79662322998047
85.38031578063965
30.417919158935547
77.32367515563965
112.65802383422852
82.74412155151367
42.493581771850586
18.148183822631836
110.95309257507324
62.54386901855469
34.549713134765625
145.39384841918945
20.522117614746094
44.91710662841797
97.6252555847168
195.65892219543457
43.51472854614258
163.1920337677002
77.77214050292969
31.891345977783203
228.82580757141113
177.03557014465332
78.14693450927734
32.64188766479492
46.915292739868164
67.11721420288086
122.85041809082031
46.993255615234375
62.500953674316406
131.25038146972656
252.85100936889648
161.9088649749756
22.68362045288086
29.512405395507812
45.72916030883789
381.95204734802246
68.28141212463379
15.713930130004883
49.32522773742676
243.81351470947266
52.63090133666992
20.685434341430664
29.790401458740234
22.09019660949707
18.779993057250977
42.99569129943848
28.345346450805664
62.39771842956543
18.504619598388672
21.326065063476562
194.67449188232422
423.5048294067383
154.252290725708
221.75049781799316
159.82508659362793
17.1816349029541
98.91271591186523
21.617650985717773
54.32462692260742
267.17233657836914
23.397207260131836
388.7982368469238
219.85816955566406
106.63580894470215
60.042381286621094
58.008432388305664
20.746946334838867
36.53693199157715
171.83256149291992
113.27838897705078
26.253700256347656
68.01486015319824
309.3528747558594
135.54859161376953
70.83368301391602
146.55160903930664
101.66144371032715
184.50069427490234
138.2749080657959
81.9399356842041
41.516780853271484
315.9937858581543
13.674497604370117
147.51696586608887
19.476652145385742
201.34758949279785
71.35200500488281
141.2639617919922
91.37964248657227
298.9482879638672
26.365280151367188
79.2844295501709
233.18028450012207
105.5901050567627
340.20209312438965
18.726825714111328
133.35323333740234
28.565168380737305
152.5282859802246
98.65593910217285
81.74490928649902
20.016908645629883
298.57325553894043
119.85993385314941
52.58941650390625
153.27095985412598
23.701190948486328
109.05575752258301
113.85107040405273
196.72513008117676
52.12211608886719
262.1314525604248
265.68031311035156
165.44485092163086
133.44383239746094
352.1151542663574
21.07548713684082
56.46705627441406
129.55284118652344
110.54325103759766
358.8213920593262
127.5637149810791
123.44050407409668
34.028053283691406
25.18916130065918
158.9648723602295
297.96481132507324
27.312517166137695
305.79400062561035
369.3692684173584
33.50067138671875
28.949975967407227
128.12256813049316
84.06662940979004
20.57647705078125
39.763450622558594
18.431663513183594
