2.548436274026613990e+00
3.159163953394299895e+00
1.369029859671252902e+00
1.436481335698916784e+00
2.598400309389861551e+00
2.883929730706540795e+00
2.172121309601534378e+00
1.712217668092395328e+01
4.662783559836537250e+00
1.113290150780305021e+00
1.675948509771089334e+00
3.408329772900550392e+00
1.316190717370639529e+00
1.320827883482067699e+00
1.959551355514457471e+00
3.677477470403507809e+00
5.520900423023805459e+00
1.721066289914463532e+00
3.535908211655159672e+00
4.278832252248126800e+00
1.562835806820988438e+00
4.104203108833491598e+00
1.034847127815540446e+00
8.334747928265896277e+00
1.806433598152299647e+00
3.046148635620572698e+00
1.024063455939337564e+00
6.019088287433174145e+00
2.975290452566130117e+00
1.576526446022085004e+01
8.677347515097444841e+00
4.914379699826119108e+00
1.927820284033854525e+00
2.562840588693734212e+00
6.428668624718619107e+00
1.961671158688698124e+00
1.967331460117020869e+00
2.387755403057794545e+00
2.720720939850242548e+00
1.853150911980361748e+00
2.796773663682754485e+00
2.090399293410356574e+00
3.891270084898355464e+00
3.420941629987629629e+00
6.826054008629691694e+00
3.626004187682343449e+00
4.580824915636176442e+00
2.028472038407947320e+00
3.374131904648741020e+00
2.731302176955963112e+00
1.178819186734230362e+00
2.210715020607745274e+00
2.577666957105364531e+00
1.432274942520445959e+00
1.799503549837883076e+00
3.820643012694596496e+00
2.192721863646078351e+00
2.239199644910556675e+00
5.495622569282749836e+00
3.120754069527481356e+00
2.578210123555201072e+00
1.085055694702819595e+00
6.310135500962852362e+00
1.183321034987682818e+00
1.845352749181299856e+01
3.058321093642531796e+00
5.859280510295585387e+00
8.139287589707684845e+00
1.305186478249359405e+00
2.340766621050869745e+00
7.656085477197420275e+00
1.696160351642292952e+00
1.409998074368380649e+00
4.106832920967443457e+00
1.197516842664827719e+00
3.719030989440750723e+00
1.326901384886068014e+00
1.002395669827355951e+00
5.355655402109767316e+00
2.625174824957228648e+00
1.189565549491326202e+00
3.239239623230797616e+00
1.943391800957914528e+00
4.326118434680129354e+00
2.743179426250457631e+00
1.891340655607767651e+00
2.262107723572496010e+00
2.033916865373461391e+00
2.025109497089113031e+00
4.432408233033265255e+00
1.766017929032015488e+01
1.200058060878391286e+00
6.372503137194231115e+00
1.956033959887958362e+00
2.874843504396490612e+00
5.618193373816390945e+00
2.010925482329340763e+00
1.160297551050327280e+00
1.036662459085854859e+00
2.231325074904070060e+00
1.266029289625871579e+00
2.914043111649890161e+00
4.343605392524877651e+00
1.308778384608691336e+00
1.247045453021355943e+00
3.054938856575400763e+00
3.677473196973246150e+00
6.228836400455349143e+00
2.067131978944253046e+00
6.965095736338390076e+00
2.764999633820352187e+00
2.860002520510207979e+00
1.122930081936382996e+00
2.791913249082755843e+00
4.842906962948124949e+00
4.736611302798086953e+00
5.461590254185346716e+00
5.138386411410198029e+00
4.305390918550403789e+00
2.696197641116605759e+00
2.208927208805504527e+00
1.455821873644087772e+00
2.587881250897850816e+00
7.957868529038790051e+00
5.002245072081485056e+00
3.567382704122961101e+00
2.013361193820674355e+00
1.859570702967059175e+00
3.558302377487226220e+00
6.996697160789886460e+00
1.662407782713451576e+00
2.844840158679242226e+00
3.420231692523152400e+00
1.606590378410563069e+00
2.094340692123834113e+00
1.093035765113185454e+00
2.484732302819580685e+00
1.693894847741905574e+00
3.811111926605504685e+00
1.184450371965544146e+00
5.921782399438937361e+00
1.010999603783812972e+01
1.479637952911321053e+00
4.439334280203659944e+00
8.349873076816070494e+00
1.204652752220441325e+00
1.089067709323776389e+00
1.124529331865613546e+00
2.370520628440782929e+00
1.105014781418301784e+00
4.008095948716037249e+00
3.402904936326887064e+00
5.336387487853296641e+00
2.353909244114194443e+00
1.469837187887365060e+00
1.136621927818521227e+00
2.471973768143514327e+00
2.513246222430000287e+00
2.355243867709992500e+00
4.452741274224747414e+00
4.852857384154852127e+01
1.420528473011577919e+00
1.964680431723678344e+00
5.671381195057248803e+00
4.416426306445004890e+00
2.969717068535455695e+00
2.376215611159407270e+00
5.616173975917016392e+00
3.409164033724271015e+00
4.504764878658718885e+00
1.700580206098223579e+00
1.161250646448213963e+00
1.277167813094684634e+00
1.773798371213395564e+00
1.807984233494708937e+00
9.985058128385039922e+00
1.482550918014409413e+00
3.265284009719812808e+00
1.179731434285980107e+01
4.398917893763010234e+00
1.179986634089060571e+00
2.143820723421711261e+00
5.878694125834472040e+00
2.355784257309247565e+00
3.367327983892458576e+00
2.070390883042033892e+00
2.101758669206728491e+00
1.024320691152071028e+00
1.702262167121564085e+00
3.763564460037546411e+00
7.088973064291670845e+00
1.246966874699952044e+00
1.862474026409276728e+00
3.230293835312623152e+00
1.614831883176148564e+00
2.411704317232280292e+00
1.190690154326601080e+00
1.674968910413870304e+00
2.583410604898655816e+00
2.940874782545224608e+00
3.807010450839527493e+00
3.446413590175586350e+00
7.292156310637194494e+00
2.469172071354829523e+00
2.033661292085315875e+00
1.134349370724517136e+00
1.035739164535914192e+00
1.325761898661946425e+01
1.192292893523500208e+00
3.685778192581531165e+00
1.027963453266917515e+00
2.933739742956006147e+00
3.131447653080031923e+00
1.033111716790761969e+00
1.775502157805794790e+00
2.238110148175635583e+00
1.255109820631506334e+00
2.482773228435803947e+00
8.876656014560888153e+00
2.505729849736626935e+00
2.646530038166035936e+01
1.116320218953861776e+01
1.674615719264083147e+00
1.994537231554758483e+00
1.265306112137259076e+00
1.416607560258631437e+00
3.380586619076354271e+00
1.080395101957689397e+00
1.320616272495076959e+00
6.217949865588741076e+00
3.118521767367448572e+00
3.742386627210939842e+00
1.213500306016537911e+00
1.026674827712162452e+00
3.815907045534223663e+00
1.683140861116901865e+00
2.586439831264923228e+01
4.835791393102131686e+00
1.121270778847959448e+00
2.348083773659959572e+00
1.150953584601112523e+00
2.075875544972173525e+00
4.543328535583312622e+00
1.268963258359636193e+00
1.047588720668317386e+01
1.640030348396628090e+00
1.326882285393276906e+00
4.975022632542297707e+00
2.347047397106714506e+00
3.581815378368665925e+00
1.798125943174945895e+00
2.191767195868931317e+00
1.340782177452994883e+00
1.848436146794878443e+00
2.900842067303613714e+00
2.590194692446592395e+00
3.608694501668978649e+00
1.367585102687652565e+01
1.130233895789486409e+00
1.686918119590646192e+00
1.379516579884900063e+00
2.128657780026137036e+00
3.102291699231128685e+00
2.015881685231848852e+00
2.617847451365599376e+00
1.982658030327280496e+00
1.191641261908480409e+00
2.853314391198157107e+00
1.176895199753875465e+00
1.926859871193023377e+00
3.778951049557106145e+00
7.379454035736966233e+00
2.004039151955000264e+00
4.018616845301992591e+00
2.738669350218772891e+00
1.727545468721987998e+00
2.342312536086218255e+00
2.593887717093748435e+00
3.683781035286788352e+00
2.604929814758972562e+00
3.027627813410309621e+00
1.191737020794106483e+00
2.217581939357550436e+00
1.546081149455212467e+00
1.603746434543129817e+00
1.413969426621935366e+00
2.485872823554331923e+00
2.506459871799554318e+00
1.762223927205030627e+00
3.928517281939015948e+00
2.815480494926927868e+00
1.318188213010293808e+01
3.374496482412060239e+00
5.885275042169627824e+00
3.761645703818454756e+00
4.394505756856489143e+00
2.710762399960414459e+00
3.281861979519649974e+00
2.696378863266537085e+00
2.867311376058846228e+00
3.235777597083975721e+00
1.760246666916184255e+00
1.206038671164715748e+00
1.870772453191971829e+00
8.515700756804999827e+00
8.611583479987391598e+00
2.269944928547941831e+00
3.456655090937074348e+00
3.520900882769976814e+00
1.078651795193297458e+00
4.994700431303479959e+00
1.404606071653651034e+00
2.889379148027757083e+00
6.983696261230798896e+00
2.428364485320127386e+00
4.640913632645376374e+00
1.024211713665943657e+00
1.401286882652112542e+00
1.173728015861912999e+00
1.435174482268251506e+00
4.267037342592317373e+00
6.531500173366595163e+00
1.260191725180550559e+00
3.714736772862234027e+00
2.195825063737987914e+00
1.823810359801539382e+00
2.008679120052507816e+00
1.578117029248461423e+00
1.620312196789736259e+00
1.774594725286671837e+00
4.090264433533972621e+00
6.365744873467158449e+00
1.848938971739214177e+00
3.852215790759093039e+00
4.543304193932889312e+00
2.995057711293766189e+00
2.445406967113825658e+00
1.263500676835770609e+00
4.378357898844071450e+00
4.284830648108369999e+00
1.027281745740274088e+00
3.094106337582355870e+00
4.920325612429701678e+00
2.518194150723202629e+00
2.513788058124890146e+00
2.485540097154540717e+00
5.148296520288684341e+00
1.103137278121741893e+00
2.728917310051782508e+00
3.519047830894667772e+00
2.118148433875178149e+00
2.468661090251643930e+00
2.566266388116284602e+00
4.058105871004785925e+00
2.082066223751967815e+00
1.153704021400657886e+01
4.312458125451857249e+00
2.581026231181211994e+00
2.579952713194343605e+00
2.094448609469832245e+00
3.637425795423566921e+00
2.061514854348078352e+00
6.965951170892926925e+00
3.189816955188173875e+00
1.318450150827418454e+00
2.749982985180314810e+00
2.581844630076059133e+00
2.214502800853615394e+00
2.748389334700026776e+00
4.339475733451001460e+00
2.908980826908977857e+00
5.186790052933279327e+00
3.580658970251481055e+00
4.450206863689702530e+00
3.550042063566915207e+00
1.180963119181112075e+00
1.604565119079082613e+00
9.032869643385355474e+00
4.306044061431965275e+00
5.766971350702442933e+00
4.064238427216954719e+00
1.084026470637724060e+00
1.395081353713471639e+00
1.382406281766899836e+00
2.550177313245806321e+00
2.777880343940482444e+00
4.202020182287186323e+00
1.517542689989594962e+00
2.503827709259375034e+00
2.260800990672033350e+01
5.321936119075635574e+00
2.134373378095718365e+00
1.538748231377861764e+00
3.466267358086919881e+00
4.636772041748091766e+00
1.045297944673000856e+00
2.622537080159861755e+00
1.158158557614048734e+00
3.126215737786112836e+00
1.659601498210522275e+00
4.045344430354878895e+00
4.866576556206588577e+00
4.902939418411198069e+00
3.502855873572800149e+00
1.729969826654562670e+00
3.462994175400776697e+00
1.311824613465293332e+00
3.334229886190077430e+00
1.682922069735690362e+00
1.137677442567156971e+00
1.347693045467714956e+00
1.778611246338585250e+00
1.379402628966156730e+00
1.315662457951834341e+00
2.871869348115063225e+00
1.330700996016293658e+00
2.433631461873832169e+00
1.843483431972346764e+00
2.803143291733098952e+00
1.095459389832577957e+00
1.842190347812375784e+00
1.065173248900464387e+00
1.673186159662298556e+00
1.564232392162908436e+00
2.467598230802959591e+00
5.814268661075844058e+00
3.197592143830096933e+00
1.639219683976535835e+00
5.517457535279289615e+00
3.849698426296457310e+00
3.514140833856257196e+00
1.763521244766913076e+00
3.216521122368128704e+00
1.169194358725867744e+00
6.195319775668501450e+00
1.929114720065568944e+00
1.206071674899331647e+00
2.835531576386452812e+00
2.377381794789321212e+00
1.712028458830348709e+00
2.915105630114548152e+00
3.211740535190356738e+00
1.259905905984979757e+00
1.347624820744706131e+00
2.945794194864420401e+00
1.876905619885508303e+00
2.341408077984017400e+00
1.108383392700509518e+01
1.993864733350530383e+00
3.534657855239766722e+00
1.064015469923931256e+01
1.237498102389126942e+00
1.292214032867275542e+01
1.034830553435198919e+00
3.903297200104918208e+00
1.290797058811829601e+01
1.327805283569983619e+00
3.410593134594468889e+00
4.239735120220733400e+00
1.630382644238327350e+00
2.560236041513963112e+00
1.393301256637869301e+00
1.149005591471257803e+00
1.453683019425825007e+00
2.420086458793768713e+00
1.792738195208437579e+00
1.929507528771057689e+00
1.170859312732446700e+00
2.531273934983292673e+00
1.195173477268566709e+00
1.858848278464343418e+00
1.818049712108218863e+00
2.161763086016077473e+00
8.793203579867668651e+00
4.271567199562336548e+00
1.997230831432119436e+00
5.918398901522128774e+00
1.710928395326401619e+00
5.010183315255341441e+00
1.633028887723352529e+00
2.797433353593548500e+00
4.245615635995559245e+00
1.872494637223974800e+00
7.547413008388831557e+00
2.579093963556330138e+00
1.607523787568537532e+00
1.418049487974076150e+00
1.505337642403720810e+00
1.862167702868614549e+00
1.284899317080251846e+00
2.433572141159812130e+00
1.026258548371571822e+00
2.480479276271087663e+00
1.723908546522076035e+00
1.242562112770381422e+00
5.517558084634303306e+00
2.525828279544926946e+00
7.281306815311648251e+00
7.845044883509023848e+00
4.087033834753612815e+00
6.336862327644295689e+00
2.403524304382397947e+00
1.526007688380965011e+00
2.461569946380251839e+00
1.336709951440646194e+00
4.094707799731203579e+00
1.060188926193592396e+00
2.167096520681338845e+00
2.643876505585589065e+00
1.677358248477492042e+00
3.990268299671407615e+00
6.995177088150740019e+00
7.785483367178177794e+00
4.539462995381331467e+00
1.138581199552961554e+00
2.695363393361360327e+00
2.222996845354376472e+00
5.567917030657747901e+00
1.032236828901154091e+00
1.614196408706363828e+00
1.472779690173410483e+00
2.994560868844251100e+00
5.956173923202173093e+00
3.474298164287038748e+00
1.656891871605810307e+00
2.408517699519773902e+00
1.445948591121960947e+00
6.688600302311005663e+00
6.986295134877916979e+00
1.473373733505656258e+00
2.114390861126898002e+00
4.666235541207712778e+00
3.761388502206557405e+00
2.119352200272198505e+00
1.731317361543248223e+00
1.962846330123017680e+00
1.671873416243358390e+00
3.431680569527199687e+00
1.681778157069852675e+00
2.863826055012168581e+00
1.736633368188815085e+00
1.601201375190215881e+00
3.698622984859408991e+00
2.444413199774590595e+00
1.273971071258193088e+00
1.868258272184184055e+00
1.005441821286283499e+01
2.446809182907119684e+00
2.215608491585004280e+00
1.301208731017348352e+00
2.860954867514316380e+00
3.864500131429072116e+00
2.244489043180041499e+00
3.562566147979042697e+00
1.458031467991145913e+00
2.625512878149860452e+00
5.472342606099943829e+00
1.089715895142049584e+00
1.244210730663708464e+00
2.865150656319210398e+00
2.710116256865894524e+00
2.887403093193176673e+00
1.365173244074933789e+00
2.925463199602930775e+00
3.107454317284119583e+00
2.160996085036004821e+00
1.083973540096406341e+00
1.442471740038008043e+00
5.767294170003772535e+00
1.171994936126136588e+00
2.579665002956009978e+00
2.419148513128511979e+00
2.946303922135980358e+00
2.603878645066274089e+00
3.078928870866190159e+00
2.328465944904660745e+00
5.988520954188980561e+00
1.063736768442181235e+00
3.779238944463177319e+00
1.284959653136339197e+00
1.312140090411610727e+00
2.078525814697311347e+01
2.467148405637952902e+00
1.298654836068009022e+00
8.976461277904450142e+00
1.042438558509900304e+01
1.313373390054276113e+00
3.258476950312758191e+00
1.621387675541576145e+00
2.238546613132278207e+00
2.636409377240474861e+00
1.609382038954261018e+00
1.545066103554602721e+00
3.950988137799325894e+00
3.949047647437808450e+00
1.396505707165492494e+00
1.212760135062308509e+00
4.888108615487763764e+00
3.829257503599308166e+00
4.078734762067292685e+00
1.357719448667195516e+00
2.689882554283880456e+00
3.303855860657688215e+00
1.094588475732059862e+00
1.665517408199103544e+00
5.179523163942457487e+00
1.321442911266807130e+00
1.814792243767312963e+00
2.164694329008730378e+00
2.049643170755476085e+00
1.183981590341850465e+00
1.733534131698160285e+00
1.484689375960629665e+00
1.279035717360879332e+01
1.071812101373468717e+00
3.140957099335873082e+00
1.721265527069441692e+00
2.708512253987211071e+00
1.835540754107408468e+00
5.343211388285038055e+00
1.112415101538811291e+00
7.421233151360489444e+00
2.504578408128015354e+00
3.813298813355195716e+00
1.363762697192663076e+00
2.415187202086679363e+00
6.084684699252143503e+00
1.094701024000728040e+01
1.510195270723973637e+00
1.988244634402082767e+00
8.496128495332714081e+00
7.652688073818206149e+00
2.930450621279388823e+00
1.932483847726957471e+00
1.308287848925327124e+00
2.313264260317099197e+00
2.100575864478434251e+00
5.358906668754246816e+00
2.559380309064644088e+00
4.103130796202893116e+00
2.508629542620545383e+00
1.029041549118361321e+00
4.460170087911704329e+00
3.526858039884313456e+00
7.550180630437250073e+00
1.039382585557938388e+00
1.881150267868111570e+00
1.559485811981771164e+00
1.668423507291426855e+00
1.244838137507947584e+00
1.371414401993525045e+00
2.798960632852489638e+00
8.146588152104394354e+00
4.427320936566968790e+00
4.125057560275508628e+00
2.142876637778180715e+00
2.211736769188140883e+00
3.872005545807066351e+00
3.190990480958601605e+00
1.690276560905971337e+00
7.313343308315134905e+00
1.806611571603309985e+00
3.403540915741731343e+00
1.910207429155583947e+00
1.058985193356896781e+00
2.786289469617927672e+00
1.128751514921195742e+00
1.235398241607599701e+00
1.949420984298765758e+00
1.753152159067847382e+00
2.861615377367379587e+00
2.345866768008265879e+00
8.770216394036772556e+00
4.857551821769081180e+00
2.394658457476285029e+00
4.111264406700025908e+00
2.040051690950622998e+00
2.452921563646340175e+00
5.543500618470845964e+00
2.704337202278520369e+00
1.920077042666108902e+00
1.291035650687777814e+00
4.258949981086413317e+00
1.325309342446576277e+00
2.963662181994504596e+00
3.395829540077613728e+00
1.725856323086534694e+00
3.572153778828198512e+00
3.772583798384378628e+00
4.522895510126701879e+00
2.906746194967190888e+00
3.848542091570708923e+00
5.661943363703521470e+00
3.198853518721795464e+00
1.619799175652049783e+00
5.681661500505242657e+00
4.864893922018348249e+00
1.442256139046392382e+00
1.983673536663985937e+00
6.257211410489087022e+00
2.908517110008635331e+00
2.274691751678884710e+00
2.391104540514776389e+00
1.046191429294665021e+00
1.414520658094516659e+00
2.406177279025279780e+00
1.695807727032159651e+00
1.107091728059610647e+00
4.208462955508725400e+00
1.725986554588568422e+00
2.009521000482562325e+00
1.395294325958084336e+00
1.046625489000521547e+00
2.174323832503895826e+00
6.916578532442911431e+00
4.590997851734460511e+00
1.770035202555329690e+01
3.786962861676019365e+00
1.146089234393772083e+00
5.216128745817210088e+00
3.668178073108701476e+00
3.276254376095199650e+00
1.906135945629485740e+00
1.694135392350511804e+00
1.055686406169611624e+00
1.570709704089431780e+00
1.195227682103716882e+00
3.413928526950472886e+00
4.995252485801409570e+00
2.222079385165252496e+00
1.804816935486485807e+00
5.020547773486870646e+00
1.206179494621505421e+00
1.799790864688231240e+00
1.964584757904427548e+01
1.022194474704587686e+00
1.604112178633616770e+00
1.543254546829851304e+00
7.284353860452534413e+00
1.552677375417900185e+00
1.410414488296600100e+00
6.510285495626956909e+00
2.342612507724173287e+00
6.161117909822855232e+00
1.093946610221996130e+00
7.792765396052335980e+00
2.269223549953066410e+00
2.987155039206451423e+00
4.544868077148105812e+00
1.819732210571771702e+00
1.850098055182078038e+00
3.014934936212842587e+00
1.336452246065238603e+00
2.226543970803241290e+00
3.062893105819898487e+00
1.328140040822176404e+00
2.770639822883380177e+00
2.913774777380186531e+00
1.027019475468331944e+00
3.554966023902934147e+00
1.074724338977188554e+00
1.063737301797537560e+00
3.498383537436728030e+00
2.544329516653339063e+00
1.237801667631084124e+00
1.304956866613238065e+00
2.455317422879605527e+00
1.662952943906130798e+00
2.402994479690203633e+00
1.152319497715160956e+00
1.535853030793441709e+00
1.281806953587123266e+00
1.289111026552220096e+00
1.985827252918147323e+00
2.458077912485278738e+00
1.305898585445632198e+00
1.718856802605953416e+00
1.457073887612637453e+00
3.941525082513310796e+00
1.781299951939734560e+00
2.541334523058393913e+00
1.327263478585713585e+00
7.345266234840241992e+00
1.841674936575506516e+00
1.681671341892067240e+00
3.851840810153766448e+00
1.173351179244220832e+00
3.029452740708062031e+00
1.631026594606164393e+00
6.887004293183127679e+00
1.099354273703377904e+00
4.212518422935752405e+00
1.049836339105181038e+00
2.307883811055253975e+00
1.485092944979504725e+00
3.516058124909952287e+00
3.352936887634642815e+00
1.923834238051105539e+00
1.863432494094920289e+00
1.334682681765139378e+00
1.057626439872535684e+00
2.600429744266103516e+00
4.900486254199814873e+00
6.675926349580880270e+00
2.316207979077554047e+00
2.381173754723462821e+00
8.990367879473472712e+00
1.189811951640759924e+00
1.964132043163765928e+01
2.391900338345500199e+00
1.204425232925091738e+00
6.354638503626415691e+00
3.253344863128786013e+00
1.479047611779965798e+00
1.392606983670972021e+00
1.617730919640787413e+00
1.131241538966812676e+00
1.022009954726496028e+00
3.231216862182474614e+00
1.623030521943290561e+00
1.574112567582370614e+00
6.007679822370247003e+00
1.255417616005746062e+01
5.099831837016895797e+00
1.068362968016727033e+00
2.255634183517496894e+00
1.561199146878998967e+00
2.494865774449579909e+00
1.900496340992727795e+00
1.506474336372453982e+00
4.439406915704860346e+00
2.574488787235201137e+00
1.948623135441664544e+00
1.257942149123323805e+00
2.777255456300342651e+00
2.988246826035019676e+00
2.845137968580286003e+00
3.608040056469058676e+00
7.082587789805707246e+00
1.608119834185884223e+00
5.854703783556886698e+00
2.594227172911616641e+00
3.005388518284072497e+00
1.058659546565952514e+00
1.891840490231169847e+00
1.918260303684937718e+00
2.397104712138069527e+00
1.025170028938438227e+00
2.064326020604389633e+00
3.689835107846664908e+00
4.815927787246040204e+00
2.307854212979814967e+00
4.300930858841569560e+00
1.978267318284856557e+01
1.061281345603626525e+00
2.029858220607735131e+00
1.625215641883043238e+00
2.286416866169619144e+00
6.238811980811195035e+00
1.785549657912160582e+00
1.850318865791369616e+00
1.213743697856308934e+01
3.393538534056092182e+00
1.451365702727989149e+00
6.033548448573641032e+00
1.089202713480369011e+00
6.918690703589784441e+00
5.778845073587237202e+00
1.454800862746679080e+00
1.597509128623592067e+00
1.401181833538718724e+00
1.637581316144244292e+00
4.794239517594286681e+00
9.896900498144958647e+00
1.513541479405219770e+00
1.035727811468055926e+00
1.815537352148619554e+00
1.702556739984771417e+00
1.629910576685928980e+00
6.624985457615799156e+00
1.985415355092508438e+00
3.257466262952319447e+00
1.801355961978260423e+00
3.300291424659349548e+00
1.523208452103872901e+00
1.326021653236232556e+00
2.078081662310389266e+00
1.169346555314037195e+00
4.323296037494681165e+00
2.058453348871385202e+00
2.632605015238808299e+00
1.895335198417787304e+00
1.583658218054653011e+00
1.602587935220511683e+00
1.589573535409913418e+00
1.724678992983904147e+00
2.375904631656097887e+00
8.616758151195874404e+00
2.629314962560703073e+00
3.793759415605887586e+00
1.123019467439841490e+00
4.237706178702588922e+00
1.907353444639760642e+00
1.523633897622013622e+00
1.447811445607736669e+00
1.155358371753064217e+00
2.310406464311613117e+00
1.583372025168130248e+00
2.575822883888523762e+00
1.397746565515935346e+00
1.912482315014285561e+00
1.631958125791473257e+00
1.116697535340912983e+00
1.543788995850180923e+00
3.167443958275307558e+00
2.271894932522150690e+00
3.879193010125224550e+00
1.516914952634213165e+00
7.619659267119069490e+00
1.154539820191852639e+00
1.714240156380612001e+00
1.112017992904262176e+00
4.062299890210699260e+00
1.972503706341962815e+00
2.560728119769922984e+00
1.897812855895379069e+00
1.851711734250668817e+00
7.331248155568423464e+00
2.938070643948624827e+00
8.647778679747926134e+00
3.825067572193391996e+00
2.581680084878451797e+00
2.006469297646741090e+00
1.568293761956208066e+00
2.120271478095041129e+00
1.877877544897079032e+00
5.047455859477168794e+00
2.618054830092378271e+00
1.973237932694411612e+00
1.570124375868278577e+00
1.837579189212675379e+00
4.751130572408335695e+00
9.984440143053943117e+00
1.462904882073096102e+00
2.358777499573954994e+00
2.467419150811563267e+00
1.408500675724200013e+00
2.410314923596713399e+00
1.539419497584787022e+00
4.180584913290672944e+00
2.922948632700841820e+00
2.104473171151843403e+00
1.205721251858913323e+00
1.556305251836850978e+01
1.951450455649243354e+00
1.610021608873634991e+00
1.677930485761823132e+00
1.477220686005151995e+00
2.262857681403155130e+00
3.038860963262535630e+00
1.465608341179227558e+00
6.631699430068059620e+00
1.734303445290518164e+00
3.363548597912082716e+00
8.202754566299272909e+00
1.403458834800010990e+00
3.157485896782897150e+00
1.594985527601092912e+00
1.887050751295246354e+00
1.278042065363671931e+00
1.982512282188443331e+00
2.688351689055408222e+00
4.763008826029966336e+00
1.571484803329808555e+00
1.395994753096554408e+00
4.527972730426388814e+00
1.932710517572212572e+00
2.739028946124149932e+00
1.787532982240160218e+00
1.762741842252177449e+00
1.507627626340676263e+00
2.703852168411700063e+00
2.190142549532942073e+00
1.561872261350721214e+00
1.479392510293536134e+00
7.737359542624034248e+00
2.352758637303413281e+00
9.963468245385728395e+00
1.318462017839251876e+00
3.342604132368518499e+00
2.022535076530612042e+00
2.463828781923322442e+00
1.277081378423096103e+00
3.262934065097550018e+00
3.441282455239797144e+00
4.208596630343260259e+00
1.746174003341109726e+00
1.675837871722231975e+00
2.458577136136243180e+00
1.301497478593140222e+01
5.331388709353896971e+00
1.518897764049266907e+00
1.896052301795495554e+00
1.155739922106679307e+00
4.559110763126561494e+00
3.144580671380964088e+00
4.581750399783778960e+00
1.595476883804646029e+01
1.140383962205374191e+00
4.887959107811978399e+00
1.512795573465114618e+00
1.179054883449737190e+00
3.472800901395429296e+00
4.265410357600570634e+00
4.532860612951573387e+00
2.413216011678100070e+00
5.202616350493577180e+00
1.302998851127446844e+00
2.527098894818829766e+00
1.160309953464396804e+00
4.987909013363915456e+00
6.193240234811832501e+00
2.303744849625889657e+00
4.881057793222168151e+00
2.657131055339987835e+00
2.531746640882759802e+00
6.910392071771311429e+00
9.606064992797200830e+00
3.678121911109658804e+00
9.118350217960834669e+00
1.141785717355051410e+00
2.867553721729015681e+00
2.558510852735001784e+00
1.634007256474637737e+00
1.463141487159630438e+00
2.063474415761508585e+00
2.024407313086463933e+00
3.676049101344840420e+00
6.209530866864704457e+00
1.257507197156394696e+00
7.509735364076188802e+00
1.915730005480838161e+00
5.285932872939132388e+00
1.215533091962346157e+00
1.601383662877595482e+00
3.373723126267628825e+00
1.937795722481712390e+00
3.053244920460314926e+00
2.368101420084366193e+00
1.543972245167685386e+00
3.853648893025939159e+00
4.283117635620129704e+00
4.124984952071534927e+00
1.348456185659172579e+00
4.987725094797910153e+00
2.605607576394830982e+00
2.546732890061770505e+00
2.627543739776797782e+00
1.787323872234027888e+00
4.754158980581645544e+00
1.420700147278716630e+00
2.900754704994838562e+00
1.038279225873943057e+00
1.713753648806983998e+00
4.213190119398656286e+00
2.469080956738596733e+00
6.274027419525811666e+00
4.707778329708870224e+00
2.723802896364222015e+00
5.009099920556372432e+00
2.382104888587647018e+00
1.541685189046001492e+00
1.529483568669205873e+00
2.381991217018552653e+00
5.146903953040229851e+00
6.148651934330723101e+00
4.384493289664852966e+00
1.072368808481018121e+00
2.885129418904535825e+01
1.405997120670098521e+00
1.032663827557047442e+00
1.179356525218396401e+00
5.710701316342083445e+00
4.649339603999525394e+00
3.374139180547267358e+00
3.692022064124810043e+00
1.146840865353469630e+00
3.374739689376535789e+00
3.049021133440371845e+00
7.581013672623945432e+00
2.475283389913879084e+00
1.010194672320231080e+00
1.117308906660545720e+00
1.532653177409848411e+00
2.233051382319906963e+00
1.557261302329752573e+00
1.133629884316464276e+00
1.062774965409899908e+00
3.013510900064752640e+00
1.520934816989919058e+00
1.259350511016945173e+00
2.822369644526316890e+00
1.545132539148072581e+00
7.218301853360840070e+00
3.289540897028885080e+00
2.520934194349924606e+00
1.881530082214386335e+00
1.186610361751651688e+00
3.277174103263654992e+00
3.217416429246116039e+00
4.362163971847061283e+00
2.273530685518131200e+00
3.083263061157254015e+00
1.471957877670269088e+00
1.111567371111593650e+00
1.474722502049778505e+00
3.527326014325708581e+00
1.177522877290152614e+01
1.156283477159719686e+00
2.519945441431662658e+00
2.545252277732978463e+00
1.146121994414457390e+00
2.138564724365042746e+00
1.380291523340734017e+00
2.437893951180348129e+00
1.180823964086298306e+00
2.537566221019911694e+00
3.887117830339483771e+00
1.028185449971352972e+00
1.226008119058930701e+00
2.211289140046739377e+00
1.182212341417367529e+00
1.209256740882852954e+00
5.214718585919276173e+00
1.753398695613516578e+00
3.198948854361178817e+00
3.784594460894519674e+00
3.512394502777314909e+00
2.481851451530432850e+00
1.016520925715012513e+00
4.326188566839768157e+00
4.722918209736330475e+00
1.369944420625950121e+00
1.131539838642190210e+00
2.092442179853961637e+00
2.007442700223458498e+00
2.035462768746433948e+00
3.393811159980372860e+00
1.049923790239421617e+00
1.750794397487063447e+00
2.343114507340199992e+00
1.805618326029354126e+00
1.029872848301014221e+00
1.632727962530653665e+00
1.122007343951635594e+00
1.859067090474441075e+00
4.062223986217574634e+00
1.185456776540760204e+00
1.954572960440515761e+00
1.175926450597410078e+00
1.638424419219735251e+00
1.583910931419506785e+00
4.086050510304333194e+00
2.634248275441432252e+00
2.415626987587569996e+00
1.970800587947084681e+00
3.241924546228656112e+00
5.316270781289491154e+00
1.501681542538387593e+00
1.471754030148249681e+00
4.125154738934350362e+00
2.768998000406611926e+00
3.905252673934724861e+00
1.735231845640340165e+00
1.587741500021536245e+00
2.368906045019111950e+00
8.380883776974476618e+00
2.178707259468260204e+01
1.563047091599608196e+00
1.670227194314056529e+00
1.080972566116511047e+00
3.743395227878582254e+00
5.868202544929817854e+00
5.279546342484819021e+00
5.050689826386819625e+00
1.880372294589961157e+01
2.198068201845356118e+00
2.829463784749486344e+00
5.163650961955252860e+00
1.821016676685633051e+00
4.908942261640798499e+00
4.542245741522213720e+00
2.911861452482706003e+00
3.514938547951084846e+00
1.891433651829965701e+00
2.682866925622212850e+00
2.329795102117353167e+01
2.111596814709806313e+00
3.204002306195860239e+00
1.938202715940303023e+00
6.073061043778872126e+00
1.648418318867222565e+00
1.978930904360713283e+00
2.172888438507600384e+00
1.270082357816223029e+00
5.893801433220430930e+00
4.579354494710589307e+00
5.600525648861266248e+00
2.365805600961854083e+01
1.243324068149255668e+00
3.623106118420383215e+00
3.094058134016022255e+00
3.677842152298323786e+00
2.372728193777936756e+00
2.412835562558788727e+00
1.614440302668236127e+00
2.529285081442104399e+00
2.755251375642623568e+00
1.316380283770121284e+00
1.387760049953904895e+00
2.477159832513652571e+00
1.275803444428012634e+00
3.620314156966056185e+00
5.828129291416947133e+00
1.249098031925352625e+00
2.076951653944020482e+00
1.160923246148383825e+00
4.779730680168701618e+00
5.014769778129169353e+00
1.622611062919616209e+00
6.201334399168673350e+00
1.780336881428870699e+00
1.672695198450361742e+00
1.218237874804940279e+00
2.580743464896771311e+00
6.070036872528141281e+00
1.887303268759858099e+00
1.890735495683169232e+00
2.815656555642108927e+00
3.796899276678910251e+00
2.867842501586877368e+00
4.813756995210900058e+00
2.505955404996672797e+00
1.692783448984836792e+00
3.547701627141944147e+00
2.070795692873993676e+00
2.338655441478439290e+00
1.390389923440846331e+00
2.124509572553762826e+00
2.655912062371138749e+00
5.320250915972138728e+00
1.809275040210557073e+00
4.216256239414862605e+00
1.109382522511384472e+00
1.717442436461421806e+00
4.465898516000351037e+00
1.911951217524751057e+00
2.749931854657137187e+00
2.430613977067054510e+00
1.396507482544222079e+00
1.396089775061623461e+00
3.212466872827782538e+00
1.887578424140406552e+00
2.015406877875491887e+00
2.847437765848185975e+00
1.638205947719335365e+00
2.561413980249828803e+00
1.291474173602294551e+00
2.229378634394567626e+00
2.878552916267262063e+00
3.626606875911872585e+00
3.575338673264264688e+00
4.109537745813603316e+00
3.475228893267763741e+00
1.903549401264090779e+00
4.659300048195531119e+00
1.247997779656974338e+00
1.170212259679288103e+00
1.158009300764736071e+00
3.735076832882780362e+00
2.409341466904976858e+00
7.909601631171288894e+00
3.130878078078078275e+00
1.732428303274522019e+00
7.738468761146276798e+00
2.476475578154336166e+00
2.190551506118874059e+00
1.056973257225622076e+00
1.497726996404595168e+00
2.578606699905927169e+00
4.648691701291164158e+00
3.584102975948841863e+00
1.805852767375841550e+00
2.276745954755345025e+00
2.775438271669581347e+00
1.338461136779377503e+00
1.396996574073472219e+00
1.112985406225956098e+00
1.564858508651173707e+00
5.875019380609837860e+00
1.251404156401995982e+00
2.727625658908117146e+00
2.066520878183466081e+00
3.853327401758288140e+00
1.724930442548742615e+00
1.368770235710743854e+00
2.116293669492836926e+00
3.342571874585247738e+00
2.386497605708554737e+00
1.613866448221721539e+00
1.447462751464966146e+01
1.400281677027438665e+00
1.130867042990282956e+00
1.085796801535944933e+00
4.093471554993678652e+00
1.977019317011275756e+00
2.040769735573270349e+00
1.031567602343660184e+00
1.531570456953976134e+01
4.826864975267521451e+00
3.212503660471890843e+00
1.610279488791116709e+00
3.567849215295094023e+00
1.133003014732371305e+00
4.554997990523576235e+00
1.552654967965471311e+00
1.227157634989120005e+00
2.279146580635644348e+00
1.119058376036768943e+00
1.560830571929723742e+00
7.744790322106288372e+00
1.623656851147598612e+00
1.610942235081596285e+00
1.284134483339258059e+00
1.049112332816319215e+00
1.785919755110965346e+00
2.948084826411325743e+00
4.896911789043967289e+00
4.946958416120838642e+00
2.240457260053226651e+00
4.682166095880980095e+00
8.373217555537898704e+00
8.360353309285677881e+00
7.855528833880349282e+00
2.839564199505536735e+00
3.647886562259439636e+00
2.370605653760883502e+00
4.594397550816490927e+00
6.808597653259710114e+00
1.235784154020086012e+00
6.275038604162647360e+00
1.187063958441883615e+00
3.472206224884179182e+00
1.328225996956554189e+00
2.869770399269527594e+00
1.561905533762659060e+00
3.307945654844012928e+00
2.961658476333088430e+00
1.610106298834317773e+00
1.433579053285501725e+00
1.904775318028951503e+01
2.764501391554810894e+00
1.541253535789857132e+00
4.153584692539999068e+00
5.921333794032095810e+00
3.573517448012304865e+00
1.041930332157733563e+00
1.797681753493621803e+00
2.148781454262901125e+00
3.314921829300361278e+00
1.142884782579037584e+00
2.733695783034851612e+00
3.829872786840995413e+00
1.549492729058351115e+00
1.502601159484883375e+00
7.857690186664568088e+00
1.167593011133814196e+00
4.331792919563449473e+00
4.069078537384849703e+00
5.170290484662443120e+00
1.446381640600032803e+01
1.015013402471565573e+00
2.849144194385887729e+00
2.271955620617921223e+00
3.213562462510794582e+00
1.633142410205029593e+00
3.569897983432794852e+00
6.314609318274066574e+00
2.146029183291736864e+00
3.867548446609767154e+00
1.189664757857290756e+00
5.241258302435274352e+00
1.837787866504526413e+00
9.991884047669453039e+00
2.559285153876662111e+00
2.454687818823291678e+00
1.244799325283337588e+00
2.443457795667810117e+01
1.815470670496374117e+00
1.556700245714559339e+00
1.120546279701863268e+00
1.841055626575487381e+00
1.700663329639677590e+00
1.869831003346556164e+00
1.175994518107395193e+00
1.241944895454029751e+00
5.401437914301720156e+00
1.640997190361286551e+00
2.133683693163427986e+00
1.498392187666676367e+00
2.196653190712575032e+00
2.636396497538417982e+00
9.257140456553299757e+00
1.496751096450219087e+00
1.622905853434791323e+00
2.917320664797043328e+00
4.540640095181439406e+00
1.762117341526135750e+00
3.234595112318980004e+00
3.567682713015075002e+00
2.073401973511236562e+00
1.093556758038428667e+00
2.575449870852374534e+00
4.802957464949342281e+00
2.506097509800278011e+00
1.155831199749222771e+00
2.658151083757823940e+00
1.893885050241010282e+00
3.149189781149184686e+00
3.568971853743192924e+00
1.051638159717168453e+00
3.275517307668301736e+00
2.340115397590947666e+00
1.686456625878510085e+00
2.404162341909410916e+00
5.660524063046192822e+00
1.525842700436237376e+00
4.121008200264469679e+00
2.795990713480378087e+00
2.504483630374807035e+00
4.330649198096719665e+00
7.974701793382743098e+00
3.055640247223471828e+00
8.987342022994084800e+00
1.537829301761190370e+00
3.418407208157716148e+00
5.802375062345237922e+00
5.870497460452148708e+00
2.294445566274738280e+00
1.827507565571808490e+00
3.522398075814471952e+00
1.288776426741998105e+00
1.524178961837418633e+00
5.176350102780482132e+00
3.832542009753408419e+00
4.825866948822186586e+00
1.511889846622041178e+00
6.580529972153011720e+00
8.874342183479283719e+00
5.160261675750479782e+00
2.534920169946332624e+00
5.020499418376536127e+00
1.337056474034247433e+00
1.008506009572770701e+00
3.089395113736064236e+00
6.825410538027496976e+00
1.220585272776339769e+00
2.752596734433456316e+00
3.082376905576066584e+00
5.185425552141118999e+00
2.756160420077016227e+00
2.776784423982568306e+00
3.082542410822910917e+00
3.969515474125183463e+00
1.082924373419395625e+00
1.051809994427780559e+00
1.225456860311297191e+00
4.792127043212073723e+00
2.336531396530711735e+00
2.536000921841571554e+00
3.491289723652699184e+00
6.518344816721971746e+00
2.112325427526954069e+00
2.208957443909322915e+00
6.357833413661657218e+00
1.624461742962771016e+00
1.163549239329361384e+00
1.831834483573099970e+00
3.487054529181138118e+00
1.149025906863190505e+00
3.279172246797342982e+00
4.267819085792005751e+00
3.026093713309851552e+00
1.214035984425818393e+00
6.420631959331470462e+00
5.686906835647385527e+00
2.301893052028764597e+00
1.861003659152519640e+00
1.337268766885181259e+00
1.729346359518823206e+01
3.315597839365350463e+00
2.359420001484759943e+00
2.345809777911582295e+00
1.451367166670782360e+00
9.818389954143162512e+00
3.118487616450806854e+00
2.044175761670442792e+00
2.016044891075411627e+00
2.812120547623627065e+00
6.798637376108112917e+00
4.496198294029102094e+00
5.772525145162878069e+00
1.678896173658330326e+00
5.916604855744141744e+00
1.743071304754713724e+00
1.261472916372076147e+00
2.237885456414000274e+00
5.013469292535064348e+00
1.176384899812547902e+00
4.812273320102069540e+00
5.774910654854353176e+00
2.060900939615063709e+00
1.777613307332176262e+00
1.222383822946872867e+00
2.691858735128365598e+00
2.371049233512107612e+00
7.389768589868878301e+00
1.014771673768297466e+00
5.081817361974394487e+00
3.938898363452961071e+00
9.329419859328476505e+00
2.844471118771322971e+00
2.412368919687991831e+00
2.691986681458975461e+00
4.045109325561213609e+00
1.532781934149284542e+00
3.008945761103201999e+00
1.454538092047937381e+00
1.004334721611012426e+01
2.566137033592635230e+00
1.190495379058990721e+00
1.440595700752975494e+00
1.907797664489495837e+00
3.053011088055288536e+00
1.087933899051109066e+01
1.179079007837610771e+00
1.779956273770848307e+00
1.960887831981663609e+00
1.884810176267490478e+00
1.638276891592834295e+00
3.064089042522629036e+00
1.575844014243791502e+00
2.147864502615358884e+00
4.325958175240903536e+00
2.706978839180501861e+00
2.459742499639653079e+00
1.614617806162670588e+00
2.301754790644364057e+00
3.017973629989168405e+00
8.826769666810657000e+00
1.818088338814206395e+00
1.642313534264995267e+00
3.062428439324311746e+00
1.064698093097059317e+00
1.253156847474966140e+00
4.126215005650562873e+00
2.253503382298831070e+00
3.999235645959778207e+00
1.664272530783372783e+00
2.627164074751046297e+00
1.684290556047235876e+00
1.519408364014623425e+00
1.482659013200276821e+00
1.467544599120548687e+00
1.937350029613334357e+00
2.549097821501657091e+00
1.224694361343583227e+00
1.214738299023907731e+00
1.327802069844077337e+00
1.160735809754833037e+00
7.824554285857665548e+00
1.608128890841365788e+00
1.229867658914728601e+00
1.295501734088916335e+00
1.258289158498911098e+00
3.253614950298541419e+00
2.347649200344411824e+00
1.424560823833911583e+00
4.798043530639644061e+00
4.286578714406064528e+00
3.049370784018382352e+00
2.617203261137478254e+00
1.559039513585439130e+00
1.326468110533824518e+00
1.137006310073061410e+00
2.294285336143722098e+00
1.403731447900972373e+00
1.416703550402134804e+00
8.162505553937695169e+00
1.479337713623432693e+00
6.905031666854431371e+00
1.534264510999204800e+00
4.337978437631753614e+00
1.959065635911992453e+00
1.186046643759548047e+00
2.410087786352459904e+00
1.809487675714642085e+00
4.400263790531545816e+00
2.340941839099563104e+00
5.404254638601614147e+00
4.329762144949378389e+00
1.023785549290562313e+00
5.297710290958765889e+00
1.292396670759663913e+00
8.631783736346397617e+00
1.826226722370939415e+00
1.797247511550226218e+00
1.123150515861214727e+00
1.871559481162338834e+00
5.056431745013959755e+00
1.861095717907137903e+00
2.439655456164411707e+00
2.372833409696301743e+00
8.183099327813629031e+00
4.066806519659338370e+00
3.797302233736506771e+00
3.000658856850077161e+00
3.944933841100084493e+00
4.179321231254933267e+00
3.443723422196276918e+00
1.290355901386812665e+00
9.180037734288960749e+00
1.891132878362103531e+00
4.591355288240320576e+00
1.168209033205775738e+00
1.435194076939984908e+00
2.394298576052865446e+00
3.545013808003591116e+00
4.514829093020894746e+00
1.672413349991076270e+00
3.881322032068239558e+00
1.612588040358274633e+00
7.090361091035627616e+00
2.652222091399894399e+00
1.045898858489284766e+00
3.056672710221725708e+00
1.117335768241055849e+00
6.543086336147869275e+00
2.077393819124056851e+00
3.327408002157232314e+00
2.093676748362223616e+00
1.680519627438982866e+00
1.983388871683699817e+00
4.505603758659539437e+00
6.386436430454768498e+00
1.222549087023397707e+00
1.568416143342118652e+00
2.039479350808923286e+00
6.159220385055810709e+00
3.030558463566183303e+00
3.598693411039126211e+00
1.581442806888343933e+00
1.255501805258496528e+00
2.342429878318979419e+00
1.008383265645861337e+00
1.404261390855414016e+00
1.214941139729910358e+00
1.498640501827009919e+00
1.715515141015011125e+00
3.429272230822109080e+00
4.496776505976251670e+00
1.035737697028035198e+00
1.442633693071758261e+00
5.098581238186859821e+00
3.844441780033718281e+00
3.807363146700549539e+00
1.214080522260359007e+00
1.172369556995592976e+00
3.561875628264511651e+00
3.291133643546721999e+00
1.370461699225612895e+00
3.033604659522255442e+00
4.439736871773217075e+00
1.669185209873632836e+00
1.084852108471529908e+00
1.738844247844343993e+00
1.875817222125315986e+00
1.013956439976749779e+00
1.869622945325846164e+00
1.596295081798486004e+00
3.293114114866144249e+00
1.675538216807012315e+00
5.670157476785043116e+00
2.190010182286997509e+00
1.067881915999811859e+00
2.405359691400680511e+00
1.387008635885349728e+00
1.268163757537289715e+00
2.253340146479707595e+00
1.306862858469713728e+01
5.301629147526541352e+00
2.471474950970919515e+00
1.342851308551036738e+01
1.518641025910532294e+00
2.830792467149107594e+00
3.608613835047568941e+00
1.030487814377087696e+00
4.000043569960221035e+00
2.916800311845352045e+00
1.132732577974277177e+00
2.680105624376889928e+00
3.205524421063614682e+00
1.784196384335943408e+00
1.096049470461355480e+00
1.883118107307482747e+00
1.287912786777291929e+00
3.322956304042213205e+00
1.122068791116295872e+00
2.938918938550783899e+00
3.884825351511928204e+00
3.695232895801952910e+00
1.048296698304390873e+00
5.160611672970226493e+00
2.288165043773213281e+00
1.095002668418100900e+00
4.222266282948810456e+00
2.298688628250892485e+00
1.483186600581097192e+00
1.007265681083991282e+00
1.187403919334160785e+00
7.115193226303316187e+00
4.027352537531784016e+00
1.127028177611699045e+00
1.091814475366390091e+00
1.016139702976660120e+00
1.493411668204654985e+00
3.620218710386208016e+00
3.291924154941986647e+00
1.024027204624476939e+00
6.043020328041458278e+00
6.656086093139452764e+00
1.729384046727625357e+00
1.259190236591371415e+00
1.027736581265710436e+00
4.308410191124385946e+00
3.065643641738234670e+00
1.805365221365056616e+00
3.962557009693919330e+00
1.383681273396457856e+00
1.051337663231817876e+00
2.521734883945643269e+00
1.205252533369046031e+00
2.616951469779607464e+00
2.410301712855165590e+00
4.730884421790712224e+00
5.800005497984368041e+00
6.754704167990973396e+00
1.965404262733027485e+00
3.225827753788158780e+00
2.312718168662935447e+00
8.040535937076214168e+00
2.223844839997575207e+00
4.009902897715670100e+00
2.075046217634863854e+00
4.795551867219916886e+00
1.223822279731509255e+00
2.380840631378705385e+00
1.990112275126488806e+00
2.614848667922337722e+00
2.455232920619113024e+00
7.468742654925647706e+00
2.755236455270894780e+00
1.740351195217196389e+00
7.656308551458756995e+00
5.890774178519762927e+00
1.967939522676162678e+00
2.117764888375223808e+00
1.547273165877081524e+00
2.181857163244918407e+00
4.165036370711934666e+00
1.157345537414652847e+00
1.524563385889006639e+01
1.332460606782327028e+00
8.728550331134853124e+00
1.014607259067084488e+00
2.963289587661059432e+00
1.451816912099590073e+00
1.142293775181004056e+00
4.243836809321964054e+00
3.260535553674342779e+00
1.051019050815004796e+00
1.033232907488148111e+00
2.427406857677617324e+00
1.381359907404028808e+00
1.041402350389575737e+00
1.408337861354250542e+00
1.102745896855345409e+00
2.646663033140666865e+00
3.021118757904836638e+00
2.682838033585925874e+00
7.961640397289520443e+00
1.137357701956988487e+00
1.225508608756096240e+00
1.247813274847050735e+00
1.090811641737472915e+00
1.657980269622292946e+00
1.619705109596107695e+00
2.970437526668518569e+00
2.014935180947635018e+00
1.108360555392518210e+00
1.734525542025542100e+00
2.785421446061711492e+00
1.591571634912508193e+00
1.045522126697488785e+00
5.790997545773679533e+00
1.096671059924863023e+00
1.855075902294920809e+00
1.639289567709480533e+00
8.720107108648623040e+00
1.527242861631610049e+00
4.656514180076840148e+00
1.621811777957882894e+00
4.872626578862139901e+00
2.831487496422308237e+00
1.739506198256575598e+00
1.758597907844615893e+00
1.332594520845734598e+00
1.237768587544388010e+00
1.364629285153435845e+00
2.336633112884952457e+00
2.283751707246974405e+00
1.729712498537905319e+00
3.077027396339302001e+00
1.060137159344816116e+00
1.952866809081424737e+00
2.947213730883485372e+00
2.193648893363354890e+00
2.842134086547979166e+00
2.451513482913763031e+00
4.506705327723424581e+00
2.216726107401889578e+00
6.464124861146337331e+00
8.261348667350116415e+00
4.025712683445870965e+00
1.015592346409858182e+00
1.342132231263094777e+00
4.976022635526529569e+00
1.021278086172038524e+00
1.869705557121201345e+00
3.023333577254004201e+00
1.002376743352450417e+00
1.136197853081981624e+00
1.052462482072200167e+00
1.022351179621686423e+00
1.883091777485201845e+00
3.448946099754436112e+00
1.729068644761610818e+00
6.516323444253647068e+00
1.414040243524919971e+00
1.100724752183003252e+00
2.471010398590204105e+00
6.429582353494662783e+00
1.155943060456361415e+00
1.247785154786883899e+00
2.292031215184172854e+00
4.543842774683288788e+00
2.629607933170326817e+00
4.073838125794613241e+00
1.053677901337163547e+00
1.084867679071438218e+00
3.645185319425729542e+00
7.020640463020623834e+00
2.534888578598928355e+00
3.274670427288643992e+00
2.336460885209943328e+00
3.702721817090434797e+00
3.355339778902932668e+00
1.526568178537381693e+00
1.257100305909708116e+00
1.428080183076767984e+00
2.498703686068196372e+00
1.422001951869957148e+00
1.312704944484148317e+00
2.068843096030558382e+00
1.182259556193743011e+00
1.374641789999407449e+00
1.316398375240770191e+00
2.730173375354051135e+00
1.137266767559171887e+00
4.091563667330287757e+00
1.238836318924766866e+00
1.715321755946625393e+00
2.326086936677269534e+01
2.752859164941125591e+00
1.182743458796654989e+00
3.599188996752032299e+00
1.679807691948249859e+00
1.078023625387222406e+00
3.234768026360375526e+00
9.242715224886014269e+00
1.981414756603388838e+00
1.045277903636406158e+00
1.256035942455436816e+00
1.043145042893815377e+00
2.679103664559106424e+00
4.565721803486416874e+00
1.478402020859852284e+00
1.881773212414453278e+00
2.270233943637279150e+00
1.380862833928351519e+00
1.221472151245335036e+00
3.280331221445644818e+00
4.597314440552508152e+00
2.973181261609877613e+00
1.384995694375168451e+00
2.460798480833920276e+00
5.511313410151827519e+00
1.574070243690539161e+00
1.130924849880486693e+00
3.971699118386080141e+00
2.356254454987860125e+00
5.564100698986429450e+00
2.747997884418075021e+00
1.853289712220943963e+00
1.209140513837761555e+00
1.178048351145614792e+00
2.310285820349605501e+00
3.445863828705479914e+00
4.185627112434165298e+00
4.156030899834212811e+00
1.437091948669354080e+00
1.831299074461787191e+00
1.646861213256452405e+00
6.718230283900398447e+00
1.443500175556745146e+00
3.830557693176454670e+00
2.510786641375045036e+00
5.079562650847996963e+00
2.689707626027293408e+00
3.019133522071499875e+00
8.163862261467027537e+00
4.275945315020693194e+00
1.405787413903479388e+00
1.941188239278334171e+00
3.464937722466806314e+00
1.649244025300683480e+00
1.057141035087731495e+00
3.056780840290132861e+00
1.398095038584235228e+00
1.110396438266143093e+00
6.187905952237818141e+00
2.144869066543849900e+00
2.527634939130397385e+01
2.019919434951332526e+00
4.597599133782066971e+00
2.937555753561421845e+00
2.593055031694085688e+00
1.509889345664148230e+00
3.613128185418282179e+00
5.071745211437669987e+00
3.298500907555082851e+00
1.204306280056715028e+00
1.971800270302573432e+00
5.371267414947363150e+00
2.344791808880969164e+00
5.652286520942900516e+00
1.103985134590943051e+00
1.500233769953326801e+00
1.052616241697021726e+00
2.092314471911254969e+00
4.364797915351690705e+00
1.379966141647916089e+00
1.373037174797709259e+00
1.052952952516772678e+00
1.661836424987948702e+00
1.063002414806285323e+00
1.266910587870222704e+00
5.857185705876322146e+00
4.251370860168150578e+00
7.477206945958594808e+00
1.944229185816571004e+00
1.538359721562159388e+00
1.566343675976286542e+00
2.068856088886925626e+00
1.463190217449919173e+00
4.503529224887450333e+00
1.124097811116640200e+00
1.973816097930645386e+00
1.094467043785849913e+00
4.213196231794846369e+00
1.921403288424447631e+00
1.070293906731790257e+00
4.407051712762160456e+00
3.801487600507829079e+00
7.879627717193010028e+00
2.861164762913702475e+00
5.796558739735263366e+00
1.713656234304409720e+00
2.534244316510484651e+00
2.513874268115362742e+00
