7.766580581665039062e-02
7.710504531860351562e-02
6.648421287536621094e-02
7.196545600891113281e-02
8.339571952819824219e-02
7.397747039794921875e-02
6.812596321105957031e-02
7.496428489685058594e-02
6.833529472351074219e-02
7.645630836486816406e-02
7.598948478698730469e-02
6.257748603820800781e-02
6.717419624328613281e-02
6.720089912414550781e-02
7.070851325988769531e-02
7.294821739196777344e-02
6.505990028381347656e-02
7.263088226318359375e-02
6.716656684875488281e-02
9.763932228088378906e-02
8.347606658935546875e-02
8.377289772033691406e-02
7.503652572631835938e-02
6.193089485168457031e-02
7.099676132202148438e-02
6.416869163513183594e-02
7.566285133361816406e-02
1.454584598541259766e-01
7.787680625915527344e-02
7.243084907531738281e-02
9.600424766540527344e-02
8.449864387512207031e-02
9.234595298767089844e-02
8.522462844848632812e-02
8.156991004943847656e-02
8.496952056884765625e-02
8.848309516906738281e-02
7.381486892700195312e-02
6.766557693481445312e-02
7.925200462341308594e-02
7.729911804199218750e-02
7.456469535827636719e-02
9.158492088317871094e-02
7.868981361389160156e-02
8.759212493896484375e-02
7.424616813659667969e-02
6.856989860534667969e-02
9.215831756591796875e-02
7.284760475158691406e-02
1.590087413787841797e-01
6.093263626098632812e-02
6.603312492370605469e-02
6.619620323181152344e-02
8.465385437011718750e-02
6.607174873352050781e-02
7.796931266784667969e-02
7.104706764221191406e-02
7.379150390625000000e-02
6.339645385742187500e-02
9.011578559875488281e-02
7.038140296936035156e-02
9.392213821411132812e-02
6.491422653198242188e-02
9.057140350341796875e-02
7.308912277221679688e-02
6.731176376342773438e-02
8.429574966430664062e-02
7.835578918457031250e-02
6.589007377624511719e-02
7.393860816955566406e-02
6.564903259277343750e-02
7.922935485839843750e-02
8.423423767089843750e-02
7.308053970336914062e-02
7.811188697814941406e-02
7.000851631164550781e-02
1.054360866546630859e-01
7.797527313232421875e-02
9.956908226013183594e-02
6.996631622314453125e-02
8.287382125854492188e-02
6.814050674438476562e-02
8.477592468261718750e-02
7.139682769775390625e-02
7.651925086975097656e-02
6.188464164733886719e-02
7.649731636047363281e-02
7.869887351989746094e-02
7.996964454650878906e-02
1.492381095886230469e-01
7.675957679748535156e-02
8.234715461730957031e-02
8.273816108703613281e-02
9.123086929321289062e-02
6.546354293823242188e-02
7.525992393493652344e-02
6.711030006408691406e-02
7.036137580871582031e-02
6.521654129028320312e-02
7.596588134765625000e-02
6.719255447387695312e-02
8.260512351989746094e-02
9.899020195007324219e-02
6.851983070373535156e-02
7.414031028747558594e-02
7.646870613098144531e-02
1.048512458801269531e-01
6.862354278564453125e-02
8.941612243652343750e-01
8.132481575012207031e-02
8.452582359313964844e-02
6.436419486999511719e-02
6.530308723449707031e-02
8.968591690063476562e-02
7.456970214843750000e-02
7.796144485473632812e-02
7.090830802917480469e-02
6.944632530212402344e-02
5.587387084960937500e-02
6.399440765380859375e-02
7.900857925415039062e-02
7.132887840270996094e-02
2.173454761505126953e-01
6.509375572204589844e-02
6.347775459289550781e-02
7.157993316650390625e-02
7.569336891174316406e-02
6.972646713256835938e-02
7.939410209655761719e-02
8.031868934631347656e-02
7.460141181945800781e-02
8.728408813476562500e-02
7.443881034851074219e-02
7.818388938903808594e-02
7.857656478881835938e-02
7.027268409729003906e-02
7.314801216125488281e-02
7.385873794555664062e-02
6.469321250915527344e-02
6.410503387451171875e-02
7.608945369720458984e-01
6.693696975708007812e-02
6.594872474670410156e-02
6.828355789184570312e-02
7.118988037109375000e-02
6.194615364074707031e-02
1.505587100982666016e-01
6.474804878234863281e-02
9.441375732421875000e-02
6.997394561767578125e-02
7.379937171936035156e-02
1.008377075195312500e-01
7.034873962402343750e-02
6.528902053833007812e-02
5.701828002929687500e-02
6.798577308654785156e-02
6.996917724609375000e-02
7.589268684387207031e-02
6.684780120849609375e-02
6.836795806884765625e-02
1.016967296600341797e-01
7.078862190246582031e-02
7.703948020935058594e-02
8.897590637207031250e-02
7.218527793884277344e-02
7.955574989318847656e-02
7.295656204223632812e-02
6.619381904602050781e-02
7.701396942138671875e-02
6.292390823364257812e-02
1.211085319519042969e-01
7.558751106262207031e-02
8.709812164306640625e-02
7.025218009948730469e-02
7.260489463806152344e-02
7.015681266784667969e-02
6.661367416381835938e-02
6.859779357910156250e-02
6.903195381164550781e-02
6.834983825683593750e-02
6.643438339233398438e-02
7.680892944335937500e-02
7.653927803039550781e-02
7.155680656433105469e-02
6.587171554565429688e-02
7.467317581176757812e-02
8.212924003601074219e-02
7.948493957519531250e-02
1.090326309204101562e-01
7.884192466735839844e-02
7.668685913085937500e-02
6.910228729248046875e-02
7.468223571777343750e-02
8.773279190063476562e-02
6.800460815429687500e-02
7.327008247375488281e-02
1.135230064392089844e-01
7.949423789978027344e-02
8.089780807495117188e-02
7.679295539855957031e-02
