8.526515960693359375e-02
7.289814949035644531e-02
7.012248039245605469e-02
6.072616577148437500e-02
7.350850105285644531e-02
6.422233581542968750e-02
6.618499755859375000e-02
6.747460365295410156e-02
6.634616851806640625e-02
6.897091865539550781e-02
6.292414665222167969e-02
5.929064750671386719e-02
6.140780448913574219e-02
6.576347351074218750e-02
6.751608848571777344e-02
7.197904586791992188e-02
6.094217300415039062e-02
5.860495567321777344e-02
6.333303451538085938e-02
1.134414672851562500e-01
6.782317161560058594e-02
6.506395339965820312e-02
6.087732315063476562e-02
5.978202819824218750e-02
5.974984169006347656e-02
5.868411064147949219e-02
6.267452239990234375e-02
9.776735305786132812e-02
7.876729965209960938e-02
6.235074996948242188e-02
9.618949890136718750e-02
6.488490104675292969e-02
6.933522224426269531e-02
6.368136405944824219e-02
6.821918487548828125e-02
6.772041320800781250e-02
6.544208526611328125e-02
6.639361381530761719e-02
6.640028953552246094e-02
7.463979721069335938e-02
6.302595138549804688e-02
5.850863456726074219e-02
7.549929618835449219e-02
6.046772003173828125e-02
7.100749015808105469e-02
6.101107597351074219e-02
6.094098091125488281e-02
6.771683692932128906e-02
6.405568122863769531e-02
1.770811080932617188e-01
6.934833526611328125e-02
7.103753089904785156e-02
6.057620048522949219e-02
6.395673751831054688e-02
6.090283393859863281e-02
6.131625175476074219e-02
6.932187080383300781e-02
6.282424926757812500e-02
6.231188774108886719e-02
7.848572731018066406e-02
6.286478042602539062e-02
6.643271446228027344e-02
6.158995628356933594e-02
7.501697540283203125e-02
7.057118415832519531e-02
6.552934646606445312e-02
7.393717765808105469e-02
6.432723999023437500e-02
7.020831108093261719e-02
6.672072410583496094e-02
7.281136512756347656e-02
8.610486984252929688e-02
6.492710113525390625e-02
7.673788070678710938e-02
5.981183052062988281e-02
5.873274803161621094e-02
9.604501724243164062e-02
7.523036003112792969e-02
9.313130378723144531e-02
6.830716133117675781e-02
6.651258468627929688e-02
6.830310821533203125e-02
6.611537933349609375e-02
6.977534294128417969e-02
7.315516471862792969e-02
7.255983352661132812e-02
7.471394538879394531e-02
6.991577148437500000e-02
7.153654098510742188e-02
1.337289810180664062e-01
6.997489929199218750e-02
6.476259231567382812e-02
6.370115280151367188e-02
7.752537727355957031e-02
6.283116340637207031e-02
6.199598312377929688e-02
5.965828895568847656e-02
5.942487716674804688e-02
6.537389755249023438e-02
6.979870796203613281e-02
6.876873970031738281e-02
7.597923278808593750e-02
7.532119750976562500e-02
7.151818275451660156e-02
7.209157943725585938e-02
6.760978698730468750e-02
1.034030914306640625e-01
6.976342201232910156e-02
7.479500770568847656e-01
7.126712799072265625e-02
7.640838623046875000e-02
6.531357765197753906e-02
7.031559944152832031e-02
7.372856140136718750e-02
6.500840187072753906e-02
7.078337669372558594e-02
6.460928916931152344e-02
7.767653465270996094e-02
5.411338806152343750e-02
6.166028976440429688e-02
6.905865669250488281e-02
6.846714019775390625e-02
1.937706470489501953e-01
7.071638107299804688e-02
5.968570709228515625e-02
6.923913955688476562e-02
6.741619110107421875e-02
6.264996528625488281e-02
6.745910644531250000e-02
6.822133064270019531e-02
6.360721588134765625e-02
8.312940597534179688e-02
6.404328346252441406e-02
7.586598396301269531e-02
6.187224388122558594e-02
6.325554847717285156e-02
7.046175003051757812e-02
6.800413131713867188e-02
6.267285346984863281e-02
5.931162834167480469e-02
7.219011783599853516e-01
6.886887550354003906e-02
6.868743896484375000e-02
8.319664001464843750e-02
1.375343799591064453e-01
7.050561904907226562e-02
1.490006446838378906e-01
6.645894050598144531e-02
7.850718498229980469e-02
6.689333915710449219e-02
7.633280754089355469e-02
1.017894744873046875e-01
7.285547256469726562e-02
7.247662544250488281e-02
4.250717163085937500e-02
6.435632705688476562e-02
6.459307670593261719e-02
7.105064392089843750e-02
6.757092475891113281e-02
7.422494888305664062e-02
1.117000579833984375e-01
6.759428977966308594e-02
6.263375282287597656e-02
8.436107635498046875e-02
6.102466583251953125e-02
6.967592239379882812e-02
6.616473197937011719e-02
6.531953811645507812e-02
6.668162345886230469e-02
6.073665618896484375e-02
6.857275962829589844e-02
7.057166099548339844e-02
8.389854431152343750e-02
6.330037117004394531e-02
7.044506072998046875e-02
6.022548675537109375e-02
7.349610328674316406e-02
6.850576400756835938e-02
6.869769096374511719e-02
6.407666206359863281e-02
6.708383560180664062e-02
7.323265075683593750e-02
6.114602088928222656e-02
2.071993350982666016e-01
5.940866470336914062e-02
8.957004547119140625e-02
7.451319694519042969e-02
7.455039024353027344e-02
9.339547157287597656e-02
6.408691406250000000e-02
7.586836814880371094e-02
7.175135612487792969e-02
6.560373306274414062e-02
7.533240318298339844e-02
6.177330017089843750e-02
7.417678833007812500e-02
1.111264228820800781e-01
6.994819641113281250e-02
6.884741783142089844e-02
7.939410209655761719e-02
