118.560791015625
308.8855743408203
28.892993927001953
117.04158782958984
45.16410827636719
116.24383926391602
14.575481414794922
20.766735076904297
22.696256637573242
379.9176216125488
20.25151252746582
20.5075740814209
56.6706657409668
103.59787940979004
100.66533088684082
295.7894802093506
136.1522674560547
26.697158813476562
115.17930030822754
102.36883163452148
81.53176307678223
159.10005569458008
45.313358306884766
29.31833267211914
217.88263320922852
50.5826473236084
115.64183235168457
164.82138633728027
202.27479934692383
17.705917358398438
106.63151741027832
22.82118797302246
68.7875747680664
87.94331550598145
109.30180549621582
133.64934921264648
304.14891242980957
103.98149490356445
35.52889823913574
29.95610237121582
79.06365394592285
111.85383796691895
205.28912544250488
42.60873794555664
39.83736038208008
217.38386154174805
62.20293045043945
180.0854206085205
316.983699798584
27.734041213989258
215.43455123901367
207.98730850219727
34.874677658081055
78.00865173339844
80.69181442260742
66.05052947998047
153.2156467437744
73.3940601348877
18.20540428161621
365.1690483093262
85.7229232788086
51.436662673950195
101.16004943847656
35.3693962097168
189.64338302612305
55.614471435546875
198.17256927490234
160.50386428833008
263.0879878997803
360.86344718933105
74.70369338989258
147.5975513458252
24.92809295654297
98.12688827514648
91.6748046875
144.76728439331055
217.81277656555176
118.88694763183594
59.322357177734375
85.45899391174316
19.42300796508789
12.140274047851562
118.70455741882324
24.262428283691406
300.3523349761963
34.20710563659668
47.07765579223633
17.821550369262695
80.95598220825195
35.58230400085449
32.03296661376953
219.84362602233887
114.19486999511719
237.3373508453369
132.4005126953125
151.46207809448242
89.45441246032715
612.8218173980713
30.46560287475586
38.834571838378906
181.1373233795166
31.2349796295166
16.96467399597168
88.64784240722656
114.13908004760742
26.574373245239258
69.1385269165039
183.8672161102295
346.2963104248047
109.83800888061523
242.19822883605957
104.65693473815918
141.5262222290039
68.58253479003906
19.06895637512207
51.01203918457031
83.30893516540527
182.03258514404297
28.71251106262207
206.48980140686035
26.17669105529785
19.29306983947754
441.162109375
22.06563949584961
105.95870018005371
42.272329330444336
77.5446891784668
100.2511978149414
100.97098350524902
155.63130378723145
27.530193328857422
36.28730773925781
258.79693031311035
314.2967224121094
14.351129531860352
71.3803768157959
58.646440505981445
16.560792922973633
52.22916603088379
22.42112159729004
20.966291427612305
1058.988332748413
147.7057933807373
68.12262535095215
225.1298427581787
19.263267517089844
144.86002922058105
105.0257682800293
17.451047897338867
315.30284881591797
132.25555419921875
282.72128105163574
143.17727088928223
83.65678787231445
38.56348991394043
71.3655948638916
79.0708065032959
117.96402931213379
107.72299766540527
82.0169448852539
19.84262466430664
36.719322204589844
144.89173889160156
307.35135078430176
119.7366714477539
265.73896408081055
102.34951972961426
28.95045280456543
56.885719299316406
23.00119400024414
223.358154296875
131.32882118225098
18.74375343322754
56.168556213378906
93.41239929199219
27.84109115600586
19.596099853515625
48.36225509643555
19.283533096313477
220.29662132263184
19.5004940032959
54.71920967102051
87.02659606933594
121.73867225646973
122.83539772033691
201.7669677734375
351.87339782714844
30.844449996948242
17.305612564086914
355.0219535827637
71.26021385192871
20.69377899169922
156.42881393432617
259.33003425598145
84.64407920837402
486.3450527191162
86.42125129699707
95.07560729980469
347.6405143737793
95.15047073364258
