533.8568687438965
432.61194229125977
233.80088806152344
2168.433666229248
186.80429458618164
464.2610549926758
565.1359558105469
1032.5310230255127
302.78515815734863
1452.2638320922852
2439.889669418335
1169.9464321136475
540.3900146484375
532.1877002716064
755.7814121246338
983.8905334472656
209.43593978881836
1177.4749755859375
319.57077980041504
654.9727916717529
691.3208961486816
1476.097822189331
733.1123352050781
372.727632522583
264.507532119751
2828.796863555908
384.1662406921387
524.4834423065186
657.4251651763916
500.39029121398926
202.3336887359619
1173.3520030975342
1533.6482524871826
1247.894048690796
250.8828639984131
158.21170806884766
1234.9750995635986
1052.8135299682617
1111.0377311706543
1008.7156295776367
799.1371154785156
427.04224586486816
445.4071521759033
1632.7612400054932
398.69165420532227
1969.822883605957
321.37584686279297
290.1761531829834
563.1544589996338
523.3316421508789
272.4454402923584
1454.5221328735352
293.1637763977051
706.2311172485352
2450.709104537964
496.81806564331055
819.4811344146729
652.0202159881592
378.917932510376
1197.1452236175537
325.60181617736816
303.9088249206543
238.97171020507812
488.9857769012451
719.8936939239502
409.4665050506592
530.5092334747314
333.4996700286865
283.76221656799316
1242.6939010620117
348.91271591186523
402.51803398132324
1137.448787689209
1296.5044975280762
943.434476852417
166.90540313720703
848.4082221984863
891.1278247833252
304.1703701019287
819.6208477020264
412.4913215637207
2537.8499031066895
1310.365915298462
1079.3828964233398
1878.157138824463
509.0804100036621
442.49844551086426
768.587589263916
2968.0652618408203
1173.281192779541
1839.4389152526855
363.0387783050537
1536.7472171783447
534.062385559082
3579.396963119507
387.6938819885254
429.3861389160156
541.6243076324463
1851.987361907959
1033.1459045410156
508.927583694458
804.572582244873
1249.2554187774658
1024.1813659667969
1097.8953838348389
464.6914005279541
3539.836883544922
611.5353107452393
667.0026779174805
1112.6997470855713
787.6200675964355
1119.5313930511475
507.5540542602539
1974.0712642669678
476.76968574523926
562.4442100524902
1082.878828048706
437.7789497375488
1718.2514667510986
655.0090312957764
2134.704351425171
750.2260208129883
2080.223560333252
1650.604486465454
1381.1984062194824
439.07618522644043
467.01836585998535
381.34241104125977
728.9905548095703
529.674768447876
846.2762832641602
566.8909549713135
574.3300914764404
239.0141487121582
2053.889751434326
975.3799438476562
333.636999130249
901.5491008758545
1044.9657440185547
1460.6359004974365
341.6171073913574
205.35588264465332
1223.8435745239258
759.0405941009521
256.7605972290039
480.96156120300293
579.9272060394287
311.9621276855469
545.1982021331787
240.4763698577881
1096.3330268859863
242.05684661865234
867.4194812774658
1165.0009155273438
211.09867095947266
611.8910312652588
2572.436809539795
321.29979133605957
302.59132385253906
190.95420837402344
848.5636711120605
560.7013702392578
1587.7115726470947
442.34633445739746
570.2254772186279
1446.0170269012451
2797.839879989624
488.5439872741699
318.9888000488281
1031.172275543213
248.8236427307129
881.0415267944336
361.4153861999512
3219.85125541687
502.61926651000977
530.6580066680908
270.2469825744629
215.9597873687744
1136.1916065216064
632.5099468231201
808.5734844207764
1463.284969329834
249.8641014099121
2036.674976348877
338.43278884887695
281.4779281616211
462.9037380218506
736.3598346710205
645.2889442443848
1552.4659156799316
1743.2613372802734
514.277458190918
1550.3969192504883
2441.9519901275635
253.7059783935547
766.5491104125977
478.7578582763672
353.06453704833984
1420.0036525726318
907.4974060058594
